  0.0000000000E+000  0.0000000000E+000
  1.0002362047E+004 -3.4130444563E+033
  2.0009520331E+004 -7.5673134454E+033
  3.0015923674E+004  5.6375832992E+037
  4.0038492617E+004  1.4437233402E+038
  5.0040611735E+004  1.4378486537E+038
  6.0049917517E+004  1.3826543829E+038
  7.0070738484E+004  1.2365657637E+038
  8.0102184769E+004  1.0857795334E+038
  9.0074369218E+004  9.7744193808E+037
  1.0008614111E+005  8.9713933066E+037
  1.1010149666E+005  8.1883492427E+037
  1.2005229356E+005  7.5970760067E+037
  1.3004883988E+005  7.0872846648E+037
  1.4004269684E+005  6.6625263154E+037
  1.5002863218E+005  6.3031744553E+037
  1.6002679828E+005  5.9907497580E+037
  1.7004286558E+005  5.7089491966E+037
  1.8004091879E+005  5.4580409568E+037
  1.9011450025E+005  5.2321898852E+037
  2.0010134353E+005  5.0300531080E+037
  2.1011710651E+005  4.8461263184E+037
  2.2016598280E+005  4.6777093137E+037
  2.3017071098E+005  4.5235915159E+037
  2.4016630615E+005  4.3813716778E+037
  2.5012022138E+005  4.2502183729E+037
  2.6010007981E+005  4.1277153235E+037
  2.7009352118E+005  4.0129188842E+037
  2.8009173357E+005  3.9050779356E+037
  2.9017942656E+005  3.8032755933E+037
  3.0016603364E+005  3.7292607699E+037
  3.1013587908E+005  4.0680944816E+037
  3.2017685422E+005  1.5699320290E+038
  3.3009646280E+005  2.0831202433E+039
  3.4016233848E+005  2.8461490540E+039
  3.5013733848E+005  3.3507322520E+039
  3.6011233848E+005  4.1166353750E+039
  3.7012335752E+005  5.2144365191E+039
  3.8008814901E+005  6.8116743009E+039
  3.9014433570E+005  9.3510870894E+039
  4.0011376449E+005  1.3876595242E+040
  4.1007600575E+005  2.4302569233E+040
  4.2006830712E+005  3.4430410740E+041
  4.3005771682E+005  3.9340737602E+042
  4.4006997384E+005  2.5000137727E+043
  4.5005853878E+005  1.1229677891E+044
  4.6001842753E+005  3.0991726932E+044
  4.7000007453E+005  1.1007252390E+044
  4.8000043579E+005  7.1610723864E+043
  4.9000253026E+005  5.1283867588E+043
  5.0000580031E+005  4.0398316154E+043
  5.1000724748E+005  3.3745634525E+043
  5.2001249450E+005  2.9305266239E+043
  5.3001411283E+005  2.6124851878E+043
  5.4001771017E+005  2.3730558693E+043
  5.5002378620E+005  2.1862127570E+043
  5.6002418889E+005  2.0368747178E+043
  5.7003304937E+005  1.9141460531E+043
  5.8002941992E+005  1.8120103298E+043
  5.9004021402E+005  1.7253273063E+043
  6.0004810947E+005  1.6513700685E+043
  6.1004532086E+005  1.5874693371E+043
  6.2005753993E+005  1.5319660030E+043
  6.3004043675E+005  1.4828661566E+043
  6.4005619959E+005  1.4396900454E+043
  6.5006791563E+005  1.4005097056E+043
  6.6004841933E+005  1.3657534951E+043
  6.7006499387E+005  1.3336203512E+043
  6.8005532937E+005  1.3043102473E+043
  6.9007417947E+005  1.2772990880E+043
  7.0009087182E+005  1.2517205618E+043
  7.1007164948E+005  1.2282313169E+043
  7.2005644817E+005  1.2056342499E+043
  7.3008623887E+005  1.1840168218E+043
  7.4005538124E+005  1.1635272036E+043
  7.5007097671E+005  1.1433714365E+043
  7.6006132882E+005  1.1240681141E+043
  7.7005381417E+005  1.1051550411E+043
  7.8008942745E+005  1.0863718027E+043
  7.9007904553E+005  1.0682669614E+043
  8.0006212933E+005  1.0503870163E+043
  8.1005556705E+005  1.0327240318E+043
  8.2007792527E+005  1.0153865893E+043
  8.3006021304E+005  9.9835596379E+042
  8.4004943371E+005  9.8160040054E+042
  8.5005147920E+005  9.6502316754E+042
  8.6005650770E+005  9.4872138614E+042
  8.7006088349E+005  9.3289033433E+042
  8.8005643528E+005  9.1719912067E+042
  8.9004842177E+005  9.0170454617E+042
  9.0007232150E+005  8.8682333840E+042
  9.1007237004E+005  8.7207054387E+042
  9.2006593943E+005  8.5747553158E+042
  9.3006886696E+005  8.4356765447E+042
  9.4007495630E+005  8.2980952913E+042
  9.5004502866E+005  8.1617413693E+042
  9.6005641318E+005  8.0303285474E+042
  9.7005113071E+005  7.9044980901E+042
  9.8007385078E+005  7.7767620280E+042
  9.9005643789E+005  7.6522770530E+042
  1.0000736117E+006  7.5359058547E+042
  1.0100583263E+006  7.4212716974E+042
  1.0200788626E+006  7.3053796627E+042
  1.0300581382E+006  7.1933646305E+042
  1.0400918216E+006  7.0892497063E+042
  1.0500866971E+006  6.9853177984E+042
  1.0600775694E+006  6.8807676968E+042
  1.0700731836E+006  6.7801236592E+042
  1.0800712827E+006  6.6869036964E+042
  1.0900669779E+006  6.5935033320E+042
  1.1000573561E+006  6.4994423126E+042
  1.1100679932E+006  6.4079976744E+042
  1.1200777061E+006  6.3236142343E+042
  1.1300556251E+006  6.2405699804E+042
  1.1400799200E+006  6.1562582597E+042
  1.1500622814E+006  6.0732068192E+042
  1.1600527382E+006  5.9954277962E+042
  1.1700705376E+006  5.9212890038E+042
  1.1800570526E+006  5.8469043923E+042
  1.1900715297E+006  5.7719634643E+042
  1.2000689503E+006  5.6989514525E+042
  1.2100873928E+006  5.6308107031E+042
  1.2201032196E+006  5.5649415555E+042
  1.2300927585E+006  5.4986396355E+042
  1.2400534705E+006  5.4323599000E+042
  1.2500553223E+006  5.3674469156E+042
  1.2600979424E+006  5.3065124760E+042
  1.2700740915E+006  5.2480776685E+042
  1.2800960590E+006  5.1888826799E+042
  1.2900488933E+006  5.1298592442E+042
  1.3000517025E+006  5.0715089800E+042
  1.3100771324E+006  5.0163175236E+042
  1.3200704017E+006  4.9638660245E+042
  1.3300925300E+006  4.9111341725E+042
  1.3400895463E+006  4.8581724103E+042
  1.3500718816E+006  4.8055986781E+042
  1.3600918412E+006  4.7548166131E+042
  1.3700842148E+006  4.7070978002E+042
  1.3800674250E+006  4.6601269175E+042
  1.3900988804E+006  4.6125376765E+042
  1.4000770099E+006  4.5651513406E+042
  1.4100505208E+006  4.5184911676E+042
  1.4200563923E+006  4.4739555644E+042
  1.4300748249E+006  4.4312731437E+042
  1.4400627991E+006  4.3887430389E+042
  1.4500748643E+006  4.3458688913E+042
  1.4600745685E+006  4.3031792494E+042
  1.4700812999E+006  4.2613006379E+042
  1.4800669098E+006  4.2215169750E+042
  1.4900682625E+006  4.1829278859E+042
  1.5001050150E+006  4.1441225104E+042
  1.5100749623E+006  4.1054786181E+042
  1.5200474996E+006  4.0670045346E+042
  1.5300550180E+006  4.0290961432E+042
  1.5400601681E+006  3.9928247344E+042
  1.5500899177E+006  3.9575535822E+042
  1.5601111540E+006  3.9223333813E+042
  1.5700888945E+006  3.8872451360E+042
  1.5800792472E+006  3.8523140257E+042
  1.5900465760E+006  3.8179245186E+042
  1.6000811497E+006  3.7845248764E+042
  1.6100927787E+006  3.7523581003E+042
  1.6200661909E+006  3.7205742253E+042
  1.6300770146E+006  3.6887033305E+042
  1.6400913723E+006  3.6570595200E+042
  1.6500673825E+006  3.6258420266E+042
  1.6600507828E+006  3.5953212959E+042
  1.6700573174E+006  3.5658938408E+042
  1.6800955825E+006  3.5370250109E+042
  1.6900942494E+006  3.5083955965E+042
  1.7000692787E+006  3.4800265061E+042
  1.7100571853E+006  3.4519357094E+042
  1.7200877129E+006  3.4240894646E+042
  1.7300604706E+006  3.3972086491E+042
  1.7401046903E+006  3.3711292897E+042
  1.7500663305E+006  3.3457057140E+042
  1.7600734398E+006  3.3203196004E+042
  1.7700715478E+006  3.2952820908E+042
  1.7800775750E+006  3.2706311751E+042
  1.7900566196E+006  3.2463879398E+042
  1.8000817345E+006  3.2227302121E+042
  1.8100617328E+006  3.2000872741E+042
  1.8200684603E+006  3.1778393661E+042
  1.8300684778E+006  3.1558174821E+042
  1.8400577739E+006  3.1342379156E+042
  1.8500654230E+006  3.1131131441E+042
  1.8600901742E+006  3.0923491825E+042
  1.8700828076E+006  3.0721744526E+042
  1.8800682158E+006  3.0527963401E+042
  1.8900908682E+006  3.0339210743E+042
  1.9000876641E+006  3.0153593859E+042
  1.9100805289E+006  2.9971969297E+042
  1.9200673415E+006  2.9796640356E+042
  1.9300854995E+006  2.9625699702E+042
  1.9400782729E+006  2.9458670049E+042
  1.9500551392E+006  2.9296981851E+042
  1.9600609505E+006  2.9140303094E+042
  1.9700617673E+006  2.8986954558E+042
  1.9800655953E+006  2.8836408940E+042
  1.9872000000E+006  2.8732072439E+042
