   0.000000000E+00   0.500000000E+04   0.148782921E+02   0.136702031E+02   0.129445074E+02   0.126694681E+02   0.125462901E+02   0.140244521E+02   0.139964821E+02   0.131834661E+02   0.121573801E+02   0.126626801E+02   0.180103921E+02   0.233436021E+02   0.183041721E+02   0.171978621E+02   0.187845421E+02
   0.100009194E+05   0.500000000E+04               NaN               NaN               NaN               NaN               NaN               NaN               NaN               NaN               NaN               NaN               NaN               NaN               NaN               NaN               NaN
   0.200030097E+05   0.500000000E+04               NaN               NaN               NaN               NaN               NaN               NaN               NaN               NaN               NaN               NaN               NaN               NaN               NaN               NaN               NaN
   0.300019001E+05   0.500000000E+04  -0.337959529E+01  -0.458768429E+01  -0.531337999E+01  -0.558841929E+01  -0.571159729E+01  -0.423343529E+01  -0.426140529E+01  -0.507442129E+01  -0.610050729E+01  -0.559520729E+01  -0.247495294E+00   0.508571471E+01   0.462847056E-01  -0.106002529E+01   0.526654706E+00
   0.400151073E+05   0.500000000E+04  -0.440057306E+01  -0.560866206E+01  -0.633435776E+01  -0.660939706E+01  -0.673257506E+01  -0.525441306E+01  -0.528238306E+01  -0.609539906E+01  -0.712148506E+01  -0.661618506E+01  -0.126847306E+01   0.406473694E+01  -0.974693059E+00  -0.208100306E+01  -0.494323059E+00
   0.500085274E+05   0.500000000E+04  -0.439614605E+01  -0.560423505E+01  -0.632993075E+01  -0.660497005E+01  -0.672814805E+01  -0.524998605E+01  -0.527795605E+01  -0.609097205E+01  -0.711705805E+01  -0.661175805E+01  -0.126404605E+01   0.406916395E+01  -0.970266052E+00  -0.207657605E+01  -0.489896052E+00
   0.600110106E+05   0.500000000E+04  -0.435364720E+01  -0.556173620E+01  -0.628743190E+01  -0.656247120E+01  -0.668564920E+01  -0.520748720E+01  -0.523545720E+01  -0.604847320E+01  -0.707455920E+01  -0.656925920E+01  -0.122154720E+01   0.411166280E+01  -0.927767195E+00  -0.203407720E+01  -0.447397195E+00
   0.700222743E+05   0.500000000E+04  -0.423240615E+01  -0.544049515E+01  -0.616619085E+01  -0.644123015E+01  -0.656440815E+01  -0.508624615E+01  -0.511421615E+01  -0.592723215E+01  -0.695331815E+01  -0.644801815E+01  -0.110030615E+01   0.423290385E+01  -0.806526151E+00  -0.191283615E+01  -0.326156151E+00
   0.800495209E+05   0.500000000E+04  -0.409121724E+01  -0.529930624E+01  -0.602500194E+01  -0.630004124E+01  -0.642321924E+01  -0.494505724E+01  -0.497302724E+01  -0.578604324E+01  -0.681212924E+01  -0.630682924E+01  -0.959117241E+00   0.437409276E+01  -0.665337241E+00  -0.177164724E+01  -0.184967241E+00
   0.900129162E+05   0.500000000E+04  -0.397709055E+01  -0.518517955E+01  -0.591087525E+01  -0.618591455E+01  -0.630909255E+01  -0.483093055E+01  -0.485890055E+01  -0.567191655E+01  -0.669800255E+01  -0.619270255E+01  -0.844990550E+00   0.448821945E+01  -0.551210550E+00  -0.165752055E+01  -0.708405500E-01
   0.100029801E+06   0.500000000E+04  -0.388401287E+01  -0.509210187E+01  -0.581779757E+01  -0.609283687E+01  -0.621601487E+01  -0.473785287E+01  -0.476582287E+01  -0.557883887E+01  -0.660492487E+01  -0.609962487E+01  -0.751912867E+00   0.458129713E+01  -0.458132867E+00  -0.156444287E+01   0.222371330E-01
   0.110050585E+06   0.500000000E+04  -0.378485402E+01  -0.499294302E+01  -0.571863872E+01  -0.599367802E+01  -0.611685602E+01  -0.463869402E+01  -0.466666402E+01  -0.547968002E+01  -0.650576602E+01  -0.600046602E+01  -0.652754020E+00   0.468045598E+01  -0.358974020E+00  -0.146528402E+01   0.121395980E+00
   0.120006664E+06   0.500000000E+04  -0.370347931E+01  -0.491156831E+01  -0.563726401E+01  -0.591230331E+01  -0.603548131E+01  -0.455731931E+01  -0.458528931E+01  -0.539830531E+01  -0.642439131E+01  -0.591909131E+01  -0.571379310E+00   0.476183069E+01  -0.277599310E+00  -0.138390931E+01   0.202770690E+00
   0.130008657E+06   0.500000000E+04  -0.362806283E+01  -0.483615183E+01  -0.556184753E+01  -0.583688683E+01  -0.596006483E+01  -0.448190283E+01  -0.450987283E+01  -0.532288883E+01  -0.634897483E+01  -0.584367483E+01  -0.495962826E+00   0.483724717E+01  -0.202182826E+00  -0.130849283E+01   0.278187174E+00
   0.140008271E+06   0.500000000E+04  -0.356096048E+01  -0.476904948E+01  -0.549474518E+01  -0.576978448E+01  -0.589296248E+01  -0.441480048E+01  -0.444277048E+01  -0.525578648E+01  -0.628187248E+01  -0.577657248E+01  -0.428860478E+00   0.490434952E+01  -0.135080478E+00  -0.124139048E+01   0.345289522E+00
   0.150000675E+06   0.500000000E+04  -0.350076145E+01  -0.470885045E+01  -0.543454615E+01  -0.570958545E+01  -0.583276345E+01  -0.435460145E+01  -0.438257145E+01  -0.519558745E+01  -0.622167345E+01  -0.571637345E+01  -0.368661453E+00   0.496454855E+01  -0.748814531E-01  -0.118119145E+01   0.405488547E+00
   0.160001673E+06   0.500000000E+04  -0.344556608E+01  -0.465365508E+01  -0.537935078E+01  -0.565439008E+01  -0.577756808E+01  -0.429940608E+01  -0.432737608E+01  -0.514039208E+01  -0.616647808E+01  -0.566117808E+01  -0.313466081E+00   0.501974392E+01  -0.196860807E-01  -0.112599608E+01   0.460683919E+00
   0.170016176E+06   0.500000000E+04  -0.339325358E+01  -0.460134258E+01  -0.532703828E+01  -0.560207758E+01  -0.572525558E+01  -0.424709358E+01  -0.427506358E+01  -0.508807958E+01  -0.611416558E+01  -0.560886558E+01  -0.261153579E+00   0.507205642E+01   0.326264211E-01  -0.107368358E+01   0.512996421E+00
   0.180002923E+06   0.500000000E+04  -0.334445511E+01  -0.455254411E+01  -0.527823981E+01  -0.555327911E+01  -0.567645711E+01  -0.419829511E+01  -0.422626511E+01  -0.503928111E+01  -0.606536711E+01  -0.556006711E+01  -0.212355109E+00   0.512085489E+01   0.814248915E-01  -0.102488511E+01   0.561794891E+00
   0.190054818E+06   0.500000000E+04  -0.329857187E+01  -0.450666087E+01  -0.523235657E+01  -0.550739587E+01  -0.563057387E+01  -0.415241187E+01  -0.418038187E+01  -0.499339787E+01  -0.601948387E+01  -0.551418387E+01  -0.166471875E+00   0.516673813E+01   0.127308125E+00  -0.979001875E+00   0.607678125E+00
   0.200021276E+06   0.500000000E+04  -0.325579456E+01  -0.446388356E+01  -0.518957926E+01  -0.546461856E+01  -0.558779656E+01  -0.410963456E+01  -0.413760456E+01  -0.495062056E+01  -0.597670656E+01  -0.547140656E+01  -0.123694558E+00   0.520951544E+01   0.170085442E+00  -0.936224558E+00   0.650455442E+00
   0.210034421E+06   0.500000000E+04  -0.321534996E+01  -0.442343896E+01  -0.514913466E+01  -0.542417396E+01  -0.554735196E+01  -0.406918996E+01  -0.409715996E+01  -0.491017596E+01  -0.593626196E+01  -0.543096196E+01  -0.832499588E-01   0.524996004E+01   0.210530041E+00  -0.895779959E+00   0.690900041E+00
   0.220081287E+06   0.500000000E+04  -0.317694621E+01  -0.438503521E+01  -0.511073091E+01  -0.538577021E+01  -0.550894821E+01  -0.403078621E+01  -0.405875621E+01  -0.487177221E+01  -0.589785821E+01  -0.539255821E+01  -0.448462080E-01   0.528836379E+01   0.248933792E+00  -0.857376208E+00   0.729303792E+00
   0.230084453E+06   0.500000000E+04  -0.314057158E+01  -0.434866058E+01  -0.507435628E+01  -0.534939558E+01  -0.547257358E+01  -0.399441158E+01  -0.402238158E+01  -0.483539758E+01  -0.586148358E+01  -0.535618358E+01  -0.847158493E-02   0.532473842E+01   0.285308415E+00  -0.821001585E+00   0.765678415E+00
   0.240078775E+06   0.500000000E+04  -0.310588837E+01  -0.431397737E+01  -0.503967307E+01  -0.531471237E+01  -0.543789037E+01  -0.395972837E+01  -0.398769837E+01  -0.480071437E+01  -0.582680037E+01  -0.532150037E+01   0.262116262E-01   0.535942163E+01   0.319991626E+00  -0.786318374E+00   0.800361626E+00
   0.250031609E+06   0.500000000E+04  -0.307289124E+01  -0.428098024E+01  -0.500667594E+01  -0.528171524E+01  -0.540489324E+01  -0.392673124E+01  -0.395470124E+01  -0.476771724E+01  -0.579380324E+01  -0.528850324E+01   0.592087569E-01   0.539241876E+01   0.352988757E+00  -0.753321243E+00   0.833358757E+00
   0.260010503E+06   0.500000000E+04  -0.304113748E+01  -0.424922648E+01  -0.497492218E+01  -0.524996148E+01  -0.537313948E+01  -0.389497748E+01  -0.392294748E+01  -0.473596348E+01  -0.576204948E+01  -0.525674948E+01   0.909625240E-01   0.542417252E+01   0.384742524E+00  -0.721567476E+00   0.865112524E+00
   0.270003053E+06   0.500000000E+04  -0.301051408E+01  -0.421860308E+01  -0.494429878E+01  -0.521933808E+01  -0.534251608E+01  -0.386435408E+01  -0.389232408E+01  -0.470534008E+01  -0.573142608E+01  -0.522612608E+01   0.121585916E+00   0.545479592E+01   0.415365916E+00  -0.690944084E+00   0.895735916E+00
   0.280000430E+06   0.500000000E+04  -0.298093740E+01  -0.418902640E+01  -0.491472210E+01  -0.518976140E+01  -0.531293940E+01  -0.383477740E+01  -0.386274740E+01  -0.467576340E+01  -0.570184940E+01  -0.519654940E+01   0.151162604E+00   0.548437260E+01   0.444942604E+00  -0.661367396E+00   0.925312604E+00
   0.290087332E+06   0.500000000E+04  -0.295225762E+01  -0.416034662E+01  -0.488604232E+01  -0.516108162E+01  -0.528425962E+01  -0.380609762E+01  -0.383406762E+01  -0.464708362E+01  -0.567316962E+01  -0.516786962E+01   0.179842378E+00   0.551305238E+01   0.473622378E+00  -0.632687622E+00   0.953992378E+00
   0.300073206E+06   0.500000000E+04  -0.293092001E+01  -0.413900901E+01  -0.486470471E+01  -0.513974401E+01  -0.526292201E+01  -0.378476001E+01  -0.381273001E+01  -0.462574601E+01  -0.565183201E+01  -0.514653201E+01   0.201179988E+00   0.553438999E+01   0.494959988E+00  -0.611350012E+00   0.975329988E+00
   0.310042368E+06   0.500000000E+04  -0.302534071E+01  -0.423342971E+01  -0.495912541E+01  -0.523416471E+01  -0.535734271E+01  -0.387918071E+01  -0.390715071E+01  -0.472016671E+01  -0.574625271E+01  -0.524095271E+01   0.106759295E+00   0.543996929E+01   0.400539295E+00  -0.705770705E+00   0.880909295E+00
   0.320082694E+06   0.500000000E+04  -0.449156525E+01  -0.569965425E+01  -0.642534995E+01  -0.670038925E+01  -0.682356725E+01  -0.534540525E+01  -0.537337525E+01  -0.618639125E+01  -0.721247725E+01  -0.670717725E+01  -0.135946525E+01   0.397374475E+01  -0.106568525E+01  -0.217199525E+01  -0.585315254E+00
   0.330001685E+06   0.500000000E+04  -0.729864890E+01  -0.850673790E+01  -0.923243360E+01  -0.950747290E+01  -0.963065090E+01  -0.815248890E+01  -0.818045890E+01  -0.899347490E+01  -0.100195609E+02  -0.951426090E+01  -0.416654890E+01   0.116666110E+01  -0.387276890E+01  -0.497907890E+01  -0.339239890E+01
   0.340067338E+06   0.500000000E+04  -0.763750717E+01  -0.884559617E+01  -0.957129187E+01  -0.984633117E+01  -0.996950917E+01  -0.849134717E+01  -0.851931717E+01  -0.933233317E+01  -0.103584192E+02  -0.985311917E+01  -0.450540717E+01   0.827802832E+00  -0.421162717E+01  -0.531793717E+01  -0.373125717E+01
   0.350042338E+06   0.500000000E+04  -0.781471240E+01  -0.902280140E+01  -0.974849710E+01  -0.100235364E+02  -0.101467144E+02  -0.866855240E+01  -0.869652240E+01  -0.950953840E+01  -0.105356244E+02  -0.100303244E+02  -0.468261240E+01   0.650597598E+00  -0.438883240E+01  -0.549514240E+01  -0.390846240E+01
   0.360017338E+06   0.500000000E+04  -0.803821911E+01  -0.924630811E+01  -0.997200381E+01  -0.102470431E+02  -0.103702211E+02  -0.889205911E+01  -0.892002911E+01  -0.973304511E+01  -0.107591311E+02  -0.102538311E+02  -0.490611911E+01   0.427090893E+00  -0.461233911E+01  -0.571864911E+01  -0.413196911E+01
   0.370032898E+06   0.500000000E+04  -0.829488158E+01  -0.950297058E+01  -0.102286663E+02  -0.105037056E+02  -0.106268836E+02  -0.914872158E+01  -0.917669158E+01  -0.998970758E+01  -0.110157936E+02  -0.105104936E+02  -0.516278158E+01   0.170428424E+00  -0.486900158E+01  -0.597531158E+01  -0.438863158E+01
   0.380005128E+06   0.500000000E+04  -0.858499781E+01  -0.979308681E+01  -0.105187825E+02  -0.107938218E+02  -0.109169998E+02  -0.943883781E+01  -0.946680781E+01  -0.102798238E+02  -0.113059098E+02  -0.108006098E+02  -0.545289781E+01  -0.119687808E+00  -0.515911781E+01  -0.626542781E+01  -0.467874781E+01
   0.390068808E+06   0.500000000E+04  -0.892901838E+01  -0.101371074E+02  -0.108628031E+02  -0.111378424E+02  -0.112610204E+02  -0.978285838E+01  -0.981082838E+01  -0.106238444E+02  -0.116499304E+02  -0.111446304E+02  -0.579691838E+01  -0.463708383E+00  -0.550313838E+01  -0.660944838E+01  -0.502276838E+01
   0.400045667E+06   0.500000000E+04  -0.935757043E+01  -0.105656594E+02  -0.112913551E+02  -0.115663944E+02  -0.116895724E+02  -0.102114104E+02  -0.102393804E+02  -0.110523964E+02  -0.120784824E+02  -0.115731824E+02  -0.622547043E+01  -0.892260435E+00  -0.593169043E+01  -0.703800043E+01  -0.545132043E+01
   0.410015370E+06   0.519959747E+04  -0.100988756E+02  -0.112376568E+02  -0.119128214E+02  -0.121604556E+02  -0.122633808E+02  -0.109489668E+02  -0.109258770E+02  -0.116940058E+02  -0.126638695E+02  -0.121873558E+02  -0.709902691E+01  -0.198656573E+01  -0.682363184E+01  -0.787165339E+01  -0.632353961E+01
   0.420015194E+06   0.100329049E+05  -0.142396467E+02  -0.144289347E+02  -0.144036558E+02  -0.142820259E+02  -0.141156534E+02  -0.150412543E+02  -0.143165263E+02  -0.144596463E+02  -0.146703935E+02  -0.145870715E+02  -0.132072773E+02  -0.111973525E+02  -0.131540098E+02  -0.134821681E+02  -0.127059115E+02
   0.430012194E+06   0.184505603E+05  -0.163587990E+02  -0.161417156E+02  -0.158125046E+02  -0.155362445E+02  -0.152573418E+02  -0.171422106E+02  -0.161141804E+02  -0.159831468E+02  -0.158777329E+02  -0.159620250E+02  -0.163509205E+02  -0.158066544E+02  -0.163513617E+02  -0.163892830E+02  -0.162236048E+02
   0.440032161E+06   0.292861787E+05  -0.174342281E+02  -0.170629157E+02  -0.166160727E+02  -0.162801184E+02  -0.159611716E+02  -0.182112037E+02  -0.170674979E+02  -0.168306739E+02  -0.166032022E+02  -0.167531139E+02  -0.178525903E+02  -0.179064167E+02  -0.178629633E+02  -0.177728733E+02  -0.179027692E+02
   0.450028543E+06   0.426077654E+05  -0.181270751E+02  -0.176822967E+02  -0.171782085E+02  -0.168130290E+02  -0.164725305E+02  -0.189010839E+02  -0.177022347E+02  -0.174142388E+02  -0.171269994E+02  -0.173093162E+02  -0.187524968E+02  -0.190925738E+02  -0.187653693E+02  -0.186232664E+02  -0.188920653E+02
   0.460002382E+06   0.547811444E+05  -0.185430236E+02  -0.180647354E+02  -0.175341553E+02  -0.171553435E+02  -0.168048236E+02  -0.193157033E+02  -0.180916991E+02  -0.177801252E+02  -0.174650348E+02  -0.176625225E+02  -0.192626780E+02  -0.197305859E+02  -0.192762014E+02  -0.191125394E+02  -0.194430855E+02
   0.470000024E+06   0.420297568E+05  -0.181414045E+02  -0.176987359E+02  -0.171963008E+02  -0.168319768E+02  -0.164921140E+02  -0.189155001E+02  -0.177182288E+02  -0.174317126E+02  -0.171462131E+02  -0.173275819E+02  -0.187608901E+02  -0.190928576E+02  -0.187737222E+02  -0.186330296E+02  -0.188978922E+02
   0.480000046E+06   0.374296539E+05  -0.179762873E+02  -0.175531807E+02  -0.170660752E+02  -0.167096002E+02  -0.163755344E+02  -0.187511657E+02  -0.175685803E+02  -0.172957410E+02  -0.170262924E+02  -0.171989476E+02  -0.185406134E+02  -0.187968293E+02  -0.185529036E+02  -0.184255086E+02  -0.186537155E+02
   0.490000536E+06   0.340189877E+05  -0.178541357E+02  -0.174493057E+02  -0.169764603E+02  -0.166272764E+02  -0.162985443E+02  -0.186297413E+02  -0.174608789E+02  -0.172007922E+02  -0.169462428E+02  -0.171108112E+02  -0.183668857E+02  -0.185518747E+02  -0.183785893E+02  -0.182639017E+02  -0.184576798E+02
   0.500002277E+06   0.316437550E+05  -0.177719757E+02  -0.173825850E+02  -0.169217443E+02  -0.165786654E+02  -0.162544328E+02  -0.185482154E+02  -0.173909442E+02  -0.171415805E+02  -0.168995418E+02  -0.170573374E+02  -0.182412108E+02  -0.183658307E+02  -0.182523310E+02  -0.181488671E+02  -0.183132435E+02
   0.510001949E+06   0.298623135E+05  -0.177143150E+02  -0.173382668E+02  -0.168877539E+02  -0.165499386E+02  -0.162296090E+02  -0.184911005E+02  -0.173438400E+02  -0.171037262E+02  -0.168724463E+02  -0.170244147E+02  -0.181460090E+02  -0.182184099E+02  -0.181565894E+02  -0.180629562E+02  -0.182019031E+02
   0.520005205E+06   0.284543160E+05  -0.176733640E+02  -0.173092606E+02  -0.168679840E+02  -0.165348584E+02  -0.162180063E+02  -0.184506304E+02  -0.173123356E+02  -0.170805016E+02  -0.168588177E+02  -0.170056069E+02  -0.180714728E+02  -0.180970557E+02  -0.180815191E+02  -0.179968834E+02  -0.181129794E+02
   0.530004823E+06   0.272927093E+05  -0.176432597E+02  -0.172900251E+02  -0.168571202E+02  -0.165282397E+02  -0.162145401E+02  -0.184209726E+02  -0.172908334E+02  -0.170664969E+02  -0.168535243E+02  -0.169956149E+02  -0.180108946E+02  -0.179939302E+02  -0.180204221E+02  -0.179441527E+02  -0.180393824E+02
   0.540006352E+06   0.263040254E+05  -0.176209682E+02  -0.172778590E+02  -0.168527385E+02  -0.165278120E+02  -0.162170617E+02  -0.183990996E+02  -0.172765618E+02  -0.170592037E+02  -0.168543259E+02  -0.169920432E+02  -0.179602614E+02  -0.179036716E+02  -0.179692755E+02  -0.179009373E+02  -0.179766786E+02
   0.550010411E+06   0.254438180E+05  -0.176044584E+02  -0.172709012E+02  -0.168531089E+02  -0.165319094E+02  -0.162238303E+02  -0.183829817E+02  -0.172676119E+02  -0.170568402E+02  -0.168595770E+02  -0.169931861E+02  -0.179170473E+02  -0.178230881E+02  -0.179255580E+02  -0.178648115E+02  -0.179221366E+02
   0.560008694E+06   0.246849080E+05  -0.175923970E+02  -0.172678652E+02  -0.168569869E+02  -0.165393077E+02  -0.162336858E+02  -0.183712928E+02  -0.172626959E+02  -0.170581389E+02  -0.168680603E+02  -0.169977983E+02  -0.178797972E+02  -0.177505566E+02  -0.178878103E+02  -0.178343311E+02  -0.178742359E+02
   0.570015303E+06   0.240038810E+05  -0.175835467E+02  -0.172675481E+02  -0.168632009E+02  -0.165488519E+02  -0.162455388E+02  -0.183627987E+02  -0.172606082E+02  -0.170619148E+02  -0.168786261E+02  -0.170047069E+02  -0.178471722E+02  -0.176846022E+02  -0.178546950E+02  -0.178081555E+02  -0.178315794E+02
   0.580009412E+06   0.233889076E+05  -0.175776687E+02  -0.172701396E+02  -0.168722644E+02  -0.165611976E+02  -0.162599876E+02  -0.183572741E+02  -0.172614357E+02  -0.170685628E+02  -0.168919798E+02  -0.170144527E+02  -0.178177661E+02  -0.176222088E+02  -0.178247789E+02  -0.177852576E+02  -0.177923020E+02
   0.590018084E+06   0.228265423E+05  -0.175736947E+02  -0.172741647E+02  -0.168823951E+02  -0.165744250E+02  -0.162751816E+02  -0.183536340E+02  -0.172637949E+02  -0.170764140E+02  -0.169061625E+02  -0.170252302E+02  -0.177916022E+02  -0.175649156E+02  -0.177981222E+02  -0.177652659E+02  -0.177568445E+02
   0.600023760E+06   0.223109486E+05  -0.175716436E+02  -0.172799610E+02  -0.168941671E+02  -0.165892287E+02  -0.162918775E+02  -0.183519109E+02  -0.172679567E+02  -0.170859535E+02  -0.169219097E+02  -0.170376415E+02  -0.177678446E+02  -0.175106709E+02  -0.177738593E+02  -0.177476129E+02  -0.177240279E+02
   0.610018554E+06   0.218353534E+05  -0.175709132E+02  -0.172867425E+02  -0.169066649E+02  -0.166046284E+02  -0.163090720E+02  -0.183514941E+02  -0.172731729E+02  -0.170963162E+02  -0.169382060E+02  -0.170507504E+02  -0.177463639E+02  -0.174600442E+02  -0.177518845E+02  -0.177319888E+02  -0.176939572E+02
   0.620028211E+06   0.213945368E+05  -0.175715406E+02  -0.172948108E+02  -0.169203889E+02  -0.166212265E+02  -0.163274202E+02  -0.183524319E+02  -0.172796896E+02  -0.171079288E+02  -0.169556814E+02  -0.170650784E+02  -0.177264845E+02  -0.174113574E+02  -0.177314982E+02  -0.177179326E+02  -0.176657067E+02
   0.630008857E+06   0.209832171E+05  -0.175728211E+02  -0.173030669E+02  -0.169339466E+02  -0.166374781E+02  -0.163453138E+02  -0.183540034E+02  -0.172864912E+02  -0.171195070E+02  -0.169727555E+02  -0.170792021E+02  -0.177085453E+02  -0.173664173E+02  -0.177130821E+02  -0.177054543E+02  -0.176399230E+02
   0.640022256E+06   0.205983881E+05  -0.175752040E+02  -0.173126923E+02  -0.169490674E+02  -0.166553850E+02  -0.163649563E+02  -0.183566919E+02  -0.172946080E+02  -0.171325727E+02  -0.169915206E+02  -0.170949078E+02  -0.176910748E+02  -0.173210199E+02  -0.176950806E+02  -0.176936948E+02  -0.176143750E+02
   0.650031529E+06   0.202345804E+05  -0.175778294E+02  -0.173221646E+02  -0.169637348E+02  -0.166726864E+02  -0.163838985E+02  -0.183596062E+02  -0.173026542E+02  -0.171452975E+02  -0.170096333E+02  -0.171101282E+02  -0.176749314E+02  -0.172784749E+02  -0.176784351E+02  -0.176829503E+02  -0.175905953E+02
   0.660009892E+06   0.198939006E+05  -0.175810626E+02  -0.173320502E+02  -0.169786667E+02  -0.166901751E+02  -0.164029957E+02  -0.183631201E+02  -0.173111555E+02  -0.171583433E+02  -0.170279082E+02  -0.171255982E+02  -0.176599618E+02  -0.172378952E+02  -0.176629678E+02  -0.176732125E+02  -0.175681979E+02
   0.670024415E+06   0.195683246E+05  -0.175843904E+02  -0.173422445E+02  -0.169940669E+02  -0.167082092E+02  -0.164227196E+02  -0.183667380E+02  -0.173199237E+02  -0.171717998E+02  -0.170467498E+02  -0.171415551E+02  -0.176445691E+02  -0.171961536E+02  -0.176470411E+02  -0.176631917E+02  -0.175451215E+02
   0.680012735E+06   0.192596945E+05  -0.175879216E+02  -0.173522846E+02  -0.170090421E+02  -0.167256812E+02  -0.164417934E+02  -0.183705442E+02  -0.173286121E+02  -0.171849325E+02  -0.170649871E+02  -0.171570580E+02  -0.176303540E+02  -0.171569611E+02  -0.176323199E+02  -0.176540691E+02  -0.175236228E+02
   0.690030979E+06   0.189648329E+05  -0.175916077E+02  -0.173622847E+02  -0.170238270E+02  -0.167428870E+02  -0.164605798E+02  -0.183744974E+02  -0.173373002E+02  -0.171979303E+02  -0.170829355E+02  -0.171723548E+02  -0.176168433E+02  -0.171192422E+02  -0.176183129E+02  -0.176455065E+02  -0.175030580E+02
   0.700044651E+06   0.186810331E+05  -0.175949284E+02  -0.173723598E+02  -0.170390048E+02  -0.167606474E+02  -0.164802190E+02  -0.183781061E+02  -0.173459677E+02  -0.172111982E+02  -0.171014905E+02  -0.171880804E+02  -0.176018901E+02  -0.170785370E+02  -0.176027922E+02  -0.176359058E+02  -0.174806381E+02
   0.710028041E+06   0.184111171E+05  -0.175984071E+02  -0.173822625E+02  -0.170537607E+02  -0.167778595E+02  -0.164992179E+02  -0.183818588E+02  -0.173545317E+02  -0.172241375E+02  -0.171194584E+02  -0.172033572E+02  -0.175879890E+02  -0.170401437E+02  -0.175883512E+02  -0.176270953E+02  -0.174596355E+02
   0.720011969E+06   0.181496984E+05  -0.176015354E+02  -0.173916126E+02  -0.170678110E+02  -0.167942888E+02  -0.165173778E+02  -0.183852525E+02  -0.173625851E+02  -0.172364285E+02  -0.171366196E+02  -0.172179121E+02  -0.175742845E+02  -0.170027182E+02  -0.175741239E+02  -0.176183212E+02  -0.174390531E+02
   0.730039711E+06   0.178962580E+05  -0.176043316E+02  -0.174007764E+02  -0.170817806E+02  -0.168106892E+02  -0.165358180E+02  -0.183883212E+02  -0.173704223E+02  -0.172485991E+02  -0.171537680E+02  -0.172323989E+02  -0.175599188E+02  -0.169641581E+02  -0.175592088E+02  -0.176090541E+02  -0.174177206E+02
   0.740013627E+06   0.176528534E+05  -0.176067380E+02  -0.174097635E+02  -0.170957283E+02  -0.168271439E+02  -0.165547336E+02  -0.183910107E+02  -0.173780390E+02  -0.172606896E+02  -0.171709944E+02  -0.172468820E+02  -0.175446750E+02  -0.169240188E+02  -0.175433784E+02  -0.175991486E+02  -0.173953718E+02
   0.750024938E+06   0.174146994E+05  -0.176086640E+02  -0.174181281E+02  -0.171089466E+02  -0.168428152E+02  -0.165728126E+02  -0.183932137E+02  -0.173850629E+02  -0.172720907E+02  -0.171874206E+02  -0.172606242E+02  -0.175293315E+02  -0.168843169E+02  -0.175274609E+02  -0.175890283E+02  -0.173730765E+02
   0.760016969E+06   0.171845258E+05  -0.176103758E+02  -0.174260630E+02  -0.171215723E+02  -0.168578117E+02  -0.165901362E+02  -0.183951932E+02  -0.173917019E+02  -0.172829603E+02  -0.172031468E+02  -0.172737564E+02  -0.175143525E+02  -0.168457958E+02  -0.175119272E+02  -0.175790975E+02  -0.173513788E+02
   0.770012319E+06   0.169601359E+05  -0.176115464E+02  -0.174334550E+02  -0.171336526E+02  -0.168722626E+02  -0.166067456E+02  -0.183966317E+02  -0.173977986E+02  -0.172932850E+02  -0.172183253E+02  -0.172863431E+02  -0.174988679E+02  -0.168068121E+02  -0.174958783E+02  -0.175686006E+02  -0.173292131E+02
   0.780042657E+06   0.167395898E+05  -0.176117518E+02  -0.174404794E+02  -0.171458092E+02  -0.168870194E+02  -0.166231234E+02  -0.183971322E+02  -0.174034050E+02  -0.173035184E+02  -0.172338717E+02  -0.172990554E+02  -0.174809575E+02  -0.167633095E+02  -0.174773062E+02  -0.175558941E+02  -0.173041393E+02
   0.790036465E+06   0.165261965E+05  -0.176117120E+02  -0.174470376E+02  -0.171573330E+02  -0.169010591E+02  -0.166387316E+02  -0.183973780E+02  -0.174085910E+02  -0.173131814E+02  -0.172486753E+02  -0.173111169E+02  -0.174633893E+02  -0.167209792E+02  -0.174590979E+02  -0.175433612E+02  -0.172796402E+02
   0.800020343E+06   0.163176086E+05  -0.176111828E+02  -0.174529577E+02  -0.171681069E+02  -0.169142923E+02  -0.166534979E+02  -0.183971279E+02  -0.174131699E+02  -0.173221365E+02  -0.172626553E+02  -0.173224166E+02  -0.174457265E+02  -0.166791118E+02  -0.174408093E+02  -0.175306202E+02  -0.172552024E+02
   0.810008628E+06   0.161132164E+05  -0.176102091E+02  -0.174583036E+02  -0.171782090E+02  -0.169268042E+02  -0.166675121E+02  -0.183964276E+02  -0.174172015E+02  -0.173304563E+02  -0.172758989E+02  -0.173330337E+02  -0.174279638E+02  -0.166376314E+02  -0.174224335E+02  -0.175176804E+02  -0.172308011E+02
   0.820036327E+06   0.159130875E+05  -0.176085577E+02  -0.174632532E+02  -0.171881215E+02  -0.169392326E+02  -0.166814696E+02  -0.183950628E+02  -0.174207770E+02  -0.173385080E+02  -0.172890889E+02  -0.173434839E+02  -0.174088727E+02  -0.165938815E+02  -0.174026724E+02  -0.175035422E+02  -0.172048647E+02
   0.830018389E+06   0.157180592E+05  -0.176060598E+02  -0.174677125E+02  -0.171978054E+02  -0.169515670E+02  -0.166953681E+02  -0.183928679E+02  -0.174237863E+02  -0.173462319E+02  -0.173022229E+02  -0.173537344E+02  -0.173881088E+02  -0.165472647E+02  -0.173811674E+02  -0.174878980E+02  -0.171769921E+02
   0.840002386E+06   0.155272541E+05  -0.176032066E+02  -0.174716659E+02  -0.172068703E+02  -0.169632249E+02  -0.167085563E+02  -0.183903112E+02  -0.174263210E+02  -0.173533792E+02  -0.173146631E+02  -0.173633536E+02  -0.173673852E+02  -0.165012480E+02  -0.173597187E+02  -0.174721832E+02  -0.171493136E+02
   0.850010114E+06   0.153400096E+05  -0.175999480E+02  -0.174750868E+02  -0.172153073E+02  -0.169742066E+02  -0.167210397E+02  -0.183873435E+02  -0.174283498E+02  -0.173599344E+02  -0.173264125E+02  -0.173723346E+02  -0.173465896E+02  -0.164556313E+02  -0.173382116E+02  -0.174563030E+02  -0.171216930E+02
   0.860015220E+06   0.151564712E+05  -0.175963827E+02  -0.174780689E+02  -0.172232062E+02  -0.169845997E+02  -0.167329048E+02  -0.183840634E+02  -0.174299672E+02  -0.173659887E+02  -0.173375582E+02  -0.173807666E+02  -0.173258345E+02  -0.164105463E+02  -0.173167590E+02  -0.174403659E+02  -0.170942478E+02
   0.870013697E+06   0.149776829E+05  -0.175925222E+02  -0.174807171E+02  -0.172307405E+02  -0.169946132E+02  -0.167444383E+02  -0.183804868E+02  -0.174312589E+02  -0.173716897E+02  -0.173483197E+02  -0.173888318E+02  -0.173049188E+02  -0.163654830E+02  -0.172951412E+02  -0.174241765E+02  -0.170667089E+02
   0.880014491E+06   0.148024125E+05  -0.175872955E+02  -0.174827702E+02  -0.172382474E+02  -0.170048893E+02  -0.167567966E+02  -0.183755803E+02  -0.174317943E+02  -0.173771480E+02  -0.173594324E+02  -0.173969379E+02  -0.172808401E+02  -0.163146563E+02  -0.172702178E+02  -0.174049572E+02  -0.170354056E+02
   0.890008233E+06   0.146304082E+05  -0.175817419E+02  -0.174843609E+02  -0.172451901E+02  -0.170145497E+02  -0.167685004E+02  -0.183703410E+02  -0.174318956E+02  -0.173820803E+02  -0.173699137E+02  -0.174044687E+02  -0.172567860E+02  -0.162643526E+02  -0.172453345E+02  -0.173856719E+02  -0.170042614E+02
   0.900025398E+06   0.144628584E+05  -0.175762837E+02  -0.174858618E+02  -0.172519045E+02  -0.170239114E+02  -0.167798526E+02  -0.183651889E+02  -0.174319457E+02  -0.173868364E+02  -0.173800751E+02  -0.174117560E+02  -0.172333062E+02  -0.162153031E+02  -0.172210472E+02  -0.173668375E+02  -0.169738753E+02
   0.910028769E+06   0.142984953E+05  -0.175704397E+02  -0.174868447E+02  -0.172580017E+02  -0.170326055E+02  -0.167904994E+02  -0.183596453E+02  -0.174315054E+02  -0.173910126E+02  -0.173895538E+02  -0.174184152E+02  -0.172097836E+02  -0.161666969E+02  -0.171967323E+02  -0.173478718E+02  -0.169435776E+02
   0.920026835E+06   0.141373013E+05  -0.175642463E+02  -0.174873465E+02  -0.172635192E+02  -0.170406699E+02  -0.168004787E+02  -0.183537465E+02  -0.174306114E+02  -0.173946460E+02  -0.173983875E+02  -0.174244838E+02  -0.171862523E+02  -0.161185659E+02  -0.171724241E+02  -0.173288096E+02  -0.169134019E+02
   0.930023470E+06   0.139809542E+05  -0.175580849E+02  -0.174878185E+02  -0.172689592E+02  -0.170486332E+02  -0.168103417E+02  -0.183478772E+02  -0.174297003E+02  -0.173982196E+02  -0.174071130E+02  -0.174304706E+02  -0.171629514E+02  -0.160709344E+02  -0.171483435E+02  -0.173098214E+02  -0.168835539E+02
   0.940028759E+06   0.138271660E+05  -0.175504045E+02  -0.174876530E+02  -0.172744110E+02  -0.170569434E+02  -0.168208204E+02  -0.183405309E+02  -0.174279668E+02  -0.174015589E+02  -0.174162857E+02  -0.174365475E+02  -0.171361226E+02  -0.160168374E+02  -0.171205627E+02  -0.172870778E+02  -0.168495585E+02
   0.950005653E+06   0.136762075E+05  -0.175424017E+02  -0.174870268E+02  -0.172792987E+02  -0.170646370E+02  -0.168306425E+02  -0.183328560E+02  -0.174258015E+02  -0.174043731E+02  -0.174248258E+02  -0.174420489E+02  -0.171093237E+02  -0.159632720E+02  -0.170928294E+02  -0.172642889E+02  -0.168157249E+02
   0.960014248E+06   0.135290341E+05  -0.175345138E+02  -0.174863305E+02  -0.172839780E+02  -0.170720518E+02  -0.168401325E+02  -0.183252877E+02  -0.174236045E+02  -0.174070308E+02  -0.174330660E+02  -0.174473265E+02  -0.170831109E+02  -0.159109639E+02  -0.170657056E+02  -0.172419856E+02  -0.167826538E+02
   0.970003232E+06   0.133863591E+05  -0.175268045E+02  -0.174855930E+02  -0.172884519E+02  -0.170791776E+02  -0.168492699E+02  -0.183178883E+02  -0.174214123E+02  -0.174095449E+02  -0.174409919E+02  -0.174523803E+02  -0.170576368E+02  -0.158601921E+02  -0.170393484E+02  -0.172203016E+02  -0.167505311E+02
   0.980031479E+06   0.132442685E+05  -0.175185153E+02  -0.174842471E+02  -0.172922960E+02  -0.170856628E+02  -0.168577586E+02  -0.183099078E+02  -0.174186177E+02  -0.174114372E+02  -0.174482739E+02  -0.174568020E+02  -0.170316557E+02  -0.158090169E+02  -0.170124877E+02  -0.171980949E+02  -0.167179286E+02
   0.990017397E+06   0.131055203E+05  -0.175101735E+02  -0.174826852E+02  -0.172958020E+02  -0.170917477E+02  -0.168657998E+02  -0.183018673E+02  -0.174156411E+02  -0.174130374E+02  -0.174551369E+02  -0.174608720E+02  -0.170060380E+02  -0.157587978E+02  -0.169860112E+02  -0.171761630E+02  -0.166858453E+02
   0.100002787E+07   0.129716794E+05  -0.175020092E+02  -0.174813248E+02  -0.172995257E+02  -0.170980587E+02  -0.168740708E+02  -0.182940063E+02  -0.174128607E+02  -0.174148477E+02  -0.174622289E+02  -0.174651625E+02  -0.169806165E+02  -0.157087721E+02  -0.169597085E+02  -0.171543667E+02  -0.166540126E+02
   0.101001111E+07   0.128406758E+05  -0.174922746E+02  -0.174792116E+02  -0.173031014E+02  -0.171045300E+02  -0.168827261E+02  -0.182846146E+02  -0.174091553E+02  -0.174162771E+02  -0.174695759E+02  -0.174693760E+02  -0.169518296E+02  -0.156527195E+02  -0.169298671E+02  -0.171293831E+02  -0.166183153E+02
   0.102003870E+07   0.127103886E+05  -0.174820562E+02  -0.174765729E+02  -0.173061206E+02  -0.171104289E+02  -0.168907970E+02  -0.182747371E+02  -0.174049333E+02  -0.174171616E+02  -0.174763456E+02  -0.174730294E+02  -0.169226631E+02  -0.155964363E+02  -0.168996518E+02  -0.171039991E+02  -0.165822761E+02
   0.103001773E+07   0.125834642E+05  -0.174719725E+02  -0.174738733E+02  -0.173089328E+02  -0.171160465E+02  -0.168985306E+02  -0.182649856E+02  -0.174006912E+02  -0.174178943E+02  -0.174828116E+02  -0.174764595E+02  -0.168941205E+02  -0.155414769E+02  -0.168700873E+02  -0.170791413E+02  -0.165470382E+02
   0.104004421E+07   0.124610094E+05  -0.174626004E+02  -0.174716253E+02  -0.173120025E+02  -0.171218228E+02  -0.169063483E+02  -0.182559340E+02  -0.173969549E+02  -0.174189577E+02  -0.174894064E+02  -0.174801253E+02  -0.168669394E+02  -0.154888093E+02  -0.168419205E+02  -0.170555154E+02  -0.165133976E+02
   0.105004026E+07   0.123404570E+05  -0.174529222E+02  -0.174689605E+02  -0.173145728E+02  -0.171270577E+02  -0.169135929E+02  -0.182465713E+02  -0.173928250E+02  -0.174195528E+02  -0.174954471E+02  -0.174832824E+02  -0.168397289E+02  -0.154365082E+02  -0.168137396E+02  -0.170318048E+02  -0.164798280E+02
   0.106003788E+07   0.122210623E+05  -0.174428451E+02  -0.174658294E+02  -0.173166265E+02  -0.171317504E+02  -0.169202760E+02  -0.182368066E+02  -0.173882429E+02  -0.174196504E+02  -0.175009378E+02  -0.174859174E+02  -0.168122878E+02  -0.153842175E+02  -0.167853374E+02  -0.170078300E+02  -0.164460889E+02
   0.107003199E+07   0.121047027E+05  -0.174329829E+02  -0.174627366E+02  -0.173185868E+02  -0.171362825E+02  -0.169267480E+02  -0.182272489E+02  -0.173837360E+02  -0.174197042E+02  -0.175062477E+02  -0.174884441E+02  -0.167855031E+02  -0.153332149E+02  -0.167576160E+02  -0.169844234E+02  -0.164131662E+02
   0.108002297E+07   0.119928519E+05  -0.174237089E+02  -0.174600558E+02  -0.173208269E+02  -0.171410276E+02  -0.169333745E+02  -0.182182718E+02  -0.173796778E+02  -0.174200872E+02  -0.175117504E+02  -0.174912363E+02  -0.167597754E+02  -0.152839272E+02  -0.167309693E+02  -0.169619586E+02  -0.163814915E+02
   0.109001969E+07   0.118821477E+05  -0.174120936E+02  -0.174562130E+02  -0.173227784E+02  -0.171459327E+02  -0.169403838E+02  -0.182070113E+02  -0.173742088E+02  -0.174198442E+02  -0.175175502E+02  -0.174938440E+02  -0.167291653E+02  -0.152259322E+02  -0.166991801E+02  -0.169348046E+02  -0.163443155E+02
   0.110001686E+07   0.117724334E+05  -0.174001173E+02  -0.174519398E+02  -0.173242476E+02  -0.171503291E+02  -0.169468657E+02  -0.181953867E+02  -0.173683238E+02  -0.174191386E+02  -0.175228333E+02  -0.174959636E+02  -0.166983640E+02  -0.151679909E+02  -0.166672104E+02  -0.169074287E+02  -0.163070070E+02
   0.111002730E+07   0.116650513E+05  -0.173882800E+02  -0.174476418E+02  -0.173255700E+02  -0.171545164E+02  -0.169530941E+02  -0.181838935E+02  -0.173624484E+02  -0.174183323E+02  -0.175278885E+02  -0.174979226E+02  -0.166681019E+02  -0.151111656E+02  -0.166358047E+02  -0.168805190E+02  -0.162703761E+02
   0.112002983E+07   0.115620407E+05  -0.173772902E+02  -0.174438844E+02  -0.173272041E+02  -0.171588989E+02  -0.169594346E+02  -0.181732339E+02  -0.173571777E+02  -0.174179245E+02  -0.175331035E+02  -0.175001674E+02  -0.166394373E+02  -0.150570193E+02  -0.166060430E+02  -0.168550704E+02  -0.162356019E+02
   0.113000594E+07   0.114607795E+05  -0.173662823E+02  -0.174399860E+02  -0.173286058E+02  -0.171630022E+02  -0.169654627E+02  -0.181625505E+02  -0.173517918E+02  -0.174173188E+02  -0.175380252E+02  -0.175021693E+02  -0.166110548E+02  -0.150035878E+02  -0.165765821E+02  -0.168298492E+02  -0.162012136E+02
   0.114003668E+07   0.113596910E+05  -0.173548529E+02  -0.174356540E+02  -0.173295648E+02  -0.171666582E+02  -0.169710402E+02  -0.181514451E+02  -0.173459749E+02  -0.174162739E+02  -0.175424982E+02  -0.175037275E+02  -0.165822804E+02  -0.149498072E+02  -0.165467311E+02  -0.168042308E+02  -0.161664437E+02
   0.115002231E+07   0.112606030E+05  -0.173433791E+02  -0.174311371E+02  -0.173302342E+02  -0.171699713E+02  -0.169762367E+02  -0.181402888E+02  -0.173400024E+02  -0.174149791E+02  -0.175466121E+02  -0.175049843E+02  -0.165538049E+02  -0.148968202E+02  -0.165172003E+02  -0.167788488E+02  -0.161320912E+02
   0.116000751E+07   0.111650628E+05  -0.173325402E+02  -0.174270062E+02  -0.173311038E+02  -0.171733899E+02  -0.169814714E+02  -0.181297562E+02  -0.173344679E+02  -0.174139548E+02  -0.175508029E+02  -0.175064203E+02  -0.165265730E+02  -0.148459546E+02  -0.164889509E+02  -0.167545998E+02  -0.160991929E+02
   0.117001932E+07   0.110719053E+05  -0.173221076E+02  -0.174231141E+02  -0.173320876E+02  -0.171768592E+02  -0.169867114E+02  -0.181196222E+02  -0.173292074E+02  -0.174130920E+02  -0.175550250E+02  -0.175079564E+02  -0.165001563E+02  -0.147964935E+02  -0.164615420E+02  -0.167310914E+02  -0.160672510E+02
   0.118000841E+07   0.109796010E+05  -0.173108383E+02  -0.174186489E+02  -0.173326934E+02  -0.171800516E+02  -0.169917433E+02  -0.181086648E+02  -0.173233180E+02  -0.174117748E+02  -0.175590015E+02  -0.175091386E+02  -0.164723712E+02  -0.147448364E+02  -0.164326983E+02  -0.167064310E+02  -0.160338471E+02
   0.119002940E+07   0.108878547E+05  -0.172971974E+02  -0.174129042E+02  -0.173328289E+02  -0.171831926E+02  -0.169970101E+02  -0.180953903E+02  -0.173159182E+02  -0.174096726E+02  -0.175630552E+02  -0.175099496E+02  -0.164399388E+02  -0.146850370E+02  -0.163989484E+02  -0.166779556E+02  -0.159953246E+02
   0.120002735E+07   0.107981500E+05  -0.172837329E+02  -0.174071601E+02  -0.173328343E+02  -0.171861365E+02  -0.170020326E+02  -0.180822841E+02  -0.173085559E+02  -0.174074900E+02  -0.175668915E+02  -0.175106155E+02  -0.164081010E+02  -0.146264411E+02  -0.163658224E+02  -0.166499868E+02  -0.159575322E+02
   0.121003918E+07   0.107115724E+05  -0.172710174E+02  -0.174018959E+02  -0.173331191E+02  -0.171892574E+02  -0.170071596E+02  -0.180699144E+02  -0.173017300E+02  -0.174056631E+02  -0.175708737E+02  -0.175115378E+02  -0.163776527E+02  -0.145701676E+02  -0.163341308E+02  -0.166232725E+02  -0.159213368E+02
   0.122005036E+07   0.106267765E+05  -0.172585791E+02  -0.173967556E+02  -0.173334136E+02  -0.171923296E+02  -0.170121966E+02  -0.180578147E+02  -0.172950600E+02  -0.174038893E+02  -0.175747895E+02  -0.175124566E+02  -0.163478465E+02  -0.145150676E+02  -0.163031070E+02  -0.165971236E+02  -0.158859019E+02
   0.123004384E+07   0.105426598E+05  -0.172459005E+02  -0.173913165E+02  -0.173333658E+02  -0.171950373E+02  -0.170168534E+02  -0.180454721E+02  -0.172881035E+02  -0.174017898E+02  -0.175783340E+02  -0.175130282E+02  -0.163179391E+02  -0.144600690E+02  -0.162719917E+02  -0.165708442E+02  -0.158504108E+02
   0.124001073E+07   0.104595482E+05  -0.172330645E+02  -0.173856335E+02  -0.173330096E+02  -0.171974038E+02  -0.170211456E+02  -0.180329680E+02  -0.172809212E+02  -0.173994065E+02  -0.175815272E+02  -0.175132840E+02  -0.162880801E+02  -0.144054188E+02  -0.162409392E+02  -0.165445698E+02  -0.158150349E+02
   0.125001264E+07   0.103777665E+05  -0.172203380E+02  -0.173799455E+02  -0.173325634E+02  -0.171996365E+02  -0.170252732E+02  -0.180205682E+02  -0.172737581E+02  -0.173969655E+02  -0.175845735E+02  -0.175134399E+02  -0.162586032E+02  -0.143515471E+02  -0.162102879E+02  -0.165186201E+02  -0.157801293E+02
   0.126004863E+07   0.102984897E+05  -0.172082571E+02  -0.173746876E+02  -0.173323865E+02  -0.172020566E+02  -0.170295303E+02  -0.180088040E+02  -0.172670701E+02  -0.173948550E+02  -0.175877822E+02  -0.175138467E+02  -0.162302848E+02  -0.142995813E+02  -0.161808311E+02  -0.164937209E+02  -0.157465485E+02
   0.127001998E+07   0.102213769E+05  -0.171965417E+02  -0.173696089E+02  -0.173322502E+02  -0.172044463E+02  -0.170337068E+02  -0.179973965E+02  -0.172606003E+02  -0.173928378E+02  -0.175909391E+02  -0.175142782E+02  -0.162027751E+02  -0.142490696E+02  -0.161522141E+02  -0.164695371E+02  -0.157139201E+02
   0.128004539E+07   0.101443393E+05  -0.171845323E+02  -0.173642297E+02  -0.173318086E+02  -0.172065283E+02  -0.170375738E+02  -0.179856948E+02  -0.172538315E+02  -0.173905172E+02  -0.175937874E+02  -0.175144038E+02  -0.161749869E+02  -0.141983018E+02  -0.161233196E+02  -0.164450715E+02  -0.156810181E+02
   0.129000469E+07   0.100684487E+05  -0.171724133E+02  -0.173586423E+02  -0.173310852E+02  -0.172082910E+02  -0.170410949E+02  -0.179738789E+02  -0.172468750E+02  -0.173879427E+02  -0.175963050E+02  -0.175142392E+02  -0.161473240E+02  -0.141480016E+02  -0.160945669E+02  -0.164206818E+02  -0.156483176E+02
   0.130000877E+07   0.999341319E+04  -0.171600058E+02  -0.173528336E+02  -0.173301903E+02  -0.172099085E+02  -0.170444911E+02  -0.179617783E+02  -0.172396830E+02  -0.173851766E+02  -0.175986859E+02  -0.175139099E+02  -0.161192640E+02  -0.140971128E+02  -0.160653940E+02  -0.163959395E+02  -0.156152355E+02
   0.131002841E+07   0.992053094E+04  -0.171452556E+02  -0.173459156E+02  -0.173291004E+02  -0.172118082E+02  -0.170485217E+02  -0.179473988E+02  -0.172311204E+02  -0.173818544E+02  -0.176014973E+02  -0.175135008E+02  -0.160864474E+02  -0.140376162E+02  -0.160311387E+02  -0.163671671E+02  -0.155771248E+02
   0.132001569E+07   0.984971717E+04  -0.171310549E+02  -0.173393247E+02  -0.173281722E+02  -0.172137848E+02  -0.170525688E+02  -0.179335582E+02  -0.172229316E+02  -0.173787574E+02  -0.176043597E+02  -0.175132342E+02  -0.160546930E+02  -0.139799390E+02  -0.159979864E+02  -0.163393422E+02  -0.155402265E+02
   0.133003917E+07   0.977921212E+04  -0.171166831E+02  -0.173325296E+02  -0.173270152E+02  -0.172155199E+02  -0.170563653E+02  -0.179195450E+02  -0.172145456E+02  -0.173754409E+02  -0.176069767E+02  -0.175127357E+02  -0.160228441E+02  -0.139222803E+02  -0.159647458E+02  -0.163114056E+02  -0.155032561E+02
   0.134004287E+07   0.970934062E+04  -0.171021597E+02  -0.173255149E+02  -0.173255877E+02  -0.172169586E+02  -0.170598469E+02  -0.179053770E+02  -0.172059541E+02  -0.173718734E+02  -0.176092894E+02  -0.175119610E+02  -0.159910006E+02  -0.138648589E+02  -0.159315230E+02  -0.162834393E+02  -0.154663371E+02
   0.135002873E+07   0.964038967E+04  -0.170876312E+02  -0.173183960E+02  -0.173239826E+02  -0.172181818E+02  -0.170630861E+02  -0.178911992E+02  -0.171972794E+02  -0.173681565E+02  -0.176113751E+02  -0.175110001E+02  -0.159593802E+02  -0.138079977E+02  -0.158985415E+02  -0.162556450E+02  -0.154297081E+02
   0.136004512E+07   0.957281706E+04  -0.170734362E+02  -0.173114626E+02  -0.173224527E+02  -0.172194238E+02  -0.170663037E+02  -0.178773479E+02  -0.171888212E+02  -0.173645569E+02  -0.176134623E+02  -0.175101014E+02  -0.159284350E+02  -0.137523161E+02  -0.158662624E+02  -0.162284494E+02  -0.153938544E+02
   0.137003052E+07   0.950743502E+04  -0.170599104E+02  -0.173049630E+02  -0.173211814E+02  -0.172208344E+02  -0.170696260E+02  -0.178641546E+02  -0.171808462E+02  -0.173612831E+02  -0.176156908E+02  -0.175094409E+02  -0.158987020E+02  -0.136986487E+02  -0.158352387E+02  -0.162023444E+02  -0.153593721E+02
   0.138001151E+07   0.944295635E+04  -0.170464829E+02  -0.172984645E+02  -0.173198390E+02  -0.172221370E+02  -0.170728138E+02  -0.178510550E+02  -0.171728928E+02  -0.173579659E+02  -0.176177999E+02  -0.175087009E+02  -0.158692911E+02  -0.136456342E+02  -0.158045551E+02  -0.161765115E+02  -0.153252775E+02
   0.139004826E+07   0.937850519E+04  -0.170328006E+02  -0.172917083E+02  -0.173182367E+02  -0.172231785E+02  -0.170757397E+02  -0.178377005E+02  -0.171646823E+02  -0.173543896E+02  -0.176196476E+02  -0.175077007E+02  -0.158396324E+02  -0.135923817E+02  -0.157736240E+02  -0.161504291E+02  -0.152909370E+02
   0.140003232E+07   0.931494850E+04  -0.170190862E+02  -0.172848239E+02  -0.173164347E+02  -0.172239835E+02  -0.170784030E+02  -0.178243094E+02  -0.171563637E+02  -0.173506409E+02  -0.176212477E+02  -0.175064924E+02  -0.158101632E+02  -0.135396464E+02  -0.157429003E+02  -0.161244867E+02  -0.152568510E+02
   0.141000614E+07   0.925235063E+04  -0.170054670E+02  -0.172779317E+02  -0.173145482E+02  -0.172246648E+02  -0.170809146E+02  -0.178110086E+02  -0.171480590E+02  -0.173468372E+02  -0.176227120E+02  -0.175051907E+02  -0.157810270E+02  -0.134875950E+02  -0.157125284E+02  -0.160988240E+02  -0.152231677E+02
   0.142000605E+07   0.919123340E+04  -0.169923061E+02  -0.172713386E+02  -0.173128424E+02  -0.172254660E+02  -0.170835028E+02  -0.177981585E+02  -0.171400868E+02  -0.173432595E+02  -0.176242777E+02  -0.175040558E+02  -0.157527160E+02  -0.134369108E+02  -0.156830110E+02  -0.160739045E+02  -0.151904172E+02
   0.143001864E+07   0.913147125E+04  -0.169795451E+02  -0.172649998E+02  -0.173112826E+02  -0.172263576E+02  -0.170861417E+02  -0.177857015E+02  -0.171323995E+02  -0.173398693E+02  -0.176259169E+02  -0.175030543E+02  -0.157251409E+02  -0.133874585E+02  -0.156542561E+02  -0.160496455E+02  -0.151585009E+02
   0.144000748E+07   0.907235098E+04  -0.169667463E+02  -0.172585543E+02  -0.173095647E+02  -0.172270648E+02  -0.170885774E+02  -0.177732034E+02  -0.171246199E+02  -0.173363406E+02  -0.176273636E+02  -0.175018887E+02  -0.156976871E+02  -0.133383626E+02  -0.156256353E+02  -0.160254723E+02  -0.151267526E+02
   0.145002602E+07   0.901343795E+04  -0.169537678E+02  -0.172519067E+02  -0.173076281E+02  -0.172275449E+02  -0.170907800E+02  -0.177605245E+02  -0.171166430E+02  -0.173325997E+02  -0.176285806E+02  -0.175005025E+02  -0.156701049E+02  -0.132892141E+02  -0.155968901E+02  -0.160011592E+02  -0.150948910E+02
   0.146003033E+07   0.895516557E+04  -0.169377981E+02  -0.172435313E+02  -0.173049010E+02  -0.172277255E+02  -0.170930469E+02  -0.177449211E+02  -0.171066710E+02  -0.173276933E+02  -0.176296528E+02  -0.174984455E+02  -0.156371303E+02  -0.132307327E+02  -0.155624025E+02  -0.159720431E+02  -0.150574768E+02
   0.147003542E+07   0.889778976E+04  -0.169211364E+02  -0.172347399E+02  -0.173019627E+02  -0.172278031E+02  -0.170952915E+02  -0.177286406E+02  -0.170962247E+02  -0.173224930E+02  -0.176306562E+02  -0.174962043E+02  -0.156029697E+02  -0.131702258E+02  -0.155266452E+02  -0.159418661E+02  -0.150188839E+02
   0.148001445E+07   0.884202714E+04  -0.169050786E+02  -0.172263313E+02  -0.172992426E+02  -0.172280140E+02  -0.170976085E+02  -0.177129535E+02  -0.170862076E+02  -0.173175744E+02  -0.176317669E+02  -0.174941616E+02  -0.155699051E+02  -0.131115555E+02  -0.154920287E+02  -0.159126731E+02  -0.149815117E+02
   0.149001105E+07   0.878723081E+04  -0.168893362E+02  -0.172181057E+02  -0.172966069E+02  -0.172282584E+02  -0.170999225E+02  -0.176975753E+02  -0.170764013E+02  -0.173127782E+02  -0.176328955E+02  -0.174921915E+02  -0.155374506E+02  -0.130539391E+02  -0.154580493E+02  -0.158840232E+02  -0.149448242E+02
   0.150005004E+07   0.873259997E+04  -0.168734623E+02  -0.172097256E+02  -0.172937999E+02  -0.172283230E+02  -0.171020504E+02  -0.176820644E+02  -0.170664455E+02  -0.173078174E+02  -0.176338416E+02  -0.174900482E+02  -0.155049150E+02  -0.129963176E+02  -0.154239933E+02  -0.158552806E+02  -0.149080684E+02
   0.151002654E+07   0.867870032E+04  -0.168576128E+02  -0.172012698E+02  -0.172908425E+02  -0.172281987E+02  -0.171039619E+02  -0.176665732E+02  -0.170564349E+02  -0.173027350E+02  -0.176345871E+02  -0.174877456E+02  -0.154726269E+02  -0.129392793E+02  -0.153902052E+02  -0.158267348E+02  -0.148716165E+02
   0.152000310E+07   0.862531444E+04  -0.168417666E+02  -0.171927468E+02  -0.172877656E+02  -0.172279278E+02  -0.171057073E+02  -0.176510818E+02  -0.170463720E+02  -0.172975532E+02  -0.176351776E+02  -0.174853172E+02  -0.154404988E+02  -0.128826369E+02  -0.153565913E+02  -0.157983132E+02  -0.148353643E+02
   0.153000856E+07   0.857254686E+04  -0.168260409E+02  -0.171842593E+02  -0.172846611E+02  -0.172275969E+02  -0.171073694E+02  -0.176357067E+02  -0.170363624E+02  -0.172923683E+02  -0.176356982E+02  -0.174828537E+02  -0.154086796E+02  -0.128265874E+02  -0.153233036E+02  -0.157701577E+02  -0.147994689E+02
   0.154000718E+07   0.852105624E+04  -0.168107987E+02  -0.171760803E+02  -0.172817348E+02  -0.172273771E+02  -0.171090943E+02  -0.176208068E+02  -0.170266982E+02  -0.172874120E+02  -0.176363092E+02  -0.174805530E+02  -0.153777335E+02  -0.127719974E+02  -0.152909245E+02  -0.157427866E+02  -0.147645451E+02
   0.155003226E+07   0.847038613E+04  -0.167958278E+02  -0.171680601E+02  -0.172788835E+02  -0.172271891E+02  -0.171108201E+02  -0.176061726E+02  -0.170172163E+02  -0.172825630E+02  -0.176369389E+02  -0.174783173E+02  -0.153473090E+02  -0.127183056E+02  -0.152590898E+02  -0.157158801E+02  -0.147302063E+02
   0.156005545E+07   0.842012282E+04  -0.167808276E+02  -0.171599547E+02  -0.172759057E+02  -0.172268532E+02  -0.171123826E+02  -0.175915065E+02  -0.170076611E+02  -0.172776035E+02  -0.176374140E+02  -0.174759500E+02  -0.153169792E+02  -0.126648954E+02  -0.152273612E+02  -0.156890401E+02  -0.146959937E+02
   0.157003957E+07   0.837043475E+04  -0.167658373E+02  -0.171517803E+02  -0.172728002E+02  -0.172263594E+02  -0.171137654E+02  -0.175768464E+02  -0.169980535E+02  -0.172725389E+02  -0.176377220E+02  -0.174734481E+02  -0.152868347E+02  -0.126119347E+02  -0.151958339E+02  -0.156623455E+02  -0.146620108E+02
   0.158003438E+07   0.832117593E+04  -0.167508481E+02  -0.171435481E+02  -0.172695930E+02  -0.172257413E+02  -0.171150078E+02  -0.175621846E+02  -0.169884004E+02  -0.172673897E+02  -0.176378988E+02  -0.174708393E+02  -0.152568222E+02  -0.125593030E+02  -0.151644506E+02  -0.156357530E+02  -0.146281931E+02
   0.159000061E+07   0.827265982E+04  -0.167360018E+02  -0.171353570E+02  -0.172663511E+02  -0.172250496E+02  -0.171161485E+02  -0.175476607E+02  -0.169788099E+02  -0.172622350E+02  -0.176379899E+02  -0.174681868E+02  -0.152271793E+02  -0.125073819E+02  -0.151334574E+02  -0.156094785E+02  -0.145948022E+02
   0.160002915E+07   0.822483658E+04  -0.167214245E+02  -0.171273398E+02  -0.172632125E+02  -0.172244246E+02  -0.171173298E+02  -0.175334012E+02  -0.169694132E+02  -0.172572109E+02  -0.176381366E+02  -0.174656292E+02  -0.151980165E+02  -0.124562592E+02  -0.151029637E+02  -0.155836361E+02  -0.145619451E+02
   0.161003530E+07   0.817808097E+04  -0.167072318E+02  -0.171195607E+02  -0.172602032E+02  -0.172238729E+02  -0.171185439E+02  -0.175195193E+02  -0.169602855E+02  -0.172523582E+02  -0.176383393E+02  -0.174631878E+02  -0.151695640E+02  -0.124063370E+02  -0.150732100E+02  -0.155584299E+02  -0.145298808E+02
   0.162000885E+07   0.813196451E+04  -0.166931384E+02  -0.171117933E+02  -0.172571402E+02  -0.172232339E+02  -0.171196467E+02  -0.175057324E+02  -0.169511878E+02  -0.172474771E+02  -0.176384445E+02  -0.174606851E+02  -0.151414057E+02  -0.123570025E+02  -0.150437683E+02  -0.155334735E+02  -0.144981600E+02
   0.163002532E+07   0.808602091E+04  -0.166789584E+02  -0.171039155E+02  -0.172539493E+02  -0.172224579E+02  -0.171206059E+02  -0.174918577E+02  -0.169419848E+02  -0.172424748E+02  -0.176384098E+02  -0.174580523E+02  -0.151132136E+02  -0.123077135E+02  -0.150142975E+02  -0.155084711E+02  -0.144664187E+02
   0.164004522E+07   0.804054251E+04  -0.166648137E+02  -0.170960093E+02  -0.172506825E+02  -0.172215815E+02  -0.171214472E+02  -0.174780153E+02  -0.169327668E+02  -0.172374149E+02  -0.176382673E+02  -0.174553380E+02  -0.150851986E+02  -0.122588153E+02  -0.149850169E+02  -0.154836137E+02  -0.144348905E+02
   0.165002231E+07   0.799575024E+04  -0.166503491E+02  -0.170878706E+02  -0.172472473E+02  -0.172205720E+02  -0.171221833E+02  -0.174638582E+02  -0.169232977E+02  -0.172321595E+02  -0.176380033E+02  -0.174524650E+02  -0.150567410E+02  -0.122092255E+02  -0.149552598E+02  -0.154583481E+02  -0.144030029E+02
   0.166000131E+07   0.795163537E+04  -0.166319712E+02  -0.170774287E+02  -0.172426983E+02  -0.172190824E+02  -0.171229190E+02  -0.174458760E+02  -0.169111853E+02  -0.172253085E+02  -0.176374618E+02  -0.174486396E+02  -0.150214625E+02  -0.121478354E+02  -0.149182043E+02  -0.154269848E+02  -0.143646307E+02
   0.167000152E+07   0.790835507E+04  -0.166140221E+02  -0.170672653E+02  -0.172383165E+02  -0.172177020E+02  -0.171237217E+02  -0.174283150E+02  -0.168993832E+02  -0.172186681E+02  -0.176370117E+02  -0.174449677E+02  -0.149869324E+02  -0.120876878E+02  -0.148819310E+02  -0.153962959E+02  -0.143270654E+02
   0.168003693E+07   0.786560028E+04  -0.165962801E+02  -0.170572146E+02  -0.172339771E+02  -0.172163276E+02  -0.171245040E+02  -0.174109565E+02  -0.168877136E+02  -0.172120976E+02  -0.176365562E+02  -0.174413296E+02  -0.149528109E+02  -0.120282597E+02  -0.148460872E+02  -0.153659688E+02  -0.142899454E+02
   0.169003886E+07   0.782340652E+04  -0.165786568E+02  -0.170471818E+02  -0.172295806E+02  -0.172148572E+02  -0.171251619E+02  -0.173937117E+02  -0.168760831E+02  -0.172054993E+02  -0.176359926E+02  -0.174376251E+02  -0.149190230E+02  -0.119694973E+02  -0.148105998E+02  -0.153359257E+02  -0.142531985E+02
   0.170002005E+07   0.778174393E+04  -0.165611533E+02  -0.170371730E+02  -0.172251373E+02  -0.172133031E+02  -0.171257093E+02  -0.173765818E+02  -0.168644968E+02  -0.171988818E+02  -0.176353339E+02  -0.174338652E+02  -0.148855583E+02  -0.119113725E+02  -0.147754570E+02  -0.153061585E+02  -0.142168120E+02
   0.171001187E+07   0.774050178E+04  -0.165437528E+02  -0.170271917E+02  -0.172206652E+02  -0.172116912E+02  -0.171261777E+02  -0.173595513E+02  -0.168529538E+02  -0.171922576E+02  -0.176346084E+02  -0.174300696E+02  -0.148523578E+02  -0.118537608E+02  -0.147405952E+02  -0.152766182E+02  -0.141807192E+02
   0.172004132E+07   0.769955801E+04  -0.165264202E+02  -0.170172246E+02  -0.172161675E+02  -0.172100328E+02  -0.171265847E+02  -0.173425859E+02  -0.168414364E+02  -0.171856232E+02  -0.176338300E+02  -0.174262434E+02  -0.148193394E+02  -0.117965078E+02  -0.147059276E+02  -0.152472336E+02  -0.141448294E+02
   0.173000857E+07   0.765958308E+04  -0.165095264E+02  -0.170075221E+02  -0.172118049E+02  -0.172084424E+02  -0.171270107E+02  -0.173260506E+02  -0.168302202E+02  -0.171791746E+02  -0.176330988E+02  -0.174225365E+02  -0.147871310E+02  -0.117406382E+02  -0.146721090E+02  -0.152185730E+02  -0.141098176E+02
   0.174004717E+07   0.762021326E+04  -0.164929490E+02  -0.169980270E+02  -0.172075689E+02  -0.172069368E+02  -0.171274909E+02  -0.173098263E+02  -0.168192344E+02  -0.171728842E+02  -0.176324393E+02  -0.174189463E+02  -0.147554708E+02  -0.116856751E+02  -0.146388630E+02  -0.151904069E+02  -0.140753964E+02
   0.175000762E+07   0.758173796E+04  -0.164767060E+02  -0.169887054E+02  -0.172033870E+02  -0.172054231E+02  -0.171279179E+02  -0.172939284E+02  -0.168084559E+02  -0.171666944E+02  -0.176317525E+02  -0.174153955E+02  -0.147244877E+02  -0.116319184E+02  -0.146063302E+02  -0.151628385E+02  -0.140417150E+02
   0.176001906E+07   0.754344751E+04  -0.164604511E+02  -0.169793387E+02  -0.171991352E+02  -0.172038267E+02  -0.171282530E+02  -0.172780169E+02  -0.167976394E+02  -0.171604445E+02  -0.176309791E+02  -0.174117717E+02  -0.146935636E+02  -0.115783302E+02  -0.145738636E+02  -0.151353126E+02  -0.140081056E+02
   0.177002307E+07   0.750563961E+04  -0.164443482E+02  -0.169700372E+02  -0.171948842E+02  -0.172021976E+02  -0.171285310E+02  -0.172622532E+02  -0.167869063E+02  -0.171542205E+02  -0.176301626E+02  -0.174081409E+02  -0.146629763E+02  -0.115253644E+02  -0.145417535E+02  -0.151080808E+02  -0.139748668E+02
   0.178003222E+07   0.746833773E+04  -0.164284166E+02  -0.169608159E+02  -0.171906458E+02  -0.172005460E+02  -0.171287610E+02  -0.172466560E+02  -0.167762725E+02  -0.171480355E+02  -0.176293127E+02  -0.174045142E+02  -0.146327541E+02  -0.114730632E+02  -0.145100287E+02  -0.150811691E+02  -0.139420286E+02
   0.179000956E+07   0.743162777E+04  -0.164126830E+02  -0.169516862E+02  -0.171864199E+02  -0.171988659E+02  -0.171289326E+02  -0.172312517E+02  -0.167657528E+02  -0.171418939E+02  -0.176284215E+02  -0.174008905E+02  -0.146029567E+02  -0.114215372E+02  -0.144787527E+02  -0.150546298E+02  -0.139096568E+02
   0.180002910E+07   0.739541116E+04  -0.163971890E+02  -0.169427073E+02  -0.171822789E+02  -0.171972366E+02  -0.171291301E+02  -0.172160826E+02  -0.167554026E+02  -0.171358631E+02  -0.176275706E+02  -0.173973436E+02  -0.145735880E+02  -0.113707319E+02  -0.144479252E+02  -0.150284753E+02  -0.138777482E+02
   0.181000385E+07   0.736018356E+04  -0.163821872E+02  -0.169340427E+02  -0.171783201E+02  -0.171957207E+02  -0.171293912E+02  -0.172013967E+02  -0.167454040E+02  -0.171300659E+02  -0.176268118E+02  -0.173939625E+02  -0.145450903E+02  -0.113213829E+02  -0.144180085E+02  -0.150031040E+02  -0.138467800E+02
   0.182000954E+07   0.732545715E+04  -0.163673704E+02  -0.169254730E+02  -0.171743892E+02  -0.171941981E+02  -0.171296203E+02  -0.171868914E+02  -0.167355194E+02  -0.171243229E+02  -0.176260356E+02  -0.173906013E+02  -0.145169697E+02  -0.112727078E+02  -0.143884891E+02  -0.149780654E+02  -0.138162240E+02
   0.183001371E+07   0.729113432E+04  -0.163526624E+02  -0.169169394E+02  -0.171704406E+02  -0.171926297E+02  -0.171297832E+02  -0.171724913E+02  -0.167256862E+02  -0.171185832E+02  -0.176252049E+02  -0.173872156E+02  -0.144891125E+02  -0.112245349E+02  -0.143592493E+02  -0.149532543E+02  -0.137859597E+02
   0.184000877E+07   0.725737438E+04  -0.163381722E+02  -0.169085223E+02  -0.171665333E+02  -0.171910636E+02  -0.171299200E+02  -0.171583038E+02  -0.167159908E+02  -0.171129141E+02  -0.176243643E+02  -0.173838620E+02  -0.144616886E+02  -0.111771285E+02  -0.143304656E+02  -0.149288266E+02  -0.137561683E+02
   0.185001978E+07   0.722416004E+04  -0.163239029E+02  -0.169002280E+02  -0.171626758E+02  -0.171895096E+02  -0.171300413E+02  -0.171443324E+02  -0.167064389E+02  -0.171073234E+02  -0.176235241E+02  -0.173805494E+02  -0.144346947E+02  -0.111304750E+02  -0.143021339E+02  -0.149047805E+02  -0.137268450E+02
   0.186004346E+07   0.719137462E+04  -0.163097997E+02  -0.168920227E+02  -0.171588501E+02  -0.171879574E+02  -0.171301429E+02  -0.171305232E+02  -0.166969921E+02  -0.171017868E+02  -0.176226767E+02  -0.173772614E+02  -0.144080313E+02  -0.110844059E+02  -0.142741498E+02  -0.148810268E+02  -0.136978824E+02
   0.187003107E+07   0.715932243E+04  -0.162960087E+02  -0.168839977E+02  -0.171551067E+02  -0.171864369E+02  -0.171302391E+02  -0.171170198E+02  -0.166877535E+02  -0.170963708E+02  -0.176218449E+02  -0.173740438E+02  -0.143819609E+02  -0.110393639E+02  -0.142467884E+02  -0.148578011E+02  -0.136695642E+02
   0.188001104E+07   0.712804630E+04  -0.162826161E+02  -0.168762315E+02  -0.171515184E+02  -0.171850175E+02  -0.171303974E+02  -0.171039077E+02  -0.166788030E+02  -0.170911504E+02  -0.176210978E+02  -0.173709685E+02  -0.143565863E+02  -0.109954769E+02  -0.142201540E+02  -0.148352022E+02  -0.136419962E+02
   0.189003162E+07   0.709732711E+04  -0.162694759E+02  -0.168686174E+02  -0.171480079E+02  -0.171836374E+02  -0.171305668E+02  -0.170910430E+02  -0.166700257E+02  -0.170860368E+02  -0.176203779E+02  -0.173679618E+02  -0.143316774E+02  -0.109523853E+02  -0.141940078E+02  -0.148130196E+02  -0.136149330E+02
   0.190003139E+07   0.706712638E+04  -0.162565147E+02  -0.168610891E+02  -0.171445139E+02  -0.171822378E+02  -0.171306906E+02  -0.170783527E+02  -0.166613539E+02  -0.170809668E+02  -0.176196274E+02  -0.173649632E+02  -0.143071462E+02  -0.109099783E+02  -0.141682600E+02  -0.147911687E+02  -0.135882837E+02
   0.191002987E+07   0.703748981E+04  -0.162437746E+02  -0.168536805E+02  -0.171410642E+02  -0.171808433E+02  -0.171307910E+02  -0.170658784E+02  -0.166528230E+02  -0.170759706E+02  -0.176188699E+02  -0.173619996E+02  -0.142830522E+02  -0.108683424E+02  -0.141429723E+02  -0.147697050E+02  -0.135621113E+02
   0.192002095E+07   0.700853211E+04  -0.162313657E+02  -0.168464808E+02  -0.171377328E+02  -0.171795201E+02  -0.171309285E+02  -0.170537292E+02  -0.166445269E+02  -0.170711280E+02  -0.176181690E+02  -0.173591432E+02  -0.142595494E+02  -0.108276996E+02  -0.141183031E+02  -0.147487722E+02  -0.135365778E+02
   0.193003966E+07   0.698011912E+04  -0.162158534E+02  -0.168373584E+02  -0.171333314E+02  -0.171776062E+02  -0.171308341E+02  -0.170385443E+02  -0.166340603E+02  -0.170648700E+02  -0.176170309E+02  -0.173553536E+02  -0.142309388E+02  -0.107783262E+02  -0.140881544E+02  -0.147233568E+02  -0.135062300E+02
   0.194002877E+07   0.695230066E+04  -0.161992396E+02  -0.168275378E+02  -0.171285220E+02  -0.171754495E+02  -0.171306211E+02  -0.170222814E+02  -0.166228109E+02  -0.170580858E+02  -0.176157031E+02  -0.173512046E+02  -0.142005708E+02  -0.107259721E+02  -0.140561150E+02  -0.146964002E+02  -0.134742686E+02
   0.195000010E+07   0.692514279E+04  -0.161830375E+02  -0.168179677E+02  -0.171238441E+02  -0.171733613E+02  -0.171304305E+02  -0.170064220E+02  -0.166118460E+02  -0.170514800E+02  -0.176144242E+02  -0.173471714E+02  -0.141709412E+02  -0.106748786E+02  -0.140248538E+02  -0.146701009E+02  -0.134430834E+02
   0.196000219E+07   0.689857428E+04  -0.161672109E+02  -0.168086292E+02  -0.171192916E+02  -0.171713424E+02  -0.171302679E+02  -0.169909307E+02  -0.166011430E+02  -0.170450414E+02  -0.176131970E+02  -0.173432497E+02  -0.141419785E+02  -0.106249177E+02  -0.139942949E+02  -0.146443964E+02  -0.134125989E+02
   0.197000369E+07   0.687254801E+04  -0.161516819E+02  -0.167994558E+02  -0.171148066E+02  -0.171693392E+02  -0.171300832E+02  -0.169757301E+02  -0.165906329E+02  -0.170387088E+02  -0.176119693E+02  -0.173393825E+02  -0.141135815E+02  -0.105759511E+02  -0.139643342E+02  -0.146191909E+02  -0.133827110E+02
   0.198001221E+07   0.684700705E+04  -0.161364108E+02  -0.167904218E+02  -0.171103735E+02  -0.171673417E+02  -0.171298703E+02  -0.169607813E+02  -0.165802871E+02  -0.170324626E+02  -0.176107328E+02  -0.173355557E+02  -0.140856823E+02  -0.105278658E+02  -0.139349005E+02  -0.145944238E+02  -0.133533488E+02
