3397.119	1.2780946541175122e-14	
3400.483	1.3173656045265566e-14	
3403.846	 1.350093814246007e-14	
3407.210	1.2815801900774178e-14	
3410.573	1.3551592531572381e-14	
3413.937	 1.276013774813832e-14	
3417.300	  1.19229124335029e-14	
3420.664	1.2212681970736333e-14	
3424.027	1.2707025461371453e-14	
3427.391	1.2751474628221659e-14	
3430.755	 1.289460890486031e-14	
3434.118	1.2867428852901442e-14	
3437.482	 1.286712477449818e-14	
3440.845	1.2878240316168174e-14	
3444.209	1.3277388135154917e-14	
3447.572	1.3235548073154764e-14	
3450.936	 1.315626512481483e-14	
3454.299	1.3244772444425623e-14	
3457.663	1.2495589868096923e-14	
3461.026	1.1932477311117653e-14	
3464.390	1.2285485759017355e-14	
3467.753	1.2375992047004787e-14	
3471.117	 1.261805292601483e-14	
3474.481	1.2784305380277164e-14	
3477.844	 1.304321108883782e-14	
3481.208	1.2746757461998094e-14	
3484.571	1.2248517768250714e-14	
3487.935	 1.295959129999047e-14	
3491.298	1.2538397458968068e-14	
3494.662	1.2503422657239509e-14	
3498.025	1.2761321014054932e-14	
3501.389	1.2569071111273919e-14	
3504.752	1.2832264000717172e-14	
3508.116	1.2617262927220281e-14	
3511.479	1.2122233073681014e-14	
3514.843	1.1665927775789425e-14	
3518.207	1.1434669571889543e-14	
3521.570	1.1695960750394189e-14	
3524.934	1.1491749948627706e-14	
3528.297	1.1884566494271032e-14	
3531.661	1.1742302897018918e-14	
3535.024	1.1663585643502622e-14	
3538.388	1.2386489610957343e-14	
3541.751	1.2294183373930911e-14	
3545.115	1.1516220444254347e-14	
3548.478	1.1917388099317643e-14	
3551.842	1.2097070631440469e-14	
3555.205	1.1862847588900378e-14	
3558.569	1.1699452568780783e-14	
3561.933	1.1889595856429034e-14	
3565.296	1.2259147187829713e-14	
3568.660	1.1776957057414578e-14	
3572.023	 1.131502028585644e-14	
3575.387	 1.107833236824036e-14	
3578.750	1.1397383364066605e-14	
3582.114	1.1483524165662655e-14	
3585.477	1.1302590624250407e-14	
3588.841	1.1247511472268891e-14	
3592.204	1.1245061128284788e-14	
3595.568	1.1682727735571543e-14	
3598.931	1.2042281577177076e-14	
3602.295	1.2113619430610662e-14	
3605.659	1.2200857871885541e-14	
3609.022	1.1882369867575359e-14	
3612.386	 1.196747181241146e-14	
3615.749	1.1733908367672685e-14	
3619.113	 1.188302421309153e-14	
3622.476	1.1854089059386336e-14	
3625.840	1.1541250333841493e-14	
3629.203	1.1608198831504252e-14	
3632.567	1.1478048759016434e-14	
3635.930	1.1472101316874526e-14	
3639.294	1.1698963030524088e-14	
3642.658	1.1652080188721263e-14	
3646.021	1.1450725213044752e-14	
3649.385	1.1577256948255752e-14	
3652.748	1.1726178260157046e-14	
3656.112	1.1691998265753543e-14	
3659.475	 1.161574612405768e-14	
3662.839	1.1303461312402326e-14	
3666.202	1.1399977543611489e-14	
3669.566	1.1454932099455937e-14	
3672.929	1.1860434021688552e-14	
3676.293	 1.169553860888101e-14	
3679.656	1.1834817442135955e-14	
3683.020	1.1621168646329159e-14	
3686.384	1.1554094696860614e-14	
3689.747	1.1589103248722728e-14	
3693.111	1.1754896433349512e-14	
3696.474	1.1584557492479967e-14	
3699.838	1.1119849618106725e-14	
3703.201	1.1124594669797157e-14	
3706.565	1.1255542731858656e-14	
3709.928	1.1508014990065047e-14	
3713.292	 1.169018601554521e-14	
3716.655	  1.15623643481828e-14	
3720.019	1.1507589759123517e-14	
3723.382	 1.168815587999557e-14	
3726.746	1.1673092813669922e-14	
3730.110	1.1450104877795157e-14	
3733.473	1.1412519634691057e-14	
3736.837	1.1408886632345789e-14	
3740.200	1.1238709644436858e-14	
3743.564	1.1039652900520907e-14	
3746.927	1.1053533696514567e-14	
3750.291	1.0927328723924282e-14	
3753.654	1.0730755914239596e-14	
3757.018	1.0878829220815519e-14	
3760.381	 1.120442295739031e-14	
3763.745	1.1028050464872588e-14	
3767.108	1.0902034732792972e-14	
3770.472	 1.076145527845999e-14	
3773.836	 1.090934808184344e-14	
3777.199	1.0931982037419185e-14	
3780.563	1.1010148020596821e-14	
3783.926	1.0944092019939878e-14	
3787.290	1.1115274805382735e-14	
3790.653	1.1327808434577007e-14	
3794.017	1.1365931700221493e-14	
3797.380	1.1583690818834213e-14	
3800.744	1.1712052331979659e-14	
3804.107	1.1536996723284549e-14	
3807.471	1.1399312773298369e-14	
3810.834	1.1404666272829461e-14	
3814.198	1.1355770828877263e-14	
3817.562	1.1466161701419067e-14	
3820.925	 1.153279770997426e-14	
3824.289	1.1417656231159137e-14	
3827.652	 1.148300692980557e-14	
3831.016	1.1620035926494449e-14	
3834.379	1.1839492855362296e-14	
3837.743	1.1775999477744415e-14	
3841.106	1.1684901778191012e-14	
3844.470	1.1782059413748548e-14	
3847.833	 1.179291633392262e-14	
3851.197	1.1648977096827202e-14	
3854.560	1.1686855169244778e-14	
3857.924	1.1736381343602118e-14	
3861.288	 1.189254912097165e-14	
3864.651	1.2025853445162975e-14	
3868.015	1.1830214756279286e-14	
3871.378	1.1719386742865617e-14	
3874.742	1.1756110990282982e-14	
3878.105	1.1707084761180597e-14	
3881.469	1.1620611685713144e-14	
3884.832	1.1777385403144872e-14	
3888.196	 1.166172953062397e-14	
3891.559	 1.161071736449977e-14	
3894.923	 1.165102440575463e-14	
3898.287	1.1706158148721074e-14	
3901.650	1.1538199204520979e-14	
3905.014	1.1561122082021259e-14	
3908.377	 1.159830758624812e-14	
3911.741	1.1462153214147396e-14	
3915.104	1.1395990095336149e-14	
3918.468	1.1439998934698728e-14	
3921.831	1.1529986352618808e-14	
3925.195	1.1446863808198875e-14	
3928.558	1.1401992755569315e-14	
3931.922	1.1367573632492518e-14	
3935.285	1.1202005584358339e-14	
3938.649	1.1234363501107578e-14	
3942.013	1.1392050860180972e-14	
3945.376	1.1367318026129747e-14	
3948.740	1.1113338002318585e-14	
3952.103	1.0775689718225998e-14	
3955.467	1.0763935231247847e-14	
3958.830	1.0989767147991573e-14	
3962.194	1.1143199093445426e-14	
3965.557	1.1110146438196645e-14	
3968.921	 1.110798046104497e-14	
3972.284	1.1246689318558324e-14	
3975.648	1.1086403337887665e-14	
3979.011	1.1096253301139212e-14	
3982.375	1.0970361478773915e-14	
3985.739	 1.075447144464846e-14	
3989.102	1.0533825999034337e-14	
3992.466	1.0679609800266267e-14	
3995.829	  1.08654618242549e-14	
3999.193	1.1188315085783909e-14	
4002.556	 1.119832703126648e-14	
4005.920	1.1182434854916694e-14	
4009.283	1.1295238366425203e-14	
4012.647	1.1216411899249172e-14	
4016.010	1.1226782516923097e-14	
4019.374	1.1257317945264865e-14	
4022.737	1.1297478144258884e-14	
4026.101	1.1363221577548907e-14	
4029.465	1.1400199263084518e-14	
4032.828	1.1430342166761579e-14	
4036.192	1.1369313744851422e-14	
4039.555	1.1371924455206293e-14	
4042.919	1.1468869626286515e-14	
4046.282	1.1330415320028871e-14	
4049.646	1.1308961943174282e-14	
4053.009	1.1259671600857933e-14	
4056.373	1.1267967781435576e-14	
4059.736	1.1228191424991748e-14	
4063.100	1.1124984751016751e-14	
4066.463	1.1090642921044465e-14	
4069.827	1.0956260559810993e-14	
4073.191	1.0982308894541618e-14	
4076.554	1.1088190254337439e-14	
4079.918	1.1143318171954224e-14	
4083.281	1.0935131865501302e-14	
4086.645	1.0978938005489426e-14	
4090.008	1.1014952613860165e-14	
4093.372	1.0956665022323472e-14	
4096.735	1.0818934262658628e-14	
4100.099	1.0805675601830016e-14	
4103.462	1.0809261539967204e-14	
4106.826	1.0664660748462866e-14	
4110.189	1.0459514154116146e-14	
4113.553	1.0373167181795653e-14	
4116.917	1.0456330641847069e-14	
4120.280	1.0364413976151244e-14	
4123.644	1.0321078694153508e-14	
4127.007	1.0310251042761586e-14	
4130.371	1.0270550783217794e-14	
4133.734	1.0081851429547673e-14	
4137.098	1.0032319731248016e-14	
4140.461	 9.852463285003425e-15	
4143.825	 9.843018140486074e-15	
4147.188	 9.883197148950356e-15	
4150.552	 9.869094023692458e-15	
4153.916	 9.775123968839186e-15	
4157.279	 9.723825151831537e-15	
4160.643	 9.819625891925914e-15	
4164.006	 9.759423046390741e-15	
4167.370	 9.772873766614778e-15	
4170.733	 9.716096723332894e-15	
4174.097	 9.669852105654034e-15	
4177.460	 9.559558497639963e-15	
4180.824	  9.52460482008236e-15	
4184.187	 9.500705092703478e-15	
4187.551	 9.441809970254158e-15	
4190.914	 9.304899254958004e-15	
4194.278	 9.327248071106439e-15	
4197.642	   9.4135339209286e-15	
4201.005	 9.475636671360792e-15	
4204.369	 9.449900087400611e-15	
4207.732	 9.404067689670394e-15	
4211.096	 9.414250067212413e-15	
4214.459	 9.487285597173993e-15	
4217.823	 9.565456799392873e-15	
4221.186	 9.634510745629022e-15	
4224.550	 9.691893492716615e-15	
4227.913	 9.760794437753371e-15	
4231.277	  9.74858515050614e-15	
4234.640	 9.790131618519788e-15	
4238.004	  9.75877756985363e-15	
4241.368	 9.809771443960654e-15	
4244.731	  9.87942706531932e-15	
4248.095	 9.892984478268963e-15	
4251.458	 9.907221587338468e-15	
4254.822	 9.945687186222992e-15	
4258.185	1.0002173437084512e-14	
4261.549	 9.893102385043234e-15	
4264.912	 9.832449100374513e-15	
4268.276	 9.964977788417052e-15	
4271.639	  9.92373833350642e-15	
4275.003	 9.990363019130478e-15	
4278.366	  9.99230714751252e-15	
4281.730	1.0057809465890653e-14	
4285.094	1.0141405099682866e-14	
4288.457	1.0095094356136668e-14	
4291.821	 1.002973493649904e-14	
4295.184	 9.988039241116557e-15	
4298.548	 9.955467664030817e-15	
4301.911	 9.931883174757119e-15	
4305.275	 9.965032793583524e-15	
4308.638	 9.941147572710343e-15	
4312.002	 9.952030581894527e-15	
4315.365	 9.943313742012559e-15	
4318.729	 9.996326200440215e-15	
4322.092	1.0026409183787651e-14	
4325.456	 9.937612486016023e-15	
4328.820	 9.863145770204667e-15	
4332.183	 9.961953921328847e-15	
4335.547	 9.910088683496527e-15	
4338.910	  9.88560735331751e-15	
4342.274	 9.941909628401181e-15	
4345.637	 9.855440088087816e-15	
4349.001	 9.824548910511672e-15	
4352.364	  9.85751281058752e-15	
4355.728	  9.87437064103424e-15	
4359.091	 9.907649486229605e-15	
4362.455	 9.940541677936993e-15	
4365.818	 9.976230209601105e-15	
4369.182	 9.974669805528141e-15	
4372.546	  9.99966236730583e-15	
4375.909	1.0130505997210618e-14	
4379.273	1.0127277031522454e-14	
4382.636	 9.969317415320052e-15	
4386.000	 9.966930633188848e-15	
4389.363	1.0092520097346583e-14	
4392.727	1.0101801166948814e-14	
4396.090	  9.96639180683816e-15	
4399.454	 9.940131472972852e-15	
4402.817	 9.978869718025057e-15	
4406.181	  9.99703890210531e-15	
4409.545	 9.952754217604446e-15	
4412.908	1.0025228129906627e-14	
4416.272	1.0069711095592738e-14	
4419.635	 9.985840418427252e-15	
4422.999	   9.8900598227622e-15	
4426.362	 9.858162266846912e-15	
4429.726	  9.89585070330044e-15	
4433.089	 9.832640195887135e-15	
4436.453	 9.660546898284378e-15	
4439.816	  9.66644493131106e-15	
4443.180	 9.590020037861511e-15	
4446.543	 9.476084804488756e-15	
4449.907	  9.41148595916834e-15	
4453.271	  9.49856388230982e-15	
4456.634	 9.569711430159453e-15	
4459.998	 9.516963875177347e-15	
4463.361	 9.513493388812827e-15	
4466.725	   9.5819519832166e-15	
4470.088	 9.578910571014738e-15	
4473.452	 9.576608008615463e-15	
4476.815	 9.604360428521953e-15	
4480.179	 9.595808060105624e-15	
4483.542	 9.504158716540136e-15	
4486.906	 9.461133153292651e-15	
4490.269	 9.462479259673976e-15	
4493.633	 9.416269236576997e-15	
4496.997	 9.331446941180126e-15	
4500.360	  9.35770108614336e-15	
4503.724	 9.359514832208187e-15	
4507.087	 9.341360873524732e-15	
4510.451	  9.31534536500587e-15	
4513.814	 9.272512644906448e-15	
4517.178	 9.308621569637898e-15	
4520.541	 9.327408937160793e-15	
4523.905	   9.2557685370743e-15	
4527.268	 9.213965101648488e-15	
4530.632	 9.198067751150903e-15	
4533.995	 9.166578308466318e-15	
4537.359	 9.175056354791425e-15	
4540.723	 9.131685009778485e-15	
4544.086	 9.082916245990753e-15	
4547.450	 8.987381435301126e-15	
4550.813	 8.956141326250002e-15	
4554.177	 8.949732384740933e-15	
4557.540	 8.925203714232592e-15	
4560.904	 8.961246801645002e-15	
4564.267	 8.939836944672991e-15	
4567.631	  8.82840097576947e-15	
4570.994	 8.739582327159273e-15	
4574.358	 8.797122661265838e-15	
4577.721	 8.743301760829244e-15	
4581.085	 8.731819943808893e-15	
4584.449	 8.722361014361661e-15	
4587.812	 8.632201820242139e-15	
4591.176	 8.658829119610014e-15	
4594.539	 8.579980916963782e-15	
4597.903	   8.5470072659511e-15	
4601.266	 8.490310341341237e-15	
4604.630	 8.359805934859087e-15	
4607.993	  8.29993339059841e-15	
4611.357	 8.327322773827806e-15	
4614.720	 8.271369859415083e-15	
4618.084	 8.100504543189654e-15	
4621.447	 8.087716061373386e-15	
4624.811	 8.091209068246626e-15	
4628.175	 8.022029276490578e-15	
4631.538	 7.947467991044932e-15	
4634.902	 7.861822078418284e-15	
4638.265	 7.726467986603153e-15	
4641.629	 7.719007541483287e-15	
4644.992	 7.733320867933007e-15	
4648.356	 7.708167513600056e-15	
4651.719	 7.611245222421928e-15	
4655.083	 7.598016698625589e-15	
4658.446	 7.599129041451085e-15	
4661.810	 7.587887972990915e-15	
4665.174	  7.50658432810703e-15	
4668.537	  7.45216267966603e-15	
4671.901	 7.433891243318469e-15	
4675.264	 7.330157905008107e-15	
4678.628	 7.272591677325708e-15	
4681.991	 7.305155710794847e-15	
4685.355	 7.204173910729691e-15	
4688.718	 7.187298619540406e-15	
4692.082	 7.210653945992175e-15	
4695.445	 7.195570234852567e-15	
4698.809	 7.237653493036479e-15	
4702.172	 7.336057365871806e-15	
4705.536	 7.394725424610679e-15	
4708.900	 7.438977965529521e-15	
4712.263	 7.490414772782039e-15	
4715.627	 7.585829596507969e-15	
4718.990	  7.64975659012936e-15	
4722.354	  7.69803875562878e-15	
4725.717	 7.827681132148481e-15	
4729.081	 7.929106799100661e-15	
4732.444	 7.972156674583493e-15	
4735.808	  8.01790217406089e-15	
4739.171	 8.116559305083354e-15	
4742.535	 8.211133478639382e-15	
4745.898	 8.164915679324759e-15	
4749.262	 8.199692866142159e-15	
4752.626	 8.240887780869196e-15	
4755.989	 8.301109924338035e-15	
4759.353	  8.38315965873532e-15	
4762.716	 8.395270850218955e-15	
4766.080	 8.460026920073496e-15	
4769.443	 8.636842246389177e-15	
4772.807	  8.65053329892488e-15	
4776.170	  8.62804109990685e-15	
4779.534	 8.674573526729919e-15	
4782.897	 8.646258564034813e-15	
4786.261	 8.703238275108634e-15	
4789.624	 8.779766059060572e-15	
4792.988	 8.824596746728388e-15	
4796.352	 8.884379225873172e-15	
4799.715	 8.942142753574032e-15	
4803.079	  8.93874109781249e-15	
4806.442	 8.919876774886417e-15	
4809.806	 8.981714835564688e-15	
4813.169	 9.026107466095418e-15	
4816.533	 9.040242735567634e-15	
4819.896	 9.026064446724436e-15	
4823.260	 9.047973140784873e-15	
4826.623	  9.01011446031717e-15	
4829.987	 8.935746385356463e-15	
4833.350	 8.980374128192862e-15	
4836.714	 8.985448238679966e-15	
4840.078	 9.065292955154796e-15	
4843.441	  9.08969228358261e-15	
4846.805	 9.043488072784764e-15	
4850.168	 8.952696866806291e-15	
4853.532	 8.955607541203257e-15	
4856.895	  8.97223912273217e-15	
4860.259	  9.02125475304972e-15	
4863.622	 8.970898244066879e-15	
4866.986	  9.04262407119409e-15	
4870.349	  9.05265610749714e-15	
4873.713	   8.9629974179249e-15	
4877.076	 8.923407704702723e-15	
4880.440	  8.93946018270207e-15	
4883.804	 8.896910317268736e-15	
4887.167	 8.893389040456944e-15	
4890.531	 8.893014503071833e-15	
4893.894	 8.843296993522772e-15	
4897.258	 8.781288130092705e-15	
4900.621	 8.766885066809183e-15	
4903.985	 8.720093888757978e-15	
4907.348	 8.680725752604793e-15	
4910.712	 8.706616213567064e-15	
4914.075	 8.728876447001426e-15	
4917.439	 8.710346556809435e-15	
4920.803	 8.709757311882209e-15	
4924.166	  8.65953954381188e-15	
4927.530	 8.635115276106876e-15	
4930.893	 8.632680609945607e-15	
4934.257	 8.666858914643346e-15	
4937.620	 8.669385418007255e-15	
4940.984	   8.6310731057455e-15	
4944.347	 8.619458616497895e-15	
4947.711	 8.622932027324777e-15	
4951.074	  8.60459100482623e-15	
4954.438	 8.597107286588528e-15	
4957.801	 8.515141761525208e-15	
4961.165	 8.461985678297026e-15	
4964.529	 8.484458731849162e-15	
4967.892	 8.516731091057821e-15	
4971.256	 8.447827757544569e-15	
4974.619	 8.421536547839873e-15	
4977.983	 8.408811994014445e-15	
4981.346	 8.379968201695594e-15	
4984.710	 8.388679299668311e-15	
4988.073	 8.391614601986278e-15	
4991.437	 8.440754117509061e-15	
4994.800	  8.38730427594559e-15	
4998.164	 8.269730036835957e-15	
5001.527	 8.322842977723299e-15	
5004.891	  8.32446594586103e-15	
5008.255	 8.308885867380098e-15	
5011.618	 8.266234450922024e-15	
5014.982	 8.225045998499142e-15	
5018.345	 8.215470663703672e-15	
5021.709	 8.212873685428075e-15	
5025.072	 8.225125548074411e-15	
5028.436	 8.127512537782939e-15	
5031.799	 8.097221137238796e-15	
5035.163	 8.126809112850337e-15	
5038.526	 8.116710387842555e-15	
5041.890	 8.123861135110872e-15	
5045.253	  8.06432413469128e-15	
5048.617	 8.062568551377047e-15	
5051.981	 8.057033744780802e-15	
5055.344	  7.96048295612304e-15	
5058.708	 7.980911767304184e-15	
5062.071	  7.94732972709003e-15	
5065.435	  7.94337236484469e-15	
5068.798	  7.99393183076593e-15	
5072.162	 7.977202212873347e-15	
5075.525	 7.925582378851707e-15	
5078.889	 7.933120992645695e-15	
5082.252	 7.962807115659264e-15	
5085.616	 7.951841243721738e-15	
5088.979	 7.876611427752169e-15	
5092.343	 7.884771366831895e-15	
5095.707	 7.878100749045656e-15	
5099.070	 7.854929014759544e-15	
5102.434	  7.91481886240035e-15	
5105.797	 7.905158634000536e-15	
5109.161	 7.858239670961825e-15	
5112.524	 7.857492301044066e-15	
5115.888	 7.798529520514254e-15	
5119.251	 7.755562057390717e-15	
5122.615	  7.79379813403934e-15	
5125.978	  7.80917456937427e-15	
5129.342	 7.752987810345283e-15	
5132.705	 7.682724098616376e-15	
5136.069	 7.662504020844983e-15	
5139.433	 7.665839203481313e-15	
5142.796	 7.651142259662306e-15	
5146.160	 7.697180321681448e-15	
5149.523	 7.716951853577993e-15	
5152.887	 7.631131767506309e-15	
5156.250	 7.656459693892321e-15	
5159.614	 7.699278318159727e-15	
5162.977	 7.620214009648238e-15	
5166.341	  7.57012828841906e-15	
5169.704	 7.594093374819584e-15	
5173.068	 7.590970123279286e-15	
5176.432	 7.532516033388295e-15	
5179.795	 7.531645644948367e-15	
5183.159	 7.506649989544011e-15	
5186.522	 7.467428290390066e-15	
5189.886	 7.510800875627185e-15	
5193.249	 7.512540810533662e-15	
5196.613	 7.480682602123453e-15	
5199.976	 7.472961075673258e-15	
5203.340	 7.444905445547891e-15	
5206.703	 7.419698860762764e-15	
5210.067	 7.410729135278912e-15	
5213.430	  7.35769671780906e-15	
5216.794	 7.325854633959145e-15	
5220.158	 7.327356170859868e-15	
5223.521	 7.342948525317783e-15	
5226.885	  7.34195719412458e-15	
5230.248	 7.318109613871933e-15	
5233.612	 7.285148411521843e-15	
5236.975	 7.244790312312604e-15	
5240.339	 7.259377158006137e-15	
5243.702	 7.246996043853141e-15	
5247.066	 7.214758264137336e-15	
5250.429	 7.181793142393596e-15	
5253.793	 7.186042523030374e-15	
5257.156	  7.22154109236986e-15	
5260.520	 7.139968154336698e-15	
5263.884	 7.070710187057167e-15	
5267.247	 7.037892104654221e-15	
5270.611	  7.05310136451045e-15	
5273.974	7.0580192471768676e-15	
5277.338	7.0336533142246235e-15	
5280.701	 7.029674940459437e-15	
5284.065	6.9765327322433414e-15	
5287.428	6.9891884646036745e-15	
5290.792	 6.979615160955749e-15	
5294.155	 6.942941555819725e-15	
5297.519	6.8732694883063565e-15	
5300.882	  6.92241949829807e-15	
5304.246	 6.947703791776976e-15	
5307.610	 6.825392641186329e-15	
5310.973	 6.812242221137647e-15	
5314.337	 6.884031713067098e-15	
5317.700	 6.888363263115923e-15	
5321.064	 6.913722265079763e-15	
5324.427	6.8848955917088584e-15	
5327.791	  6.81726162754013e-15	
5331.154	 6.802654976850952e-15	
5334.518	 6.819911713478691e-15	
5337.881	 6.824384528555027e-15	
5341.245	 6.793527152089164e-15	
5344.608	6.7387834642528095e-15	
5347.972	 6.758747521444367e-15	
5351.336	 6.796208259083572e-15	
5354.699	 6.732031794252694e-15	
5358.063	 6.720538070989425e-15	
5361.426	 6.748580257472081e-15	
5364.790	6.7059368464191695e-15	
5368.153	 6.700216276135243e-15	
5371.517	 6.656379760021849e-15	
5374.880	 6.610906740897599e-15	
5378.244	 6.635996570392931e-15	
5381.607	 6.585478653171852e-15	
5384.971	 6.599842561211272e-15	
5388.334	 6.560919107277938e-15	
5391.698	6.5539651112333954e-15	
5395.062	 6.526502409937844e-15	
5398.425	 6.500053833348616e-15	
5401.789	 6.493070997191842e-15	
5405.152	 6.465676028240165e-15	
5408.516	 6.483594364045376e-15	
5411.879	6.4661862310886905e-15	
5415.243	6.4475948159308545e-15	
5418.606	 6.427915686665688e-15	
5421.970	  6.41986548760786e-15	
5425.333	  6.36071414421195e-15	
5428.697	 6.368434663183367e-15	
5432.061	 6.367315896939071e-15	
5435.424	6.3588982516380606e-15	
5438.788	6.3201923959985025e-15	
5442.151	 6.273730503716551e-15	
5445.515	  6.26653765766202e-15	
5448.878	6.2571405806168084e-15	
5452.242	6.2602979199882735e-15	
5455.605	 6.243474188702527e-15	
5458.969	 6.198959455620871e-15	
5462.332	 6.228907485428572e-15	
5465.696	 6.245338500680986e-15	
5469.059	6.2110161251449725e-15	
5472.423	 6.170785289537552e-15	
5475.787	 6.135876524230959e-15	
5479.150	 6.130649418564223e-15	
5482.514	 6.111418427223279e-15	
5485.877	 6.101690648000469e-15	
5489.241	 6.090663315515537e-15	
5492.604	 6.105321896621931e-15	
5495.968	 6.154098258344657e-15	
5499.331	 6.087096603689833e-15	
5502.695	 6.068712340041993e-15	
5506.058	6.0837828491782806e-15	
5509.422	 6.048838979002041e-15	
5512.785	 5.994389670586494e-15	
5516.149	 5.971161160619664e-15	
5519.513	 5.996586008718119e-15	
5522.876	 5.988131050480532e-15	
5526.240	5.9951952600604995e-15	
5529.603	 5.983160454896613e-15	
5532.967	5.9206303487241225e-15	
5536.330	  5.87950060028025e-15	
5539.694	 5.856547276293074e-15	
5543.057	5.8526690271092696e-15	
5546.421	5.8660351107922485e-15	
5549.784	 5.854279468619642e-15	
5553.148	5.8467132893773396e-15	
5556.511	5.7982927490097225e-15	
5559.875	 5.778366624721771e-15	
5563.239	5.7947140020634455e-15	
5566.602	  5.75402455375326e-15	
5569.966	 5.760966047037102e-15	
5573.329	 5.739322543985095e-15	
5576.693	 5.693482458410006e-15	
5580.056	 5.676198948368236e-15	
5583.420	 5.664164224723817e-15	
5586.783	 5.646379482092176e-15	
5590.147	 5.589914860501981e-15	
5593.510	    5.574606953074e-15	
5596.874	 5.539541995285099e-15	
5600.237	 5.493024850488321e-15	
5603.601	5.4726396057173654e-15	
5606.965	  5.41282612298892e-15	
5610.328	  5.40710261320075e-15	
5613.692	5.3993154128517736e-15	
5617.055	 5.409808656549661e-15	
5620.419	 5.469928511326359e-15	
5623.782	 5.469262646729971e-15	
5627.146	 5.473910660450756e-15	
5630.509	5.4215480456968516e-15	
5633.873	 5.379779887759066e-15	
5637.236	  5.38641653110197e-15	
5640.600	5.4066413385556844e-15	
5643.963	 5.346603114481067e-15	
5647.327	 5.292785486483017e-15	
5650.691	 5.299313585580336e-15	
5654.054	  5.29163492177657e-15	
5657.418	 5.305801645901567e-15	
5660.781	 5.276854615624093e-15	
5664.145	 5.244670094263071e-15	
5667.508	 5.239184508008299e-15	
5670.872	5.2269069496693814e-15	
5674.235	5.2418600123296194e-15	
5677.599	 5.270357440770754e-15	
5680.962	5.2653061126065584e-15	
5684.326	 5.264981327679657e-15	
5687.690	 5.292655480372669e-15	
5691.053	 5.303266834121789e-15	
5694.417	 5.374935449581805e-15	
5697.780	 5.404765062443135e-15	
5701.144	  5.38775472483949e-15	
5704.507	 5.452638788967407e-15	
5707.871	 5.527634586983978e-15	
5711.234	5.5423122854480575e-15	
5714.598	 5.615840749563908e-15	
5717.961	 5.650587380635439e-15	
5721.325	 5.662469920254522e-15	
5724.688	 5.695189302153247e-15	
5728.052	 5.755606704352097e-15	
5731.416	 5.739725737654664e-15	
5734.779	  5.76553275824887e-15	
5738.143	 5.842989236887253e-15	
5741.506	  5.86976031678923e-15	
5744.870	 5.864472474530583e-15	
5748.233	 5.909517428813631e-15	
5751.597	5.9327377640081934e-15	
5754.960	   5.9443871599913e-15	
5758.324	 6.042861233441881e-15	
5761.687	 6.088801231249234e-15	
5765.051	 6.063093559586937e-15	
5768.414	 6.105479033076817e-15	
5771.778	  6.10797719628828e-15	
5775.142	 6.054343364443936e-15	
5778.505	 6.060168700666906e-15	
5781.869	 6.119615016375168e-15	
5785.232	 6.138902046265302e-15	
5788.596	 6.150602064925537e-15	
5791.959	 6.168262771023645e-15	
5795.323	6.1608267604234615e-15	
5798.686	6.1856238397581335e-15	
5802.050	6.1848471736515125e-15	
5805.413	 6.140969517840808e-15	
5808.777	 6.105967064507202e-15	
5812.140	 6.159220387501856e-15	
5815.504	 6.213935776876357e-15	
5818.868	 6.223953172322338e-15	
5822.231	 6.206175419787678e-15	
5825.595	 6.207022546514875e-15	
5828.958	 6.225294672362744e-15	
5832.322	 6.263231526910345e-15	
5835.685	 6.297915675358964e-15	
5839.049	6.3390911206046856e-15	
5842.412	6.3341425340363326e-15	
5845.776	  6.27664884540968e-15	
5849.139	6.3039071713765055e-15	
5852.503	 6.302037478279633e-15	
5855.866	 6.248501402374907e-15	
5859.230	 6.208518536720093e-15	
5862.594	 6.251828974977504e-15	
5865.957	 6.234523074923572e-15	
5869.321	 6.222842532330985e-15	
5872.684	 6.195591766218686e-15	
5876.048	 6.127956426940518e-15	
5879.411	 6.096954019811617e-15	
5882.775	6.0509177741951115e-15	
5886.138	 5.984103145405706e-15	
5889.502	 5.958074912893842e-15	
5892.865	 5.873340498025428e-15	
5896.229	5.8637129592205276e-15	
5899.592	 5.909271873147953e-15	
5902.956	 5.952569188025452e-15	
5906.320	 5.956046186008524e-15	
5909.683	 5.877888736653976e-15	
5913.047	 5.778435206403675e-15	
5916.410	 5.611183238687314e-15	
5919.774	 5.369217224140068e-15	
5923.137	 5.284737095353522e-15	
5926.501	 5.444700841292727e-15	
5929.864	 5.629963349842734e-15	
5933.228	 5.760194828089827e-15	
5936.591	 5.807304049492299e-15	
5939.955	5.7564890504426835e-15	
5943.319	5.7279398331085496e-15	
5946.682	 5.726050758789632e-15	
5950.046	5.7116189500609755e-15	
5953.409	 5.710483367857146e-15	
5956.773	 5.739208710754138e-15	
5960.136	  5.78463573372519e-15	
5963.500	  5.76746300844727e-15	
5966.863	  5.78139871301241e-15	
5970.227	 5.738457989308055e-15	
5973.590	 5.680764312436263e-15	
5976.954	 5.713248594960154e-15	
5980.317	  5.73151704091893e-15	
5983.681	 5.703836430369783e-15	
5987.045	 5.664825367044087e-15	
5990.408	 5.626753160106181e-15	
5993.772	 5.616739419159894e-15	
5997.135	 5.614253540901419e-15	
6000.499	  5.58741364186714e-15	
6003.862	 5.600858959923771e-15	
6007.226	 5.563565309403205e-15	
6010.589	 5.566711770010099e-15	
6013.953	 5.525449329656749e-15	
6017.316	5.5105832748780026e-15	
6020.680	  5.53702906205727e-15	
6024.043	 5.532763667421027e-15	
6027.407	 5.533083308030079e-15	
6030.771	 5.508191237293952e-15	
6034.134	 5.445630687319583e-15	
6037.498	5.4206021780541414e-15	
6040.861	 5.403148243152876e-15	
6044.225	 5.376288696552497e-15	
6047.588	5.3516940613685885e-15	
6050.952	 5.333357830662952e-15	
6054.315	 5.340126885739777e-15	
6057.679	 5.343606827659982e-15	
6061.042	 5.331620369501526e-15	
6064.406	 5.286482993572406e-15	
6067.769	5.2576680710160896e-15	
6071.133	 5.269448217091625e-15	
6074.497	 5.265876107404774e-15	
6077.860	 5.263034914070869e-15	
6081.224	 5.261431153877926e-15	
6084.587	 5.218198399347827e-15	
6087.951	5.2126355432872176e-15	
6091.314	5.1919998141802765e-15	
6094.678	 5.183612326756836e-15	
6098.041	 5.123047087249478e-15	
6101.405	 5.102420013625644e-15	
6104.768	5.1481245027909454e-15	
6108.132	 5.124608195261241e-15	
6111.495	 5.090391721209215e-15	
6114.859	  5.11595797740288e-15	
6118.223	 5.118744267082482e-15	
6121.586	5.0897083739361555e-15	
6124.950	 5.080584539509142e-15	
6128.313	 5.072770939816901e-15	
6131.677	 5.035316363730307e-15	
6135.040	5.0210859934589796e-15	
6138.404	4.9968808158866086e-15	
6141.767	 5.009690678260842e-15	
6145.131	 5.010716225947057e-15	
6148.494	4.9805169524421434e-15	
6151.858	 4.988315544294963e-15	
6155.221	 5.025660313838732e-15	
6158.585	 5.001608620521759e-15	
6161.949	4.9574757183033584e-15	
6165.312	  4.93594746443879e-15	
6168.676	4.8951439700730605e-15	
6172.039	 4.891337035929285e-15	
6175.403	 4.923973300478859e-15	
6178.766	 4.907187016498454e-15	
6182.130	 4.883763360666494e-15	
6185.493	 4.883854259779826e-15	
6188.857	 4.861041276140568e-15	
6192.220	   4.7920566207497e-15	
6195.584	 4.803860921712383e-15	
6198.947	 4.810955877436739e-15	
6202.311	 4.788233234413058e-15	
6205.675	4.7685773663458704e-15	
6209.038	 4.739058086677924e-15	
6212.402	4.6855651870647616e-15	
6215.765	 4.705050328702955e-15	
6219.129	 4.747398510875087e-15	
6222.492	 4.741034432097591e-15	
6225.856	 4.718047517337076e-15	
6229.219	 4.687573757185037e-15	
6232.583	 4.672349324453041e-15	
6235.946	 4.683097104075993e-15	
6239.310	 4.661428242572284e-15	
6242.674	 4.644976296530098e-15	
6246.037	 4.682329426775288e-15	
6249.401	4.6813391193802675e-15	
6252.764	 4.650812519571027e-15	
6256.128	 4.622227462500332e-15	
6259.491	 4.563365792109127e-15	
6262.855	  4.52116714699145e-15	
6266.218	 4.505889825422501e-15	
6269.582	  4.45847510617889e-15	
6272.945	 4.414597138194261e-15	
6276.309	 4.372659655553647e-15	
6279.672	 4.328347460290653e-15	
6283.036	 4.266462182956661e-15	
6286.400	 4.264735145777755e-15	
6289.763	 4.311825181590851e-15	
6293.127	4.3272938735247286e-15	
6296.490	 4.349146192611101e-15	
6299.854	  4.34576647291473e-15	
6303.217	 4.359152600583549e-15	
6306.581	4.3865945601477325e-15	
6309.944	 4.340889180073775e-15	
6313.308	 4.324121847398176e-15	
6316.671	4.3358022996822945e-15	
6320.035	 4.359302043605142e-15	
6323.398	 4.409015435291892e-15	
6326.762	 4.452367800207811e-15	
6330.126	4.5126002608569845e-15	
6333.489	 4.575895509983608e-15	
6336.853	 4.603736696897802e-15	
6340.216	 4.568965407464051e-15	
6343.580	4.6101649770113995e-15	
6346.943	 4.671225489768359e-15	
6350.307	 4.721358754280667e-15	
6353.670	 4.747052871567396e-15	
6357.034	 4.762449434662862e-15	
6360.397	 4.893605762653688e-15	
6363.761	 4.981589752044524e-15	
6367.124	4.9718730138383395e-15	
6370.488	 4.997255190307849e-15	
6373.852	 5.069239391397671e-15	
6377.215	 5.143025507249882e-15	
6380.579	 5.200605782070148e-15	
6383.942	5.2392546629844155e-15	
6387.306	 5.298257554697716e-15	
6390.669	5.3540656732184206e-15	
6394.033	 5.435522428823164e-15	
6397.396	 5.513397833218278e-15	
6400.760	 5.569610519608584e-15	
6404.123	 5.619379887250695e-15	
6407.487	5.6386245512736586e-15	
6410.850	 5.702354825194541e-15	
6414.214	5.7857762758401856e-15	
6417.578	 5.806261478547509e-15	
6420.941	 5.830085336710233e-15	
6424.305	 5.867197280156044e-15	
6427.668	 5.945374136617298e-15	
6431.032	 6.018804041219844e-15	
6434.395	 6.011720190068992e-15	
6437.759	 6.074478488401747e-15	
6441.122	6.1202565459362765e-15	
6444.486	 6.117891602306457e-15	
6447.849	 6.136548413341386e-15	
6451.213	 6.127784564120409e-15	
6454.576	 6.116363247142108e-15	
6457.940	 6.173735148181513e-15	
6461.304	 6.200182989329033e-15	
6464.667	 6.182866771588804e-15	
6468.031	 6.221115361252097e-15	
6471.394	 6.202935251134302e-15	
6474.758	6.1999324413881594e-15	
6478.121	 6.183033973796218e-15	
6481.485	 6.150947518830594e-15	
6484.848	 6.179598001481743e-15	
6488.212	   6.1845797063714e-15	
6491.575	 6.191762275596339e-15	
6494.939	6.2398377025064096e-15	
6498.303	 6.288458304280392e-15	
6501.666	 6.361503591302224e-15	
6505.030	 6.380877816735357e-15	
6508.393	 6.361431916477641e-15	
6511.757	 6.327894722698798e-15	
6515.120	6.2315736004476854e-15	
6518.484	6.2610301078517975e-15	
6521.847	 6.320530588360291e-15	
6525.211	 6.346703358099938e-15	
6528.574	 6.395349523150291e-15	
6531.938	6.4403849865396055e-15	
6535.301	6.3879252360624226e-15	
6538.665	 6.364944039293769e-15	
6542.029	 6.392581161390591e-15	
6545.392	 6.370551653820349e-15	
6548.756	  6.36481790663558e-15	
6552.119	 6.320544251618878e-15	
6555.483	6.2889913876214394e-15	
6558.846	 6.324290726919458e-15	
6562.210	 6.325021091351378e-15	
6565.573	6.2809271867415325e-15	
6568.937	 6.236660291174549e-15	
6572.300	 6.269703681743798e-15	
6575.664	 6.305918134450935e-15	
6579.027	 6.302447094045913e-15	
6582.391	6.2942285458857835e-15	
6585.755	  6.33993362478751e-15	
6589.118	 6.339750433237827e-15	
6592.482	 6.336664206839095e-15	
6595.845	 6.303027970773508e-15	
6599.209	 6.244033144812302e-15	
6602.572	 6.180616638836643e-15	
6605.936	 6.173392608988426e-15	
6609.299	6.2053114784965806e-15	
6612.663	6.1653613957108846e-15	
6616.026	 6.103453775292586e-15	
6619.390	 6.072414466438813e-15	
6622.753	6.0308267212874376e-15	
6626.117	6.0503266968905056e-15	
6629.481	 6.026739606398685e-15	
6632.844	 5.934066491770185e-15	
6636.208	 5.956135389862005e-15	
6639.571	5.9715862218734835e-15	
6642.935	 5.947743353976697e-15	
6646.298	5.9275226010512716e-15	
6649.662	 5.865456249194588e-15	
6653.025	 5.824710669892929e-15	
6656.389	 5.815238113465529e-15	
6659.752	5.8026452628449454e-15	
6663.116	 5.778539713248761e-15	
6666.479	 5.742726973307981e-15	
6669.843	 5.737552237913062e-15	
6673.207	 5.698662003268557e-15	
6676.570	5.6616257348640355e-15	
6679.934	 5.660410184100902e-15	
6683.297	5.6155044358505536e-15	
6686.661	 5.559094990347549e-15	
6690.024	 5.516455237023635e-15	
6693.388	 5.506190971258196e-15	
6696.751	 5.486514214721189e-15	
6700.115	 5.399561760410613e-15	
6703.478	 5.386925485752668e-15	
6706.842	 5.388000646699349e-15	
6710.205	5.3150209717482435e-15	
6713.569	 5.321623926634825e-15	
6716.933	5.3479861344083956e-15	
6720.296	 5.296577999740054e-15	
6723.660	 5.269715841203321e-15	
6727.023	 5.266100448163374e-15	
6730.387	 5.282052456220389e-15	
6733.750	 5.256824144647263e-15	
6737.114	5.2297550534581226e-15	
6740.477	  5.17834857311027e-15	
6743.841	 5.141860203615752e-15	
6747.204	 5.150623017669646e-15	
6750.568	5.1328246351360355e-15	
6753.932	 5.093398893435546e-15	
6757.295	 5.051582393819833e-15	
6760.659	 5.005237542808159e-15	
6764.022	 4.982150958888708e-15	
6767.386	4.9986932546067925e-15	
6770.749	 5.018112106456619e-15	
6774.113	 4.923311684081837e-15	
6777.476	4.9395655038321135e-15	
6780.840	  4.94529478336038e-15	
6784.203	4.9085378626867635e-15	
6787.567	4.8767759916633805e-15	
6790.930	 4.844591818549925e-15	
6794.294	4.8405301760842504e-15	
6797.658	 4.802921526364762e-15	
6801.021	  4.75744079162151e-15	
6804.385	4.7468438041205705e-15	
6807.748	  4.70931255686161e-15	
6811.112	 4.663073733478942e-15	
6814.475	 4.641828786654991e-15	
6817.839	4.6298082118554976e-15	
6821.202	 4.649861382349268e-15	
6824.566	 4.646633263807573e-15	
6827.929	 4.550294125530176e-15	
6831.293	 4.537328238814332e-15	
6834.656	  4.53515795806777e-15	
6838.020	4.5684974506312004e-15	
6841.384	 4.568174006768031e-15	
6844.747	 4.502017409742464e-15	
6848.111	 4.466839577959281e-15	
6851.474	 4.481171986818523e-15	
6854.838	 4.465969544611557e-15	
6858.201	 4.445003957626202e-15	
6861.565	 4.461693247680315e-15	
6864.928	 4.394832244812477e-15	
6868.292	4.2754837869664345e-15	
6871.655	 4.127227900236317e-15	
6875.019	4.1346706539510584e-15	
6878.382	 4.192129771919997e-15	
6881.746	 4.280630913273486e-15	
6885.110	 4.315883544605615e-15	
6888.473	 4.296091745442471e-15	
6891.837	 4.290216642672544e-15	
6895.200	 4.256586102856398e-15	
6898.564	4.1965375842920334e-15	
6901.927	4.2411248478965565e-15	
6905.291	 4.406549806233645e-15	
6908.654	4.5471536092250395e-15	
6912.018	4.6060595969678654e-15	
6915.381	 4.646058795266061e-15	
6918.745	 4.631199716416653e-15	
6922.108	 4.406745777630232e-15	
6925.472	4.2766420553706104e-15	
6928.836	 4.246041550762636e-15	
6932.199	 4.266696669859952e-15	
6935.563	4.3513235748858124e-15	
6938.926	 4.337960760353944e-15	
6942.290	 4.256373735332813e-15	
6945.653	  4.23959979172157e-15	
6949.017	 4.248585536174421e-15	
6952.380	 4.259490013318305e-15	
6955.744	 4.217499739756252e-15	
6959.107	 4.172245075363892e-15	
6962.471	 4.183187181218013e-15	
6965.834	  4.19731627588906e-15	
6969.198	 4.174386220847073e-15	
6972.562	 4.186563485285429e-15	
6975.925	 4.184038808363737e-15	
6979.289	  4.19315191014568e-15	
6982.652	4.2095695493313966e-15	
6986.016	 4.196079889733666e-15	
6989.379	4.1231415958602496e-15	
6992.743	 4.086756018717714e-15	
6996.106	4.1216175308377235e-15	
6999.470	4.1330079168068465e-15	
7002.833	4.1289787073515065e-15	
7006.197	 4.105217583501624e-15	
7009.561	4.0935268708799766e-15	
7012.924	 4.104996975771455e-15	
7016.288	 4.107076183365391e-15	
7019.651	 4.086395223873643e-15	
7023.015	 4.085956715257016e-15	
7026.378	 4.081608458741385e-15	
7029.742	 4.091954607612411e-15	
7033.105	 4.101459943411136e-15	
7036.469	 4.086297867862676e-15	
7039.832	 4.097896068960533e-15	
7043.196	 4.114478132614697e-15	
7046.559	 4.101596574437557e-15	
7049.923	 4.089459274523156e-15	
7053.287	 4.097721421888739e-15	
7056.650	 4.071655706422922e-15	
7060.014	 4.114808395479272e-15	
7063.377	 4.145080153299997e-15	
7066.741	 4.112492839801719e-15	
7070.104	 4.098538490474428e-15	
7073.468	 4.128293915974409e-15	
7076.831	 4.099110532925069e-15	
7080.195	   4.0587405695158e-15	
7083.558	 4.106314284214576e-15	
7086.922	 4.121422932352298e-15	
7090.285	 4.101655302849037e-15	
7093.649	4.1148991610505095e-15	
7097.013	4.0840675720460636e-15	
7100.376	 4.107996646758463e-15	
7103.740	 4.148758499688831e-15	
7107.103	 4.107169377253714e-15	
7110.467	 4.100594776627033e-15	
7113.830	 4.093699599322194e-15	
7117.194	 4.107690142401149e-15	
7120.557	 4.126499664453885e-15	
7123.921	4.0990513179449684e-15	
7127.284	 4.084859741794074e-15	
7130.648	 4.082427960062514e-15	
7134.011	4.0818866257669065e-15	
7137.375	 4.073506401589227e-15	
7140.739	 4.059414266016673e-15	
7144.102	4.0357548596432574e-15	
7147.466	 4.026818564620357e-15	
7150.829	 4.049435723844367e-15	
7154.193	 4.047834953898724e-15	
7157.556	4.0351481688215156e-15	
7160.920	 4.069998927297079e-15	
7164.283	 4.054604139245806e-15	
7167.647	 3.980912621853634e-15	
7171.010	3.9809409624799114e-15	
7174.374	 3.986602096317262e-15	
7177.737	 3.917527387978279e-15	
7181.101	 3.889746225408288e-15	
7184.465	3.8860570353058426e-15	
7187.828	 3.849785515640253e-15	
7191.192	 3.905199642251197e-15	
7194.555	 3.848680919154697e-15	
7197.919	 3.813980646947406e-15	
7201.282	3.8376686293401046e-15	
7204.646	   3.8367878027558e-15	
7208.009	3.8171840624344866e-15	
7211.373	 3.817042778782979e-15	
7214.736	 3.871903063894413e-15	
7218.100	  3.90209873121398e-15	
7221.463	 3.858226625483992e-15	
7224.827	3.8453480088881554e-15	
7228.191	 3.806421097110324e-15	
7231.554	 3.799827722184955e-15	
7234.918	 3.733098291353775e-15	
7238.281	3.6870563274940566e-15	
7241.645	 3.740499905523047e-15	
7245.008	 3.798561818308823e-15	
7248.372	 3.787017007556562e-15	
7251.735	 3.729788554865526e-15	
7255.099	  3.67104030708268e-15	
7258.462	 3.701504545185363e-15	
7261.826	 3.771748130238659e-15	
7265.190	 3.729996162101464e-15	
7268.553	 3.722262545196346e-15	
7271.917	 3.723749409908456e-15	
7275.280	3.6926021358299784e-15	
7278.644	 3.683494212003452e-15	
7282.007	3.6996375823951954e-15	
7285.371	  3.72794951321906e-15	
7288.734	3.7308627210237036e-15	
7292.098	 3.696590470587917e-15	
7295.461	 3.714617398121237e-15	
7298.825	 3.781084108128333e-15	
7302.188	 3.760394959124872e-15	
7305.552	 3.649248636570653e-15	
7308.916	 3.619305471367397e-15	
7312.279	3.6479073373126935e-15	
7315.643	 3.638759088660662e-15	
7319.006	 3.625537994372779e-15	
7322.370	 3.637225770265395e-15	
7325.733	 3.680596405866799e-15	
7329.097	3.6706256184574695e-15	
7332.460	 3.654512445112711e-15	
7335.824	 3.653567508817637e-15	
7339.187	 3.612692117437848e-15	
7342.551	 3.611964277169217e-15	
7345.914	 3.579351111316677e-15	
7349.278	3.5434872030121376e-15	
7352.642	3.5606957097859746e-15	
7356.005	 3.570853026099413e-15	
7359.369	 3.580265742910568e-15	
7362.732	3.5363232226415777e-15	
7366.096	3.5090647450857573e-15	
7369.459	3.5231950232873434e-15	
7372.823	 3.554843092412205e-15	
7376.186	 3.555743883823087e-15	
7379.550	 3.550149433793351e-15	
7382.913	3.5462965997183403e-15	
7386.277	 3.474247714627678e-15	
7389.640	3.4699808748010058e-15	
7393.004	3.4940297756177106e-15	
7396.368	 3.484194023607426e-15	
7399.731	3.5271139268961553e-15	
7403.095	3.5432828289733198e-15	
7406.458	  3.53236558851347e-15	
7409.822	3.5319011967432637e-15	
7413.185	3.5118186714533746e-15	
7416.549	 3.487485845942663e-15	
7419.912	 3.506771115424487e-15	
7423.276	3.5245260348673412e-15	
7426.639	3.4982633433145576e-15	
7430.003	3.5015288062975955e-15	
7433.366	3.5317159372175705e-15	
7436.730	3.5208385655558966e-15	
7440.094	3.4988011421163065e-15	
7443.457	3.4630409414367723e-15	
7446.821	3.4602112841441242e-15	
7450.184	3.4828004432297216e-15	
7453.548	3.4823789624707496e-15	
7456.911	  3.45882057655519e-15	
7460.275	 3.414959775955541e-15	
7463.638	 3.396798747948272e-15	
7467.002	  3.43355630581242e-15	
7470.365	3.4261846198560944e-15	
7473.729	 3.414152402413556e-15	
7477.092	 3.447140575216003e-15	
7480.456	3.4576040361656466e-15	
7483.820	 3.457607778881546e-15	
7487.183	3.4454835391783874e-15	
7490.547	3.4553542634000146e-15	
7493.910	3.4531233085667354e-15	
7497.274	3.4196996276949934e-15	
7500.637	 3.419497996130571e-15	
7504.001	3.4419593071889022e-15	
7507.364	3.4470555813636925e-15	
7510.728	3.4578079038116403e-15	
7514.091	 3.440876076576801e-15	
7517.455	 3.429301047079786e-15	
7520.819	 3.420008547541224e-15	
7524.182	3.4280447523825677e-15	
7527.546	3.4511228428559157e-15	
7530.909	 3.434376115428692e-15	
7534.273	3.4124469565832026e-15	
7537.636	3.4218947688100242e-15	
7541.000	3.4250009708284417e-15	
7544.363	 3.407388488417658e-15	
7547.727	 3.404924650560804e-15	
7551.090	 3.432005198518123e-15	
7554.454	 3.429081950895814e-15	
7557.817	 3.390965166086534e-15	
7561.181	 3.406687853370456e-15	
7564.545	 3.394435361942261e-15	
7567.908	 3.405544083391122e-15	
7571.272	3.4327736361049177e-15	
7574.635	3.4124529580163906e-15	
7577.999	 3.338245781358573e-15	
7581.362	3.3580056659124355e-15	
7584.726	 3.411916367989027e-15	
7588.089	 3.344514652727667e-15	
7591.453	3.3133973156264406e-15	
7594.816	3.2880910470620003e-15	
7598.180	 3.126436074617918e-15	
7601.543	 2.935763980853625e-15	
7604.907	3.2016443773939283e-15	
7608.271	 3.283974720901391e-15	
7611.634	 2.983030825718546e-15	
7614.998	2.9479862532744014e-15	
7618.361	 3.050615167270595e-15	
7621.725	 3.146390128269041e-15	
7625.088	 3.149604984407013e-15	
7628.452	 3.059085550609661e-15	
7631.815	  3.02399429927713e-15	
7635.179	2.9990991439195587e-15	
7638.542	3.0212585904192788e-15	
7641.906	 3.042759703602348e-15	
7645.269	 3.083428985805717e-15	
7648.633	 3.116039440794749e-15	
7651.997	 3.112265824249537e-15	
7655.360	3.1004769171657884e-15	
7658.724	 3.153488649236244e-15	
7662.087	 3.241639011305148e-15	
7665.451	3.2471189924259457e-15	
7668.814	 3.223632029018085e-15	
7672.178	 3.249130386687177e-15	
7675.541	 3.274195760876969e-15	
7678.905	3.2912466218561185e-15	
7682.268	 3.305300317129447e-15	
7685.632	 3.288050612811499e-15	
7688.995	 3.240742223749983e-15	
7692.359	 3.267709223250782e-15	
7695.723	 3.294852342157091e-15	
7699.086	3.2353040860839465e-15	
7702.450	 3.194008658820566e-15	
7705.813	3.2042137392513096e-15	
7709.177	3.2569135416640595e-15	
7712.540	 3.248023305776822e-15	
7715.904	3.2364232935871722e-15	
7719.267	 3.288396895028335e-15	
7722.631	 3.299636833452882e-15	
7725.994	3.2117822401456027e-15	
7729.358	3.1813040394402092e-15	
7732.721	3.2019206603081765e-15	
7736.085	3.1828301916470292e-15	
7739.449	  3.16046695049198e-15	
7742.812	  3.20251625102934e-15	
7746.176	 3.288949945264307e-15	
7749.539	3.2590578943916724e-15	
7752.903	 3.171441211428854e-15	
7756.266	3.2015617466572283e-15	
7759.630	   3.1920113103343e-15	
7762.993	3.1961143319977766e-15	
7766.357	 3.235693311094416e-15	
7769.720	 3.252743207234992e-15	
7773.084	 3.216881981120791e-15	
7776.448	3.1892984512834067e-15	
7779.811	3.2040042962791356e-15	
7783.175	3.1847613273655354e-15	
7786.538	 3.184282038587719e-15	
7789.902	 3.217488617389576e-15	
7793.265	 3.215138880726884e-15	
7796.629	 3.172081602875678e-15	
7799.992	3.1153832066631116e-15	
7803.356	 3.164855252174914e-15	
7806.719	3.2059555755148502e-15	
7810.083	3.2012979606958784e-15	
7813.446	 3.206108440490208e-15	
7816.810	3.1797793192205304e-15	
7820.174	3.1608786834699116e-15	
7823.537	3.1408736786479944e-15	
7826.901	 3.142643767832825e-15	
7830.264	 3.155854632041221e-15	
7833.628	3.1490767541692116e-15	
7836.991	3.1363668726865754e-15	
7840.355	 3.149458789259688e-15	
7843.718	 3.167104309691934e-15	
7847.082	3.1601163146113543e-15	
7850.445	 3.149012458873251e-15	
7853.809	3.1565836610931374e-15	
7857.172	3.1508316730769134e-15	
7860.536	3.1106816688187616e-15	
7863.900	3.0943130914987685e-15	
7867.263	3.0989752793381234e-15	
7870.627	 3.117959202322327e-15	
7873.990	3.0860561906021937e-15	
7877.354	3.0424048652702265e-15	
7880.717	 3.063413560499468e-15	
7884.081	3.0658091093222117e-15	
7887.444	3.0374029837590006e-15	
7890.808	  3.03433351045682e-15	
7894.171	 3.025978844121856e-15	
7897.535	 3.038317645936274e-15	
7900.898	 3.033818123061879e-15	
7904.262	3.0337234873035516e-15	
7907.626	2.9935905572021803e-15	
7910.989	2.9926161034238934e-15	
7914.353	3.0288809575534132e-15	
7917.716	  3.04013220297772e-15	
7921.080	 3.032796443828291e-15	
7924.443	 3.020072836257318e-15	
7927.807	3.0074582135719216e-15	
7931.170	 3.024181217411878e-15	
7934.534	3.0562280155050125e-15	
7937.897	3.0742826812376137e-15	
7941.261	3.0757943657561834e-15	
7944.624	 3.016487064063578e-15	
7947.988	 3.001645527833548e-15	
7951.352	3.0290395877245608e-15	
7954.715	3.0249225997335912e-15	
7958.079	  2.98569077707915e-15	
7961.442	2.9366019923430266e-15	
7964.806	 2.928785351660345e-15	
7968.169	 2.954607562822842e-15	
7971.533	2.9557999519001336e-15	
7974.896	3.0053238138126233e-15	
7978.260	3.0318673883961347e-15	
7981.623	3.0208498232515287e-15	
7984.987	3.0023533658384027e-15	
7988.350	2.9638155176044567e-15	
7991.714	 2.957159876098718e-15	
7995.078	  2.95391964021165e-15	
7998.441	 2.928921491596279e-15	
8001.805	2.9541485395998937e-15	
8005.168	2.9637557871686865e-15	
8008.532	 2.908152763574619e-15	
8011.895	2.9325334116576844e-15	
8015.259	2.9435354644928706e-15	
8018.622	 2.959286602501733e-15	
8021.986	 2.950617101797472e-15	
8025.349	 2.890235588257395e-15	
8028.713	 2.896724053809762e-15	
8032.077	2.9396725071456364e-15	
8035.440	2.9213493251362467e-15	
8038.804	2.9176098884596912e-15	
8042.167	2.9120977105448163e-15	
8045.531	2.8484943901936502e-15	
8048.894	 2.906636412171781e-15	
8052.258	2.9511867758068587e-15	
8055.621	 2.913640349825224e-15	
8058.985	 2.885191423880433e-15	
8062.348	 2.904764342630133e-15	
8065.712	2.9326470004891515e-15	
8069.075	2.9495654670499382e-15	
8072.439	2.9509712300363607e-15	
8075.803	 2.928739815582748e-15	
8079.166	 2.899683769710315e-15	
8082.530	  2.87925917736458e-15	
8085.893	2.8836145635602447e-15	
8089.257	2.8691896391700225e-15	
8092.620	2.8609523442516953e-15	
8095.984	 2.858394144235397e-15	
8099.347	 2.873235275981171e-15	
8102.711	2.8386070875109998e-15	
8106.074	2.7992684501393346e-15	
8109.438	2.7999475656785826e-15	
8112.801	2.7954236667422578e-15	
8116.165	  2.81478627449098e-15	
8119.529	2.7847731631336063e-15	
8122.892	 2.733664985148892e-15	
8126.256	2.6776247471229843e-15	
8129.619	2.6333462660631703e-15	
8132.983	2.5907819423816037e-15	
8136.346	2.5154084563947635e-15	
8139.710	2.4668541511024997e-15	
8143.073	 2.463945835469159e-15	
8146.437	2.4376347971351168e-15	
8149.800	2.4024957097093015e-15	
8153.164	   2.3928879793891e-15	
8156.527	 2.383953773552623e-15	
8159.891	 2.312796116623786e-15	
8163.255	 2.287020625140301e-15	
8166.618	2.2944029689066315e-15	
8169.982	2.3474075895444246e-15	
8173.345	2.3778380446848615e-15	
8176.709	2.3535677427850463e-15	
8180.072	2.3549892131156627e-15	
8183.436	2.3717639834086614e-15	
8186.799	2.3860592039563596e-15	
8190.163	 2.442362398741588e-15	
8193.526	  2.44497124433255e-15	
8196.890	2.4259695656139846e-15	
8200.253	 2.483974765279718e-15	
8203.617	  2.56932155028987e-15	
8206.981	2.6380977718951326e-15	
8210.344	2.6637388365402556e-15	
8213.708	2.6412687646881178e-15	
8217.071	2.5850659162256737e-15	
8220.435	2.4829182445473473e-15	
8223.798	2.3144712308849983e-15	
8227.162	2.0996848411541332e-15	
8230.525	 2.039706883027125e-15	
8233.889	 2.157177968413623e-15	
8237.252	 2.359669822151727e-15	
8240.616	 2.505642769388432e-15	
8243.979	 2.599972266776064e-15	
8247.343	2.6506398067569877e-15	
8250.707	 2.625905707339665e-15	
8254.070	 2.586633522980362e-15	
8257.434	 2.558987969699783e-15	
8260.797	2.5437243060534443e-15	
8264.161	 2.591286673328826e-15	
8267.524	2.5802086011789692e-15	
8270.888	2.5308477906035584e-15	
8274.251	 2.462596195671265e-15	
8277.615	 2.411614326155627e-15	
8280.978	2.4270439974605504e-15	
8284.342	 2.431665971350054e-15	
8287.706	2.4125664478027127e-15	
8291.069	 2.443885000898972e-15	
8294.433	  2.44716962100588e-15	
8297.796	2.4591084655484375e-15	
8301.160	 2.500509943038971e-15	
8304.523	2.5118084706903826e-15	
8307.887	 2.498705369731698e-15	
8311.250	 2.502070141880231e-15	
8314.614	 2.515755119964963e-15	
8317.977	 2.492433271453891e-15	
8321.341	 2.446600629948824e-15	
8324.704	 2.470977146133374e-15	
8328.068	 2.558196147153817e-15	
8331.432	2.5788444823135932e-15	
8334.795	2.5420599995525626e-15	
8338.159	 2.542077918112542e-15	
8341.522	2.6103425120924146e-15	
8344.886	  2.63005066701543e-15	
8348.249	 2.597656663431038e-15	
8351.613	2.5969528047582067e-15	
8354.976	2.5922860575577526e-15	
8358.340	2.5881754487023603e-15	
8361.703	2.6488293205874357e-15	
8365.067	2.6585792482723363e-15	
8368.430	  2.63940253710962e-15	
8371.794	  2.66104982821086e-15	
8375.158	 2.681394226791288e-15	
8378.521	 2.691087010018996e-15	
8381.885	 2.671376418999009e-15	
8385.248	 2.650729637381312e-15	
8388.612	2.6705809886182158e-15	
8391.975	2.6926720524672114e-15	
8395.339	2.6981197222033143e-15	
8398.702	 2.716966841639873e-15	
8402.066	 2.726277384903097e-15	
8405.429	2.7009701919028368e-15	
8408.793	2.6911996073426563e-15	
8412.156	 2.652085441839163e-15	
8415.520	 2.666487229188049e-15	
8418.884	2.6868196276983553e-15	
8422.247	2.6791896287819646e-15	
8425.611	2.7038377448173138e-15	
8428.974	2.6869151995849148e-15	
8432.338	2.6777593452668082e-15	
8435.701	2.6680862956430126e-15	
8439.065	2.6679298813451155e-15	
8442.428	 2.676494501115696e-15	
8445.792	 2.692158587575157e-15	
8449.155	2.6912341387868063e-15	
8452.519	 2.673361471962077e-15	
8455.882	2.6914675532501673e-15	
8459.246	2.7109427306972064e-15	
8462.610	2.6663816280034596e-15	
8465.973	2.6683349697176793e-15	
8469.337	 2.694944845867644e-15	
8472.700	2.6954874627621073e-15	
8476.064	  2.66982125872946e-15	
8479.427	2.6760248145419786e-15	
8482.791	2.6718480541121917e-15	
8486.154	2.6779549295431513e-15	
8489.518	 2.682578041716355e-15	
8492.881	2.6495803911412185e-15	
8496.245	2.6565587448306376e-15	
8499.608	2.6658877417519023e-15	
8502.972	2.6733361944839284e-15	
8506.336	2.6864220370248655e-15	
8509.699	2.6924157967491685e-15	
8513.063	2.6928971521561645e-15	
8516.426	2.6621261709738504e-15	
8519.790	2.6234229805188494e-15	
8523.153	 2.631017144459775e-15	
8526.517	2.6700019585277265e-15	
8529.880	2.6858884960082335e-15	
8533.244	 2.661319841819325e-15	
8536.607	2.6674154213714358e-15	
8539.971	2.6711877411820674e-15	
8543.335	 2.613336288267464e-15	
8546.698	 2.611417385785841e-15	
8550.062	2.6272145441161385e-15	
8553.425	 2.624833573389879e-15	
8556.789	 2.623128591600866e-15	
8560.152	2.6177071718755442e-15	
8563.516	 2.645904063485858e-15	
8566.879	2.6184611657834956e-15	
8570.243	2.5948710221644743e-15	
8573.606	2.5981099852745957e-15	
8576.970	 2.589217054155808e-15	
8580.333	2.5728203263541403e-15	
8583.697	 2.567516310091849e-15	
8587.061	2.6017165841597545e-15	
8590.424	2.6391892353923947e-15	
8593.788	 2.606517386476367e-15	
8597.151	2.5678649767022902e-15	
8600.515	2.5901790860191286e-15	
8603.878	2.5958838847135733e-15	
8607.242	 2.597918700873866e-15	
8610.605	 2.593121984715313e-15	
8613.969	 2.576157309080659e-15	
8617.332	2.5714569111797296e-15	
8620.696	2.5900109768980272e-15	
8624.059	2.5914736857291264e-15	
8627.423	2.5605505016650902e-15	
8630.787	2.5673166771143266e-15	
8634.150	 2.596683836333307e-15	
8637.514	2.5791352225407384e-15	
8640.877	  2.56953904017938e-15	
8644.241	 2.553638619875069e-15	
8647.604	 2.580626136033331e-15	
8650.968	2.6107532926896113e-15	
8654.331	  2.55370910372718e-15	
8657.695	2.4918590298308595e-15	
8661.058	2.5075579596485546e-15	
8664.422	 2.537681105306442e-15	
8667.785	2.5567485125087195e-15	
8671.149	2.5689115922807352e-15	
8674.513	2.5830532069258547e-15	
8677.876	 2.575408081253485e-15	
8681.240	2.5594988147812825e-15	
8684.603	 2.534456155327538e-15	
8687.967	2.4958200676285346e-15	
8691.330	2.4838493230633303e-15	
8694.694	2.5048407489436326e-15	
8698.057	2.5254887151059055e-15	
8701.421	2.5241740969177897e-15	
8704.784	 2.499326405458439e-15	
8708.148	2.4739156888357136e-15	
8711.511	2.4750445061268263e-15	
8714.875	2.4725230361598086e-15	
8718.239	2.4896391480492303e-15	
8721.602	2.5245680046279553e-15	
8724.966	2.4916489409090324e-15	
8728.329	2.4557195806025675e-15	
8731.693	2.4047213581391887e-15	
8735.056	2.4163487187396667e-15	
8738.420	2.4634436568607337e-15	
8741.783	 2.474725146909634e-15	
8745.147	 2.454384949100289e-15	
8748.510	2.4374623281311317e-15	
8751.874	 2.414001923593003e-15	
8755.237	  2.38122988626739e-15	
8758.601	2.3833799811049146e-15	
8761.965	 2.402718724821136e-15	
8765.328	  2.41698641626528e-15	
8768.692	2.4085696883723718e-15	
8772.055	 2.400158203595703e-15	
8775.419	 2.385372960524327e-15	
8778.782	2.3689075505759664e-15	
8782.146	2.3432343639297303e-15	
8785.509	 2.315309839923262e-15	
8788.873	2.3319950087896154e-15	
8792.236	 2.348479765289693e-15	
8795.600	2.3609141282751264e-15	
8798.964	 2.344090849578184e-15	
8802.327	 2.327619238662819e-15	
8805.691	2.3133394625495893e-15	
8809.054	 2.303796665781636e-15	
8812.418	2.3058086323858464e-15	
8815.781	 2.302587350654203e-15	
8819.145	 2.301735162467936e-15	
8822.508	2.3084290694213328e-15	
8825.872	 2.271513190154986e-15	
8829.235	 2.266131774580105e-15	
8832.599	 2.280758994496479e-15	
8835.962	2.2483552087046685e-15	
8839.326	2.2317587180360677e-15	
8842.690	 2.294242451055106e-15	
8846.053	2.3226978353807816e-15	
8849.417	2.2733862666045647e-15	
8852.780	2.2570780765232122e-15	
8856.144	2.2271745026648698e-15	
8859.507	 2.219500841734619e-15	
8862.871	2.2359919055220432e-15	
8866.234	2.2418266363854817e-15	
8869.598	2.2392138153868263e-15	
8872.961	  2.23027308131923e-15	
8876.325	2.2013663804837184e-15	
8879.688	 2.173465885009212e-15	
8883.052	2.1714588244659895e-15	
8886.416	2.1924517034893693e-15	
8889.779	 2.295159923483202e-15	
8893.143	 2.620441843760336e-15	
8896.506	2.8824413730565442e-15	
8899.870	 2.571544521617615e-15	
8903.233	2.1917138970558133e-15	
8906.597	2.1637038796036184e-15	
8909.960	2.1401352551209176e-15	
8913.324	 2.159471350449307e-15	
8916.687	 2.165397144569792e-15	
8920.051	 2.156724212382971e-15	
8923.414	2.1227141109924164e-15	
8926.778	2.1036128941149653e-15	
8930.142	2.0643851804719574e-15	
8933.505	2.0231498297793404e-15	
8936.869	2.0179170948699547e-15	
8940.232	 2.015014863835182e-15	
8943.596	2.0041923083223736e-15	
8946.959	 1.975339007531962e-15	
8950.323	1.9401058903948736e-15	
8953.686	1.8951321894591468e-15	
8957.050	1.8448323363692634e-15	
8960.413	 1.768850353328976e-15	
8963.777	1.7221880581276093e-15	
8967.140	1.7101749616145585e-15	
8970.504	1.6993646415367521e-15	
8973.868	 1.739226890652079e-15	
8977.231	 1.762733263867729e-15	
8980.595	1.7124247168278174e-15	
8983.958	 1.629776804168999e-15	
8987.322	1.5332815212898648e-15	
8990.685	 1.500033297957166e-15	
8994.049	 1.544430050078436e-15	
8997.412	1.6037960272212825e-15	
