3615.693	  3.65743585212049e-16	
3617.996	4.3984761591186766e-16	
3620.299	2.4271603334255265e-16	
3622.603	 5.647854444258476e-16	
3624.906	2.4248171041579536e-16	
3627.209	 2.253227847759828e-16	
3629.512	 5.167396010064185e-16	
3631.815	 1.521546681497383e-16	
3634.118	 4.732280502450586e-16	
3636.421	 1.334887993692485e-16	
3638.724	4.0415150498020407e-16	
3641.027	  6.35130351764852e-16	
3643.331	 3.670562820355693e-16	
3645.634	1.4675534692132555e-16	
3647.937	2.1529373846288984e-16	
3650.240	1.1865832474721872e-15	
3652.543	 5.695844931860895e-16	
3654.846	 2.428736471337467e-16	
3657.149	 4.099724446655534e-16	
3659.452	 4.054070300153413e-16	
3661.755	 6.499530615437718e-16	
3664.058	 6.035152294648558e-16	
3666.362	 5.109572976775121e-16	
3668.665	 2.539909612565977e-16	
3670.968	 5.144191653105558e-16	
3673.271	 5.287794285865086e-16	
3675.574	3.3716758493351496e-16	
3677.877	 3.305675935293555e-16	
3680.180	 2.889101495393362e-16	
3682.483	 2.726897053809003e-16	
3684.786	 5.122731254861573e-16	
3687.090	 4.491576001811461e-16	
3689.393	2.0081299487932596e-16	
3691.696	3.9213121474729413e-16	
3693.999	3.2831196922558096e-16	
3696.302	  2.66105869859986e-16	
3698.605	 2.737150403896453e-16	
3700.908	  5.26779104809829e-16	
3703.211	2.1747522103890366e-16	
3705.514	1.3276829707227648e-16	
3707.817	4.3391483743785216e-16	
3710.121	4.1229313084022607e-16	
3712.424	2.6335454799121663e-16	
3714.727	2.6946403926568883e-16	
3717.030	2.1814619115119769e-16	
3719.333	 3.543384083168026e-16	
3721.636	1.8779298109599381e-16	
3723.939	2.7411862437226177e-16	
3726.242	 3.267848625406986e-16	
3728.545	2.5698518495136696e-16	
3730.849	3.8874342622230857e-16	
3733.152	 3.455936921019972e-16	
3735.455	 2.935360548221639e-16	
3737.758	 2.497290643044061e-16	
3740.061	 3.990664094189394e-16	
3742.364	 6.504433738143516e-16	
3744.667	1.2411037176513695e-15	
3746.970	 9.930163540874218e-16	
3749.273	 8.499178099330244e-16	
3751.577	 5.229421451588066e-16	
3753.880	 2.414104751651174e-16	
3756.183	3.7469024996741885e-16	
3758.486	 3.098437282261831e-16	
3760.789	 3.588232940295989e-16	
3763.092	 5.392163170219879e-16	
3765.395	 2.557949722659378e-16	
3767.698	1.9729226472593156e-16	
3770.001	2.8008978872391007e-16	
3772.304	 2.175535582867319e-16	
3774.608	 6.732569838293744e-16	
3776.911	 5.120825111117455e-16	
3779.214	 4.130140714751156e-16	
3781.517	  1.48951419888022e-16	
3783.820	3.4520375921452595e-16	
3786.123	 4.785592412371506e-16	
3788.426	2.6864591285251835e-16	
3790.729	 2.095142530205959e-16	
3793.032	 3.918665838845266e-16	
3795.336	 4.701697665946312e-16	
3797.639	 4.586315228315711e-16	
3799.942	 4.469307809405218e-16	
3802.245	 5.413580987066163e-16	
3804.548	  4.65228195391498e-16	
3806.851	 2.900445054501348e-16	
3809.154	 3.610653924776333e-16	
3811.457	 4.071088456702004e-16	
3813.760	 2.432245053268576e-16	
3816.063	3.6277065221612994e-16	
3818.367	2.5707817520958034e-16	
3820.670	 3.921486856442918e-16	
3822.973	 4.688829317082436e-16	
3825.276	3.6074935083911274e-16	
3827.579	4.3926744436819943e-16	
3829.882	4.1488759035423135e-16	
3832.185	 5.524449796540522e-16	
3834.488	4.1059137780506945e-16	
3836.791	4.3228159035723123e-16	
3839.095	 2.971733828616144e-16	
3841.398	2.5823213108726166e-16	
3843.701	4.4190605077246767e-16	
3846.004	3.1322105926085113e-16	
3848.307	1.9423924113051426e-16	
3850.610	2.5272103368988535e-16	
3852.913	1.8970375869809746e-16	
3855.216	2.7761393092644093e-16	
3857.519	3.6471048536019387e-16	
3859.823	2.8695679053953217e-16	
3862.126	  3.80389832669322e-16	
3864.429	2.5083129630782187e-16	
3866.732	 4.173966365940259e-16	
3869.035	2.6533013698540847e-16	
3871.338	 3.023485881747774e-16	
3873.641	4.0015092004654746e-16	
3875.944	3.6089951288570915e-16	
3878.247	 5.205260891772255e-16	
3880.550	  3.50429874345822e-16	
3882.854	3.9791940432823566e-16	
3885.157	4.0110029735615925e-16	
3887.460	 2.912425455983765e-16	
3889.763	 6.110243337099192e-16	
3892.066	3.5080628137755314e-16	
3894.369	3.1451440659629875e-16	
3896.672	3.9810075098667745e-16	
3898.975	 3.624072074628164e-16	
3901.278	 2.291887999689655e-16	
3903.582	  3.46287894123919e-16	
3905.885	2.1613422010985307e-16	
3908.188	 1.862871024902591e-16	
3910.491	3.9595007730429395e-16	
3912.794	  2.98927673827169e-16	
3915.097	1.8469505917388356e-16	
3917.400	 2.919401917039358e-16	
3919.703	 4.685945679782283e-16	
3922.006	 4.812257134090317e-16	
3924.309	 4.408166558080646e-16	
3926.613	  4.47050885529918e-16	
3928.916	 4.414503045776683e-16	
3931.219	 3.340329678657393e-16	
3933.522	 4.043403033832434e-16	
3935.825	 5.001224610326412e-16	
3938.128	4.3655732626367547e-16	
3940.431	 4.572709219356377e-16	
3942.734	4.5717348567854675e-16	
3945.037	 3.663160545323096e-16	
3947.341	 4.252117633252097e-16	
3949.644	 3.344183921346306e-16	
3951.947	  4.01024339657026e-16	
3954.250	  4.36247546595405e-16	
3956.553	 4.159412920882092e-16	
3958.856	 4.298034156307695e-16	
3961.159	 5.027827964736772e-16	
3963.462	 6.237404540770159e-16	
3965.765	 4.925998309318378e-16	
3968.069	 5.434112735122064e-16	
3970.372	 4.980927686154889e-16	
3972.675	 5.842502779905426e-16	
3974.978	 4.468162495046481e-16	
3977.281	4.4990289988030825e-16	
3979.584	 5.023845977854758e-16	
3981.887	3.7225008540037503e-16	
3984.190	 5.137271549782215e-16	
3986.493	 4.252557849760676e-16	
3988.796	3.8719615599322096e-16	
3991.100	  3.11013526888597e-16	
3993.403	 3.105337973477399e-16	
3995.706	  4.63490749125916e-16	
3998.009	4.2078661680859896e-16	
4000.312	  5.27083436563982e-16	
4002.615	 4.734038863696803e-16	
4004.918	 5.926048734587692e-16	
4007.221	 5.392468128171057e-16	
4009.524	 6.127220164644132e-16	
4011.828	  6.61858319383188e-16	
4014.131	 6.276278852082538e-16	
4016.434	 5.695093495430888e-16	
4018.737	 5.784029127907381e-16	
4021.040	 5.482671809623188e-16	
4023.343	4.5158768297608725e-16	
4025.646	 4.947691026658639e-16	
4027.949	3.1950175280195993e-16	
4030.252	 5.479322907933456e-16	
4032.555	  6.01580405896992e-16	
4034.859	  5.62878549245299e-16	
4037.162	4.2599613771873237e-16	
4039.465	 4.463695831667113e-16	
4041.768	3.0517630608059753e-16	
4046.374	2.5209590119982173e-16	
4048.677	4.0327270007531043e-16	
4050.980	 4.561224139720741e-16	
4053.283	 4.776977819898497e-16	
4055.587	3.7530555116418987e-16	
4057.890	 4.734490351751832e-16	
4060.193	 4.719549290735187e-16	
4062.496	4.3177493434429883e-16	
4064.799	 5.089147682213471e-16	
4067.102	4.0151822125064833e-16	
4069.405	 3.692864201204261e-16	
4071.708	 3.710145360503354e-16	
4074.011	 4.546062031154268e-16	
4076.315	 4.780359910030555e-16	
4078.618	 5.008614987615534e-16	
4080.921	 4.268763202570809e-16	
4083.224	 3.163346361085865e-16	
4085.527	 4.585663983409704e-16	
4087.830	 6.328359658652296e-16	
4090.133	 7.422526244385981e-16	
4092.436	 5.854747436532398e-16	
4094.739	 4.671958943031746e-16	
4097.042	  6.08856940566968e-16	
4099.346	 5.776973139829612e-16	
4101.649	 4.471302873126887e-16	
4103.952	  6.73327117896175e-16	
4106.255	 5.942336119208102e-16	
4108.558	 5.218422300843833e-16	
4110.861	 4.314126793653327e-16	
4113.164	  5.76758394163667e-16	
4115.467	 6.137232428876955e-16	
4117.770	 4.802683833972023e-16	
4120.074	 6.354096356380047e-16	
4122.377	 7.145358917177775e-16	
4124.680	 5.891694939598832e-16	
4126.983	 7.445457579441704e-16	
4129.286	  6.23656042718045e-16	
4131.589	 6.372381309510226e-16	
4133.892	 5.890359887541519e-16	
4136.195	 5.676650114453383e-16	
4138.498	 7.921799394393606e-16	
4140.801	4.8689185718979955e-16	
4143.105	 6.377278170245774e-16	
4145.408	 5.471776607585106e-16	
4147.711	  5.46438309931086e-16	
4150.014	 5.224028642808713e-16	
4152.317	 7.008810393904942e-16	
4154.620	 4.992930630730206e-16	
4156.923	 5.511543875855145e-16	
4159.226	 6.443692626717922e-16	
4161.529	 5.569206602705808e-16	
4163.833	 5.919889460649732e-16	
4166.136	4.0736733980212296e-16	
4168.439	 5.154460031921608e-16	
4170.742	  3.78292886691684e-16	
4173.045	 4.795970375666932e-16	
4175.348	 5.717032934399003e-16	
4177.651	 6.102494148914741e-16	
4179.954	 6.116047557323973e-16	
4182.257	 5.356008432587102e-16	
4184.561	 5.212692598065027e-16	
4186.864	 5.636568495276791e-16	
4189.167	 3.970431668311446e-16	
4191.470	 5.561189402194655e-16	
4193.773	  4.62017495385184e-16	
4196.076	  4.44649733037532e-16	
4198.379	 5.410478807004283e-16	
4200.682	 4.700978791761605e-16	
4202.985	 3.914566753119576e-16	
4205.288	 5.548240273914554e-16	
4207.592	 4.504234574671959e-16	
4209.895	3.6710193179869224e-16	
4212.198	 3.703559646391365e-16	
4214.501	 4.467104848271246e-16	
4216.804	 5.246179736371279e-16	
4219.107	 5.239555824240764e-16	
4221.410	 4.676077440865212e-16	
4223.713	 5.250781032111024e-16	
4226.016	 4.509257927206558e-16	
4228.320	 4.963722296695821e-16	
4230.623	 5.167033441986706e-16	
4232.926	 5.036473240864007e-16	
4235.229	 5.779857403326791e-16	
4237.532	 4.666893635296472e-16	
4239.835	4.3094127824490816e-16	
4242.138	 4.537597725967259e-16	
4244.441	4.3410520133345403e-16	
4246.744	 4.508443244877024e-16	
4249.047	 5.514632279582475e-16	
4251.351	  4.35272495207768e-16	
4253.654	3.9589566078282097e-16	
4255.957	 4.802132780590018e-16	
4258.260	 5.264223603646831e-16	
4260.563	 4.827334706058414e-16	
4262.866	 2.952787611427559e-16	
4265.169	2.7000006391909405e-16	
4267.472	 3.625900569941182e-16	
4269.775	 3.318223671280628e-16	
4272.079	3.3697415267249057e-16	
4274.382	 4.541483904704448e-16	
4276.685	 4.054296983476465e-16	
4278.988	 3.341628411287256e-16	
4281.291	4.0776848161634187e-16	
4283.594	4.3004212193670184e-16	
4285.897	 3.232767189475068e-16	
4288.200	3.9507421552541786e-16	
4290.503	 3.895033163121535e-16	
4292.807	3.7928860258114623e-16	
4295.110	  3.84485411691672e-16	
4297.413	3.4981394695202594e-16	
4299.716	3.1406529808996437e-16	
4302.019	4.3394088723409244e-16	
4304.322	  4.49156222547691e-16	
4306.625	 3.365147745349461e-16	
4308.928	3.1370561051880086e-16	
4311.231	 3.278100096903361e-16	
4313.534	 4.282375473500392e-16	
4315.838	 3.394212680265119e-16	
4318.141	3.9475266335307726e-16	
4320.444	 2.700770235334673e-16	
4322.747	4.1349092050965776e-16	
4325.050	3.9400561030224497e-16	
4327.353	4.0454156310708036e-16	
4329.656	 4.348382275709262e-16	
4331.959	 4.674407999596545e-16	
4334.262	 4.851833412267728e-16	
4336.566	 4.503986600650056e-16	
4338.869	3.9576873064585216e-16	
4341.172	 5.094799736561175e-16	
4343.475	 5.305261425680606e-16	
4345.778	 4.788831729581863e-16	
4348.081	 5.223934087057937e-16	
4350.384	 3.351295014762276e-16	
4352.687	2.6477795644875805e-16	
4357.293	 5.265329467592991e-16	
4359.597	1.2265847134295776e-15	
4361.900	 1.080068385912697e-15	
4364.203	 5.397667442069684e-16	
4366.506	3.3702099220996106e-16	
4368.809	    4.178141847703e-16	
4371.112	  5.03428468226161e-16	
4373.415	3.8694868292893853e-16	
4375.718	 5.198988902369793e-16	
4378.021	 4.895082335996801e-16	
4380.325	 4.496109668272505e-16	
4382.628	 5.356637760597233e-16	
4384.931	4.2410877988536394e-16	
4387.234	 4.322195968517556e-16	
4389.537	3.2485711499921725e-16	
4391.840	 5.011628247699863e-16	
4394.143	 4.638814334498173e-16	
4396.446	  5.35220428566019e-16	
4398.749	 6.052899970731282e-16	
4401.053	 6.516275123886381e-16	
4403.356	 5.881823569696636e-16	
4405.659	 5.461136893933228e-16	
4407.962	4.2819690716311636e-16	
4410.265	 5.820545807420613e-16	
4412.568	  4.64613520391752e-16	
4414.871	 4.979181222652147e-16	
4417.174	 5.283097181980514e-16	
4419.477	 4.886360663832515e-16	
4421.780	 4.931408025417405e-16	
4424.084	 4.715800249146475e-16	
4426.387	4.1373256994160763e-16	
4428.690	 4.604822481389766e-16	
4430.993	 4.726681674850006e-16	
4433.296	 5.516010539234514e-16	
4435.599	4.4536860722223905e-16	
4437.902	 4.205765277067094e-16	
4440.205	 4.675223308123103e-16	
4442.508	 5.430600396008804e-16	
4444.812	 3.898720837401796e-16	
4447.115	 4.710026086378893e-16	
4449.418	 4.918202156357052e-16	
4451.721	  5.81369834295217e-16	
4454.024	 5.866410982320161e-16	
4456.327	 5.919060375788625e-16	
4458.630	 5.927982431000911e-16	
4460.933	  5.65646214856421e-16	
4463.236	 5.055483956346167e-16	
4465.539	 5.091582336246694e-16	
4467.843	 5.538201083209655e-16	
4470.146	 5.594180592457102e-16	
4472.449	 4.612615503365967e-16	
4474.752	 5.371833683803055e-16	
4477.055	  5.27553773149464e-16	
4479.358	 4.746910343545804e-16	
4481.661	4.4058108048725725e-16	
4483.964	 4.577695000069476e-16	
4486.267	 4.850639880738067e-16	
4488.571	  4.63182409710803e-16	
4490.874	 4.495895508889953e-16	
4493.177	 4.783573553162887e-16	
4495.480	4.4207074059004436e-16	
4497.783	4.1919313323906593e-16	
4500.086	 5.392567067301009e-16	
4502.389	3.8488022891593833e-16	
4504.692	 4.504592133173237e-16	
4506.995	 4.662567240050705e-16	
4509.299	 3.815415342377132e-16	
4511.602	3.8505293405543504e-16	
4513.905	  4.97182152901725e-16	
4516.208	 5.322344706719798e-16	
4518.511	 5.340573302117726e-16	
4520.814	 4.611927312835486e-16	
4523.117	4.0855348220688953e-16	
4525.420	 5.662549409844295e-16	
4527.723	 5.788063715339496e-16	
4530.026	 5.272181315440608e-16	
4532.330	 5.213824762286238e-16	
4534.633	 4.466620797970916e-16	
4536.936	 5.939674155654801e-16	
4539.239	 5.559730363126391e-16	
4541.542	 5.311069403087538e-16	
4543.845	 6.143879510297395e-16	
4546.148	 5.052146326202884e-16	
4548.451	  5.82641452593897e-16	
4550.754	 6.244335915639952e-16	
4553.058	 6.145809449528464e-16	
4555.361	  6.70358943997646e-16	
4557.664	 7.254116816480836e-16	
4559.967	 6.111391156246028e-16	
4562.270	 6.789259454967547e-16	
4564.573	 8.103221196478377e-16	
4566.876	 6.933773204398458e-16	
4569.179	 6.869243600971579e-16	
4571.482	 7.263052648027673e-16	
4573.785	 7.612658447088588e-16	
4576.089	 8.202661284049349e-16	
4578.392	 7.859254835535996e-16	
4580.695	 8.317067480517966e-16	
4582.998	 9.453884345624816e-16	
4585.301	 9.192872901661768e-16	
4587.604	1.0133289331845702e-15	
4589.907	1.1025357089728912e-15	
4592.210	1.0156251976752677e-15	
4594.513	1.0356948123267137e-15	
4596.817	1.0507548507781106e-15	
4599.120	 9.719823960174665e-16	
4601.423	1.0664279361169888e-15	
4603.726	 9.317379656143734e-16	
4606.029	1.0109619084300471e-15	
4608.332	1.0352765127140095e-15	
4610.635	  8.96675941790231e-16	
4612.938	  9.90059451735343e-16	
4615.241	 9.667855869069406e-16	
4617.545	1.0234075743020435e-15	
4619.848	  9.69195193059164e-16	
4622.151	1.1013177557592545e-15	
4624.454	 9.848250708033168e-16	
4626.757	1.0953870437354214e-15	
4629.060	1.1061682779149518e-15	
4631.363	1.0221921258765067e-15	
4633.666	1.0525495314517782e-15	
4635.969	1.1466869826149974e-15	
4638.272	1.0825186948715458e-15	
4640.576	1.1661955247320379e-15	
4642.879	1.0222340810771822e-15	
4645.182	1.0634779219321849e-15	
4647.485	1.0452430645640069e-15	
4649.788	 9.937402378483288e-16	
4652.091	 8.847813293002399e-16	
4654.394	1.1000064991888916e-15	
4656.697	 9.724720820910212e-16	
4659.000	1.1025018943335408e-15	
4661.304	1.0541356885161187e-15	
4663.607	1.1122661845444613e-15	
4665.910	 1.055312312726105e-15	
4668.213	1.0199002447649844e-15	
4670.516	1.0617846851765684e-15	
4672.819	1.1099536389311137e-15	
4675.122	1.0626075080674264e-15	
4677.425	1.0800139067715213e-15	
4679.728	1.0325869964916082e-15	
4682.031	 9.542434866930932e-16	
4684.335	 9.005846636203192e-16	
4686.638	   9.9283600934422e-16	
4688.941	 9.151543898011365e-16	
4691.244	 1.002352951730263e-15	
4693.547	 8.135814751629947e-16	
4695.850	 8.586651561753348e-16	
4698.153	 9.397683162630519e-16	
4700.456	 9.629025391548776e-16	
4702.759	 9.022904243164359e-16	
4705.063	 8.875434843775418e-16	
4707.366	  9.64055994074939e-16	
4709.669	 9.909267346149764e-16	
4711.972	  9.48812479895215e-16	
4714.275	 8.581084670201045e-16	
4716.578	 9.899029024790915e-16	
4718.881	  9.32918973203535e-16	
4721.184	1.0049936245847138e-15	
4723.487	 8.253571102182346e-16	
4725.791	 8.619282688726418e-16	
4728.094	 8.795150123199385e-16	
4730.397	   8.9657700266028e-16	
4732.700	 8.079363089825645e-16	
4735.003	 7.717915905021865e-16	
4737.306	  7.89553669116485e-16	
4739.609	 8.329315894327085e-16	
4741.912	 7.994031221228062e-16	
4744.215	 7.746583204826646e-16	
4746.518	  7.43064801980031e-16	
4748.822	 7.231648867223617e-16	
4751.125	 6.500269527927226e-16	
4753.428	 6.297682266397247e-16	
4755.731	   5.8934996394249e-16	
4758.034	  6.19557207471165e-16	
4760.337	 5.381132083427372e-16	
4762.640	 5.775570458493599e-16	
4764.943	 5.445161355431272e-16	
4767.246	 5.167569466640112e-16	
4769.550	 5.233833635826258e-16	
4771.853	 4.934073119955831e-16	
4774.156	 4.343107818167636e-16	
4776.459	 5.123951712863311e-16	
4778.762	 4.378084679196377e-16	
4781.065	3.7815750289487766e-16	
4783.368	 4.324732692665856e-16	
4785.671	 4.442990000838261e-16	
4787.974	3.7070431804414743e-16	
4790.277	3.8653877435636956e-16	
4792.581	3.6231747342913305e-16	
4794.884	3.5444517490956617e-16	
4797.187	  3.36045690343514e-16	
4799.490	3.4270924074571154e-16	
4801.793	 3.463135682019442e-16	
4804.096	 4.133402575054413e-16	
4806.399	3.8848505732979106e-16	
4808.702	4.5484027556337395e-16	
4811.005	  4.99951822343327e-16	
4813.309	 4.947645314275814e-16	
4815.612	 4.129078058399721e-16	
4817.915	4.2769563644459894e-16	
4820.218	 4.639165004832176e-16	
4822.521	 4.370607886717804e-16	
4824.824	  5.54682632103209e-16	
4827.127	  4.77312044622446e-16	
4829.430	 5.044707105545811e-16	
4831.733	 4.660444432135934e-16	
4834.037	5.6280265416586825e-16	
4836.340	 6.943742261036557e-16	
4838.643	 7.405781735937317e-16	
4840.946	 8.428499241117805e-16	
4843.249	 8.888040189888791e-16	
4845.552	 9.320203804726512e-16	
4847.855	 9.195509191137045e-16	
4850.158	 9.803934744573486e-16	
4852.461	1.0462944493689922e-15	
4854.764	1.1408433119776404e-15	
4857.068	 1.192226535061542e-15	
4859.371	1.1475417415541307e-15	
4861.674	 1.217214927344411e-15	
4863.977	1.0934571045043527e-15	
4866.280	1.0642606682134426e-15	
4868.583	1.1201831935316135e-15	
4870.886	1.0887211764042312e-15	
4873.189	1.0733054580426309e-15	
4875.492	 1.002749960644117e-15	
4877.796	 9.965036453196808e-16	
4880.099	1.0420075045358003e-15	
4882.402	1.1849012822630206e-15	
4884.705	1.1369151780397771e-15	
4887.008	1.0866653715711362e-15	
4889.311	 1.039121362447547e-15	
4891.614	 9.311969313847682e-16	
4893.917	 7.886043544265757e-16	
4896.220	 9.165877547913755e-16	
4898.523	  9.44398417065947e-16	
4900.827	 9.351945731924072e-16	
4903.130	 8.789627065438831e-16	
4905.433	 9.030944612965438e-16	
4907.736	 9.480228454466825e-16	
4910.039	  9.44085944750469e-16	
4912.342	 9.418466641890472e-16	
4914.645	  9.81245728608382e-16	
4916.948	1.0144754999373563e-15	
4919.251	1.0855601338220005e-15	
4921.555	1.0926630866766449e-15	
4923.858	1.1224431385948606e-15	
4926.161	1.1065640344347556e-15	
4928.464	1.2087180599121033e-15	
4930.767	1.2146756984080113e-15	
4933.070	 1.158415026696337e-15	
4935.373	1.2256817373195188e-15	
4937.676	1.1935847564087802e-15	
4939.979	1.1885858255581564e-15	
4942.283	1.1936924622970815e-15	
4944.586	1.1934732933383292e-15	
4946.889	 1.185568808291677e-15	
4949.192	1.0791885790925632e-15	
4951.495	1.1446111394771022e-15	
4953.798	1.1678035986922535e-15	
4956.101	 1.141116333880543e-15	
4958.404	1.0841468071365618e-15	
4960.707	 1.012810442047865e-15	
4963.010	1.0386241620096921e-15	
4965.314	1.0522001135118247e-15	
4967.617	 9.867474956700854e-16	
4969.920	 9.314749628638708e-16	
4972.223	 8.851708238497937e-16	
4974.526	 8.447823681309494e-16	
4976.829	 9.072818408027595e-16	
4979.132	 8.095544020951804e-16	
4981.435	 7.190532770561716e-16	
4983.738	 7.744416563120125e-16	
4986.042	 7.757598010496504e-16	
4988.345	 7.130317664637128e-16	
4990.648	 7.335672717017633e-16	
4992.951	 8.102594999453372e-16	
4995.254	 9.125212313109857e-16	
4997.557	 8.414034089840164e-16	
4999.860	 8.715504123588857e-16	
5002.163	 8.437673027534144e-16	
5004.466	 8.013524734616503e-16	
5006.769	 9.277484643680595e-16	
5009.073	 9.138362450634985e-16	
5011.376	1.0242498093006768e-15	
5013.679	 9.905247161249225e-16	
5015.982	1.1065490057061553e-15	
5018.285	1.1969893896337386e-15	
5020.588	 1.198062065137574e-15	
5022.891	1.1488367170018436e-15	
5025.194	1.2745207218908208e-15	
5027.497	1.3109397146681515e-15	
5029.801	1.2549188764170542e-15	
5032.104	1.2577818492153823e-15	
5034.407	1.2702293936784537e-15	
5036.710	1.1929435306551742e-15	
5039.013	1.2303506623379643e-15	
5041.316	1.3437161193510215e-15	
5043.619	1.1972981047670666e-15	
5045.922	1.2308365912293692e-15	
5048.225	  1.33282717928319e-15	
5050.529	1.3003444610050478e-15	
5052.832	1.1907399433241777e-15	
5055.135	 1.210770107563048e-15	
5057.438	1.1223398160857346e-15	
5059.741	1.1673896824587247e-15	
5062.044	1.1460783191066915e-15	
5064.347	1.2232971790482956e-15	
5066.650	1.0328907020487362e-15	
5068.953	1.1119029902699577e-15	
5071.256	 1.065126072502001e-15	
5073.560	1.0298448797191064e-15	
5075.863	1.0038533198021777e-15	
5078.166	  9.97040922367136e-16	
5080.469	 9.682302234436298e-16	
5082.772	1.0144548354355312e-15	
5085.075	 9.333566849240142e-16	
5087.378	 9.725985738900724e-16	
5089.681	 9.143559885942537e-16	
5091.984	 8.667650146937889e-16	
5094.288	 8.162327933668705e-16	
5096.591	  7.98458817009097e-16	
5098.894	 8.510055141654601e-16	
5101.197	 7.664513822729344e-16	
5103.500	 6.981908969710678e-16	
5105.803	 7.566977374114391e-16	
5108.106	 7.252275797227319e-16	
5110.409	 7.604975009591763e-16	
5112.712	 7.152178202780091e-16	
5115.015	 6.874647681297381e-16	
5117.319	 7.220727991107511e-16	
5119.622	 6.149390044117449e-16	
5121.925	 6.092158140819989e-16	
5124.228	 6.141766095337999e-16	
5126.531	 7.106202817204142e-16	
5128.834	 6.420247810101695e-16	
5131.137	 6.112486374842764e-16	
5133.440	5.8159751953350925e-16	
5135.743	 6.207119774049788e-16	
5138.047	 5.497132577521655e-16	
5140.350	 5.359055507310781e-16	
5142.653	 6.014717607131533e-16	
5144.956	 6.107074153955636e-16	
5147.259	 6.255023846462755e-16	
5149.562	 6.371842780068722e-16	
5151.865	 6.815540944107054e-16	
5154.168	 7.129603800028621e-16	
5156.471	 6.583052774633033e-16	
5158.775	 7.852460597814679e-16	
5161.078	 6.875117329066136e-16	
5163.381	  6.98413196914945e-16	
5165.684	 7.906369899697456e-16	
5167.987	 7.881516139774962e-16	
5170.290	 7.797893789055647e-16	
5172.593	 8.012059433577988e-16	
5174.896	 8.254397682255355e-16	
5177.199	 7.962846609382757e-16	
5179.502	 7.884365336238741e-16	
5181.806	 8.525597351815252e-16	
5184.109	 9.038070735110007e-16	
5186.412	 8.676391857406975e-16	
5188.715	 8.890689003304567e-16	
5191.018	 8.547126005534962e-16	
5193.321	  8.96272670906127e-16	
5195.624	 8.928955903502692e-16	
5197.927	 8.657743710002293e-16	
5200.230	 8.975269435472144e-16	
5202.534	 9.039085174290518e-16	
5204.837	  9.16319742464673e-16	
5207.140	 8.450297159558268e-16	
5209.443	  8.37077013738249e-16	
5211.746	 8.348627810578274e-16	
5214.049	 9.250558171605333e-16	
5216.352	 9.334919434814155e-16	
5218.655	 8.673292182133195e-16	
5220.958	 8.651381548228231e-16	
5223.261	  9.29944537334756e-16	
5225.565	  9.71936057437616e-16	
5227.868	 8.752161697432716e-16	
5230.171	 8.945932104850607e-16	
5232.474	 8.535034140982095e-16	
5234.777	  8.41579996545068e-16	
5237.080	 9.904182626306714e-16	
5239.383	8.4069643254278435e-16	
5241.686	 8.683330120444043e-16	
5243.989	 8.621486902254439e-16	
5246.293	 8.725579633721205e-16	
5248.596	 8.495189224280956e-16	
5250.899	 8.226444247059082e-16	
5253.202	 8.540882821195652e-16	
5255.505	 8.292144838922723e-16	
5257.808	  8.74645078056466e-16	
5260.111	 8.424867298372768e-16	
5262.414	 8.524501507021493e-16	
5264.717	  8.75468527144349e-16	
5267.021	 9.143503528210286e-16	
5269.324	 8.821337682785141e-16	
5271.627	 8.986515934041253e-16	
5273.930	1.0360955784227174e-15	
5276.233	 9.608104148943323e-16	
5278.536	 9.732986621640294e-16	
5280.839	 9.279582403714365e-16	
5283.142	1.0005864499227208e-15	
5285.445	 9.622707063566465e-16	
5287.748	1.0110664833332232e-15	
5290.052	1.0098629326511614e-15	
5292.355	  9.21872857682427e-16	
5294.658	 9.580332310884302e-16	
5296.961	 9.774998180047953e-16	
5299.264	 9.371990298694517e-16	
5301.567	  8.95754805966447e-16	
5303.870	 9.696685980100689e-16	
5306.173	 9.318406619264745e-16	
5308.476	1.0042440667457815e-15	
5310.780	1.0027937944358672e-15	
5313.083	 1.008087037888244e-15	
5315.386	 9.722335010244938e-16	
5317.689	 9.706392033988284e-16	
5319.992	1.0206516811949918e-15	
5322.295	1.0479482357120333e-15	
5324.598	1.0542452729954948e-15	
5326.901	1.0189590706364002e-15	
5329.204	1.0400925940333315e-15	
5331.507	 1.069850729055672e-15	
5333.811	  9.99902642771414e-16	
5336.114	1.0949105077993918e-15	
5338.417	1.1569879236763479e-15	
5340.720	1.0613482258501391e-15	
5343.023	 9.915792319150328e-16	
5345.326	1.0973507976058405e-15	
5347.629	 9.717901535307897e-16	
5349.932	 9.656152246672042e-16	
5352.235	 9.140967430259012e-16	
5354.539	 9.643690925874422e-16	
5356.842	1.0773168761848199e-15	
5359.145	1.0430125507609351e-15	
5361.448	1.0474403899247532e-15	
5363.751	1.0789819340743112e-15	
5366.054	1.1085672387177503e-15	
5368.357	 1.134348396434277e-15	
5370.660	1.0201281804820865e-15	
5372.963	1.0307979515911659e-15	
5375.267	1.0630427149998057e-15	
5377.570	 1.064410329302419e-15	
5379.873	1.2164196571226535e-15	
5382.176	1.0748872317277962e-15	
5384.479	1.0502106855633802e-15	
5386.782	1.1489469276782445e-15	
5389.085	 9.958787006887248e-16	
5391.388	 9.988130599479034e-16	
5393.691	1.1723929966885234e-15	
5395.994	1.0932404403337005e-15	
5398.298	 9.713493108251852e-16	
5400.601	1.0487760681790913e-15	
5402.904	 1.086334113344908e-15	
5405.207	1.1677954581309284e-15	
5407.510	 1.053150680595784e-15	
5409.813	 9.763732895568092e-16	
5412.116	 9.779481750746996e-16	
5414.419	1.0302437672240354e-15	
5416.722	  1.14643086803177e-15	
5419.026	 9.712397263458092e-16	
5421.329	 1.040765129638188e-15	
5423.632	1.0706159418202295e-15	
5425.935	1.0776487606080732e-15	
5428.238	1.0837798556799082e-15	
5430.541	1.0722258943715203e-15	
5432.844	1.1066185135759312e-15	
5435.147	1.1572947602186009e-15	
5437.450	1.1040949395651565e-15	
5439.753	1.1489976496372699e-15	
5442.057	1.1955597818256496e-15	
5444.360	1.1740768404887647e-15	
5446.663	1.2363640323690981e-15	
5448.966	1.2903553660621503e-15	
5451.269	1.2817595594998914e-15	
5453.572	1.1980075859963985e-15	
5455.875	1.0232973636256426e-15	
5458.178	 8.759732419465039e-16	
5460.481	1.2800162269822743e-15	
5462.785	1.4147011879086894e-15	
5465.088	1.4964267878392626e-15	
5467.391	  1.35023420418431e-15	
5469.694	1.2183026315768468e-15	
5471.997	1.2058914065412255e-15	
5474.300	1.2679707010092567e-15	
5476.603	1.2366207731493507e-15	
5478.906	 1.126572907974776e-15	
5481.209	1.1675888131126766e-15	
5483.513	1.2400717449541592e-15	
5485.816	1.2121984629770872e-15	
5488.119	1.1148323399529363e-15	
5490.422	1.2818077766708167e-15	
5492.725	1.2229640422309922e-15	
5495.028	1.1591752298846945e-15	
5497.331	1.1840509067030624e-15	
5499.634	1.2234938049141475e-15	
5501.937	 1.237275775237507e-15	
5504.240	1.1055082662505954e-15	
5506.544	1.2249340580716615e-15	
5508.847	1.1907474576884777e-15	
5511.150	1.1456856935720127e-15	
5513.453	1.1327816514777117e-15	
5515.756	1.0837360218881578e-15	
5518.059	1.1470764771645512e-15	
5520.362	1.2121233193340865e-15	
5522.665	 1.237302075512557e-15	
5524.968	 1.244458881311352e-15	
5527.272	1.2861780057083345e-15	
5529.575	1.3329837285394415e-15	
5531.878	1.2866939920569395e-15	
5534.181	1.3563546539067196e-15	
5536.484	1.3664138829164181e-15	
5538.787	1.3962559283401095e-15	
5541.090	1.4124982267747182e-15	
5543.393	1.4948756978083225e-15	
5545.696	1.4789371049308418e-15	
5547.999	1.4669961538610001e-15	
5550.303	1.4366093170255534e-15	
5552.606	 1.482119438211923e-15	
5554.909	1.4896832720769717e-15	
5557.212	 1.397740015289374e-15	
5559.515	1.4202129741227933e-15	
5561.818	 1.454375779019027e-15	
5564.121	1.4287010747967511e-15	
5566.424	1.3701096977580042e-15	
5568.727	1.4820499303421474e-15	
5571.031	 1.273325311770084e-15	
5573.334	 1.203888202258231e-15	
5575.637	1.1714918991695396e-15	
5577.940	1.6840279021667945e-15	
5580.243	 1.833756620421957e-15	
5582.546	1.3020683814148896e-15	
5584.849	1.4201027634463923e-15	
5587.152	1.3373777530639094e-15	
5589.455	1.3883940246911577e-15	
5591.759	 1.348703778655195e-15	
5594.062	1.3338804426792503e-15	
5596.365	1.3638903089056433e-15	
5598.668	1.3880615140708795e-15	
5600.971	 1.301462848891709e-15	
5603.274	1.3282271359374951e-15	
5605.577	1.3708586293999115e-15	
5607.880	1.2852474769291755e-15	
5610.183	1.3297669544219853e-15	
5612.486	1.3482316260983404e-15	
5614.790	1.2349532104717592e-15	
5617.093	1.1585565472239883e-15	
5619.396	1.2061875977340535e-15	
5621.699	  1.17305551314098e-15	
5624.002	 1.302283166994467e-15	
5626.305	1.1637395799999638e-15	
5628.608	1.1890711282525362e-15	
5630.911	1.1570743388657988e-15	
5633.214	1.0787583817363841e-15	
5635.518	 1.171314685411463e-15	
5637.821	1.1510547068644151e-15	
5640.124	 1.168357156862359e-15	
5642.427	1.0141511298784033e-15	
5644.730	1.0484686054398133e-15	
5647.033	 1.084898243566569e-15	
5649.336	1.0375283172159316e-15	
5651.639	 9.232473601523155e-16	
5653.942	1.0279287168225877e-15	
5656.245	1.0068803562210573e-15	
5658.549	 9.932862450051995e-16	
5660.852	1.0293470530842266e-15	
5663.155	1.0930920316387741e-15	
5665.458	 9.998356396897383e-16	
5667.761	 9.214032099136725e-16	
5670.064	1.0204049595671393e-15	
5672.367	 9.621298120260202e-16	
5674.670	 1.014747269446209e-15	
5676.973	1.0149996268472866e-15	
5679.277	 9.933200596445497e-16	
5681.580	 9.670391967020682e-16	
5683.883	 9.387382221569168e-16	
5686.186	 9.057057028908193e-16	
5688.489	1.1378137707706609e-15	
5690.792	 1.116643301749254e-15	
5693.095	1.0407444651363629e-15	
5695.398	1.2112159598448525e-15	
5697.701	1.1171467641573591e-15	
5700.005	1.1024724630733657e-15	
5702.308	1.0901582985766205e-15	
5704.611	 1.139072426790923e-15	
5706.914	 9.980935595661714e-16	
5709.217	 9.256882761557895e-16	
5711.520	 9.861056437194543e-16	
5713.823	 1.017300274717159e-15	
5716.126	1.0349703023687815e-15	
5718.429	 9.600902883155754e-16	
5720.732	1.0192245781750028e-15	
5723.036	 9.753538408000993e-16	
5725.339	 8.790384763839088e-16	
5727.642	  9.31391678659545e-16	
5729.945	 8.665890533297622e-16	
5732.248	 7.454844272846547e-16	
5734.551	 7.736006737074293e-16	
5736.854	 8.521082471264958e-16	
5739.157	  7.65275384259973e-16	
5741.460	 7.285007115724389e-16	
5743.764	  6.64929815790843e-16	
5746.067	  7.09567644521379e-16	
5748.370	 6.327144836423784e-16	
5750.673	 5.989928971699641e-16	
5752.976	 5.832350873736028e-16	
5755.279	 5.233891872149584e-16	
5757.582	 6.685936945841539e-16	
5759.885	 5.605681327018365e-16	
5762.188	 4.844979685829036e-16	
5764.491	 4.725389830387418e-16	
5766.795	 5.028045255104449e-16	
5769.098	 5.767698535692247e-16	
5771.401	3.4510450698606245e-16	
5773.704	 4.899307913521542e-16	
5776.007	 4.878670338168415e-16	
5778.310	 4.842103562893183e-16	
5780.613	4.1755393728670743e-16	
5782.916	 3.955077317258296e-16	
5785.219	 4.562640597391304e-16	
5787.523	 3.754538972394138e-16	
5789.826	3.9848648835408125e-16	
5792.129	4.2875866851424934e-16	
5794.432	  4.98357086379744e-16	
5796.735	2.7087260685373756e-16	
5799.038	 4.560974287107763e-16	
5801.341	3.3971601896618235e-16	
5803.644	3.6001482172878056e-16	
5805.947	3.9124226545059544e-16	
5808.251	 5.131383419156083e-16	
5810.554	 5.313648708633538e-16	
5812.857	 4.791197501942336e-16	
5815.160	 3.560083505430889e-16	
5817.463	 4.875954521670964e-16	
5819.766	4.0257267442105613e-16	
5822.069	3.6886210901628193e-16	
5824.372	 4.725917714479499e-16	
5826.675	3.8271220957596217e-16	
5828.978	 4.442817170459359e-16	
5831.282	 4.961733494944401e-16	
5833.585	 5.447113837755241e-16	
5835.888	 6.400234553182498e-16	
5838.191	 4.586962716039567e-16	
5840.494	 5.744802893866948e-16	
5842.797	 5.557053370844489e-16	
5845.100	 5.327951048684677e-16	
5847.403	 5.362227821439462e-16	
5849.706	 5.609025845328921e-16	
5852.010	 6.120090285317413e-16	
5854.313	 6.119382056482131e-16	
5856.616	 4.426265530694397e-16	
5858.919	 6.153491634631239e-16	
5861.222	 6.841628312168809e-16	
5863.525	 5.810369479567239e-16	
5865.828	 5.826473388459321e-16	
5868.131	 6.822147322720868e-16	
5870.434	 7.335566263523383e-16	
5872.737	 8.593295512188664e-16	
5875.041	 8.844676045907118e-16	
5877.344	 9.921522021929134e-16	
5879.647	 9.367569347697974e-16	
5881.950	 9.161318833571711e-16	
5884.253	  9.92534808575192e-16	
5886.556	 8.507587925376077e-16	
5888.859	 9.362309292687923e-16	
5891.162	1.0631961332709322e-15	
5893.465	1.2044536581718115e-15	
5895.769	1.1671003794331718e-15	
5898.072	 1.244549053682953e-15	
5900.375	1.2557905426758627e-15	
5902.678	1.3969384830973662e-15	
5904.981	1.4859242113358601e-15	
5907.284	  1.45213336747248e-15	
5909.587	1.4254204285827443e-15	
5911.890	1.4774937207882026e-15	
5914.193	1.4156968411784492e-15	
5916.497	1.3892274929314408e-15	
5918.800	1.3721066400707487e-15	
5921.103	1.3177339523894677e-15	
5923.406	1.2509807233267907e-15	
5925.709	1.2694472735942211e-15	
5928.012	 1.386599970214515e-15	
5930.315	1.5092181144690623e-15	
5932.618	1.4502516454123368e-15	
5934.921	1.5210219283904278e-15	
5937.224	1.4818363971566202e-15	
5939.528	1.4009649299681555e-15	
5941.831	1.3881059740596548e-15	
5944.134	1.3627831925654325e-15	
5946.437	 1.457342074326481e-15	
5948.740	1.4032017057414773e-15	
5951.043	1.3732425614741098e-15	
5953.346	1.2721712306529979e-15	
5955.649	1.2168053944900572e-15	
5957.952	1.4568743051488014e-15	
5960.256	1.3838240388026631e-15	
5962.559	1.2511616942670176e-15	
5964.862	1.3131927715641233e-15	
5967.165	1.2851929977879998e-15	
5969.468	 1.203899473804681e-15	
5971.771	1.1895063351849154e-15	
5974.074	1.2794363685371188e-15	
5976.377	 1.212591714708791e-15	
5978.680	1.2485423121114171e-15	
5980.983	1.3521309549730537e-15	
5983.287	 1.349410755096427e-15	
5985.590	 1.270665226807858e-15	
5987.893	1.2106805613884724e-15	
5990.196	1.3468890596767274e-15	
5992.499	 1.257141875855826e-15	
5994.802	1.2606874034114107e-15	
5997.105	 1.368339438768312e-15	
5999.408	1.3517076457841495e-15	
6001.711	1.2715062094124411e-15	
6004.015	1.3114469342584063e-15	
6006.318	1.3049639164585181e-15	
6008.621	1.3134319788276755e-15	
6010.924	1.4205235678471964e-15	
6013.227	1.4374427852658367e-15	
6015.530	1.2479824919710616e-15	
6017.833	 1.201737215477335e-15	
6020.136	1.2464226351817715e-15	
6022.439	1.1600231006565527e-15	
6024.743	1.1534373865445632e-15	
6027.046	1.1265052786960751e-15	
6029.349	1.1696828159642969e-15	
6031.652	1.1129656466213932e-15	
6033.955	1.1121647406264102e-15	
6036.258	1.2690308525725922e-15	
6038.561	1.3002981224251974e-15	
6040.864	1.2488140816202697e-15	
6043.167	1.1840471495209123e-15	
6045.470	1.1165800558497285e-15	
6047.774	 1.075252304593375e-15	
6050.077	1.0856346512679764e-15	
6052.380	1.1120701848756344e-15	
6054.683	1.1513127000387178e-15	
6056.986	1.0512457892457155e-15	
6059.289	1.1118754376008575e-15	
6061.592	 1.182698321129049e-15	
6063.895	 1.124946674300835e-15	
6066.198	1.0539440722264668e-15	
6068.502	1.0671530722719459e-15	
6070.805	1.1656325736065574e-15	
6073.108	1.1008167981392495e-15	
6075.411	 1.115492351617293e-15	
6077.714	1.1157697568993706e-15	
6080.017	1.1180415997060927e-15	
6082.320	 1.050478697890083e-15	
6084.623	1.1074569913924142e-15	
6086.926	1.0989419642463812e-15	
6089.229	1.0469331703344984e-15	
6091.533	1.1879821716260506e-15	
6093.836	1.0591928556900681e-15	
6096.139	1.0124716694573368e-15	
6098.442	1.0425360148249053e-15	
6100.745	1.0117966290643802e-15	
6103.048	1.0433813808086636e-15	
6105.351	 9.723092708645195e-16	
6107.654	1.0446369058438008e-15	
6109.957	 9.446470172848745e-16	
6112.261	 9.454710925697826e-16	
6114.564	1.0202315029912126e-15	
6116.867	1.0912197025340057e-15	
6119.170	 9.863623844997069e-16	
6121.473	1.1309850922129692e-15	
6123.776	1.1937250245423819e-15	
6126.079	 9.950565039948917e-16	
6128.382	  1.14695374254765e-15	
6130.685	1.1771965540673452e-15	
6132.989	1.0908270769993269e-15	
6135.292	1.1446518422837275e-15	
6137.595	1.0440802166885703e-15	
6139.898	1.0327391623686847e-15	
6142.201	 1.050894492714687e-15	
6144.504	 1.157308536553151e-15	
6146.807	1.1056710774770969e-15	
6149.110	1.0460063987374893e-15	
6151.413	1.0845513304147156e-15	
6153.716	1.0919867938896382e-15	
6156.020	 1.173473186556659e-15	
6158.323	1.1482180343411374e-15	
6160.626	1.1854385593104757e-15	
6162.929	1.2021066717220886e-15	
6165.232	1.1858399516035047e-15	
6167.535	1.1532676871507868e-15	
6169.838	1.2640882794542188e-15	
6172.141	 1.224976639469362e-15	
6174.444	1.1836664217297085e-15	
6176.748	1.2396283974604549e-15	
6179.051	 1.174190808347316e-15	
6181.354	 1.136601453330249e-15	
6183.657	1.2139004664910538e-15	
6185.960	1.2096667484049873e-15	
6188.263	1.1939103788617836e-15	
6190.566	1.1742615686111417e-15	
6192.869	1.1466537941726722e-15	
6195.172	1.1871230293077423e-15	
6197.475	1.1132405471153708e-15	
6199.779	1.1618071359807949e-15	
6202.082	1.1188631702029008e-15	
6204.385	1.1566410105244947e-15	
6206.688	1.1489055986745941e-15	
6208.991	1.1544336660113481e-15	
6211.294	1.1285354094511451e-15	
6213.597	1.1082084278224217e-15	
6215.900	1.0867668154891873e-15	
6218.203	 1.072912206310927e-15	
6220.507	1.1037505312014032e-15	
6222.810	 9.789419497533845e-16	
6225.113	1.0904526111783733e-15	
6227.416	1.0533178752014606e-15	
6229.719	1.0229554600499891e-15	
6232.022	1.0037174350477515e-15	
6234.325	 9.930858619571975e-16	
6236.628	1.1421151181354277e-15	
6238.931	1.0516340314012193e-15	
6241.235	 1.101995300940311e-15	
6243.538	1.1667033705193178e-15	
6245.841	1.1871631059173427e-15	
6248.144	1.1568695724386218e-15	
6250.447	1.1737192819874865e-15	
6252.750	1.1094194928687835e-15	
6255.053	1.1408777528140157e-15	
6257.356	1.3083666710924012e-15	
6259.659	1.2146769508020613e-15	
6261.962	1.3020276786082642e-15	
6264.266	 1.274758676760323e-15	
6266.569	1.1889815820779604e-15	
6268.872	1.2924656500364208e-15	
6271.175	1.2151171673106407e-15	
6273.478	 1.156279694841066e-15	
6275.781	1.1724574949820992e-15	
6278.084	1.1122818394700865e-15	
6280.387	1.1848987774749205e-15	
6282.690	1.2107795005184232e-15	
6284.994	1.1989525173071328e-15	
6287.297	1.1423248941388048e-15	
6289.600	1.2519632264590256e-15	
6291.903	1.1728144272863526e-15	
6294.206	1.2031630661032739e-15	
6296.509	 1.229692529264683e-15	
6298.812	1.2050391523901922e-15	
6301.115	1.1980933749888245e-15	
6303.418	1.1931965142532765e-15	
6305.721	1.0882033114645512e-15	
6308.025	1.0222478574117324e-15	
6310.328	1.1370936441919037e-15	
6312.631	  9.46332113479166e-16	
6314.934	 1.010766534958245e-15	
6317.237	 9.522672088821737e-16	
6319.540	 8.589312899109625e-16	
6321.843	  9.46952048533922e-16	
6324.146	 8.655589592236273e-16	
6326.449	 8.621148755860936e-16	
6328.753	 9.035553423069483e-16	
6331.056	 8.504150103708793e-16	
6333.359	 9.000987347289145e-16	
6335.662	 9.251184368630339e-16	
6337.965	 8.634273845505064e-16	
6340.268	 8.916068768728065e-16	
6342.571	 8.657349205876539e-16	
6344.874	 8.409926237356123e-16	
6347.177	 8.619877575900173e-16	
6349.480	 9.112487989561733e-16	
6351.784	 9.582524000471823e-16	
6354.087	 9.322157539444532e-16	
6356.390	  8.81506945056483e-16	
6358.693	  8.82951581593172e-16	
6360.996	 8.930414942570955e-16	
6363.299	 8.056675971609673e-16	
6365.602	 7.193400752936244e-16	
6367.905	 7.950272573120635e-16	
6370.208	 7.880501700594452e-16	
6372.512	 7.601443258370728e-16	
6374.815	 7.107956168874159e-16	
6377.118	 7.303279544914067e-16	
6379.421	 6.972490966454586e-16	
6381.724	  6.78848297065654e-16	
6384.027	 6.776823182050926e-16	
6386.330	 5.901868762664107e-16	
6388.633	 5.915609403983816e-16	
6390.936	 6.315986005438175e-16	
6393.240	 6.245367888337161e-16	
6395.543	 6.472754430648456e-16	
6397.846	 5.885313365716995e-16	
6400.149	 5.148447914284525e-16	
6402.452	 5.862912419541451e-16	
6404.755	 5.438465430642882e-16	
6407.058	 6.142509391206682e-16	
6409.361	 4.858509298751318e-16	
6411.664	 5.282741502070311e-16	
6413.967	 4.939242376397257e-16	
6416.271	 4.656451799904495e-16	
6418.574	 5.768837588080733e-16	
6420.877	 5.074501559995603e-16	
6423.180	  5.10343624593006e-16	
6425.483	 5.669709346628215e-16	
6427.786	 4.908606939342883e-16	
6430.089	   5.5759551280443e-16	
6432.392	 5.473408477032273e-16	
6434.695	 5.711414068493621e-16	
6436.999	 5.739048143207142e-16	
6439.302	 5.883625138537579e-16	
6441.605	 5.597748663105586e-16	
6443.908	 5.750210731374901e-16	
6446.211	 5.014587028643017e-16	
6448.514	 5.911529104168877e-16	
6450.817	 5.728060890206384e-16	
6453.120	 6.043160728401362e-16	
6455.423	  7.01380744616449e-16	
6457.726	 6.054150486190219e-16	
6460.030	 6.591475124619365e-16	
6462.333	 7.267605100399468e-16	
6464.636	 6.650638219541944e-16	
6466.939	 7.524383452473476e-16	
6469.242	 6.988484038473242e-16	
6471.545	 7.195172890517011e-16	
6473.848	 7.643010216890634e-16	
6476.151	 8.755349040289995e-16	
6478.454	  8.36046293435089e-16	
6480.758	 8.837205515398796e-16	
6483.061	 9.047125544091595e-16	
6485.364	 9.170655431214551e-16	
6487.667	1.0159458105520707e-15	
6489.970	1.0453532752404078e-15	
6492.273	1.1301278284857356e-15	
6494.576	1.1766868296889904e-15	
6496.879	1.2375400303820595e-15	
6499.182	1.3093529314067858e-15	
6501.486	1.3393327401759788e-15	
6503.789	1.5513430145382489e-15	
6506.092	1.5974455181102742e-15	
6508.395	 1.656817136642179e-15	
6510.698	 1.741515293850456e-15	
6513.001	1.8376089845197944e-15	
6515.304	1.9289786448324865e-15	
6517.607	1.9922483398450546e-15	
6519.910	 2.144403571572115e-15	
6522.213	2.3295769200336986e-15	
6524.517	2.3556849525972783e-15	
6526.820	 2.564363858786516e-15	
6529.123	 2.755662666546709e-15	
6531.426	2.7463886886063686e-15	
6533.729	 2.983587112102485e-15	
6536.032	3.1064526041819096e-15	
6538.335	3.2845067186661983e-15	
6540.638	  3.36553911849009e-15	
6542.941	  3.59397078363612e-15	
6545.245	   3.7609086485325e-15	
6547.548	 3.931769637790544e-15	
6549.851	4.1577622655241755e-15	
6552.154	4.2283390536215395e-15	
6554.457	4.4769004483334175e-15	
6556.760	 4.602397220311918e-15	
6559.063	 4.857724047681961e-15	
6561.366	 4.810413610048698e-15	
6563.669	 4.850802691964568e-15	
6565.972	 4.983933431874919e-15	
6568.276	5.0435204621834245e-15	
6570.579	 4.965093041983559e-15	
6572.882	5.0100239309217976e-15	
6575.185	5.0168475999032895e-15	
6577.488	 5.044082787111881e-15	
6579.791	 5.017694218281098e-15	
6582.094	 4.831302290408853e-15	
6584.397	4.7090736407038595e-15	
6586.700	 4.789851178338573e-15	
6589.004	 4.841833671975406e-15	
6591.307	 4.876729127390896e-15	
6593.610	5.1058539926436086e-15	
6595.913	 5.209882852013824e-15	
6598.216	4.8277242006079675e-15	
6600.519	 4.539585275324629e-15	
6602.822	 4.226600104483098e-15	
6605.125	 4.138477901942087e-15	
6607.428	 4.081024951094801e-15	
6609.732	 4.070378975472672e-15	
6612.035	4.0108000857254905e-15	
6614.338	 4.119427109850326e-15	
6616.641	  4.07834420163075e-15	
6618.944	3.8951189521139605e-15	
6621.247	 3.739189004720163e-15	
6623.550	3.6284604633794065e-15	
6625.853	3.6468174291674615e-15	
6628.156	 3.557589988877315e-15	
6630.459	3.4943509775189724e-15	
6632.763	 3.419671972710793e-15	
6635.066	3.3175987266496714e-15	
6637.369	3.1564187433982226e-15	
6639.672	 3.234322036688158e-15	
6641.975	3.2138729466395584e-15	
6644.278	3.0685570388196145e-15	
6646.581	3.0323559626069863e-15	
6648.884	2.9891959588554643e-15	
6651.187	 3.058542269798692e-15	
6653.491	 2.947870712387211e-15	
6655.794	2.7626453895725526e-15	
6658.097	2.6962127733866785e-15	
6660.400	 2.618123499580316e-15	
6662.703	 2.694827625567365e-15	
6665.006	2.7031748319106965e-15	
6667.309	2.5113713093483486e-15	
6669.612	  2.46696955689624e-15	
6671.915	2.5003170532659154e-15	
6674.218	2.3450414817632493e-15	
6676.522	 2.371191469527505e-15	
6678.825	2.3353585971655798e-15	
6681.128	2.3108122999823648e-15	
6683.431	 2.307008153055453e-15	
6685.734	2.2676923728404443e-15	
6688.037	   2.1837963740212e-15	
6690.340	2.1552167417999208e-15	
6692.643	2.2280140245479564e-15	
6694.946	 2.060619035823322e-15	
6697.250	2.1208817327218103e-15	
6699.553	2.1183243440716855e-15	
6701.856	  2.10293054260596e-15	
6704.159	2.0313086316738608e-15	
6706.462	 1.908938461441216e-15	
6708.765	 1.977074959732131e-15	
6711.068	1.9637688991477764e-15	
6713.371	1.8623919841784612e-15	
6715.674	 1.902390945347752e-15	
6717.978	1.9590091755607046e-15	
6720.281	  1.82335987121578e-15	
6722.584	1.7951584619976045e-15	
6724.887	1.8685994752873467e-15	
6727.190	1.8822981614063806e-15	
6729.493	1.7943919968389973e-15	
6731.796	1.7209008877872547e-15	
6734.099	1.6122406752200934e-15	
6736.402	1.7654084675365892e-15	
6738.705	1.6645406507486043e-15	
6741.009	1.6370192914995856e-15	
6743.312	1.6602568369005374e-15	
6745.615	1.6976984094197031e-15	
6747.918	 1.733218183269125e-15	
6750.221	1.7296526174087402e-15	
6752.524	1.6292757390883599e-15	
6754.827	1.5306071262521965e-15	
6757.130	1.4828082549394295e-15	
6759.433	1.5065492627484864e-15	
6761.737	 1.590076431520002e-15	
6764.040	  1.57552236026481e-15	
6766.343	1.5028402977693752e-15	
6768.646	1.4305752824925947e-15	
6770.949	 1.360784371661613e-15	
6773.252	1.4168089670948602e-15	
6775.555	1.4079182217338233e-15	
6777.858	 1.323920778996528e-15	
6780.161	 1.345614122533815e-15	
6782.464	1.2477852399081847e-15	
6784.768	1.2943692889924395e-15	
6787.071	1.3418087232128526e-15	
6789.374	1.2544792861055002e-15	
6791.677	1.2646055181968739e-15	
6793.980	1.3271857702849099e-15	
6796.283	1.3030652870786995e-15	
6798.586	1.2433868320045418e-15	
6800.889	 1.285013905438848e-15	
6803.192	1.2225858192278886e-15	
6805.496	1.2744825238722954e-15	
6807.799	1.2934074503620303e-15	
6810.102	 1.222950892093467e-15	
6812.405	 1.238304616949592e-15	
6814.708	 1.188020369644576e-15	
6817.011	 1.180435245080677e-15	
6819.314	1.1921532700096165e-15	
6821.617	1.2446993409689545e-15	
6823.920	1.0969550410860367e-15	
6826.224	1.1348374563108068e-15	
6828.527	1.1580818898790336e-15	
6830.830	1.1812662085328602e-15	
6833.133	1.1640320140106417e-15	
6835.436	1.1232734758500189e-15	
6837.739	 1.218424113799698e-15	
6840.042	1.2092014840154078e-15	
6842.345	 1.207573371750392e-15	
6844.648	1.1601721355485041e-15	
6846.951	1.1184323466496966e-15	
6849.255	1.0968617377293107e-15	
6851.558	1.1308548432317678e-15	
6853.861	 1.130787840150092e-15	
6856.164	1.2216083256718541e-15	
6858.467	1.1169376143510069e-15	
6860.770	1.0690297847558891e-15	
6863.073	1.1891205978175118e-15	
6865.376	1.1703879138144537e-15	
6867.679	 1.152170589962976e-15	
6869.983	1.0937758387900808e-15	
6872.286	 1.132506750983734e-15	
6874.589	1.0790220106839116e-15	
6876.892	1.0397200068034528e-15	
6879.195	1.0083218617726212e-15	
6881.498	1.0133452143072204e-15	
6883.801	1.1174523483055619e-15	
6886.104	1.0572860857489244e-15	
6888.407	1.0503904041095571e-15	
6890.710	1.1264526781459748e-15	
6893.014	 9.906512079239737e-16	
6895.317	1.0443757816843732e-15	
6897.620	1.0139469896482512e-15	
6899.923	1.0400331053159558e-15	
6902.226	1.0677535952189266e-15	
6904.529	1.0241884419922263e-15	
6906.832	1.0310834974345685e-15	
6909.135	1.0068471677787319e-15	
6911.438	 9.225115786479332e-16	
6913.742	 9.395034349214742e-16	
6916.045	 9.352108543150572e-16	
6918.348	  9.58198547103032e-16	
6920.651	 9.083150658940197e-16	
6922.954	 9.214689606012981e-16	
6925.257	 1.001453732802354e-15	
6927.560	 9.647955327614711e-16	
6929.863	 9.422179990248757e-16	
6932.166	 1.010456567430867e-15	
6934.470	 9.131975240979924e-16	
6936.773	 9.817272741206116e-16	
6939.076	 9.378596677308332e-16	
6941.379	 9.383888042169635e-16	
6943.682	 9.392066175316214e-16	
6945.985	 8.562104638373109e-16	
6948.288	 8.833391975516508e-16	
6950.591	 8.962019106423013e-16	
6952.894	 9.898002061669903e-16	
6955.197	 9.789695024224847e-16	
6957.501	 9.452343900943302e-16	
6959.804	 9.451398343435544e-16	
6962.107	 9.158563566661684e-16	
6964.410	 8.779683056681734e-16	
6966.713	  9.03840888150351e-16	
6969.016	 9.747583274293186e-16	
6971.319	 8.501313431185515e-16	
6973.622	 8.865797671560574e-16	
6975.925	1.0233750120567432e-15	
6978.229	   9.1807309413469e-16	
6980.532	  9.19202753567801e-16	
6982.835	 9.151537636041116e-16	
6985.138	 8.904684506813454e-16	
6987.441	 9.684869642238824e-16	
6989.744	  9.70520852161102e-16	
6992.047	 9.519271838975957e-16	
6994.350	 9.327160853674329e-16	
6996.653	1.0014700139250043e-15	
6998.956	 9.243801505705516e-16	
7001.260	 9.207895368291665e-16	
7003.563	 9.702265395593492e-16	
7005.866	  9.38757634264692e-16	
7008.169	1.0176359163225622e-15	
7010.472	1.0149395119328859e-15	
7012.775	1.0406868550100622e-15	
7015.078	1.0292337114227005e-15	
7017.381	1.0627145877587024e-15	
7019.684	 1.011269371169325e-15	
7021.988	 1.040640516430212e-15	
7024.291	 9.981856105288474e-16	
7026.594	 1.052425544440827e-15	
7028.897	 1.105262797016793e-15	
7031.200	 1.027539222273034e-15	
7033.503	1.0358306970811399e-15	
7035.806	1.0644284890161442e-15	
7038.109	 1.037488240606331e-15	
7040.412	1.0165012473132512e-15	
7042.716	1.0128592854158155e-15	
7045.019	1.0807409215175533e-15	
7047.322	1.0899460177851433e-15	
7049.625	1.0533216323836107e-15	
7051.928	1.1097087958943364e-15	
7054.231	1.0709879028530834e-15	
7056.534	1.0913931591099326e-15	
7058.837	1.0915359320316339e-15	
7061.140	 1.161703813471669e-15	
7063.443	1.1498505299853284e-15	
7065.747	1.1637665064720393e-15	
7068.050	1.2107920244589234e-15	
7070.353	1.2162681174426018e-15	
7072.656	1.2727648654327037e-15	
7074.959	1.2937380823912334e-15	
7077.262	1.3440123105438493e-15	
7079.565	1.2830138321409788e-15	
7081.868	1.2398287805084568e-15	
7084.171	  1.25498212231658e-15	
7086.475	1.2552269653533575e-15	
7088.778	1.2042488917446345e-15	
7091.081	1.2233648083269962e-15	
7093.384	1.2070342161118616e-15	
7095.687	1.2522349959678782e-15	
7097.990	 1.283040132416029e-15	
7100.293	1.1659719723941107e-15	
7102.596	1.2127670498757926e-15	
7104.899	1.2053979632855207e-15	
7107.202	1.2266091351135528e-15	
7109.506	1.1920987908684408e-15	
7111.809	1.1754676240813034e-15	
7114.112	1.1656569952905328e-15	
7116.415	 1.183916900539711e-15	
7118.718	 1.171741751782517e-15	
7121.021	 1.151870015390973e-15	
7123.324	1.1808122156897306e-15	
7125.627	1.1136031151928495e-15	
7127.930	1.0649025201640737e-15	
7130.234	 1.086643454675261e-15	
7132.537	1.1515807123654203e-15	
7134.840	  1.13054863288654e-15	
7137.143	1.1297013883117065e-15	
7139.446	 1.080085919429397e-15	
7141.749	1.0888720898872579e-15	
7144.052	1.1910912398552061e-15	
7146.355	1.1836326070903583e-15	
7148.658	1.1448215416775043e-15	
7150.962	1.1514160225478436e-15	
7153.265	1.1331918105290908e-15	
7155.568	 1.126668716119602e-15	
7157.871	1.1410111327803418e-15	
7160.174	1.0751928158759994e-15	
7162.477	1.1532820896823617e-15	
7164.780	1.1463907914221696e-15	
7167.083	1.0880430050261498e-15	
7169.386	1.1495731247032507e-15	
7171.689	1.1857046930461034e-15	
7173.993	1.1516408272798208e-15	
7176.296	1.1202846374496646e-15	
7178.599	1.1753248511596021e-15	
7180.902	1.1346909262069551e-15	
7183.205	1.2222338964998352e-15	
7185.508	1.1328010635854868e-15	
7187.811	 1.160277336648705e-15	
7190.114	1.1618659985011456e-15	
7192.417	 1.053160073551159e-15	
7194.721	1.0689577720980134e-15	
7197.024	 1.114910614581062e-15	
7199.327	 1.152055369710375e-15	
7201.630	1.0702107923450507e-15	
7203.933	 1.054477592091772e-15	
7206.236	1.1215551912134019e-15	
7208.539	1.1537824211053418e-15	
7210.842	1.1706352616393313e-15	
7213.145	1.1642975215492444e-15	
7215.448	1.1223448256619347e-15	
7217.752	1.1515606740606199e-15	
7220.055	1.1022332558098132e-15	
7222.358	 1.184745359203794e-15	
7224.661	1.2028862870182213e-15	
7226.964	1.1665818882964667e-15	
7229.267	1.2011836573072295e-15	
7231.570	1.2551499431192814e-15	
7233.873	1.1474503167884799e-15	
7236.176	1.1759015786196326e-15	
7238.480	 1.148093421133161e-15	
7240.783	1.2270531088042822e-15	
7243.086	 1.112220472161636e-15	
7245.389	1.1576385423853295e-15	
7247.692	1.1511899654218164e-15	
7249.995	1.1533854121914878e-15	
7252.298	1.2610712621877394e-15	
7254.601	1.2695581104676472e-15	
7256.904	 1.203072267534648e-15	
7259.208	1.2185117813831988e-15	
7261.511	1.1559847560422882e-15	
7263.814	1.2169149789694333e-15	
7266.117	1.2990845525907355e-15	
7268.420	1.2515261409355712e-15	
7270.723	1.2501635362091579e-15	
7273.026	1.1608753548075859e-15	
7275.329	 1.160378780566756e-15	
7277.632	 1.432339279512037e-15	
7279.935	 1.475466721018258e-15	
7282.239	1.3189819630603049e-15	
7284.542	 1.517872783551672e-15	
7286.845	1.5611035475670193e-15	
7289.148	1.5876987614160538e-15	
7291.451	 1.634704241098138e-15	
7293.754	 1.500160800699374e-15	
7296.057	1.6040318584192884e-15	
7298.360	1.7423819505330642e-15	
7300.663	 1.629213119385859e-15	
7302.967	 1.654999912875611e-15	
7305.270	1.7563348726442505e-15	
7307.573	1.7281960831285759e-15	
7309.876	 1.782993332392811e-15	
7312.179	1.7670077747384548e-15	
7314.482	 1.778397046229266e-15	
7316.785	  1.89608764609404e-15	
7319.088	 1.927914736087001e-15	
7321.391	1.8811290515606943e-15	
7323.694	1.9006795488784102e-15	
7325.998	 1.949605574836188e-15	
7328.301	 1.858170790032895e-15	
7330.604	 1.927874659477401e-15	
7332.907	 1.895735723365987e-15	
7335.210	 1.902538101648628e-15	
7337.513	 1.792018710114224e-15	
7339.816	1.7410506556579014e-15	
7342.119	1.8193954178504664e-15	
7344.422	1.8489932464344054e-15	
7346.726	1.8287407822516576e-15	
7349.029	1.7189308719465854e-15	
7351.332	1.8007629253714095e-15	
7353.635	1.7683791462232183e-15	
7355.938	 1.724315540164613e-15	
7358.241	1.6155288357984007e-15	
7360.544	1.6426469241633155e-15	
7362.847	1.7080431842728042e-15	
7365.150	1.6258767416366265e-15	
7367.454	 1.672616087583083e-15	
7369.757	1.6186015846001055e-15	
7372.060	1.6615831221995003e-15	
7374.363	 1.638084452639121e-15	
7376.666	1.6762536661013436e-15	
7378.969	1.6427608920218666e-15	
7381.272	1.6013755306392122e-15	
7383.575	 1.543385302744471e-15	
7385.878	 1.524826701514365e-15	
7388.181	1.5735103892234654e-15	
7390.485	1.4210727426381267e-15	
7392.788	 1.392332177781421e-15	
7395.091	1.4587002956737191e-15	
7397.394	1.3957330538242294e-15	
7399.697	1.3897904440569213e-15	
7402.000	1.2918538555429899e-15	
7404.303	 1.364963610606504e-15	
7406.606	1.3454506851102884e-15	
7408.909	1.4303567397308673e-15	
7411.213	1.4684013399851141e-15	
7413.516	1.3670964376736747e-15	
7415.819	1.2953054535448236e-15	
7418.122	1.3322773782952348e-15	
7420.425	1.2872882530336703e-15	
7422.728	 1.231023824139846e-15	
7425.031	1.3182731080279979e-15	
7427.334	1.2718324580624694e-15	
7429.637	1.2906158640245528e-15	
7431.940	1.3165660949378312e-15	
7434.244	1.2882018744931543e-15	
7436.547	1.2121320860924365e-15	
7438.850	1.2536595941997669e-15	
7441.153	1.2462642073344446e-15	
7443.456	 1.197735190290521e-15	
7445.759	1.3378793368809393e-15	
7448.062	1.2684034031535358e-15	
7450.365	1.2033258773297756e-15	
7452.668	1.2905789184000774e-15	
7454.972	1.1921908418311168e-15	
7457.275	1.1463644911471193e-15	
7459.578	1.1745220665735442e-15	
7461.881	1.2327183132895125e-15	
7464.184	 1.256532586150495e-15	
7466.487	1.2750548679531509e-15	
7468.790	 1.225606593676518e-15	
7471.093	1.2641627969001944e-15	
7473.396	 1.331683743515529e-15	
7475.700	1.2906359023293532e-15	
7478.003	1.2176263387898401e-15	
7480.306	1.2699638861398513e-15	
7482.609	 1.229289884577604e-15	
7484.912	 1.243214627822665e-15	
7487.215	1.2487689954344692e-15	
7489.518	1.2883164685487305e-15	
7491.821	1.2628327544190816e-15	
7494.124	1.1922778832175928e-15	
7496.427	1.2275146160117116e-15	
7498.731	1.1578739924667317e-15	
7501.034	1.2123136832296883e-15	
7503.337	1.2489593593300711e-15	
7505.640	 1.185772322324804e-15	
7507.943	1.1821435105648935e-15	
7510.246	1.1208200359060447e-15	
7512.549	 1.140690519903539e-15	
7514.852	 1.206969717818286e-15	
7517.155	1.2216703191773296e-15	
7519.459	1.2426986414740599e-15	
7521.762	 1.207785026344844e-15	
7524.065	1.0975173660144923e-15	
7526.368	1.1352601393026858e-15	
7528.671	1.1993626763585117e-15	
7530.974	1.1812136079827595e-15	
7533.277	 1.043122761437336e-15	
7535.580	 1.127407628609109e-15	
7537.883	1.1408013567769649e-15	
7540.186	1.1305448757043898e-15	
7542.490	1.1679050426103044e-15	
7544.793	1.1048288424784636e-15	
7547.096	 1.130874881536568e-15	
7549.399	1.0460258108452644e-15	
7551.702	1.1320339722298544e-15	
7554.005	 1.068698526529661e-15	
7556.308	1.0868488472994632e-15	
7558.611	1.0939198641058321e-15	
7560.914	1.0632994557800582e-15	
7563.218	 1.061340085288814e-15	
7565.521	  1.00767249545769e-15	
7567.824	 1.055188951912179e-15	
7570.127	1.0967033098819843e-15	
7572.430	1.0462061555884662e-15	
7574.733	1.0226912049054365e-15	
7577.036	1.0107383560921198e-15	
7579.339	 9.526160006251023e-16	
7581.642	  8.91745892612358e-16	
7583.946	 9.527299684836534e-16	
7586.249	 9.587890508976126e-16	
7588.552	 9.869748051901629e-16	
7590.855	 9.840498388863593e-16	
7593.158	 9.949024595267403e-16	
7595.461	 9.368990814944738e-16	
7597.764	 9.214232482184727e-16	
7600.067	 9.282218693189641e-16	
7602.370	 8.825814991513934e-16	
7604.673	 7.065531320429995e-16	
7606.977	 6.283129447536104e-16	
7609.280	  9.31484982016271e-16	
7611.583	 8.752844252189971e-16	
7613.886	  9.08040791597067e-16	
7616.189	 8.227602711555342e-16	
7618.492	 8.579381414293027e-16	
7620.795	 8.588981014686372e-16	
7623.098	 9.697619013667949e-16	
7625.401	 8.825558250733682e-16	
7627.705	 8.247252774200034e-16	
7630.008	 8.435406194303622e-16	
7632.311	 8.580301923919787e-16	
7634.614	 8.559894162874837e-16	
7636.917	 7.997650640032596e-16	
7639.220	 8.911866986690276e-16	
7641.523	 8.234628642175911e-16	
7643.826	 9.340918402313713e-16	
7646.129	 9.663835684168866e-16	
7648.432	1.0428647682630337e-15	
7650.736	 9.296101481234026e-16	
7653.039	 9.954585224849457e-16	
7655.342	 9.433564252163369e-16	
7657.645	 8.490624247968661e-16	
7659.948	1.0082404561593704e-15	
7662.251	 9.224715020383329e-16	
7664.554	1.0299369306817824e-15	
7666.857	1.0610163414268858e-15	
7669.160	 9.515978042624424e-16	
7671.464	 1.067777390705877e-15	
7673.767	1.0178600948575145e-15	
7676.070	 9.995457104671607e-16	
7678.373	1.0039510065380785e-15	
7680.676	 1.065139848836551e-15	
7682.979	 1.013005189322642e-15	
7685.282	1.0061927918876004e-15	
7687.585	1.0031438385728456e-15	
7689.888	1.0340723358349227e-15	
7692.192	 1.039428825186825e-15	
7694.495	1.0239868065501743e-15	
7696.798	1.0247501407236567e-15	
7699.101	 8.554007910839779e-16	
7701.404	 9.410739370601895e-16	
7703.707	 9.213355806349718e-16	
7706.010	   9.5238681251395e-16	
7708.313	1.0566467385863931e-15	
7710.616	 8.559862853023588e-16	
7712.919	1.0333634808026157e-15	
7715.223	1.1080750478560953e-15	
7717.526	1.1217035999083283e-15	
7719.829	1.0998706144344652e-15	
7722.132	1.1785748137193838e-15	
7724.435	 1.213303074529198e-15	
7726.738	1.0723154405460961e-15	
7729.041	 9.752755661719735e-16	
7731.344	1.0201563593482118e-15	
7733.647	1.0261340361489201e-15	
7735.951	1.0449694164640791e-15	
7738.254	1.0592053796305681e-15	
7740.557	  9.26874293321151e-16	
7742.860	 9.615324200641644e-16	
7745.163	 9.829270676205233e-16	
7747.466	 9.059762200056219e-16	
7749.769	 8.698803448931944e-16	
7752.072	 9.096476131632326e-16	
7754.375	 8.542924223497171e-16	
7756.678	 8.404747587959323e-16	
7758.982	 9.500780240827526e-16	
7761.285	 9.349246822746295e-16	
7763.588	  9.16124995189896e-16	
7765.891	 9.316765983059228e-16	
7768.194	1.0315706787200233e-15	
7770.497	1.0011237269701759e-15	
7772.800	 1.015148661739238e-15	
7775.103	1.0226523806898862e-15	
7777.406	1.1402665845176099e-15	
7779.710	1.0639049883032392e-15	
7782.013	1.1055032566743953e-15	
7784.316	 1.213814677498628e-15	
7786.619	1.1944213556341885e-15	
7788.922	1.2165517846949296e-15	
7791.225	1.1368901301587766e-15	
7793.528	1.2634182486374623e-15	
7795.831	1.2896853352453938e-15	
7798.134	1.3258306799227967e-15	
7800.438	1.2737680330667634e-15	
7802.741	  1.33691248867433e-15	
7805.044	1.1674879953916504e-15	
7807.347	1.2114169690898796e-15	
7809.650	 1.289288952528565e-15	
7811.953	1.3217096773012315e-15	
7814.256	1.1581539025369092e-15	
7816.559	 1.133323938101367e-15	
7818.862	1.0880123213719244e-15	
7821.165	1.1035676816701013e-15	
7823.469	1.2435652981566684e-15	
7825.772	 1.272905133566305e-15	
7828.075	1.2084437856151507e-15	
7830.378	1.2579402770627086e-15	
7832.681	1.2113624899487039e-15	
7834.984	 1.110707580149221e-15	
7837.287	  1.13823770615659e-15	
7839.590	1.2327377253972875e-15	
7841.893	1.1967896327827616e-15	
7844.197	1.2174278343329131e-15	
7846.500	1.1565182759075934e-15	
7848.803	1.0632418456537576e-15	
7851.106	1.0908633964267773e-15	
7853.409	1.1555864947343844e-15	
7855.712	1.2175161281134392e-15	
7858.015	 9.864494258861827e-16	
7860.318	1.1661009689812619e-15	
7862.621	1.1849632757684963e-15	
7864.924	1.1233129262625941e-15	
7867.228	1.0213523956659734e-15	
7869.531	  1.13209847052343e-15	
7871.834	 1.073723757655335e-15	
7874.137	 1.161503430423667e-15	
7876.440	1.0594258009833702e-15	
7878.743	 9.132977156219934e-16	
7881.046	1.0178657306307395e-15	
7883.349	1.0645944312277709e-15	
7885.652	1.0050718992128395e-15	
7887.956	   9.7797447534975e-16	
7890.259	 9.416130926987197e-16	
7892.562	  8.68718123214783e-16	
7894.865	 9.189673034863987e-16	
7897.168	 9.421284528502999e-16	
7899.471	 9.153366131354133e-16	
7901.774	 9.018833962501818e-16	
7904.077	 9.888834537223814e-16	
7906.380	1.0319833425595024e-15	
7908.684	 7.801845092283434e-16	
7910.987	 6.912833175882254e-16	
7913.290	 9.994755764003599e-16	
7915.593	 8.578060138570265e-16	
7917.896	 8.749199785504437e-16	
7920.199	 8.299007958316789e-16	
7922.502	 8.318182111222477e-16	
7924.805	  9.52095004700297e-16	
7927.108	 8.974486689190886e-16	
7929.411	 8.581861154512052e-16	
7931.715	  9.03318013634471e-16	
7934.018	  9.24618731637079e-16	
7936.321	 9.558910110658843e-16	
