   0.000000000E+00   0.500000000E+04   0.145420206E+02   0.133339316E+02   0.126082359E+02   0.123331966E+02   0.122100186E+02   0.136881806E+02   0.136602106E+02   0.128471946E+02   0.118211086E+02   0.123264086E+02   0.176741206E+02   0.230073306E+02   0.179679006E+02   0.168615906E+02   0.184482706E+02
   0.100003293E+05   0.500000000E+04               NaN               NaN               NaN               NaN               NaN               NaN               NaN               NaN               NaN               NaN               NaN               NaN               NaN               NaN               NaN
   0.200017693E+05   0.500000000E+04               NaN               NaN               NaN               NaN               NaN               NaN               NaN               NaN               NaN               NaN               NaN               NaN               NaN               NaN               NaN
   0.300018076E+05   0.500000000E+04  -0.487850223E+01  -0.608659123E+01  -0.681228693E+01  -0.708732623E+01  -0.721050423E+01  -0.573234223E+01  -0.576031223E+01  -0.657332823E+01  -0.759941423E+01  -0.709411423E+01  -0.174640223E+01   0.358680777E+01  -0.145262223E+01  -0.255893223E+01  -0.972252225E+00
   0.400041434E+05   0.500000000E+04  -0.487763287E+01  -0.608572187E+01  -0.681141757E+01  -0.708645687E+01  -0.720963487E+01  -0.573147287E+01  -0.575944287E+01  -0.657245887E+01  -0.759854487E+01  -0.709324487E+01  -0.174553287E+01   0.358767713E+01  -0.145175287E+01  -0.255806287E+01  -0.971382868E+00
   0.500026480E+05   0.500000000E+04  -0.481002303E+01  -0.601811203E+01  -0.674380773E+01  -0.701884703E+01  -0.714202503E+01  -0.566386303E+01  -0.569183303E+01  -0.650484903E+01  -0.753093503E+01  -0.702563503E+01  -0.167792303E+01   0.365528697E+01  -0.138414303E+01  -0.249045303E+01  -0.903773027E+00
   0.600039308E+05   0.500000000E+04  -0.463285235E+01  -0.584094135E+01  -0.656663705E+01  -0.684167635E+01  -0.696485435E+01  -0.548669235E+01  -0.551466235E+01  -0.632767835E+01  -0.735376435E+01  -0.684846435E+01  -0.150075235E+01   0.383245765E+01  -0.120697235E+01  -0.231328235E+01  -0.726602352E+00
   0.700067147E+05   0.500000000E+04  -0.449770800E+01  -0.570579700E+01  -0.643149270E+01  -0.670653200E+01  -0.682971000E+01  -0.535154800E+01  -0.537951800E+01  -0.619253400E+01  -0.721862000E+01  -0.671332000E+01  -0.136560800E+01   0.396760200E+01  -0.107182800E+01  -0.217813800E+01  -0.591458001E+00
   0.800097726E+05   0.500000000E+04  -0.437627802E+01  -0.558436702E+01  -0.631006272E+01  -0.658510202E+01  -0.670828002E+01  -0.523011802E+01  -0.525808802E+01  -0.607110402E+01  -0.709719002E+01  -0.659189002E+01  -0.124417802E+01   0.408903198E+01  -0.950398023E+00  -0.205670802E+01  -0.470028023E+00
   0.900196193E+05   0.500000000E+04  -0.426644114E+01  -0.547453014E+01  -0.620022584E+01  -0.647526514E+01  -0.659844314E+01  -0.512028114E+01  -0.514825114E+01  -0.596126714E+01  -0.698735314E+01  -0.648205314E+01  -0.113434114E+01   0.419886886E+01  -0.840561136E+00  -0.194687114E+01  -0.360191136E+00
   0.100043978E+06   0.500000000E+04  -0.417435605E+01  -0.538244505E+01  -0.610814075E+01  -0.638318005E+01  -0.650635805E+01  -0.502819605E+01  -0.505616605E+01  -0.586918205E+01  -0.689526805E+01  -0.638996805E+01  -0.104225605E+01   0.429095395E+01  -0.748476055E+00  -0.185478605E+01  -0.268106055E+00
   0.110020508E+06   0.500000000E+04  -0.409997241E+01  -0.530806141E+01  -0.603375711E+01  -0.630879641E+01  -0.643197441E+01  -0.495381241E+01  -0.498178241E+01  -0.579479841E+01  -0.682088441E+01  -0.631558441E+01  -0.967872411E+00   0.436533759E+01  -0.674092411E+00  -0.178040241E+01  -0.193722411E+00
   0.120021305E+06   0.500000000E+04  -0.402032833E+01  -0.522841733E+01  -0.595411303E+01  -0.622915233E+01  -0.635233033E+01  -0.487416833E+01  -0.490213833E+01  -0.571515433E+01  -0.674124033E+01  -0.623594033E+01  -0.888228327E+00   0.444498167E+01  -0.594448327E+00  -0.170075833E+01  -0.114078327E+00
   0.130025421E+06   0.500000000E+04  -0.395508369E+01  -0.516317269E+01  -0.588886839E+01  -0.616390769E+01  -0.628708569E+01  -0.480892369E+01  -0.483689369E+01  -0.564990969E+01  -0.667599569E+01  -0.617069569E+01  -0.822983686E+00   0.451022631E+01  -0.529203686E+00  -0.163551369E+01  -0.488336863E-01
   0.140038776E+06   0.500000000E+04  -0.389488164E+01  -0.510297064E+01  -0.582866634E+01  -0.610370564E+01  -0.622688364E+01  -0.474872164E+01  -0.477669164E+01  -0.558970764E+01  -0.661579364E+01  -0.611049364E+01  -0.762781643E+00   0.457042836E+01  -0.469001643E+00  -0.157531164E+01   0.113683574E-01
   0.150037051E+06   0.500000000E+04  -0.383959417E+01  -0.504768317E+01  -0.577337887E+01  -0.604841817E+01  -0.617159617E+01  -0.469343417E+01  -0.472140417E+01  -0.553442017E+01  -0.656050617E+01  -0.605520617E+01  -0.707494175E+00   0.462571583E+01  -0.413714175E+00  -0.152002417E+01   0.666558251E-01
   0.160030931E+06   0.500000000E+04  -0.378837621E+01  -0.499646521E+01  -0.572216091E+01  -0.599720021E+01  -0.612037821E+01  -0.464221621E+01  -0.467018621E+01  -0.548320221E+01  -0.650928821E+01  -0.600398821E+01  -0.656276206E+00   0.467693379E+01  -0.362496206E+00  -0.146880621E+01   0.117873794E+00
   0.170039672E+06   0.500000000E+04  -0.374057352E+01  -0.494866252E+01  -0.567435822E+01  -0.594939752E+01  -0.607257552E+01  -0.459441352E+01  -0.462238352E+01  -0.543539952E+01  -0.646148552E+01  -0.595618552E+01  -0.608473518E+00   0.472473648E+01  -0.314693518E+00  -0.142100352E+01   0.165676482E+00
   0.180042482E+06   0.500000000E+04  -0.369587041E+01  -0.490395941E+01  -0.562965511E+01  -0.590469441E+01  -0.602787241E+01  -0.454971041E+01  -0.457768041E+01  -0.539069641E+01  -0.641678241E+01  -0.591148241E+01  -0.563770407E+00   0.476943959E+01  -0.269990407E+00  -0.137630041E+01   0.210379593E+00
   0.190017097E+06   0.500000000E+04  -0.365968779E+01  -0.486777679E+01  -0.559347249E+01  -0.586851179E+01  -0.599168979E+01  -0.451352779E+01  -0.454149779E+01  -0.535451379E+01  -0.638059979E+01  -0.587529979E+01  -0.527587786E+00   0.480562221E+01  -0.233807786E+00  -0.134011779E+01   0.246562214E+00
   0.200003194E+06   0.500000000E+04  -0.509542612E+01  -0.630351512E+01  -0.702921082E+01  -0.730425012E+01  -0.742742812E+01  -0.594926612E+01  -0.597723612E+01  -0.679025212E+01  -0.781633812E+01  -0.731103812E+01  -0.196332612E+01   0.336988388E+01  -0.166954612E+01  -0.277585612E+01  -0.118917612E+01
   0.210039013E+06   0.500000000E+04  -0.871047223E+01  -0.991856123E+01  -0.106442569E+02  -0.109192962E+02  -0.110424742E+02  -0.956431223E+01  -0.959228223E+01  -0.104052982E+02  -0.114313842E+02  -0.109260842E+02  -0.557837223E+01  -0.245162226E+00  -0.528459223E+01  -0.639090223E+01  -0.480422223E+01
   0.220007296E+06   0.500000000E+04  -0.911648429E+01  -0.103245733E+02  -0.110502690E+02  -0.113253083E+02  -0.114484863E+02  -0.997032429E+01  -0.999829429E+01  -0.108113103E+02  -0.118373963E+02  -0.113320963E+02  -0.598438429E+01  -0.651174288E+00  -0.569060429E+01  -0.679691429E+01  -0.521023429E+01
   0.230005166E+06   0.500000000E+04  -0.989025772E+01  -0.110983467E+02  -0.118240424E+02  -0.120990817E+02  -0.122222597E+02  -0.107440977E+02  -0.107720677E+02  -0.115850837E+02  -0.126111697E+02  -0.121058697E+02  -0.675815772E+01  -0.142494772E+01  -0.646437772E+01  -0.757068772E+01  -0.598400772E+01
   0.240000742E+06   0.186287650E+05  -0.167306370E+02  -0.165093123E+02  -0.161768972E+02  -0.158990154E+02  -0.156189330E+02  -0.175138678E+02  -0.164826610E+02  -0.163487387E+02  -0.162400048E+02  -0.163260736E+02  -0.167342331E+02  -0.162061373E+02  -0.167350307E+02  -0.167692346E+02  -0.166116059E+02
   0.250000065E+06   0.932729732E+05  -0.196425211E+02  -0.191187309E+02  -0.185516735E+02  -0.181539498E+02  -0.177893525E+02  -0.204134356E+02  -0.191552891E+02  -0.188113508E+02  -0.184576652E+02  -0.186762698E+02  -0.204888933E+02  -0.211242730E+02  -0.205028233E+02  -0.203129823E+02  -0.207237790E+02
   0.260000456E+06   0.592088068E+05  -0.191143586E+02  -0.186275731E+02  -0.180902229E+02  -0.177079226E+02  -0.173548098E+02  -0.198867139E+02  -0.186563304E+02  -0.183387336E+02  -0.180165145E+02  -0.182178937E+02  -0.198578375E+02  -0.203576710E+02  -0.198714738E+02  -0.197027687E+02  -0.200485302E+02
   0.270003893E+06   0.461099155E+05  -0.188667407E+02  -0.184103221E+02  -0.178970616E+02  -0.175271686E+02  -0.171831807E+02  -0.196402875E+02  -0.184327002E+02  -0.181365294E+02  -0.178396668E+02  -0.180272163E+02  -0.195249640E+02  -0.199097703E+02  -0.195380917E+02  -0.193882174E+02  -0.196787552E+02
   0.280003173E+06   0.404608299E+05  -0.187893765E+02  -0.183528401E+02  -0.178552247E+02  -0.174933635E+02  -0.171553359E+02  -0.195637173E+02  -0.183710518E+02  -0.180888331E+02  -0.178083685E+02  -0.179870026E+02  -0.193915738E+02  -0.196998496E+02  -0.194042398E+02  -0.192677179E+02  -0.195210795E+02
   0.290002364E+06   0.369108943E+05  -0.187651991E+02  -0.183446135E+02  -0.178594790E+02  -0.175040108E+02  -0.171706836E+02  -0.195401778E+02  -0.183594882E+02  -0.180884063E+02  -0.178210169E+02  -0.179925556E+02  -0.193224159E+02  -0.195688345E+02  -0.193346308E+02  -0.192089536E+02  -0.194324399E+02
   0.300000430E+06   0.343634817E+05  -0.187658961E+02  -0.183590716E+02  -0.178846759E+02  -0.175346962E+02  -0.172053820E+02  -0.195414225E+02  -0.183710650E+02  -0.181095865E+02  -0.178534145E+02  -0.180188614E+02  -0.192842718E+02  -0.194770428E+02  -0.192960408E+02  -0.191799442E+02  -0.193774980E+02
   0.310000308E+06   0.323924159E+05  -0.187793115E+02  -0.183847938E+02  -0.179199767E+02  -0.175748686E+02  -0.172491412E+02  -0.195553417E+02  -0.183942253E+02  -0.181413002E+02  -0.178951168E+02  -0.180551548E+02  -0.192629901E+02  -0.194076619E+02  -0.192743082E+02  -0.191670889E+02  -0.193412412E+02
   0.320001099E+06   0.307695813E+05  -0.187980482E+02  -0.184149886E+02  -0.179590503E+02  -0.176184739E+02  -0.172960900E+02  -0.195745419E+02  -0.184220222E+02  -0.181770511E+02  -0.179401205E+02  -0.180951509E+02  -0.192494588E+02  -0.193493016E+02  -0.192603273E+02  -0.191615146E+02  -0.193138220E+02
   0.330002114E+06   0.294260312E+05  -0.188215998E+02  -0.184491379E+02  -0.180014040E+02  -0.176649980E+02  -0.173457155E+02  -0.195985292E+02  -0.184539606E+02  -0.182163380E+02  -0.179879419E+02  -0.181383529E+02  -0.192431982E+02  -0.193015334E+02  -0.192536216E+02  -0.191626715E+02  -0.192947644E+02
   0.340001228E+06   0.282681496E+05  -0.188464066E+02  -0.184839601E+02  -0.180439606E+02  -0.177114847E+02  -0.173951129E+02  -0.196237401E+02  -0.184866888E+02  -0.182559997E+02  -0.180356451E+02  -0.181817175E+02  -0.192398650E+02  -0.192589600E+02  -0.192498349E+02  -0.191664596E+02  -0.192793815E+02
   0.350003536E+06   0.272550941E+05  -0.188696829E+02  -0.185168113E+02  -0.180841859E+02  -0.177554468E+02  -0.174418525E+02  -0.196474109E+02  -0.185175440E+02  -0.182934576E+02  -0.180807757E+02  -0.182227095E+02  -0.192363007E+02  -0.192179156E+02  -0.192458106E+02  -0.191698224E+02  -0.192643544E+02
   0.360004597E+06   0.264928998E+05  -0.188851474E+02  -0.185400569E+02  -0.181134141E+02  -0.177877132E+02  -0.174763850E+02  -0.196631970E+02  -0.185391714E+02  -0.183204478E+02  -0.181139873E+02  -0.182525601E+02  -0.192299840E+02  -0.191811476E+02  -0.192391002E+02  -0.191692038E+02  -0.192487604E+02
   0.370004725E+06   0.259729426E+05  -0.188935337E+02  -0.185539232E+02  -0.181314905E+02  -0.178079312E+02  -0.174981959E+02  -0.196718093E+02  -0.185518985E+02  -0.183369520E+02  -0.181348685E+02  -0.182710757E+02  -0.192230386E+02  -0.191527578E+02  -0.192318721E+02  -0.191662894E+02  -0.192352923E+02
   0.380006559E+06   0.254163648E+05  -0.189026689E+02  -0.185694257E+02  -0.181518742E+02  -0.178307972E+02  -0.175228040E+02  -0.196812051E+02  -0.185660708E+02  -0.183555157E+02  -0.181585026E+02  -0.182919770E+02  -0.192143801E+02  -0.191191924E+02  -0.192228741E+02  -0.191623785E+02  -0.192190977E+02
   0.390008522E+06   0.249031188E+05  -0.189135988E+02  -0.185863327E+02  -0.181733618E+02  -0.178546156E+02  -0.175482540E+02  -0.196923805E+02  -0.185817309E+02  -0.183752950E+02  -0.181830409E+02  -0.183139507E+02  -0.192086167E+02  -0.190900553E+02  -0.192167869E+02  -0.191610842E+02  -0.192062696E+02
   0.400011645E+06   0.244085099E+05  -0.189269047E+02  -0.186058360E+02  -0.181976084E+02  -0.178812808E+02  -0.175765960E+02  -0.197059450E+02  -0.185999482E+02  -0.183977709E+02  -0.182104481E+02  -0.183387018E+02  -0.192046558E+02  -0.190618882E+02  -0.192124699E+02  -0.191618072E+02  -0.191950231E+02
   0.410009109E+06   0.239336877E+05  -0.189421023E+02  -0.186270661E+02  -0.182234543E+02  -0.179094785E+02  -0.176064052E+02  -0.197213944E+02  -0.186199258E+02  -0.184218937E+02  -0.182393672E+02  -0.183650380E+02  -0.192030539E+02  -0.190367349E+02  -0.192105188E+02  -0.191647761E+02  -0.191863389E+02
   0.420006114E+06   0.234726751E+05  -0.189588334E+02  -0.186501500E+02  -0.182513927E+02  -0.179398786E+02  -0.176383821E+02  -0.197383906E+02  -0.186416865E+02  -0.184480203E+02  -0.182705234E+02  -0.183934880E+02  -0.192021374E+02  -0.190110759E+02  -0.192092197E+02  -0.191687418E+02  -0.191780186E+02
   0.430003896E+06   0.230136285E+05  -0.189761914E+02  -0.186738336E+02  -0.182799101E+02  -0.179708474E+02  -0.176709207E+02  -0.197560126E+02  -0.186640527E+02  -0.184747337E+02  -0.183022450E+02  -0.184225150E+02  -0.192019231E+02  -0.189862246E+02  -0.192086244E+02  -0.191733888E+02  -0.191704320E+02
   0.440000434E+06   0.225658251E+05  -0.189943035E+02  -0.186987417E+02  -0.183099938E+02  -0.180035567E+02  -0.177052701E+02  -0.197744087E+02  -0.186875453E+02  -0.185028838E+02  -0.183357712E+02  -0.184531521E+02  -0.192012348E+02  -0.189591320E+02  -0.192074993E+02  -0.191779854E+02  -0.191618963E+02
   0.450005023E+06   0.221317919E+05  -0.190147856E+02  -0.187258297E+02  -0.183421123E+02  -0.180382273E+02  -0.177415336E+02  -0.197951668E+02  -0.187132575E+02  -0.185331229E+02  -0.183712361E+02  -0.184858088E+02  -0.192034440E+02  -0.189356769E+02  -0.192092832E+02  -0.191853336E+02  -0.191564796E+02
   0.460009338E+06   0.217077701E+05  -0.190347862E+02  -0.187527691E+02  -0.183743284E+02  -0.180731237E+02  -0.177780739E+02  -0.198154570E+02  -0.187387504E+02  -0.185633686E+02  -0.184069553E+02  -0.185185887E+02  -0.192043017E+02  -0.189096445E+02  -0.192096756E+02  -0.191916121E+02  -0.191494723E+02
   0.470009324E+06   0.213040245E+05  -0.190536135E+02  -0.187784116E+02  -0.184051509E+02  -0.181065787E+02  -0.178131317E+02  -0.198345685E+02  -0.187629717E+02  -0.185922572E+02  -0.184412137E+02  -0.185499644E+02  -0.192043467E+02  -0.188833047E+02  -0.192092563E+02  -0.191969906E+02  -0.191418501E+02
   0.480007573E+06   0.209198862E+05  -0.190713645E+02  -0.188028022E+02  -0.184345862E+02  -0.181385762E+02  -0.178466976E+02  -0.198525971E+02  -0.187859781E+02  -0.186198084E+02  -0.184739949E+02  -0.185799380E+02  -0.192038214E+02  -0.188570975E+02  -0.192082708E+02  -0.192016703E+02  -0.191338698E+02
   0.490000660E+06   0.205538585E+05  -0.190882301E+02  -0.188265565E+02  -0.184635674E+02  -0.181702075E+02  -0.178799796E+02  -0.198697534E+02  -0.188082977E+02  -0.186468350E+02  -0.185064424E+02  -0.186094756E+02  -0.192018037E+02  -0.188285172E+02  -0.192057480E+02  -0.192050844E+02  -0.191241692E+02
   0.500000938E+06   0.202034893E+05  -0.191040591E+02  -0.188489794E+02  -0.184909936E+02  -0.182001703E+02  -0.179115226E+02  -0.198858605E+02  -0.188293471E+02  -0.186723902E+02  -0.185371865E+02  -0.186374343E+02  -0.191995571E+02  -0.188008443E+02  -0.192030179E+02  -0.192080373E+02  -0.191145683E+02
   0.510002299E+06   0.198674989E+05  -0.191189066E+02  -0.188704511E+02  -0.185174898E+02  -0.182292117E+02  -0.179421694E+02  -0.199009877E+02  -0.188494407E+02  -0.186970087E+02  -0.185670103E+02  -0.186644663E+02  -0.191962878E+02  -0.187720845E+02  -0.191992505E+02  -0.192099741E+02  -0.191039008E+02
   0.520006440E+06   0.195443538E+05  -0.191328114E+02  -0.188911710E+02  -0.185433768E+02  -0.182577130E+02  -0.179723478E+02  -0.199151804E+02  -0.188687453E+02  -0.187209666E+02  -0.185963130E+02  -0.186909059E+02  -0.191916118E+02  -0.187412563E+02  -0.191940445E+02  -0.192106299E+02  -0.190915985E+02
   0.530009311E+06   0.192328867E+05  -0.191457140E+02  -0.189106424E+02  -0.185678285E+02  -0.182846845E+02  -0.180009358E+02  -0.199283605E+02  -0.188868524E+02  -0.187435589E+02  -0.186240569E+02  -0.187158903E+02  -0.191866050E+02  -0.187110425E+02  -0.191885269E+02  -0.192107623E+02  -0.190792411E+02
   0.540009614E+06   0.189320312E+05  -0.191575579E+02  -0.189290155E+02  -0.185911476E+02  -0.183105061E+02  -0.180284161E+02  -0.199404808E+02  -0.189038684E+02  -0.187650302E+02  -0.186506464E+02  -0.187397388E+02  -0.191806814E+02  -0.186801039E+02  -0.191820854E+02  -0.192099632E+02  -0.190660331E+02
   0.550004272E+06   0.186410356E+05  -0.191683071E+02  -0.189466904E+02  -0.186140546E+02  -0.183360612E+02  -0.180558975E+02  -0.199515254E+02  -0.189201000E+02  -0.187859788E+02  -0.186770163E+02  -0.187632074E+02  -0.191726934E+02  -0.186457109E+02  -0.191735154E+02  -0.192074634E+02  -0.190503890E+02
   0.560008910E+06   0.183587471E+05  -0.191781114E+02  -0.189632132E+02  -0.186356530E+02  -0.183602284E+02  -0.180819335E+02  -0.199616163E+02  -0.189352226E+02  -0.188056773E+02  -0.187019739E+02  -0.187853506E+02  -0.191643211E+02  -0.186117239E+02  -0.191645786E+02  -0.192044152E+02  -0.190345898E+02
   0.570006350E+06   0.180849836E+05  -0.191869666E+02  -0.189785840E+02  -0.186559460E+02  -0.183830126E+02  -0.181065301E+02  -0.199707494E+02  -0.189492355E+02  -0.188241279E+02  -0.187255247E+02  -0.188061720E+02  -0.191555487E+02  -0.185781101E+02  -0.191552587E+02  -0.192008059E+02  -0.190186146E+02
   0.580003622E+06   0.178191551E+05  -0.191946670E+02  -0.189931963E+02  -0.186757719E+02  -0.184054746E+02  -0.181313829E+02  -0.199787463E+02  -0.189624081E+02  -0.188420021E+02  -0.187487979E+02  -0.188265598E+02  -0.191446632E+02  -0.185410164E+02  -0.191437673E+02  -0.191954895E+02  -0.190002143E+02
   0.590008537E+06   0.175606124E+05  -0.192013865E+02  -0.190069058E+02  -0.186947505E+02  -0.184271162E+02  -0.181556384E+02  -0.199857665E+02  -0.189746621E+02  -0.188590080E+02  -0.187712591E+02  -0.188461072E+02  -0.191326348E+02  -0.185025442E+02  -0.191311159E+02  -0.191891314E+02  -0.189806391E+02
   0.600002537E+06   0.173092305E+05  -0.192072848E+02  -0.190196004E+02  -0.187125683E+02  -0.184475233E+02  -0.181785869E+02  -0.199919572E+02  -0.189859414E+02  -0.188749078E+02  -0.187924630E+02  -0.188644780E+02  -0.191203043E+02  -0.184645024E+02  -0.191181796E+02  -0.191823143E+02  -0.189609708E+02
   0.610001982E+06   0.170644539E+05  -0.192124483E+02  -0.190313817E+02  -0.187293381E+02  -0.184668142E+02  -0.182003526E+02  -0.199974053E+02  -0.189963445E+02  -0.188898099E+02  -0.188125299E+02  -0.188817863E+02  -0.191077181E+02  -0.184268804E+02  -0.191050034E+02  -0.191750965E+02  -0.189412395E+02
   0.620008208E+06   0.168263143E+05  -0.192164860E+02  -0.190425322E+02  -0.187458438E+02  -0.184860316E+02  -0.182214982E+02  -0.200017504E+02  -0.190060154E+02  -0.189043093E+02  -0.188325734E+02  -0.188988715E+02  -0.190928153E+02  -0.183852308E+02  -0.190894242E+02  -0.191657056E+02  -0.189188140E+02
   0.630007993E+06   0.165949163E+05  -0.192197029E+02  -0.190529037E+02  -0.187616000E+02  -0.185045159E+02  -0.182416833E+02  -0.200052769E+02  -0.190148990E+02  -0.189180477E+02  -0.188518861E+02  -0.189152108E+02  -0.190770249E+02  -0.183425890E+02  -0.190729397E+02  -0.191553753E+02  -0.188955078E+02
   0.640008948E+06   0.163697635E+05  -0.192222816E+02  -0.190624439E+02  -0.187763795E+02  -0.185219500E+02  -0.182607722E+02  -0.200081569E+02  -0.190229915E+02  -0.189308638E+02  -0.188701262E+02  -0.189305577E+02  -0.190611093E+02  -0.183005467E+02  -0.190563486E+02  -0.191447724E+02  -0.188722793E+02
   0.650000775E+06   0.161507663E+05  -0.192242593E+02  -0.190711927E+02  -0.187902244E+02  -0.185383768E+02  -0.182788087E+02  -0.200104275E+02  -0.190303321E+02  -0.189427991E+02  -0.188873371E+02  -0.189449545E+02  -0.190450984E+02  -0.182591233E+02  -0.190396807E+02  -0.191339289E+02  -0.188491552E+02
   0.660005749E+06   0.159373077E+05  -0.192254355E+02  -0.190792669E+02  -0.188034864E+02  -0.185542684E+02  -0.182963112E+02  -0.200119029E+02  -0.190369708E+02  -0.189541163E+02  -0.189040254E+02  -0.189587785E+02  -0.190280189E+02  -0.182162384E+02  -0.190219106E+02  -0.191220526E+02  -0.188248937E+02
   0.670005402E+06   0.157295654E+05  -0.192255059E+02  -0.190867481E+02  -0.188165328E+02  -0.185701380E+02  -0.183138469E+02  -0.200122961E+02  -0.190429074E+02  -0.189650749E+02  -0.189207468E+02  -0.189724284E+02  -0.190086325E+02  -0.181693137E+02  -0.190017349E+02  -0.191081197E+02  -0.187979352E+02
   0.680006771E+06   0.155272310E+05  -0.192251143E+02  -0.190935744E+02  -0.188287794E+02  -0.185851343E+02  -0.183304659E+02  -0.200122189E+02  -0.190482293E+02  -0.189752880E+02  -0.189365726E+02  -0.189852628E+02  -0.189892907E+02  -0.181231504E+02  -0.189816241E+02  -0.190940893E+02  -0.187712182E+02
   0.690003053E+06   0.153303675E+05  -0.192242847E+02  -0.190997675E+02  -0.188402463E+02  -0.185992766E+02  -0.183461871E+02  -0.200116952E+02  -0.190529588E+02  -0.189847765E+02  -0.189515221E+02  -0.189973016E+02  -0.189700233E+02  -0.180777868E+02  -0.189616087E+02  -0.190799898E+02  -0.187447752E+02
   0.700002639E+06   0.151385531E+05  -0.192230483E+02  -0.191053737E+02  -0.188509910E+02  -0.186126280E+02  -0.183610768E+02  -0.200107568E+02  -0.190571388E+02  -0.189935934E+02  -0.189656600E+02  -0.190086035E+02  -0.189508219E+02  -0.180331585E+02  -0.189416784E+02  -0.190658237E+02  -0.187185821E+02
   0.710000261E+06   0.149518181E+05  -0.192211461E+02  -0.191104154E+02  -0.188612436E+02  -0.186255249E+02  -0.183756573E+02  -0.200091580E+02  -0.190607331E+02  -0.190018904E+02  -0.189793548E+02  -0.190194233E+02  -0.189307607E+02  -0.179873777E+02  -0.189208585E+02  -0.190507356E+02  -0.186914847E+02
   0.720001555E+06   0.147698763E+05  -0.192180674E+02  -0.191148936E+02  -0.188713831E+02  -0.186385391E+02  -0.183908330E+02  -0.200064118E+02  -0.190636360E+02  -0.190099035E+02  -0.189932375E+02  -0.190301849E+02  -0.189081126E+02  -0.179369634E+02  -0.188973334E+02  -0.190331317E+02  -0.186613369E+02
   0.730005697E+06   0.145925359E+05  -0.192146835E+02  -0.191188755E+02  -0.188808831E+02  -0.186508411E+02  -0.184052418E+02  -0.200033518E+02  -0.190660823E+02  -0.190173307E+02  -0.190063859E+02  -0.190402913E+02  -0.188856541E+02  -0.178874410E+02  -0.188740201E+02  -0.190155900E+02  -0.186315684E+02
   0.740003181E+06   0.144199512E+05  -0.192110088E+02  -0.191223692E+02  -0.188897470E+02  -0.186624317E+02  -0.184188827E+02  -0.199999925E+02  -0.190680815E+02  -0.190241773E+02  -0.190188003E+02  -0.190497451E+02  -0.188634164E+02  -0.178388651E+02  -0.188509505E+02  -0.189981372E+02  -0.186022168E+02
   0.750008579E+06   0.142516179E+05  -0.192070490E+02  -0.191254010E+02  -0.188980167E+02  -0.186733611E+02  -0.184318119E+02  -0.199963402E+02  -0.190696558E+02  -0.190304796E+02  -0.190305331E+02  -0.190585904E+02  -0.188413508E+02  -0.177911102E+02  -0.188280736E+02  -0.189807386E+02  -0.185732124E+02
   0.760001035E+06   0.140876964E+05  -0.192028442E+02  -0.191280047E+02  -0.189057209E+02  -0.186836553E+02  -0.184440535E+02  -0.199924349E+02  -0.190708401E+02  -0.190362679E+02  -0.190416098E+02  -0.190668551E+02  -0.188195147E+02  -0.177442581E+02  -0.188054474E+02  -0.189634473E+02  -0.185446196E+02
   0.770007176E+06   0.139276077E+05  -0.191977320E+02  -0.191300724E+02  -0.189131616E+02  -0.186938272E+02  -0.184562879E+02  -0.199876402E+02  -0.190714103E+02  -0.190416893E+02  -0.190526062E+02  -0.190748899E+02  -0.187959563E+02  -0.176944804E+02  -0.187810182E+02  -0.189442433E+02  -0.185140728E+02
   0.780002828E+06   0.137714820E+05  -0.191916486E+02  -0.191316181E+02  -0.189204100E+02  -0.187039774E+02  -0.184686395E+02  -0.199818959E+02  -0.190713642E+02  -0.190467931E+02  -0.190636320E+02  -0.190827729E+02  -0.187704334E+02  -0.176412748E+02  -0.187545288E+02  -0.189228677E+02  -0.184812744E+02
   0.790000068E+06   0.136191358E+05  -0.191854074E+02  -0.191328213E+02  -0.189271778E+02  -0.187135769E+02  -0.184803871E+02  -0.199759856E+02  -0.190710140E+02  -0.190514682E+02  -0.190740858E+02  -0.190901600E+02  -0.187452232E+02  -0.175890522E+02  -0.187283757E+02  -0.189017045E+02  -0.184489649E+02
   0.800007219E+06   0.134705043E+05  -0.191789964E+02  -0.191336732E+02  -0.189334586E+02  -0.187226203E+02  -0.184915262E+02  -0.199698975E+02  -0.190703505E+02  -0.190557074E+02  -0.190839627E+02  -0.190970450E+02  -0.187203058E+02  -0.175377809E+02  -0.187025382E+02  -0.188807353E+02  -0.184171213E+02
   0.810004045E+06   0.133264236E+05  -0.191725714E+02  -0.191342888E+02  -0.189393368E+02  -0.187311766E+02  -0.185021140E+02  -0.199637855E+02  -0.190694970E+02  -0.190596066E+02  -0.190933270E+02  -0.191035089E+02  -0.186959411E+02  -0.174878693E+02  -0.186772817E+02  -0.188601980E+02  -0.183860424E+02
   0.820001905E+06   0.131846261E+05  -0.191658518E+02  -0.191344981E+02  -0.189447254E+02  -0.187392008E+02  -0.185121376E+02  -0.199573738E+02  -0.190682605E+02  -0.190630475E+02  -0.191021464E+02  -0.191094739E+02  -0.186715660E+02  -0.174383521E+02  -0.186520288E+02  -0.188395896E+02  -0.183550596E+02
   0.830003795E+06   0.130463279E+05  -0.191590555E+02  -0.191344596E+02  -0.189497385E+02  -0.187467844E+02  -0.185216711E+02  -0.199508778E+02  -0.190668120E+02  -0.190661608E+02  -0.191105056E+02  -0.191150491E+02  -0.186475498E+02  -0.173898143E+02  -0.186271566E+02  -0.188192472E+02  -0.183245987E+02
   0.840007357E+06   0.129115172E+05  -0.191509684E+02  -0.191337840E+02  -0.189545975E+02  -0.187544602E+02  -0.185314753E+02  -0.199431229E+02  -0.190645887E+02  -0.190689338E+02  -0.191190326E+02  -0.191205272E+02  -0.186208261E+02  -0.173364601E+02  -0.185994338E+02  -0.187963229E+02  -0.182910486E+02
   0.850000875E+06   0.127800188E+05  -0.191422287E+02  -0.191326945E+02  -0.189592185E+02  -0.187619877E+02  -0.185411950E+02  -0.199347274E+02  -0.190619011E+02  -0.190714003E+02  -0.191274391E+02  -0.191257883E+02  -0.185929622E+02  -0.172812275E+02  -0.185705113E+02  -0.187722767E+02  -0.182562482E+02
   0.860002371E+06   0.126514725E+05  -0.191334569E+02  -0.191314012E+02  -0.189635073E+02  -0.187691178E+02  -0.185504681E+02  -0.199262920E+02  -0.190590455E+02  -0.190735831E+02  -0.191354284E+02  -0.191307030E+02  -0.185654955E+02  -0.172270064E+02  -0.185420098E+02  -0.187485419E+02  -0.182220007E+02
   0.870008288E+06   0.125258310E+05  -0.191246562E+02  -0.191299099E+02  -0.189674722E+02  -0.187758597E+02  -0.185593046E+02  -0.199178201E+02  -0.190560273E+02  -0.190754894E+02  -0.191430101E+02  -0.191352794E+02  -0.185384224E+02  -0.171737836E+02  -0.185139253E+02  -0.187251164E+02  -0.181883000E+02
   0.880005896E+06   0.124031278E+05  -0.191158436E+02  -0.191282358E+02  -0.189711266E+02  -0.187822263E+02  -0.185677167E+02  -0.199093286E+02  -0.190528621E+02  -0.190771335E+02  -0.191501968E+02  -0.191395312E+02  -0.185117647E+02  -0.171215877E+02  -0.184862799E+02  -0.187020211E+02  -0.181551697E+02
   0.890006348E+06   0.122832012E+05  -0.191070026E+02  -0.191263718E+02  -0.189744705E+02  -0.187882209E+02  -0.185757107E+02  -0.199008014E+02  -0.190495405E+02  -0.190785125E+02  -0.191569930E+02  -0.191434589E+02  -0.184854824E+02  -0.170703450E+02  -0.184590322E+02  -0.186792205E+02  -0.181225612E+02
   0.900002189E+06   0.121660523E+05  -0.190981446E+02  -0.191243292E+02  -0.189775152E+02  -0.187938549E+02  -0.185832977E+02  -0.198922500E+02  -0.190460742E+02  -0.190796378E+02  -0.191634100E+02  -0.191470738E+02  -0.184595871E+02  -0.170200675E+02  -0.184321938E+02  -0.186567262E+02  -0.180904863E+02
   0.910005389E+06   0.120515024E+05  -0.190892490E+02  -0.191220978E+02  -0.189802582E+02  -0.187991299E+02  -0.185904823E+02  -0.198836543E+02  -0.190424507E+02  -0.190805041E+02  -0.191694506E+02  -0.191503745E+02  -0.184340322E+02  -0.169706714E+02  -0.184057168E+02  -0.186344970E+02  -0.180588889E+02
   0.920006732E+06   0.119393754E+05  -0.190791419E+02  -0.191192434E+02  -0.189828134E+02  -0.188044409E+02  -0.185978043E+02  -0.198738762E+02  -0.190380798E+02  -0.190810137E+02  -0.191755959E+02  -0.191535398E+02  -0.184060328E+02  -0.169169561E+02  -0.183766572E+02  -0.186098855E+02  -0.180245772E+02
   0.930006547E+06   0.118295011E+05  -0.190680603E+02  -0.191158761E+02  -0.189851970E+02  -0.188097559E+02  -0.186052077E+02  -0.198631468E+02  -0.190330984E+02  -0.190812192E+02  -0.191817988E+02  -0.191565747E+02  -0.183760988E+02  -0.168598425E+02  -0.183455530E+02  -0.185833818E+02  -0.179881265E+02
   0.940004972E+06   0.117219888E+05  -0.190570147E+02  -0.191123789E+02  -0.189873270E+02  -0.188147543E+02  -0.186122498E+02  -0.198524457E+02  -0.190280219E+02  -0.190812180E+02  -0.191876662E+02  -0.191593420E+02  -0.183466060E+02  -0.168037543E+02  -0.183149152E+02  -0.185572455E+02  -0.179522571E+02
   0.950007685E+06   0.116167358E+05  -0.190459865E+02  -0.191087405E+02  -0.189891975E+02  -0.188194330E+02  -0.186189291E+02  -0.198417549E+02  -0.190228373E+02  -0.190810021E+02  -0.191931956E+02  -0.191618365E+02  -0.183175183E+02  -0.167486302E+02  -0.182847065E+02  -0.185314438E+02  -0.179169269E+02
   0.960004541E+06   0.115137327E+05  -0.190349991E+02  -0.191049849E+02  -0.189908332E+02  -0.188238168E+02  -0.186252708E+02  -0.198310976E+02  -0.190175687E+02  -0.190805959E+02  -0.191984118E+02  -0.191640828E+02  -0.182888574E+02  -0.166944895E+02  -0.182549487E+02  -0.185059987E+02  -0.178821569E+02
   0.970000683E+06   0.114128723E+05  -0.190240451E+02  -0.191011124E+02  -0.189922396E+02  -0.188279142E+02  -0.186312853E+02  -0.198204669E+02  -0.190122145E+02  -0.190800030E+02  -0.192033244E+02  -0.191660871E+02  -0.182605976E+02  -0.166412798E+02  -0.182256147E+02  -0.184808877E+02  -0.178479150E+02
   0.980005098E+06   0.113139454E+05  -0.190131164E+02  -0.190971293E+02  -0.189934344E+02  -0.188317483E+02  -0.186369998E+02  -0.198098552E+02  -0.190067781E+02  -0.190792367E+02  -0.192079580E+02  -0.191678683E+02  -0.182326948E+02  -0.165889054E+02  -0.181966583E+02  -0.184560734E+02  -0.178141449E+02
   0.990003508E+06   0.112170166E+05  -0.190022271E+02  -0.190930454E+02  -0.189944238E+02  -0.188353238E+02  -0.186424177E+02  -0.197992766E+02  -0.190012704E+02  -0.190783047E+02  -0.192123168E+02  -0.191694323E+02  -0.182051743E+02  -0.165374077E+02  -0.181681055E+02  -0.184315790E+02  -0.177808755E+02
   0.100000696E+07   0.111219222E+05  -0.189913671E+02  -0.190888620E+02  -0.189952176E+02  -0.188386547E+02  -0.186475562E+02  -0.197887214E+02  -0.189956900E+02  -0.190772134E+02  -0.192164163E+02  -0.191707898E+02  -0.181779978E+02  -0.164867077E+02  -0.181399163E+02  -0.184073714E+02  -0.177480590E+02
   0.101000802E+07   0.110287096E+05  -0.189805387E+02  -0.190845780E+02  -0.189958124E+02  -0.188417364E+02  -0.186524097E+02  -0.197781917E+02  -0.189900368E+02  -0.190759605E+02  -0.192202514E+02  -0.191719372E+02  -0.181511758E+02  -0.164368277E+02  -0.181121015E+02  -0.183834595E+02  -0.177157086E+02
   0.102000337E+07   0.109373389E+05  -0.189679262E+02  -0.190793741E+02  -0.189961272E+02  -0.188448699E+02  -0.186575408E+02  -0.197659214E+02  -0.189832807E+02  -0.190741779E+02  -0.192242402E+02  -0.191728836E+02  -0.181208029E+02  -0.163806617E+02  -0.180805231E+02  -0.183566855E+02  -0.176794735E+02
   0.103000664E+07   0.108475770E+05  -0.189545478E+02  -0.190737211E+02  -0.189962273E+02  -0.188479104E+02  -0.186626612E+02  -0.197529016E+02  -0.189760085E+02  -0.190720886E+02  -0.192281737E+02  -0.191736446E+02  -0.180890395E+02  -0.163221233E+02  -0.180474707E+02  -0.183287935E+02  -0.176417517E+02
   0.104000411E+07   0.107595164E+05  -0.189412578E+02  -0.190680100E+02  -0.189961603E+02  -0.188507281E+02  -0.186675193E+02  -0.197399633E+02  -0.189687089E+02  -0.190698737E+02  -0.192318674E+02  -0.191742260E+02  -0.180577129E+02  -0.162645291E+02  -0.180148796E+02  -0.183012650E+02  -0.176045796E+02
   0.105000240E+07   0.106730748E+05  -0.189280421E+02  -0.190622339E+02  -0.189959246E+02  -0.188533240E+02  -0.186721182E+02  -0.197270929E+02  -0.189613735E+02  -0.190675295E+02  -0.192353232E+02  -0.191746267E+02  -0.180267923E+02  -0.162078238E+02  -0.179827177E+02  -0.182740726E+02  -0.175679210E+02
   0.106000138E+07   0.105882228E+05  -0.189148998E+02  -0.190563944E+02  -0.189955234E+02  -0.188557024E+02  -0.186764627E+02  -0.197142894E+02  -0.189540033E+02  -0.190650587E+02  -0.192385458E+02  -0.191748503E+02  -0.179962706E+02  -0.161519916E+02  -0.179509774E+02  -0.182472105E+02  -0.175317668E+02
   0.107000230E+07   0.105048500E+05  -0.189018255E+02  -0.190504955E+02  -0.189949682E+02  -0.188578783E+02  -0.186805704E+02  -0.197015481E+02  -0.189466005E+02  -0.190624700E+02  -0.192415511E+02  -0.191749090E+02  -0.179661198E+02  -0.160969716E+02  -0.179196295E+02  -0.182206557E+02  -0.174960818E+02
   0.108000763E+07   0.104229125E+05  -0.188888179E+02  -0.190445399E+02  -0.189942642E+02  -0.188598584E+02  -0.186844491E+02  -0.196888678E+02  -0.189391668E+02  -0.190597675E+02  -0.192443463E+02  -0.191748083E+02  -0.179363298E+02  -0.160427404E+02  -0.178886628E+02  -0.181943996E+02  -0.174608527E+02
   0.109000215E+07   0.103424818E+05  -0.188758940E+02  -0.190385383E+02  -0.189934176E+02  -0.188616466E+02  -0.186881009E+02  -0.196762651E+02  -0.189317143E+02  -0.190569591E+02  -0.192469346E+02  -0.191745539E+02  -0.179069321E+02  -0.159893510E+02  -0.178581101E+02  -0.181684709E+02  -0.174261160E+02
   0.110000585E+07   0.102633693E+05  -0.188630283E+02  -0.190324814E+02  -0.189924313E+02  -0.188632518E+02  -0.186915393E+02  -0.196637154E+02  -0.189242303E+02  -0.190540431E+02  -0.192493268E+02  -0.191741501E+02  -0.178778626E+02  -0.159366830E+02  -0.178279046E+02  -0.181428135E+02  -0.173917950E+02
   0.111000352E+07   0.101856579E+05  -0.188502374E+02  -0.190263788E+02  -0.189913094E+02  -0.188646756E+02  -0.186947638E+02  -0.196512349E+02  -0.189167259E+02  -0.190510258E+02  -0.192515237E+02  -0.191736004E+02  -0.178491549E+02  -0.158847948E+02  -0.177980809E+02  -0.181174575E+02  -0.173579289E+02
   0.112000072E+07   0.101092453E+05  -0.188375134E+02  -0.190202312E+02  -0.189900594E+02  -0.188659287E+02  -0.186977874E+02  -0.196388161E+02  -0.189091999E+02  -0.190479120E+02  -0.192535369E+02  -0.191729130E+02  -0.178207800E+02  -0.158336268E+02  -0.177686088E+02  -0.180923783E+02  -0.173244817E+02
   0.113000799E+07   0.100340126E+05  -0.188248416E+02  -0.190140343E+02  -0.189886843E+02  -0.188670181E+02  -0.187006200E+02  -0.196264447E+02  -0.189016458E+02  -0.190447019E+02  -0.192553748E+02  -0.191720919E+02  -0.177926990E+02  -0.157831046E+02  -0.177394474E+02  -0.180675421E+02  -0.172914068E+02
   0.114000389E+07   0.996007650E+04  -0.188105149E+02  -0.190069252E+02  -0.189869477E+02  -0.188680334E+02  -0.187035907E+02  -0.196124569E+02  -0.188930223E+02  -0.190409129E+02  -0.192572278E+02  -0.191709787E+02  -0.177615095E+02  -0.157271547E+02  -0.177069814E+02  -0.180400348E+02  -0.172550594E+02
   0.115000433E+07   0.988728457E+04  -0.187948179E+02  -0.189990506E+02  -0.189848940E+02  -0.188689656E+02  -0.187066512E+02  -0.195971302E+02  -0.188835052E+02  -0.190366298E+02  -0.192590706E+02  -0.191696050E+02  -0.177277684E+02  -0.156667667E+02  -0.176718034E+02  -0.180103330E+02  -0.172160308E+02
   0.116000506E+07   0.981564305E+04  -0.187792257E+02  -0.189911573E+02  -0.189827296E+02  -0.188697399E+02  -0.187095201E+02  -0.195819024E+02  -0.188739953E+02  -0.190322711E+02  -0.192607410E+02  -0.191681098E+02  -0.176944174E+02  -0.156071899E+02  -0.176370382E+02  -0.179809574E+02  -0.171774757E+02
   0.117000286E+07   0.974514937E+04  -0.187637399E+02  -0.189832470E+02  -0.189804563E+02  -0.188703583E+02  -0.187121996E+02  -0.195667751E+02  -0.188644943E+02  -0.190278388E+02  -0.192622412E+02  -0.191664951E+02  -0.176614573E+02  -0.155484241E+02  -0.176026865E+02  -0.179519090E+02  -0.171393949E+02
   0.118000348E+07   0.967569676E+04  -0.187483444E+02  -0.189753150E+02  -0.189780783E+02  -0.188708292E+02  -0.187147012E+02  -0.195517328E+02  -0.188549951E+02  -0.190233335E+02  -0.192635808E+02  -0.191647659E+02  -0.176288455E+02  -0.154903878E+02  -0.175687038E+02  -0.179231511E+02  -0.171017381E+02
   0.119000712E+07   0.960724363E+04  -0.187330362E+02  -0.189673629E+02  -0.189756001E+02  -0.188711590E+02  -0.187170324E+02  -0.195367727E+02  -0.188454984E+02  -0.190187588E+02  -0.192647669E+02  -0.191629272E+02  -0.175965688E+02  -0.154330524E+02  -0.175350757E+02  -0.178946728E+02  -0.170644889E+02
   0.120000177E+07   0.953982418E+04  -0.187178265E+02  -0.189593983E+02  -0.189730268E+02  -0.188713512E+02  -0.187191958E+02  -0.195219059E+02  -0.188360125E+02  -0.190141205E+02  -0.192658024E+02  -0.191609837E+02  -0.175646468E+02  -0.153764502E+02  -0.175018229E+02  -0.178664919E+02  -0.170276696E+02
   0.121000772E+07   0.947326081E+04  -0.187026786E+02  -0.189514036E+02  -0.189703548E+02  -0.188714096E+02  -0.187212004E+02  -0.195070966E+02  -0.188265157E+02  -0.190094098E+02  -0.192666935E+02  -0.191589335E+02  -0.175329989E+02  -0.153204354E+02  -0.174688610E+02  -0.178385376E+02  -0.169911865E+02
   0.122000313E+07   0.940768880E+04  -0.186876241E+02  -0.189433956E+02  -0.189675904E+02  -0.188713350E+02  -0.187230430E+02  -0.194923756E+02  -0.188170281E+02  -0.190046371E+02  -0.192674391E+02  -0.191567817E+02  -0.175016900E+02  -0.152651226E+02  -0.174362578E+02  -0.178108674E+02  -0.169551145E+02
   0.123000485E+07   0.934296802E+04  -0.186726319E+02  -0.189353585E+02  -0.189647287E+02  -0.188711282E+02  -0.187247285E+02  -0.194777125E+02  -0.188075306E+02  -0.189997931E+02  -0.192680418E+02  -0.191545246E+02  -0.174706545E+02  -0.152103948E+02  -0.174039447E+02  -0.177834232E+02  -0.169193777E+02
   0.124000793E+07   0.927911313E+04  -0.186577087E+02  -0.189272974E+02  -0.189617738E+02  -0.188707926E+02  -0.187262599E+02  -0.194631142E+02  -0.187980286E+02  -0.189948825E+02  -0.192685051E+02  -0.191521663E+02  -0.174399027E+02  -0.151562676E+02  -0.173719324E+02  -0.177562147E+02  -0.168839875E+02
   0.125000798E+07   0.921612850E+04  -0.186428572E+02  -0.189192143E+02  -0.189587274E+02  -0.188703298E+02  -0.187276387E+02  -0.194485829E+02  -0.187885243E+02  -0.189899070E+02  -0.192688301E+02  -0.191497083E+02  -0.174094382E+02  -0.151027463E+02  -0.173402246E+02  -0.177292452E+02  -0.168489478E+02
   0.126000012E+07   0.915402631E+04  -0.186280823E+02  -0.189111132E+02  -0.189555923E+02  -0.188697422E+02  -0.187288667E+02  -0.194341239E+02  -0.187790218E+02  -0.189848698E+02  -0.192690193E+02  -0.191471533E+02  -0.173792691E+02  -0.150498435E+02  -0.173088296E+02  -0.177025222E+02  -0.168142676E+02
   0.127000226E+07   0.909267799E+04  -0.186133560E+02  -0.189029796E+02  -0.189523645E+02  -0.188690308E+02  -0.187299491E+02  -0.194197097E+02  -0.187695038E+02  -0.189797630E+02  -0.192690753E+02  -0.191444986E+02  -0.173493355E+02  -0.149974521E+02  -0.172776850E+02  -0.176759928E+02  -0.167798776E+02
   0.128000094E+07   0.903214256E+04  -0.185986950E+02  -0.188948239E+02  -0.189490495E+02  -0.188681991E+02  -0.187308873E+02  -0.194053565E+02  -0.187599822E+02  -0.189745940E+02  -0.192690008E+02  -0.191417492E+02  -0.173196687E+02  -0.149456251E+02  -0.172468231E+02  -0.176496851E+02  -0.167458135E+02
   0.129000229E+07   0.897237279E+04  -0.185822688E+02  -0.188856415E+02  -0.189452558E+02  -0.188671760E+02  -0.187318474E+02  -0.193892774E+02  -0.187492776E+02  -0.189687266E+02  -0.192688256E+02  -0.191385914E+02  -0.172868489E+02  -0.148883527E+02  -0.172126000E+02  -0.176205670E+02  -0.167085247E+02
   0.130000069E+07   0.891338004E+04  -0.185638359E+02  -0.188753009E+02  -0.189409333E+02  -0.188659542E+02  -0.187328538E+02  -0.193712366E+02  -0.187372354E+02  -0.189620782E+02  -0.192685557E+02  -0.191349855E+02  -0.172504240E+02  -0.148248390E+02  -0.171745334E+02  -0.175882381E+02  -0.166675427E+02
   0.131000687E+07   0.885509013E+04  -0.185454956E+02  -0.188649565E+02  -0.189365352E+02  -0.188646199E+02  -0.187337210E+02  -0.193532837E+02  -0.187252096E+02  -0.189553820E+02  -0.192681620E+02  -0.191312955E+02  -0.172143061E+02  -0.147619550E+02  -0.171367933E+02  -0.175561672E+02  -0.166269219E+02
   0.132000708E+07   0.879757046E+04  -0.185272714E+02  -0.188546225E+02  -0.189320689E+02  -0.188631770E+02  -0.187344506E+02  -0.193354417E+02  -0.187132164E+02  -0.189486479E+02  -0.192676472E+02  -0.191275279E+02  -0.171785392E+02  -0.146997756E+02  -0.170994256E+02  -0.175243939E+02  -0.165867115E+02
   0.133000345E+07   0.874078757E+04  -0.185091559E+02  -0.188442961E+02  -0.189275351E+02  -0.188616278E+02  -0.187350460E+02  -0.193177036E+02  -0.187012521E+02  -0.189418754E+02  -0.192670143E+02  -0.191236839E+02  -0.171431057E+02  -0.146382679E+02  -0.170624118E+02  -0.174929028E+02  -0.165468915E+02
   0.134000368E+07   0.868468571E+04  -0.184911352E+02  -0.188339711E+02  -0.189229332E+02  -0.188599748E+02  -0.187355119E+02  -0.193000557E+02  -0.186893088E+02  -0.189350617E+02  -0.192662666E+02  -0.191197636E+02  -0.171079747E+02  -0.145773756E+02  -0.170257195E+02  -0.174616670E+02  -0.165074267E+02
   0.135000142E+07   0.862926925E+04  -0.184732137E+02  -0.188236513E+02  -0.189182666E+02  -0.188582210E+02  -0.187358511E+02  -0.192825025E+02  -0.186773906E+02  -0.189282102E+02  -0.192654070E+02  -0.191157702E+02  -0.170731520E+02  -0.145171061E+02  -0.169893545E+02  -0.174306918E+02  -0.164683230E+02
   0.136000193E+07   0.857449726E+04  -0.184553801E+02  -0.188133310E+02  -0.189135338E+02  -0.188563671E+02  -0.187360659E+02  -0.192650330E+02  -0.186654904E+02  -0.189213180E+02  -0.192644369E+02  -0.191117028E+02  -0.170386137E+02  -0.144574171E+02  -0.169532920E+02  -0.173999564E+02  -0.164295536E+02
   0.137000589E+07   0.852036185E+04  -0.184376343E+02  -0.188030112E+02  -0.189087365E+02  -0.188544152E+02  -0.187361587E+02  -0.192476470E+02  -0.186536090E+02  -0.189143863E+02  -0.192633586E+02  -0.191075631E+02  -0.170043574E+02  -0.143983023E+02  -0.169175290E+02  -0.173694586E+02  -0.163911153E+02
   0.138000380E+07   0.846690873E+04  -0.184199918E+02  -0.187927011E+02  -0.189038793E+02  -0.188523676E+02  -0.187361300E+02  -0.192303597E+02  -0.186417570E+02  -0.189074216E+02  -0.192621735E+02  -0.191033552E+02  -0.169704124E+02  -0.143398122E+02  -0.168820965E+02  -0.173392250E+02  -0.163530411E+02
   0.139000461E+07   0.841408388E+04  -0.184024384E+02  -0.187823939E+02  -0.188989609E+02  -0.188502259E+02  -0.187359833E+02  -0.192131574E+02  -0.186299261E+02  -0.189004206E+02  -0.192608841E+02  -0.190990786E+02  -0.169367482E+02  -0.142818914E+02  -0.168469621E+02  -0.173092284E+02  -0.163152962E+02
   0.140000789E+07   0.836188776E+04  -0.183849750E+02  -0.187720905E+02  -0.188939822E+02  -0.188479907E+02  -0.187357195E+02  -0.191960409E+02  -0.186181171E+02  -0.188933840E+02  -0.192594912E+02  -0.190947340E+02  -0.169033657E+02  -0.142245410E+02  -0.168121271E+02  -0.172794699E+02  -0.162778816E+02
   0.141000839E+07   0.831033351E+04  -0.183676097E+02  -0.187617970E+02  -0.188889480E+02  -0.188456662E+02  -0.187353423E+02  -0.191790183E+02  -0.186063366E+02  -0.188863172E+02  -0.192579986E+02  -0.190903260E+02  -0.168702771E+02  -0.141677792E+02  -0.167776037E+02  -0.172499607E+02  -0.162408104E+02
   0.142000660E+07   0.825942487E+04  -0.183503452E+02  -0.187515158E+02  -0.188838601E+02  -0.188432542E+02  -0.187348530E+02  -0.191620920E+02  -0.185945869E+02  -0.188792222E+02  -0.192564081E+02  -0.190858566E+02  -0.168374861E+02  -0.141116114E+02  -0.167433959E+02  -0.172207043E+02  -0.162040867E+02
   0.143000042E+07   0.820916192E+04  -0.183331836E+02  -0.187412490E+02  -0.188787208E+02  -0.188407568E+02  -0.187342540E+02  -0.191452645E+02  -0.185828703E+02  -0.188721012E+02  -0.192547218E+02  -0.190813279E+02  -0.168049951E+02  -0.140560401E+02  -0.167095060E+02  -0.171917030E+02  -0.161677128E+02
   0.144000389E+07   0.815947343E+04  -0.183161028E+02  -0.187309842E+02  -0.188735249E+02  -0.188381726E+02  -0.187335465E+02  -0.191285140E+02  -0.185711722E+02  -0.188649463E+02  -0.192529393E+02  -0.190767356E+02  -0.167727600E+02  -0.140009886E+02  -0.166758881E+02  -0.171629177E+02  -0.161316393E+02
   0.145000332E+07   0.811042881E+04  -0.182991290E+02  -0.187207381E+02  -0.188682819E+02  -0.188355075E+02  -0.187327337E+02  -0.191118661E+02  -0.185595114E+02  -0.188577696E+02  -0.192510656E+02  -0.190720884E+02  -0.167408283E+02  -0.139465361E+02  -0.166425915E+02  -0.171343912E+02  -0.160959189E+02
   0.146000214E+07   0.806200667E+04  -0.182822579E+02  -0.187105091E+02  -0.188629927E+02  -0.188327635E+02  -0.187318185E+02  -0.190953168E+02  -0.185478857E+02  -0.188505713E+02  -0.192491029E+02  -0.190673874E+02  -0.167091890E+02  -0.138926619E+02  -0.166096047E+02  -0.171061139E+02  -0.160605390E+02
   0.147000011E+07   0.801419962E+04  -0.182654889E+02  -0.187002981E+02  -0.188576585E+02  -0.188299422E+02  -0.187308029E+02  -0.190788655E+02  -0.185362957E+02  -0.188433524E+02  -0.192470531E+02  -0.190626341E+02  -0.166778396E+02  -0.138393599E+02  -0.165769248E+02  -0.170780837E+02  -0.160254965E+02
   0.148000627E+07   0.796696588E+04  -0.182454015E+02  -0.186881011E+02  -0.188513229E+02  -0.188266438E+02  -0.187297071E+02  -0.190591688E+02  -0.185224383E+02  -0.188347331E+02  -0.192446938E+02  -0.190570127E+02  -0.166407660E+02  -0.137762131E+02  -0.165381254E+02  -0.170449278E+02  -0.159850093E+02
   0.149000832E+07   0.792036348E+04  -0.182240273E+02  -0.186751104E+02  -0.188445574E+02  -0.188231101E+02  -0.187285241E+02  -0.190382126E+02  -0.185076829E+02  -0.188255357E+02  -0.192421617E+02  -0.190510116E+02  -0.166015382E+02  -0.137094013E+02  -0.164970204E+02  -0.170098359E+02  -0.159425132E+02
   0.150000010E+07   0.787442041E+04  -0.182028494E+02  -0.186621973E+02  -0.188377815E+02  -0.188195204E+02  -0.187272518E+02  -0.190174467E+02  -0.184930302E+02  -0.188163623E+02  -0.192395594E+02  -0.190449893E+02  -0.165627592E+02  -0.136434287E+02  -0.164563909E+02  -0.169751344E+02  -0.159005123E+02
   0.151000820E+07   0.782900681E+04  -0.181818125E+02  -0.186493300E+02  -0.188309807E+02  -0.188158689E+02  -0.187258911E+02  -0.189968172E+02  -0.184784433E+02  -0.188071916E+02  -0.192368840E+02  -0.190389334E+02  -0.165243242E+02  -0.135781133E+02  -0.164161266E+02  -0.169407298E+02  -0.158588924E+02
   0.152000846E+07   0.778421920E+04  -0.181609654E+02  -0.186365398E+02  -0.188241734E+02  -0.188121676E+02  -0.187244490E+02  -0.189763717E+02  -0.184639573E+02  -0.187980471E+02  -0.192341452E+02  -0.190328607E+02  -0.164863187E+02  -0.135135980E+02  -0.163763170E+02  -0.169066992E+02  -0.158177460E+02
   0.153000236E+07   0.774006833E+04  -0.181403127E+02  -0.186238296E+02  -0.188173609E+02  -0.188084169E+02  -0.187229253E+02  -0.189561150E+02  -0.184495752E+02  -0.187889307E+02  -0.192313435E+02  -0.190267724E+02  -0.164487515E+02  -0.134498980E+02  -0.163369715E+02  -0.168730505E+02  -0.157770825E+02
   0.154000613E+07   0.769647920E+04  -0.181198230E+02  -0.186111813E+02  -0.188105354E+02  -0.188046143E+02  -0.187213214E+02  -0.189360163E+02  -0.184352765E+02  -0.187798305E+02  -0.192284776E+02  -0.190206618E+02  -0.164115627E+02  -0.133869087E+02  -0.162980268E+02  -0.168397301E+02  -0.157368367E+02
   0.155000722E+07   0.765351514E+04  -0.180995269E+02  -0.185986141E+02  -0.188037075E+02  -0.188007659E+02  -0.187196402E+02  -0.189161055E+02  -0.184210825E+02  -0.187707605E+02  -0.192255526E+02  -0.190145386E+02  -0.163748068E+02  -0.133247224E+02  -0.162595404E+02  -0.168067874E+02  -0.156970678E+02
   0.156000178E+07   0.761120029E+04  -0.180794390E+02  -0.185861383E+02  -0.187968842E+02  -0.187968771E+02  -0.187178859E+02  -0.188963971E+02  -0.184070044E+02  -0.187617291E+02  -0.192225733E+02  -0.190084095E+02  -0.163385079E+02  -0.132633773E+02  -0.162215370E+02  -0.167742438E+02  -0.156578013E+02
   0.157000195E+07   0.756948521E+04  -0.180595386E+02  -0.185737422E+02  -0.187900605E+02  -0.187929463E+02  -0.187160592E+02  -0.188768709E+02  -0.183930287E+02  -0.187527285E+02  -0.192195390E+02  -0.190022699E+02  -0.163026262E+02  -0.132028045E+02  -0.161839751E+02  -0.167420644E+02  -0.156189942E+02
   0.158000577E+07   0.752838503E+04  -0.180398346E+02  -0.185614318E+02  -0.187832404E+02  -0.187889764E+02  -0.187141625E+02  -0.188575355E+02  -0.183791621E+02  -0.187437636E+02  -0.192164525E+02  -0.189961240E+02  -0.162671765E+02  -0.131430276E+02  -0.161468698E+02  -0.167102623E+02  -0.155806621E+02
   0.159000530E+07   0.748793754E+04  -0.180203491E+02  -0.185492226E+02  -0.187764343E+02  -0.187849753E+02  -0.187122016E+02  -0.188384128E+02  -0.183654213E+02  -0.187348468E+02  -0.192133207E+02  -0.189899813E+02  -0.162321954E+02  -0.130841057E+02  -0.161102596E+02  -0.166788710E+02  -0.155428445E+02
   0.160000739E+07   0.744811985E+04  -0.180010737E+02  -0.185371101E+02  -0.187696407E+02  -0.187809431E+02  -0.187101779E+02  -0.188194945E+02  -0.183518011E+02  -0.187259754E+02  -0.192101442E+02  -0.189838408E+02  -0.161976657E+02  -0.130260078E+02  -0.160741259E+02  -0.166478750E+02  -0.155055223E+02
   0.161000818E+07   0.740895117E+04  -0.179820200E+02  -0.185251026E+02  -0.187628655E+02  -0.187768841E+02  -0.187080947E+02  -0.188007921E+02  -0.183383105E+02  -0.187171562E+02  -0.192069271E+02  -0.189777080E+02  -0.161636062E+02  -0.129687644E+02  -0.160384888E+02  -0.166172918E+02  -0.154687160E+02
   0.162000532E+07   0.737044875E+04  -0.179631995E+02  -0.185132084E+02  -0.187561145E+02  -0.187728033E+02  -0.187059560E+02  -0.187823170E+02  -0.183249584E+02  -0.187083960E+02  -0.192036738E+02  -0.189715886E+02  -0.161300353E+02  -0.129124039E+02  -0.160033670E+02  -0.165871380E+02  -0.154324449E+02
   0.163000136E+07   0.733260257E+04  -0.179446111E+02  -0.185014282E+02  -0.187493900E+02  -0.187687033E+02  -0.187037650E+02  -0.187640680E+02  -0.183117452E+02  -0.186996965E+02  -0.192003872E+02  -0.189654848E+02  -0.160969478E+02  -0.128569153E+02  -0.159687551E+02  -0.165574093E+02  -0.153967032E+02
   0.164000250E+07   0.729539545E+04  -0.179262475E+02  -0.184897580E+02  -0.187426899E+02  -0.187645836E+02  -0.187015221E+02  -0.187460381E+02  -0.182986661E+02  -0.186910548E+02  -0.191970671E+02  -0.189593951E+02  -0.160643300E+02  -0.128022746E+02  -0.159346385E+02  -0.165280937E+02  -0.153614761E+02
   0.165000460E+07   0.725885077E+04  -0.179081228E+02  -0.184782074E+02  -0.187360211E+02  -0.187604491E+02  -0.186992309E+02  -0.187282412E+02  -0.182857318E+02  -0.186824790E+02  -0.191937181E+02  -0.189533257E+02  -0.160322049E+02  -0.127485186E+02  -0.159010414E+02  -0.164992118E+02  -0.153267881E+02
   0.166000211E+07   0.722298611E+04  -0.178902499E+02  -0.184667862E+02  -0.187293909E+02  -0.187563060E+02  -0.186968970E+02  -0.187106899E+02  -0.182729526E+02  -0.186739772E+02  -0.191903458E+02  -0.189472837E+02  -0.160005920E+02  -0.126956775E+02  -0.158679839E+02  -0.164707820E+02  -0.152926600E+02
   0.167000568E+07   0.718776598E+04  -0.178726100E+02  -0.184554822E+02  -0.187227917E+02  -0.187521493E+02  -0.186945168E+02  -0.186933660E+02  -0.182603150E+02  -0.186655400E+02  -0.191869461E+02  -0.189412622E+02  -0.159694591E+02  -0.126436978E+02  -0.158354323E+02  -0.164427749E+02  -0.152590571E+02
   0.168000057E+07   0.715325475E+04  -0.178552413E+02  -0.184443218E+02  -0.187162413E+02  -0.187479923E+02  -0.186921006E+02  -0.186763067E+02  -0.182478478E+02  -0.186571888E+02  -0.191835308E+02  -0.189352779E+02  -0.159388689E+02  -0.125926804E+02  -0.158034520E+02  -0.164152476E+02  -0.152260467E+02
   0.169000277E+07   0.711939554E+04  -0.178381169E+02  -0.184332885E+02  -0.187097310E+02  -0.187438300E+02  -0.186896463E+02  -0.186594860E+02  -0.182355324E+02  -0.186489115E+02  -0.191800962E+02  -0.189293229E+02  -0.159087729E+02  -0.125425431E+02  -0.157719922E+02  -0.163881566E+02  -0.151935761E+02
   0.170000323E+07   0.708622609E+04  -0.178212568E+02  -0.184223954E+02  -0.187032687E+02  -0.187396680E+02  -0.186871574E+02  -0.186429235E+02  -0.182233833E+02  -0.186407184E+02  -0.191766471E+02  -0.189234047E+02  -0.158792055E+02  -0.124933427E+02  -0.157410887E+02  -0.163615329E+02  -0.151616825E+02
   0.171000006E+07   0.705375711E+04  -0.178046692E+02  -0.184116487E+02  -0.186968593E+02  -0.187355103E+02  -0.186846375E+02  -0.186266270E+02  -0.182114072E+02  -0.186326146E+02  -0.191731873E+02  -0.189175279E+02  -0.158501788E+02  -0.124450976E+02  -0.157107541E+02  -0.163353879E+02  -0.151303788E+02
   0.172000802E+07   0.702194691E+04  -0.177883348E+02  -0.184010367E+02  -0.186904966E+02  -0.187313536E+02  -0.186820854E+02  -0.186105779E+02  -0.181995907E+02  -0.186245919E+02  -0.191697143E+02  -0.189116870E+02  -0.158216577E+02  -0.123977481E+02  -0.156809517E+02  -0.163096899E+02  -0.150996269E+02
   0.173000711E+07   0.699085861E+04  -0.177707529E+02  -0.183896353E+02  -0.186836737E+02  -0.187269244E+02  -0.186794019E+02  -0.185933083E+02  -0.181868888E+02  -0.186159748E+02  -0.191660291E+02  -0.189054410E+02  -0.157911482E+02  -0.123470234E+02  -0.156490090E+02  -0.162822492E+02  -0.150670546E+02
   0.174000310E+07   0.696048489E+04  -0.177498877E+02  -0.183761874E+02  -0.186756973E+02  -0.187218444E+02  -0.186764441E+02  -0.185728263E+02  -0.181718809E+02  -0.186058421E+02  -0.191618541E+02  -0.188981856E+02  -0.157552655E+02  -0.122871351E+02  -0.156113014E+02  -0.162500912E+02  -0.150294320E+02
   0.175000851E+07   0.693082460E+04  -0.177294229E+02  -0.183629656E+02  -0.186678185E+02  -0.187167940E+02  -0.186734661E+02  -0.185527358E+02  -0.181571358E+02  -0.185958577E+02  -0.191576875E+02  -0.188910110E+02  -0.157201359E+02  -0.122285638E+02  -0.155743898E+02  -0.162185989E+02  -0.149926035E+02
   0.176000757E+07   0.690188519E+04  -0.177093749E+02  -0.183499846E+02  -0.186600506E+02  -0.187117857E+02  -0.186704798E+02  -0.185330529E+02  -0.181426684E+02  -0.185860354E+02  -0.191535415E+02  -0.188839300E+02  -0.156857794E+02  -0.121713354E+02  -0.155382947E+02  -0.161877913E+02  -0.149565894E+02
   0.177000229E+07   0.687366716E+04  -0.176897390E+02  -0.183372397E+02  -0.186523888E+02  -0.187068147E+02  -0.186674805E+02  -0.185137731E+02  -0.181284742E+02  -0.185763705E+02  -0.191494114E+02  -0.188769381E+02  -0.156521919E+02  -0.121154460E+02  -0.155030119E+02  -0.161576641E+02  -0.149213856E+02
   0.178000292E+07   0.684613638E+04  -0.176705018E+02  -0.183247254E+02  -0.186448340E+02  -0.187018851E+02  -0.186644746E+02  -0.184948832E+02  -0.181145460E+02  -0.185668612E+02  -0.191453022E+02  -0.188700368E+02  -0.156193428E+02  -0.120608382E+02  -0.154685086E+02  -0.161281911E+02  -0.148869595E+02
   0.179000592E+07   0.681930720E+04  -0.176516759E+02  -0.183124512E+02  -0.186373927E+02  -0.186970023E+02  -0.186614663E+02  -0.184763958E+02  -0.181008938E+02  -0.185575154E+02  -0.191412188E+02  -0.188632325E+02  -0.155872518E+02  -0.120075431E+02  -0.154348058E+02  -0.160993902E+02  -0.148533317E+02
   0.180000408E+07   0.679319452E+04  -0.176332748E+02  -0.183004269E+02  -0.186300723E+02  -0.186921720E+02  -0.186584605E+02  -0.184583243E+02  -0.180875284E+02  -0.185483412E+02  -0.191371666E+02  -0.188565320E+02  -0.155559400E+02  -0.119555934E+02  -0.154019251E+02  -0.160712806E+02  -0.148205242E+02
   0.181000054E+07   0.676779037E+04  -0.176152946E+02  -0.182886505E+02  -0.186228721E+02  -0.186873943E+02  -0.186554578E+02  -0.184406647E+02  -0.180744472E+02  -0.185393376E+02  -0.191331459E+02  -0.188499349E+02  -0.155253994E+02  -0.119049748E+02  -0.153698582E+02  -0.160438553E+02  -0.147885284E+02
   0.182000209E+07   0.674309064E+04  -0.175977287E+02  -0.182771162E+02  -0.186157873E+02  -0.186826647E+02  -0.186524541E+02  -0.184234104E+02  -0.180616443E+02  -0.185304993E+02  -0.191291523E+02  -0.188434364E+02  -0.154956213E+02  -0.118556755E+02  -0.153385962E+02  -0.160171061E+02  -0.147573355E+02
   0.183000444E+07   0.671910401E+04  -0.175805834E+02  -0.182658285E+02  -0.186088205E+02  -0.186779853E+02  -0.186494506E+02  -0.184065678E+02  -0.180491247E+02  -0.185218297E+02  -0.191251876E+02  -0.188370390E+02  -0.154666164E+02  -0.118077131E+02  -0.153081502E+02  -0.159910427E+02  -0.147269567E+02
   0.184000654E+07   0.669582213E+04  -0.175638564E+02  -0.182547869E+02  -0.186019729E+02  -0.186733578E+02  -0.186464499E+02  -0.183901345E+02  -0.180368873E+02  -0.185133293E+02  -0.191212539E+02  -0.188307441E+02  -0.154383782E+02  -0.117610743E+02  -0.152785132E+02  -0.159656596E+02  -0.146973849E+02
   0.185000548E+07   0.667324524E+04  -0.175475507E+02  -0.182439945E+02  -0.185952475E+02  -0.186687853E+02  -0.186434548E+02  -0.183741137E+02  -0.180249354E+02  -0.185050012E+02  -0.191173541E+02  -0.188245546E+02  -0.154109100E+02  -0.117157626E+02  -0.152496885E+02  -0.159409599E+02  -0.146686234E+02
   0.186000243E+07   0.665136624E+04  -0.175316618E+02  -0.182334485E+02  -0.185886427E+02  -0.186642668E+02  -0.186404651E+02  -0.183585008E+02  -0.180132656E+02  -0.184968432E+02  -0.191134876E+02  -0.188184692E+02  -0.153842035E+02  -0.116717643E+02  -0.152216676E+02  -0.159169365E+02  -0.146406638E+02
   0.187000863E+07   0.663015130E+04  -0.175161658E+02  -0.182231333E+02  -0.185821491E+02  -0.186597963E+02  -0.186374768E+02  -0.183432726E+02  -0.180018608E+02  -0.184888436E+02  -0.191096492E+02  -0.188124793E+02  -0.153582184E+02  -0.116290122E+02  -0.151944079E+02  -0.158935529E+02  -0.146134635E+02
   0.188000219E+07   0.660965138E+04  -0.175010969E+02  -0.182130704E+02  -0.185757791E+02  -0.186553811E+02  -0.186344940E+02  -0.183284623E+02  -0.179907451E+02  -0.184810183E+02  -0.191058449E+02  -0.188065959E+02  -0.153330138E+02  -0.115876056E+02  -0.151679716E+02  -0.158708622E+02  -0.145870846E+02
   0.189000166E+07   0.658979516E+04  -0.174864196E+02  -0.182032420E+02  -0.185695276E+02  -0.186510231E+02  -0.186315233E+02  -0.183140356E+02  -0.179798969E+02  -0.184733572E+02  -0.191020785E+02  -0.188008158E+02  -0.153085191E+02  -0.115474178E+02  -0.151422840E+02  -0.158488025E+02  -0.145614525E+02
   0.190000659E+07   0.657056127E+04  -0.174721129E+02  -0.181936323E+02  -0.185633826E+02  -0.186467122E+02  -0.186285564E+02  -0.182999716E+02  -0.179692993E+02  -0.184658468E+02  -0.190983408E+02  -0.187951274E+02  -0.152847027E+02  -0.115084001E+02  -0.151173120E+02  -0.158273448E+02  -0.145365345E+02
   0.191000703E+07   0.655196549E+04  -0.174581876E+02  -0.181842480E+02  -0.185573482E+02  -0.186424510E+02  -0.186255945E+02  -0.182862809E+02  -0.179589600E+02  -0.184584923E+02  -0.190946337E+02  -0.187895344E+02  -0.152615831E+02  -0.114705835E+02  -0.150930752E+02  -0.158065056E+02  -0.145123497E+02
   0.192000098E+07   0.653399797E+04  -0.174446392E+02  -0.181750873E+02  -0.185514241E+02  -0.186382403E+02  -0.186226392E+02  -0.182729592E+02  -0.179488765E+02  -0.184512927E+02  -0.190909584E+02  -0.187840369E+02  -0.152391511E+02  -0.114339511E+02  -0.150695637E+02  -0.157862769E+02  -0.144888885E+02
   0.193000612E+07   0.651660738E+04  -0.174314354E+02  -0.181661303E+02  -0.185455998E+02  -0.186340744E+02  -0.186196884E+02  -0.182599748E+02  -0.179390263E+02  -0.184442339E+02  -0.190873107E+02  -0.187786255E+02  -0.152173490E+02  -0.113984045E+02  -0.150467167E+02  -0.157666074E+02  -0.144660902E+02
   0.194000152E+07   0.649979047E+04  -0.174185869E+02  -0.181573886E+02  -0.185398875E+02  -0.186299657E+02  -0.186167547E+02  -0.182473386E+02  -0.179294208E+02  -0.184373277E+02  -0.190837031E+02  -0.187733123E+02  -0.151961858E+02  -0.113639502E+02  -0.150245432E+02  -0.157475065E+02  -0.144439638E+02
   0.195000323E+07   0.648355499E+04  -0.174060725E+02  -0.181488388E+02  -0.185342624E+02  -0.186258888E+02  -0.186138122E+02  -0.182350290E+02  -0.179200372E+02  -0.184305500E+02  -0.190801099E+02  -0.187680726E+02  -0.151756441E+02  -0.113305770E+02  -0.150030261E+02  -0.157289558E+02  -0.144224922E+02
   0.196000794E+07   0.646786172E+04  -0.173938836E+02  -0.181404823E+02  -0.185287328E+02  -0.186218557E+02  -0.186108756E+02  -0.182230381E+02  -0.179108747E+02  -0.184239064E+02  -0.190765445E+02  -0.187629156E+02  -0.151556961E+02  -0.112982260E+02  -0.149821353E+02  -0.157109323E+02  -0.144016453E+02
   0.197000844E+07   0.645269847E+04  -0.173820167E+02  -0.181323183E+02  -0.185233003E+02  -0.186178691E+02  -0.186079485E+02  -0.182113626E+02  -0.179019319E+02  -0.184173974E+02  -0.190730097E+02  -0.187578431E+02  -0.151363322E+02  -0.112668779E+02  -0.149618603E+02  -0.156934278E+02  -0.143814128E+02
   0.198000671E+07   0.643806715E+04  -0.173704585E+02  -0.181243331E+02  -0.185179507E+02  -0.186139148E+02  -0.186050165E+02  -0.181999890E+02  -0.178931952E+02  -0.184110092E+02  -0.190694914E+02  -0.187528408E+02  -0.151175399E+02  -0.112365218E+02  -0.149421889E+02  -0.156764297E+02  -0.143617823E+02
