1666.8066864577588  -7.568007296689626e-15  3.4229520429294048e-15
1668.186997786398  1.1436222960650461e-14  3.655751425185724e-15
1669.5478358015787  -2.0307204099442432e-15  3.866484328616648e-15
1670.9184169434682  4.648240681790795e-15  2.9550396079213413e-15
1672.2909416332764  6.031820217326889e-17  3.257546625363137e-15
1673.6535203726573  6.209315203800419e-15  3.0920558692274338e-15
1675.0214975125261  1.3635745602037699e-14  4.228670111148429e-15
1676.4040649601732  7.72626693255462e-15  6.4344493614005606e-15
1677.7716308375989  -7.96120083783802e-15  2.9800709138203636e-15
1679.1508168643466  -2.4649905597598498e-14  3.303926549664757e-15
1680.5223036444208  1.7984292474562767e-15  2.6338540316849304e-15
1681.88463994959  2.482241698631752e-15  2.4318642023355656e-15
1683.2565165867097  5.134272845606523e-15  2.4661296496673174e-15
1684.6274869668596  -9.274860424086451e-16  1.958598307342618e-15
1686.006166622633  7.14058684820858e-15  2.1674141634556686e-15
1687.3685396107737  -3.4724115672690042e-15  1.890078212349192e-15
1688.7428100101415  -1.087151541207844e-15  1.9638795577687487e-15
1690.11484111788  3.0000481858813563e-15  2.7087419086175776e-15
1691.4859188373052  4.4234478784683975e-15  2.111583469045059e-15
1692.8652127817659  3.978407080041654e-16  2.147203957334181e-15
1694.2338412772935  6.755163140285351e-15  2.595335420166778e-15
1695.6046622516367  -9.806376774862077e-16  1.8051265252119796e-15
1696.9746433648654  -4.831911094315181e-16  2.129268034676071e-15
1698.3453354527153  5.882424013631303e-15  2.021266463461701e-15
1699.727641312803  1.0133222860526751e-14  4.832652459902265e-15
1701.08477168722  -1.9855093911098345e-15  5.275103931548812e-15
1702.4692097512548  -5.1874041386584615e-17  1.7637275781566888e-15
1703.8336484016581  1.074919114900071e-15  1.9077462608377326e-15
1705.2092455358131  1.4360017217213486e-14  2.2720991771650644e-15
1706.5754652271773  -2.9220241694615e-15  1.6097954336192176e-15
1707.9323370353268  -4.807660752793527e-15  2.332981152556625e-15
1709.2999328626768  1.9869679818450064e-15  1.6922327034525056e-15
1710.681356100732  3.897747573545975e-16  1.679195595844841e-15
1712.0632490712796  7.755329771175437e-17  1.8217114303192188e-15
1713.4273121255028  7.981583838680747e-15  2.4503691193759934e-15
1714.8001058442803  7.729427212480825e-15  3.1070661400857272e-15
1716.1756113973036  9.378841129900205e-16  1.403672401124607e-15
1717.539768269871  4.449596209066611e-15  1.453443104193204e-15
1718.9097656567267  -1.2118927069214454e-15  1.1700675964145674e-15
1720.281273110217  -4.682373780224539e-16  1.4890325699006327e-15
1721.6465455741807  2.161639939854236e-15  1.4652654606753875e-15
1723.0291839823617  -4.305880075966415e-17  1.316500640632641e-15
1724.4001024228553  1.0221299040448148e-14  1.3146381210607473e-15
1725.7824976051838  -2.1694042673652426e-15  1.2548595119621039e-15
1727.1572826585061  -2.6609654188918377e-17  1.4023152425848688e-15
1728.51264463772  -1.0549382429490524e-15  1.117145295507474e-15
1729.8722289705036  1.8380151204879696e-15  1.2228326668308268e-15
1731.2459238972344  1.524496992369223e-15  1.1364833753306448e-15
1732.6307795654502  1.0562447912701922e-15  1.1911576580100154e-15
1734.0160096934912  -3.490203070809607e-15  1.6820129333065272e-15
1735.3777230202468  5.8351129883624144e-15  1.389476658324217e-15
1736.744210701671  4.18440416932492e-15  1.1072363864531379e-15
1738.1155055590355  1.442794205980323e-15  1.06104640928994e-15
1739.4857689373423  -1.4510595534796304e-15  1.31158626135179e-15
1740.8567852401854  1.3995431155067422e-15  1.1101121691881846e-15
1742.2255074261993  3.364956755822087e-15  1.040084673186001e-15
1743.5965140063215  4.069502879480453e-15  1.2051935233416112e-15
1744.965008954655  -5.212450174989832e-15  1.2423471412652634e-15
1746.341975024896  3.517201187212154e-15  1.1375414253608838e-15
1747.7134535415726  -2.0896895731826667e-15  1.0831514281144355e-15
1749.088033308332  -1.6603141726593586e-15  1.2582581257838434e-15
1750.4618188571571  1.6825714880077704e-14  2.7449790368923007e-15
1751.8292974130982  -1.3286494224368727e-15  8.820418777555046e-16
1753.1988219057573  -8.299477633125891e-17  1.1442902662472509e-15
1754.5757141307658  -3.189487475111695e-16  9.887723701534012e-16
1755.9448786954792  9.127386694013557e-16  9.289109635841637e-16
1757.3114306692478  2.3385065602298015e-15  1.018749924947915e-15
1758.679560695067  -2.642322190635546e-16  8.776328595068092e-16
1760.063321683417  -2.2238257107098577e-15  9.887016429023054e-16
1761.4339861816586  -1.5689887743522944e-15  2.774862994546143e-15
1762.8084683539212  -3.025071258024561e-18  1.0626312079342528e-15
1764.177975089233  -1.3015021223564908e-15  9.41994340366572e-16
1765.5430334405496  1.3360674193515706e-16  9.444015021235503e-16
1766.921394608206  6.061483178790837e-16  8.873672797740108e-16
1768.2912243994929  1.378549763898047e-14  9.93455827077007e-16
1769.6562754235892  2.221256024506125e-16  8.710432078749668e-16
1771.02065198359  -8.174700084700227e-18  9.276582018551745e-16
1772.3885344645205  -2.221864035343576e-16  8.918054147802681e-16
1773.7646441368702  1.146349403342026e-15  1.033792912453796e-15
1775.1533007895248  -2.862642871754678e-16  9.474871372712793e-16
1776.5307968264692  1.8021608511054055e-15  7.925788931412159e-16
1777.8987217215085  -1.128280920027671e-15  9.008317155035652e-16
1779.2654760866544  -1.3361470404486125e-15  1.0062049434826051e-15
1780.626406936962  -6.940664732162582e-16  2.132954322062522e-15
1782.0178093729373  7.89679393483646e-16  9.242576822093037e-16
1783.3968651911464  -3.423444327890437e-16  1.0782407546027287e-15
1784.7597612610552  -1.5394869344367824e-15  7.845086279175729e-16
1786.127916873007  -9.667414031843194e-15  2.319834354182291e-15
1787.4984724297162  2.9784151761667182e-15  8.242264263308007e-16
1788.8721199726167  -4.986100736868618e-16  7.54671574713185e-16
1790.2484955469788  -2.4134349293077944e-17  9.129891793955062e-16
1791.614300941902  1.892280498012053e-15  8.100769527051544e-16
1792.9912844059022  3.799471634631979e-16  7.000209560167783e-16
1794.3653463083363  5.303096676389672e-15  8.636935559312004e-16
1795.738191705895  1.0633566916535761e-15  7.616154978752165e-16
1797.095716002213  -9.403427319985445e-16  7.700472344091003e-16
1798.4751110611226  3.7656490796525227e-17  1.0133297611184346e-15
1799.8528719397034  2.364937164557688e-16  6.865127392717627e-16
1801.222476713123  -3.125876094866285e-16  7.82806144633151e-16
1802.592485200391  5.462881289197078e-16  6.388563892581901e-16
1803.963457264865  9.478398206146923e-16  6.573596651722826e-16
1805.3520798769537  1.2707353446133728e-15  1.004894901150558e-15
1806.7094321955865  1.0160829225994765e-16  7.42867058862453e-16
1808.078725189825  5.155236275776356e-16  1.0398638093450045e-15
1809.4440711516124  1.2930991320032545e-15  7.214963117241086e-16
1810.832495553807  9.34293646205728e-16  6.106638505208963e-16
1812.192543870279  7.824970305469624e-16  6.302538697063162e-16
1813.5591682090915  2.3803368588134815e-15  7.610007107741875e-16
1814.9399462805948  7.735823793540253e-16  7.796305651743354e-16
1816.3185706182276  -1.072994338406554e-15  5.69039592701636e-16
1817.6863874872474  5.858605950080325e-17  6.743513049128815e-16
1819.0821340829461  8.897724298277394e-16  7.942287015642304e-16
1820.4472986092103  1.1621415120804149e-16  9.662380115037662e-16
1821.7876746604627  -2.8754307928571723e-15  1.08629317919492e-15
1823.1614863997013  -1.6308814718081661e-16  5.804077807054135e-16
1824.5397012069893  2.766505161636907e-16  5.847461775821316e-16
1825.9177959446597  4.543946362028321e-16  6.041658902055942e-16
1827.2836928214729  2.5272587469212394e-15  6.084033313429114e-16
1828.662423097032  2.1364313658412212e-16  6.191049044171999e-16
1830.038260496183  1.2016960184232798e-15  6.609633668463761e-16
1831.4092551626504  -1.0011794970065453e-15  1.9416720479576354e-15
1832.785587869839  1.9149129271951124e-16  5.585529542377133e-16
1834.161904643801  2.2147014718020344e-15  9.420210219044105e-16
1835.5212404597012  -7.785457277271395e-16  5.187277414588618e-16
1836.8864653745864  -1.225053031353156e-16  6.367442596646523e-16
1838.266300265252  -8.873461568898887e-17  5.94378742137426e-16
1839.6457630022169  5.847622182685703e-16  5.722368773797249e-16
1841.0168891221897  4.483276568390047e-16  7.349958463814148e-16
1842.398205765916  2.242480129065476e-15  6.611606725835271e-16
1843.7816685426667  1.7239095122183298e-15  5.711995267171344e-16
1845.14727382212  -5.38075509221367e-16  5.202372600499874e-16
1846.5162149444527  -7.516985420078816e-16  4.993736209492523e-16
1847.8898697863483  8.786109178630919e-16  5.421564080821198e-16
1849.252345432066  1.8259688296703557e-15  1.0236933151072094e-15
1850.6268014147633  1.2069708102231875e-15  5.794666741614548e-16
1852.0097673709301  4.101534436232499e-16  5.179080253241565e-16
1853.3742645531345  -8.352199081345366e-16  4.61640844247915e-16
1854.7521819769502  -3.144060039359263e-16  5.74715560481187e-16
1856.1208760665083  -5.129778912304865e-15  1.1460860819745484e-15
1857.4770249922778  3.6004541630085376e-17  7.457858814591321e-16
1858.8645312208066  2.430401799952131e-15  5.585495661059243e-16
1860.2380369569455  7.634445172940464e-15  1.1658324316782959e-15
1861.5975492067114  -3.219157451067237e-16  5.24380574651041e-16
1862.9788547561334  1.0067817729196853e-15  5.535503776512294e-16
1864.341213312745  7.262730481510308e-16  6.254288524014005e-16
1865.727093050911  1.1051919665558212e-15  5.697263246636224e-16
1867.1067220049624  3.847375582963946e-16  4.894480888733264e-16
1868.4739085183676  1.7102221215351904e-16  4.4188904176956957e-16
1869.8384276892684  2.5289490011674853e-15  9.363573361025946e-16
1871.2175788275413  -4.910254230397915e-16  6.584100919059964e-16
1872.588010140605  -2.3068844909681935e-15  1.07267627753486e-15
1873.9432695436026  2.949479895413801e-15  1.109547198212366e-15
1875.326667981688  -3.078562210861199e-15  1.4882745812919585e-15
1876.7194902465887  4.040096436650625e-15  6.964101604417516e-16
1878.0636634880545  2.4664155232870157e-15  5.817434987236744e-16
1879.4236275911878  4.174790768890057e-15  4.776056153586456e-16
1880.7970396742317  3.2417128267218757e-15  5.232727084955916e-16
1882.1917942936723  2.712317022929701e-16  4.3519512567587605e-16
1883.5773065099843  4.618195152602264e-16  4.456167808308765e-16
1884.9700961033952  6.431354938286004e-16  4.86006805766869e-16
1886.337895715928  5.3448303073382465e-16  5.697492474927574e-16
1887.6956256303404  1.3095386650809212e-15  1.0317025410190909e-15
1889.0796149514324  -2.3711836090272147e-15  1.2310827677370836e-15
1890.4442958126738  5.738292463810038e-16  5.626377176862879e-16
1891.8116408443068  -2.3875328272168804e-16  4.2340551231105986e-16
1893.187209677164  1.0816501680945456e-15  4.2883888456056137e-16
1894.5627233764108  1.9626939234008295e-15  4.884481664790927e-16
1895.934548401943  1.6413765276620021e-15  6.048253053550316e-16
1897.307870043021  -2.776611852884427e-16  3.9083016040687636e-16
1898.6792299183808  1.6092582029724216e-15  4.3293005369579964e-16
1900.0475294728806  2.8047452581340905e-16  4.0998231649812494e-16
1901.4235077363958  9.156238753779407e-16  3.946381293701561e-16
1902.8007388959018  -2.289609995162771e-16  3.8355915017830664e-16
1904.16809015033  -4.9944930466657846e-17  3.952592956880691e-16
1905.5454706486294  -7.322160430672038e-16  4.3871420346458284e-16
1906.9207696371375  8.829011926804941e-16  4.761554420133871e-16
1908.2904225542936  6.192858518305571e-16  6.5610182124561e-16
1909.6678711830996  2.584985312826041e-15  4.755782949389517e-16
1911.0529563504394  -1.5612940094220811e-16  4.4402716468667624e-16
1912.4110849693957  6.056651517571241e-17  5.555883389223232e-16
1913.786978929529  -1.9969975666245466e-16  4.090039140347074e-16
1915.1575662021826  2.797953906781683e-16  3.8047227095093636e-16
1916.5304675474588  -1.0070478471442415e-15  5.508130848030587e-16
1917.9012233039243  -6.178290610403981e-16  5.455296638550008e-16
1919.272486371766  -5.741190375280832e-16  1.81007150355805e-15
1920.6636795704583  -3.913079134589074e-17  4.514245151732849e-16
1922.0337133725436  1.421078187036854e-15  4.0212529181895326e-16
1923.389967724972  3.130885500655906e-16  4.994611300406155e-16
1924.7619059788394  -5.93902180225477e-16  8.17495902531918e-16
1926.1400235430453  1.2665511606726142e-16  3.619004383076754e-16
1927.5142605001206  2.272576691989079e-15  7.279090393490933e-16
1928.8735225814887  -8.716517481080098e-16  5.140230028324562e-16
1930.2564866406865  3.2717642851410374e-16  3.909084844847178e-16
1931.6371960492006  1.6144688320265748e-15  4.18921822814108e-16
1933.0167392885319  -1.0188581466418165e-16  3.7039869339769817e-16
1934.3867328031422  -3.396267011079987e-16  3.77007191512617e-16
1935.7537262499209  1.3918941962347991e-15  4.0083176662937753e-16
1937.1260800255297  2.73675842332052e-16  3.5092447949803575e-16
1938.4994425243797  1.4884155593381171e-16  3.744286908722769e-16
1939.8763372477626  4.415118292122719e-18  3.4284404987902574e-16
1941.2749099450743  9.916717851076763e-15  1.7590251688708882e-15
1942.6295351034073  1.3082486074324733e-16  3.552586676797972e-16
1943.9897152267235  5.134461204558168e-16  3.9328544422317056e-16
1945.3667100272423  7.781507059712535e-17  3.3231916258357863e-16
1946.743442089841  -3.2973941786359725e-16  3.059066371151602e-16
1948.115886388686  8.283225188450449e-16  4.874103393604694e-16
1949.4846177669544  6.375636581620024e-16  3.5204420411474673e-16
1950.859552709675  2.1852608300169615e-16  2.8247119422832425e-16
1952.227030614504  -2.307409598455932e-16  3.0152422099496447e-16
1953.5971489846843  -2.3708711597487963e-16  3.050577777531134e-16
1954.9795450237189  -4.542076007401665e-16  3.1566601838452625e-16
1956.3541163541356  1.7401500984325102e-15  5.735368611955235e-16
1957.7250553115928  5.486252516398601e-16  3.5748104390537607e-16
1959.0995134490179  9.393500093843625e-17  3.167555939222709e-16
1960.4862759174405  2.5045570463249624e-16  3.139105955409009e-16
1961.8572674178715  1.3365252406595616e-15  3.2788449511844914e-16
1963.208034938484  9.83103390395665e-16  3.228690806888584e-16
1964.5919122062194  4.718418208503761e-16  3.1009391802013224e-16
1965.9536869832057  2.3607293166339654e-15  5.970696069921753e-16
1967.3436253789018  1.7962881599238546e-15  3.771457343390523e-16
1968.7127704677769  -2.257161486442439e-16  3.330125913998043e-16
1970.079667600601  9.553089042040215e-17  4.518421024162812e-16
1971.4609785313817  4.367231466429432e-16  3.2362008127571776e-16
1972.8357177765513  2.0234721372563514e-15  7.553867881580228e-16
1974.2071921895758  8.840974546649234e-17  6.562282409129877e-16
1975.5799377325052  9.813874075236461e-16  3.6440805287824213e-16
1976.9517460473332  1.898756276652049e-15  3.182221255913233e-16
1978.3273348896287  1.442770541997359e-16  2.6610355307205577e-16
1979.6992923611738  -1.8327074532217965e-16  2.5168469649940303e-16
1981.071467340573  8.809391996768572e-16  2.895414576483947e-16
1982.4493192315215  -1.7522500434933767e-16  2.6580955323001973e-16
1983.8208337372225  9.609499848140576e-16  2.804239950041494e-16
1985.1967156270484  -5.103739319561255e-16  2.5316650123128562e-16
1986.5709841112448  -3.899012299615344e-16  2.747611032957216e-16
1987.92950541594  5.463253454298278e-16  6.07082806978142e-16
1989.3000248016087  -8.0466144755688405e-16  4.3561800687479276e-16
1990.6864052054834  8.112393532240282e-18  2.713562161362165e-16
1992.0479573303749  -2.7122561424366173e-16  3.603003666005324e-16
1993.4374223962009  -3.7485022211243395e-16  2.701003839127936e-16
1994.8128487714596  -3.6513509831456194e-16  2.4409639302274777e-16
1996.1844825565538  2.829450032831946e-16  2.5399024077249043e-16
1997.556312964806  -1.1231349831148643e-16  2.7868096001737767e-16
1998.9324996034077  1.8844000211081543e-16  2.5802791448315367e-16
2000.3065360668659  -3.027131309981094e-17  4.922616676263092e-16
2001.677229657116  1.995990920906294e-16  2.468547028759222e-16
2003.0521398695396  -2.037608296582858e-16  2.4084540116184696e-16
2004.4264764640934  4.9618586539182e-16  2.849974699935102e-16
2005.8021225986006  1.4782216501668097e-16  2.425132090349907e-16
2007.1758477679564  9.285911689419058e-17  2.497094950757448e-16
2008.5484314536975  1.2272987539243435e-15  3.444403893472449e-16
2009.909675401303  -3.6830640290397184e-17  2.29462019504578e-16
2011.295567613298  -1.3495171114138869e-16  2.372350555730735e-16
2012.6678124158532  4.571678766660631e-18  3.4602608796406413e-16
2014.0395030102072  6.892537378890777e-16  2.45450560477391e-16
2015.4173198915394  3.762037542923667e-16  2.5307785393939954e-16
2016.7912773690775  -1.9440871903531637e-17  2.4975036441544983e-16
2018.1631460573014  1.1111373966917176e-15  3.536007595042245e-16
2019.538308552086  -5.138852011598498e-16  2.037185706551517e-16
2020.91096550536  -6.242009457954574e-17  2.471436469900543e-16
2022.2771546780218  2.651392484132541e-15  1.4153987252463955e-15
2023.642910870797  4.945423038367914e-16  2.437071284439252e-16
2025.0190963543887  2.6404076314769554e-16  2.3832158708616397e-16
2026.3914801915835  5.824011139280989e-16  2.382647035297999e-16
2027.7691161225505  7.859193083516658e-16  2.9568993746361565e-16
2029.1483838126323  4.83617431701783e-16  3.0364405329436637e-16
2030.5247123683052  -1.261120753038428e-16  2.1584894272767033e-16
2031.9021620399283  7.229753768338024e-17  2.718004319774922e-16
2033.278822054387  -4.0549472270868186e-17  2.338809639206241e-16
2034.658405884033  -2.372911450360495e-16  3.6489681735858747e-16
2036.0210908988392  -4.4343140935718085e-16  2.107977014513887e-16
2037.3981479060374  9.312556831310616e-17  1.9872172477595156e-16
2038.7710235151999  7.574878533836871e-16  2.216045977787123e-16
2040.1486215238126  1.4225363542555523e-15  2.44047132762909e-16
2041.517089488532  8.100367318750496e-17  2.0598140593885175e-16
2042.8906479029622  -9.328572371458622e-17  1.831326127773282e-16
2044.2633830140826  -9.479137110044505e-17  2.2721134708460493e-16
2045.6392960788787  6.656244832759981e-16  4.185202762575503e-16
2047.013244857037  2.427977326959293e-16  1.915810649770304e-16
2048.3985537948047  1.551527057795749e-16  2.2324156835862004e-16
2049.7728126661823  -1.3028220379163294e-16  1.9750788685786674e-16
2051.134720694877  2.0830426144779866e-16  1.9574023497606543e-16
2052.5150343235578  1.2797250376314807e-16  2.1279381400093227e-16
2053.882251693719  2.346893509896599e-16  1.9382204945766926e-16
2055.255902613511  -2.7986619733860285e-16  5.498835720225655e-16
2056.633298405356  -3.970735939389735e-17  1.777807806838897e-16
2058.006693762918  2.591059756667716e-16  2.7001814230757112e-16
2059.3850575892393  -4.297660680004496e-16  1.7939591369562605e-16
2060.766139726086  1.892482938886447e-15  2.6599701220915894e-16
2062.1382229307173  2.187452130721288e-16  1.8852092022705782e-16
2063.5040818623934  2.206866628798169e-15  3.9837976506575394e-16
2064.8717061179254  -5.75355599751956e-16  1.90273828441621e-16
2066.2480636935966  3.965790788990097e-16  2.1826254987598165e-16
2067.632369752973  -4.5728208549323827e-17  1.9306895775822138e-16
2069.0129336775835  8.345981330116928e-16  1.9968106899805586e-16
2070.3742929027676  1.885329242721072e-16  1.8308521863695136e-16
2071.749591460552  9.284454528051984e-17  1.7818194342864323e-16
2073.1195387689904  -2.475410907307738e-16  1.7358247511571357e-16
2074.4969642389365  1.656790753826797e-16  1.8556713105152486e-16
2075.87557935604  1.9363276406373752e-16  1.8789080712363943e-16
2077.228735711531  6.183401924845068e-16  2.1412756002061277e-16
2078.5913495589957  8.2497742691766e-16  1.921769791252034e-16
2079.978774743276  4.519814922756638e-16  2.0534767971051773e-16
2081.355567491642  -8.507468227685409e-18  1.6110950468581017e-16
2082.737898397034  8.1378551441114e-17  2.0483756735292362e-16
2084.1133374191213  1.2325213473188767e-16  1.7753773516758693e-16
2085.478508733637  2.1369155642845852e-17  1.627588631225715e-16
2086.852028234459  4.512945551728854e-17  1.7953018165265566e-16
2088.224061491573  5.324158997656097e-16  2.0126742935936516e-16
2089.613613007347  5.346022506211507e-16  2.214766693338973e-16
2090.9815677183  1.6979684664641769e-16  2.1347321383396903e-16
2092.3513816237  5.726543587436029e-17  1.6134106231776581e-16
2093.711930566146  5.532153165635862e-17  1.8038512906401086e-16
2095.087935951844  9.762382942372872e-16  1.6939523391541094e-16
2096.4668032708064  3.569014086716581e-16  1.607387160131496e-16
2097.835463087687  1.1924291603429625e-16  1.8178628037744709e-16
2099.214185415197  2.5838951814229245e-17  1.6032572127691412e-16
2100.5992140802714  3.711716374318473e-16  1.686787896258216e-16
2101.9717462341505  2.166410773520307e-16  1.5230453102465271e-16
2103.348935629522  3.765494496139649e-16  1.6613934514528382e-16
2104.7210421748314  2.0553802389563353e-16  1.739992815002117e-16
2106.0967871907087  -1.4627422554046353e-16  1.479570153088618e-16
2107.468094034245  4.999057164588056e-16  1.5772240521819744e-16
2108.8296444678895  -2.3824670407967077e-16  1.6293994288482671e-16
2110.204044374873  2.71172431162486e-15  6.366011640361255e-16
2111.5721683625343  1.6492034297319871e-15  4.2865634896042807e-16
2112.9646289757475  1.9242703913310063e-15  3.9013876976368004e-16
2114.3394363631987  1.7429562391774249e-16  1.7383920550807043e-16
2115.7035810572006  2.3299721738906224e-16  1.5198429963103139e-16
2117.0918561489443  3.8310389643893706e-16  2.4166847895856173e-16
2118.4629648323644  -1.8792114149106297e-16  1.7716830968857584e-16
2119.838854207561  1.9971158865393662e-16  1.8142385615514065e-16
2121.209061732981  9.436502897784541e-17  1.4767193578255153e-16
2122.5800007728176  -1.9861405894742166e-16  1.306091320394935e-16
2123.959485353399  -4.2063785862568603e-16  1.4279473330715107e-16
2125.33683961871  3.8912583482579415e-15  6.941940046143792e-16
2126.7211447266504  1.2400685432278105e-16  1.4046860878042335e-16
2128.0788853492313  2.4872706920582783e-16  1.3099331442063253e-16
2129.4603236785747  1.6431211640704398e-17  1.4174601387422164e-16
2130.829370999839  5.767620979608718e-16  1.3703030352417114e-16
2132.195276516068  4.996913641835911e-16  1.4139969651280284e-16
2133.5821718023894  -6.791310985993477e-17  1.337007758271921e-16
2134.9552470017184  -3.1362276315751207e-16  1.3377231040656568e-16
2136.327755238303  3.603457093329901e-16  1.2927181259956677e-16
2137.705110235657  -2.1852665210195758e-16  1.5145294527530692e-16
2139.0704650090147  -1.8782292537385088e-16  1.2775017084938362e-16
2140.44961983453  -9.112049574316742e-17  1.2003988139343394e-16
2141.8253174444326  -2.413339803537351e-16  1.569731648716816e-16
2143.1988357139726  2.2097226783125226e-17  1.702743085308731e-16
2144.584995839724  -1.563535258600516e-15  4.821912929164028e-16
2145.9356594256055  -5.816967001533386e-16  1.7922116021069565e-16
2147.3237272343827  5.049140568397978e-17  1.5112293329812277e-16
2148.698685137629  2.0867135229224888e-15  8.03319694428874e-16
2150.073453173463  1.2125371931151875e-16  1.3451634944138978e-16
2151.4425452952287  1.908120252353725e-16  1.2590709333060727e-16
2152.818899628574  2.9174472269310114e-16  1.274520946612889e-16
2154.1961540528528  -2.5912434569381516e-16  1.220500891006154e-16
2155.5689590875886  1.6396243076617086e-16  1.4489192071010372e-16
2156.939252034612  3.53926893658697e-17  1.2727041932899266e-16
2158.308806305738  -2.993331320488748e-16  1.3543189941314307e-16
2159.7069418555175  -1.7522966303054756e-16  2.756554112693445e-16
2161.062623569173  2.0452805622004098e-16  1.1803119569857957e-16
2162.4342899278927  7.655242902289991e-17  1.2356378991691805e-16
2163.8147135990307  -2.0389569318535644e-16  1.2484344494198248e-16
2165.1866125418173  -8.112415038936209e-17  1.12350344244692e-16
2166.5651729239266  -2.178298417713878e-17  1.1910422762407316e-16
2167.9345627801004  1.6772833924966348e-17  1.130570476553879e-16
2169.3084960181195  4.1860535012919013e-16  1.494714572789933e-16
2170.6729428403514  1.223199220338751e-16  1.1374283994019846e-16
2172.0444515138975  4.644785105003353e-16  2.526964773548983e-16
2173.43467138023  4.705170083813112e-16  2.5811984402771037e-16
2174.8064382765524  4.674154119564824e-17  1.1737224377028513e-16
2176.172875588468  4.154055706743737e-17  1.283318574910207e-16
2177.5432375835967  9.694946414277221e-16  1.7644931106525495e-16
2178.9164986930564  2.6244079731967097e-16  1.2608944364228336e-16
2180.299443625182  -2.271799274562177e-16  1.0970690661754403e-16
2181.679338154207  -2.87768114763979e-16  1.8444980194986784e-16
2183.056777425613  3.507863072485149e-16  1.1672566646395448e-16
2184.4278616321353  -5.481648892330273e-16  1.1463970224755295e-16
2185.8016153017547  -7.537122172561909e-17  1.0926012320764699e-16
2187.1690114160697  -3.0821910985305836e-17  1.0638402945268991e-16
2188.540781182167  -2.0339039832764985e-16  1.0905716617255098e-16
2189.914717958307  9.985751486264242e-17  1.134455710803816e-16
2191.2938910567773  -1.6437264617554816e-16  1.0981321586986934e-16
2192.673073586376  3.5115542832506055e-16  1.1663008408981275e-16
2194.038241930866  8.553195235168484e-16  1.3055734391570278e-16
2195.4224599169343  1.095504569852082e-16  1.158024270212269e-16
2196.797809980119  -2.005489468967465e-16  9.592435707673648e-17
2198.175052427674  2.4452957096592954e-16  1.1172887352431355e-16
2199.536542607263  2.0686434514213575e-16  1.1832068244319353e-16
2200.920098238072  1.736375454921749e-16  1.4373909563400081e-16
2202.279458394073  -1.777323674569982e-16  1.6543641367818115e-16
2203.6540612864587  3.07270068992664e-16  1.1440556381208614e-16
2205.0361686615443  1.131506712658391e-16  1.5745592071205735e-16
2206.418540643322  -7.65647970274188e-17  1.0054025650535389e-16
2207.794964321715  1.266266213495202e-16  1.0932956667443204e-16
2209.168136938026  2.7457658246211815e-16  1.4074618412421655e-16
2210.5442050788424  -1.7374883768051023e-16  1.9737200424428143e-16
2211.9140267532607  6.8346474415062735e-16  1.6903761395810221e-16
2213.2890091952036  1.3230213914281803e-16  1.2072345021675796e-16
2214.6658836905995  -3.434436962661226e-16  1.5221424260643133e-16
2216.042412768035  1.4646139335202713e-16  1.0193715280171914e-16
2217.407808073437  1.1038437415666986e-16  1.2203874680005608e-16
2218.7748282688444  2.0604859947437066e-16  1.1267569754066625e-16
2220.1598798366103  3.153595512762978e-16  1.0587876768220782e-16
2221.5331938511085  1.8608829454210267e-16  9.432543680500618e-17
2222.9103100009293  -7.241886853562952e-17  9.12357319286634e-17
2224.288871319413  1.576781874513728e-16  1.0205130372625145e-16
2225.6649468242317  4.6504553950151795e-17  1.0002310980383063e-16
2227.0247223748347  3.959844700418433e-18  1.1435925493267297e-16
2228.4068177611  1.14294059865514e-16  1.0105647014714618e-16
2229.781445136192  -1.3522236463781604e-16  9.63395752744585e-17
2231.1575490424066  9.914993927270864e-16  2.69950829658044e-16
2232.5498527192103  1.847113101374428e-16  1.133471961444919e-16
2233.908529590219  -1.636229558427791e-16  9.915405399994772e-17
2235.280704078909  -2.8494339223378393e-16  9.980119378909491e-17
2236.652994620717  -6.735407473219184e-17  9.523922653641596e-17
2238.028599054218  -7.549735684286607e-17  1.0627400781377546e-16
2239.3933718095236  -1.871034072811053e-17  1.1283271627326351e-16
2240.772778363457  1.6582630029682435e-16  1.1100470005908053e-16
2242.154389011802  -3.5783709221952094e-18  1.0458430281545624e-16
2243.5332474797565  -6.978947312656026e-17  1.3878670574964173e-16
2244.9042572605713  4.496015149823364e-17  1.0112302840795465e-16
2246.2852699902924  3.668642366670428e-16  1.0740019105670925e-16
2247.6608636737105  1.1592375125603127e-16  9.538360594925341e-17
2249.04872966883  2.069756770351405e-16  9.673446468144641e-17
2250.4146250680988  1.8532712955987628e-16  1.0440605531961841e-16
2251.7861867523934  2.9587532518250104e-17  1.016090731184459e-16
2253.149920743314  -3.812153306039152e-16  1.050018437363383e-16
2254.5268756350965  1.3625533455188246e-16  3.2729199557184475e-16
2255.899786802352  8.639248356304702e-17  1.8488107406891828e-16
2257.2798643612673  -2.4251241494160263e-16  9.881080713296272e-17
2258.656625120992  8.815028868683651e-17  9.646830443010645e-17
2260.0206330358105  6.132676298007561e-16  1.8831581913981407e-16
2261.4020608468286  5.894745140170522e-17  8.493610967191676e-17
2262.7870338808652  -5.348016474708903e-17  8.227814675321237e-17
2264.1518335601986  3.999376240918771e-17  9.526246038546135e-17
2265.5180377871966  1.9789377984851253e-17  1.0019669861845856e-16
2266.8965694928465  -2.3925745261376156e-16  1.1060850039800233e-16
2268.2547041088396  -2.624103835429086e-16  6.58550275858767e-16
2269.6598316635623  1.448525270606115e-17  9.408480003864715e-17
2271.0240625058227  4.933119884809045e-16  1.7243884828802226e-16
2272.3965891216035  -8.816282212747791e-17  8.137751911970953e-17
2273.771405543909  8.525356835612481e-17  9.349668785801175e-17
2275.138691669011  3.1949871012195395e-16  8.233352814958402e-17
2276.512407319932  -5.137167805696891e-17  8.370190987587334e-17
2277.888309214518  -8.593721658878764e-18  8.457688167549723e-17
2279.265388845763  1.1551988859375838e-16  1.0142012521420409e-16
2280.6399929202203  9.000754077258957e-18  8.054798931421685e-17
2282.010238733469  1.7921554530869764e-18  8.25578462968186e-17
2283.3738389091723  -8.414476252349953e-17  7.821106511741164e-17
2284.7555183522177  1.298010096682537e-16  9.380909743176078e-17
2286.125178190462  -9.203672234866178e-18  1.576533587981064e-16
2287.512257428412  -1.9751531163104502e-16  7.692939177165258e-17
2288.884200197561  1.456249350817237e-16  9.015121873626758e-17
2290.2590231304644  8.474361481720832e-17  7.991125214845313e-17
2291.6319457252994  -9.699676034496453e-17  7.419438855941744e-17
2293.0002888002923  -1.6406558349727867e-17  8.820702665941275e-17
2294.385660487181  2.0064852620760808e-16  8.463957534848385e-17
2295.7648275405263  4.191894058161016e-16  1.3590895101601465e-16
2297.1316699205045  2.8681739969002487e-16  1.0285521078508969e-16
2298.5045486870717  1.974743231773318e-16  8.788322846299009e-17
2299.882110574269  -3.340894812956748e-17  1.4899350570361526e-16
2301.2570948799817  1.9643907686221963e-16  8.07233846913026e-17
2302.6334688025568  1.758464618348263e-16  1.0028207689256384e-16
2304.0064726870987  5.755877397190629e-17  8.4769819899014e-17
2305.383964274854  -3.600870069420529e-17  1.0886676243043107e-16
2306.753906469795  3.558034025091103e-17  7.554757663221539e-17
2308.133863749627  1.6039009578090545e-16  1.4054935484309833e-16
2309.500232437326  2.0040974232582117e-16  9.397462619849999e-17
2310.8771253019513  8.050620014967067e-17  7.394753801229692e-17
2312.254007392805  -1.0263140218111244e-16  7.136435883841222e-17
2313.624175899193  -3.369892456510407e-17  7.303556807823476e-17
2315.00354579311  2.0881601493172807e-16  8.77679393379349e-17
2316.376693720761  2.6518045590439355e-17  7.315131380698808e-17
2317.751784484734  3.6676473676552e-17  8.006471069569397e-17
2319.126407544003  1.5167014305182865e-16  8.134311502367222e-17
2320.496381925319  3.444248515866187e-16  1.0769614966243583e-16
2321.8731511856254  -4.878553757649127e-17  8.650061923016485e-17
2323.2404834454223  1.856060118490373e-17  7.329157716909747e-17
2324.613320781079  5.87802219516266e-17  7.470735303576363e-17
2325.9945431271867  -2.0299139286993387e-16  6.81723747336885e-17
2327.3737772706477  7.607240122418436e-18  6.835281922123326e-17
2328.7536702073007  2.6297596332365808e-16  1.3137932321656407e-16
2330.120619948762  2.903654751222853e-17  6.761158598304694e-17
2331.4992987393075  7.78591113472989e-18  7.183576576078374e-17
2332.863461812985  7.168876583976572e-17  7.304452809862993e-17
2334.2432591520255  3.7617163321482006e-17  7.490299117679977e-17
2335.6277459936045  1.456902492628909e-16  8.805174169737939e-17
2336.995175251133  1.450023923352714e-16  8.022340364185104e-17
2338.3677716648594  1.2037179919474942e-16  7.176918764764057e-17
2339.7404424451042  2.060459260266309e-16  8.361980723699378e-17
2341.1198340868996  7.250209746363114e-16  2.0540076485350893e-16
2342.5014308015375  -8.124623563033001e-17  7.52185440368765e-17
2343.8681466315597  3.8206927216364553e-16  7.319138243586015e-17
2345.2341339468658  1.967960615448179e-16  7.635389905844228e-17
2346.6098767487033  9.907318220581964e-17  6.86654802578885e-17
2347.9893163928145  7.134984678174559e-17  7.039467154992856e-17
2349.3643733306703  1.43729513573785e-16  7.44323121733673e-17
2350.739275741241  9.489568850185533e-17  6.977972563022194e-17
2352.108457470294  -1.3777732040920043e-17  7.056769126429505e-17
2353.491342675169  7.393088190348255e-17  7.60438122078533e-17
2354.8841147143735  3.488457216791308e-17  1.2235061374332327e-16
2356.2523703229076  3.048991377465155e-17  6.559409908647501e-17
2357.6131918060764  8.292124990097029e-17  6.709786050053721e-17
2358.9909767198956  2.077119736594311e-16  6.45783676163742e-17
2360.376270367354  -5.886948880179148e-18  7.644838293673054e-17
2361.7394777488967  4.700081599556931e-17  1.514759475137808e-16
2363.104200863349  -1.1563946582310904e-16  8.424011990451464e-17
2364.4731002429257  -7.5159364227132e-17  3.371794641047034e-16
2365.847293525317  3.6456414516855334e-16  1.1679353497885323e-16
2367.211331501733  4.505069667331716e-16  7.97016975207914e-17
2368.5908294800033  -1.5075591656905544e-16  1.9245369420115954e-16
2369.9781305072443  1.436591966042731e-16  7.996034697216938e-17
2371.3720788280934  2.7501995127044657e-16  7.181339879702031e-17
2372.74998707912  9.09112256656364e-17  7.727168572657192e-17
2374.1126886299935  7.440102489387809e-17  6.81288451811335e-17
2375.4779032731058  -2.9807350802952396e-17  6.708627335451657e-17
2376.8554265143803  1.0830824346339037e-16  6.823782126375369e-17
2378.230712011106  1.2169812044125164e-16  1.5060775197773494e-16
2379.6027301590666  5.699764640808584e-16  7.523132894042412e-17
2380.995284373654  -6.69791369215787e-17  6.266877815890368e-17
2382.3516098222635  -4.7046936277802816e-17  6.439775107526202e-17
2383.7233022692453  1.6059702328294172e-16  6.66920589269085e-17
2385.094113852567  9.979666083933812e-17  6.491471910577296e-17
2386.4806194910775  2.5944763103825804e-17  6.652432655101744e-17
2387.852499974749  2.4465150400566476e-17  6.393073813630438e-17
2389.23960598654  5.249213721006384e-17  7.113927306756919e-17
2390.6082007913433  4.596205581721502e-17  6.528799593771609e-17
2391.9774194290776  -6.922968361009867e-17  6.547168297326206e-17
2393.3483179808463  -1.7933363030422326e-16  6.411999044301161e-17
2394.727675163312  1.3434887514584984e-16  9.850894576638497e-17
2396.09803880304  1.4829135674937207e-18  6.249484523714093e-17
2397.470428538547  2.443949986064345e-16  6.81428212247632e-17
2398.8501407267954  1.6615582258308587e-16  7.58284739333486e-17
2400.2352902298817  -5.616524926371781e-18  6.471177530556675e-17
2401.613515370829  1.9772137886524423e-16  7.349216515891913e-17
2402.9711990802366  1.654871562456776e-16  7.182057872473727e-17
2404.3385624246457  1.9449591710676926e-16  7.528648534366915e-17
2405.701532835414  5.747171486679631e-17  7.246826114436629e-17
2407.082551793714  -1.028320298756035e-16  7.279475925830832e-17
2408.4599392100613  2.3902300977582933e-16  1.0058146333474883e-16
2409.84587397032  1.2447043280783537e-16  6.423626556735696e-17
2411.2149047456373  1.2765409878431926e-16  6.124392315783414e-17
2412.590858783111  1.85675379215206e-16  7.384099714940009e-17
2413.9639200170413  1.5700634143168988e-17  6.303185750825525e-17
2415.341081572711  -2.1946003277899507e-17  6.59012213217486e-17
2416.717649187711  1.2074240257895278e-16  2.879207924527216e-16
2418.1035785995887  -3.7300316750927244e-17  6.037125422903559e-17
2419.4648833842734  1.4059602106453612e-17  7.130526505545143e-17
2420.8436347421425  -1.195477949557486e-16  6.394956476704608e-17
2422.2163098078354  -7.801145650943524e-17  6.386519234456568e-17
2423.5872258978807  8.728271519061129e-17  6.618409723890703e-17
2424.96965082026  4.763560432380985e-17  6.681152365969585e-17
2426.353217326477  2.1011472819810573e-16  7.428161971809484e-17
2427.7264424278164  5.994144588879712e-16  1.7121476656523158e-16
2429.095313647682  1.8004286157887112e-16  1.0060408176141848e-16
2430.4581452870657  6.956970116397227e-17  5.872300090557263e-17
2431.8355659155527  -2.885305238258467e-17  6.430783323395505e-17
2433.2103631918294  5.940349526399591e-16  1.0917713383115077e-16
2434.5835350504294  4.622994983911889e-17  6.199512226804049e-17
2435.962064395991  1.0959354316895486e-16  6.205553292253646e-17
2437.332708619577  -3.082725126334048e-17  6.126857975753312e-17
2438.7048393695895  1.1349994000768349e-16  5.757680650925995e-17
2440.082925331165  1.7091494337168316e-16  6.490579879004719e-17
2441.4557441798115  -8.175724796043057e-17  5.744130109003396e-17
2442.830449407932  -1.281596335244035e-17  5.937364794051704e-17
2444.2064391700837  2.0298762092634063e-16  1.321129993326741e-16
2445.5765142163195  3.1973902925095776e-16  8.373845802405838e-17
2446.9647510322543  1.338361770216609e-17  6.775842708538736e-17
2448.3440933258235  6.103953013719473e-17  6.433747276966405e-17
2449.7075496979774  1.6085438895000902e-16  1.0020487778035549e-16
2451.074132566403  9.881100565630973e-17  6.656792227802144e-17
2452.449938021481  -2.5963706532470003e-16  1.5720770035384244e-16
2453.8242173282133  2.7516298734196924e-17  7.04796064552255e-17
2455.19586724561  1.8279949060104084e-16  6.953416548485699e-17
2456.5714684780423  1.8166286503005418e-16  6.352753060107663e-17
2457.9605727179883  4.688356479810114e-16  9.477904280059556e-17
2459.3324284547757  2.579157884967609e-16  6.414691682631144e-17
2460.69909515936  3.161784733176151e-16  9.902746889644751e-17
2462.0715184443634  3.6205424096205104e-17  7.22889945620138e-17
2463.447416059712  8.322180763090266e-17  6.367003065956236e-17
2464.809536899432  1.0037856585665692e-16  6.40294174746595e-17
2466.181199261568  9.491649374862227e-17  6.098620014874221e-17
2467.570014769398  -4.676399749491783e-17  8.885664137295269e-17
2468.9394276492308  -2.4997660162170553e-16  1.5330130351511381e-16
2470.312883090215  3.664779367035356e-17  6.108174943565944e-17
2471.6948768149628  2.4331458161243205e-16  6.747097189635783e-17
2473.062982467207  1.0597861830831032e-16  5.875894024882683e-17
2474.439435252435  1.930660460824652e-16  5.813814450782823e-17
2475.8074649716696  3.3810494686125223e-17  7.067722982973177e-17
2477.1845038272736  4.335671812908125e-17  7.443217982446929e-17
2478.5566496648594  7.475007526004077e-17  6.869614549755707e-17
2479.935852396787  -4.541689416270582e-17  5.4620287637705567e-17
2481.322609647885  1.2614446107918548e-16  6.343255041442084e-17
2482.6996403912253  5.561737445679944e-17  6.026881618197702e-17
2484.06203330193  1.554818045493628e-16  6.243215156415431e-17
2485.4507813803525  2.8300821311688347e-16  9.396906754478363e-17
2486.826676771783  1.9106887474173756e-16  7.228471307516322e-17
2488.1810421797054  7.507382051690422e-17  6.320694848287558e-17
2489.558680319098  2.5410779306370157e-16  6.393294174545622e-17
2490.9329128176423  1.0696918363545482e-16  6.134531564859844e-17
2492.3047086809274  9.054631990149231e-17  9.813062644142771e-17
2493.674743645721  -2.0938040357239545e-16  6.619821886632454e-17
2495.0519893803644  -4.5233062866861014e-15  5.13467243339939e-16
2496.44795032226  2.1530968714273476e-16  1.2072506487331366e-16
2497.8026367511143  1.4770862289707949e-16  6.69199174071648e-17
2499.1746310505473  1.5983179518954646e-16  5.743349250505146e-17
2500.551701651033  2.400785716467858e-16  7.632464333453751e-17
2501.919959896819  7.460877957652691e-16  1.0368612363656656e-16
2503.2967764659165  1.6517477314170818e-16  5.308384928072507e-17
2504.667182383552  1.475747122820745e-16  6.091246857766169e-17
2506.0422197759244  3.7719107707151e-16  6.650098020540875e-17
2507.4217600810725  1.2480548727803365e-16  7.205367822135471e-17
2508.803554637241  2.63452392886709e-16  9.648109595109897e-17
2510.1742968750445  4.75445628403588e-16  8.801351271818964e-17
2511.5538892676554  1.911303905095319e-16  6.914532442250807e-17
2512.9278685245336  7.096190569190312e-17  5.755638507429724e-17
2514.309472140547  2.0437212274840739e-16  8.142585955470713e-17
2515.682186595174  1.2835393328720852e-16  5.737910372541487e-17
2517.0542516743103  4.382486529809482e-16  6.457339129780908e-17
2518.4235165897667  2.6321707654604993e-16  6.826750712157699e-17
2519.801282899756  2.0653244057571008e-16  6.408499077693327e-17
2521.17962015555  2.051084723122572e-16  7.793206040551995e-17
2522.553235518205  4.458538971165485e-16  6.831142710338111e-17
2523.9100475400514  6.647465865657282e-16  1.0770810738537089e-16
2525.280950885973  1.0295645769206618e-16  1.1783473699437578e-16
2526.6671974476135  2.5286273404057655e-16  6.859708896484262e-17
2528.037892105333  2.0438584732913087e-16  6.331556060602624e-17
2529.400964793295  2.0730161266626599e-16  6.295055558020864e-17
2530.7828159171972  1.2573382215333456e-16  5.676816797731791e-17
2532.1598775433968  1.935357126168279e-16  5.780017836187377e-17
2533.539714545644  3.8256735400641066e-16  7.658547654273263e-17
2534.91568473251  1.2942807694344538e-16  6.410443944749561e-17
2536.2851029675276  -1.2567854001863641e-16  1.0960021355341449e-16
2537.6519947487673  1.6912704210848655e-16  5.910343119545312e-17
2539.0292919594335  1.7677218943683645e-16  5.480988074282517e-17
2540.4096562144823  3.0043678950936756e-16  5.830828563366304e-17
2541.7764258980756  5.279766530286091e-16  1.0496727420417849e-16
2543.1513050882068  1.5846471048245762e-16  6.199078122418581e-17
2544.526003924766  3.261822765318232e-16  5.3701028588085586e-17
2545.904763640886  3.059330804249823e-16  6.009549868259001e-17
2547.28668059729  1.347554774303115e-16  6.11325714124947e-17
2548.6485771594944  8.137510639929884e-16  2.20570423489674e-16
2550.0220834433785  1.4765467748625123e-16  6.631729978730767e-17
2551.3960520155156  1.566968336075297e-16  5.52720894167851e-17
2552.7733891610083  3.244707935223367e-16  7.275936254553595e-17
2554.1417280187065  2.4788935362099333e-16  7.104159296339403e-17
2555.510181330864  2.014099691225203e-16  5.896067967406116e-17
2556.876650996594  5.627898659794385e-16  9.683851076761578e-17
2558.251725665101  2.1234834084512551e-16  5.716043687612526e-17
2559.641407261676  2.6282426501676075e-16  7.008545820206644e-17
2561.014510208863  3.7689255089716207e-16  1.4385159219730803e-16
2562.382621025239  3.619447487187286e-16  6.694072265393174e-17
2563.7574140413494  3.812688524982698e-16  1.9685790818485728e-16
2565.132485509471  2.353800534185866e-16  5.583029074647059e-17
2566.509950934541  8.010688367204437e-17  5.22700557592056e-17
2567.8806699228207  2.248321638846656e-16  6.196807015328756e-17
2569.2549143072692  1.6746438260747536e-16  5.4536967388964325e-17
2570.626536080655  2.0611984288616863e-16  5.178162545982774e-17
2571.9988580614204  2.3771127337788764e-16  5.26295649970334e-17
2573.3748115930516  3.210262281632087e-16  1.922971122199257e-16
2574.7428348524445  4.045110726114583e-17  5.5089308971190484e-17
2576.120771765677  2.0884951243781402e-16  8.650328606045973e-17
2577.5023358875856  3.4191114896674354e-16  5.535102891700226e-17
2578.8727009914237  1.4353169167593172e-16  5.984131600651982e-17
2580.246800683765  8.080205684674578e-16  1.02219003014918e-16
2581.622657722954  3.742751661505871e-16  6.087401460534532e-17
2582.9972943154694  3.3859467087110813e-16  5.5258093520820704e-17
2584.37497686001  1.3772137653001224e-16  6.052844501520027e-17
2585.7657971600083  3.136247483909822e-16  9.57421126441788e-17
2587.145032599557  5.076159926798655e-16  6.859707572995282e-17
2588.5068565165216  4.803632369975504e-17  6.8397162719511e-17
2589.8755006782376  1.6253903160297941e-16  5.3401847286692507e-17
2591.2417593031046  1.4335757346571176e-16  1.2324766133913498e-16
2592.6252963112524  1.6652084084379327e-16  5.579090371442326e-17
2594.0025103592143  3.1818557082569337e-16  6.388923352188892e-17
2595.3696401800294  1.9019005158918162e-16  7.707070069005623e-17
2596.7275400198528  -2.3941094672976874e-18  7.18834047466219e-17
2598.108764233125  5.735906477876741e-16  1.0213668861780163e-16
2599.5010709339253  4.46231673811024e-16  7.255790767043234e-17
2600.8744416770505  2.524374970312753e-16  6.478808106271354e-17
2602.2148751811615  5.846994848909143e-16  6.708850343344801e-17
2603.571303553782  5.770082669111676e-16  6.910859098586581e-17
2604.970061763306  1.7391031657097039e-16  1.0928952451533957e-16
2606.3416525160783  1.4473360495830597e-16  5.771448906785818e-17
2607.723169373274  3.1258991235745385e-16  7.15044964690685e-17
2609.0962306168076  4.754106353549545e-16  7.864328353108285e-17
2610.472008399015  1.6867335008611346e-16  5.809335102329726e-17
2611.851888672233  1.7217613572547541e-16  5.145497845337545e-17
2613.234301713456  2.442872930732352e-16  6.586258206097502e-17
2614.612775484251  2.0242520428425358e-16  5.76774512287505e-17
2615.973192079175  3.277731632254444e-16  1.0916871644123743e-16
2617.3500316933205  2.4056601263815105e-16  5.970387829338291e-17
2618.7097809084826  5.637830782845432e-17  5.4482704340780847e-17
2620.07488730207  1.4894499983249515e-16  6.080908423598236e-17
2621.4595840455513  3.074444254309004e-16  6.029398232493334e-17
2622.8230349911046  3.607187214671372e-16  5.858660213128508e-17
2624.2081539789265  4.2136323646589093e-16  7.403584781449308e-17
2625.587230623611  5.953116298148184e-17  6.18486914472839e-17
2626.950772429026  2.535515041755923e-16  6.771135058236574e-17
2628.324651580407  2.660274259859213e-16  6.970752930635831e-17
2629.701817595395  1.5123325933950264e-16  5.546693677315564e-17
2631.0771288778333  2.354878118913451e-16  5.337333602533903e-17
2632.4538576837745  2.1966614964403103e-16  5.2481804069851826e-17
2633.8256820169568  9.755208573309629e-16  1.332329357076219e-16
2635.188768810596  2.2807778238030727e-16  5.547047710617737e-17
2636.541290701665  4.0271675904415317e-16  6.18518016463871e-17
2637.9393178342116  4.458827491763144e-16  6.280396594077444e-17
2639.3235370864936  4.5720540915917705e-16  6.050785152667015e-17
2640.692740570241  2.0938511519316455e-16  5.771274206240446e-17
2642.067630342965  1.9222090572445241e-16  5.351512139977552e-17
2643.441339107099  3.2443609164127887e-16  5.927275837556517e-17
2644.816141829627  2.408505362990897e-16  5.564314940468659e-17
2646.1890341415  -4.882685954942748e-16  6.37640976388219e-17
2647.563445896344  2.0402393926752667e-16  5.927703986241575e-17
2648.93820510662  2.8255722101202976e-16  6.915399989277252e-17
2650.320150840506  3.1807169783384687e-16  5.941586723898174e-17
2651.683612229713  3.6477664455919576e-16  8.502811200836736e-17
2653.0551910954855  3.0989100068970564e-16  6.276304366151022e-17
2654.427717975064  2.9055345026212677e-16  6.280301302870878e-17
2655.800372468668  2.903278748003611e-16  5.894797417985235e-17
2657.175236385523  3.774592688784344e-16  1.1811937976932262e-16
2658.5391897045556  1.9101985270991522e-16  5.864830980498154e-17
2659.9126814841807  3.260865882785631e-16  5.945379843315098e-17
2661.2886475995606  3.729015434079366e-16  5.748209763784508e-17
2662.666522814853  1.9044764224937554e-16  5.460459767584666e-17
2664.0298905489444  2.630871628677648e-16  8.988847308649624e-17
2665.417733268622  2.5388004708000857e-16  6.036180451771779e-17
2666.791033429209  9.116591788496393e-17  1.3306850543673616e-16
2668.1674247966416  2.9625332025265817e-16  6.987706824470718e-17
2669.538418192934  2.7164838956346003e-16  5.837892685797507e-17
2670.911930683159  5.57849599254137e-16  3.9625191242313273e-16
2672.2827348425385  2.416401562943879e-16  5.971283831377808e-17
2673.658171483501  2.2262868708172235e-16  5.788416035510505e-17
2675.0340530150997  3.589746012194018e-16  5.3162845029223885e-17
2676.408128398402  2.009374703217402e-16  4.9537798786604146e-17
2677.784938902228  2.284620706405647e-16  5.657136516597929e-17
2679.15822751252  2.3959242767462104e-16  5.634289788079215e-17
2680.5299821939893  4.576883238182304e-16  6.425367606488998e-17
2681.900824653256  3.611879512501365e-16  7.247952403558681e-17
2683.2797487008124  3.828755151805336e-16  5.653833749848128e-17
2684.655876391237  2.887038479426786e-16  5.666579610470835e-17
2686.031656647259  2.474456142357505e-16  6.059693556991966e-17
2687.404995081582  3.572100727715935e-16  5.624528395106599e-17
2688.7871389944853  1.9331552375521119e-16  6.060798008545847e-17
2690.153252974939  5.770643828439232e-16  1.458368124325455e-16
2691.5231358720475  8.388433562642129e-16  6.095436362132627e-17
2692.8872670479986  2.3651510403768696e-16  6.053227651579761e-17
2694.259156829148  1.6754661097780803e-16  5.2778351628174537e-17
2695.6435298191004  5.848302456021466e-16  1.3329183096723568e-16
2697.001309763548  3.077785799285922e-16  5.915737660628137e-17
2698.364073321407  2.9649046300810977e-16  6.043617798095365e-17
2699.742004714149  1.8871957592296856e-16  6.050762653354353e-17
2701.1247936970913  3.363310017893506e-16  6.966668643643289e-17
2702.500413983175  2.511725327338898e-16  5.274520815539076e-17
2703.8719178686993  2.6639945873822314e-16  5.953190413531068e-17
2705.241344952854  2.4319607640915526e-16  5.3747152179041543e-17
2706.619883646065  9.791771809269044e-16  7.465177311604497e-17
2707.9931611787065  3.897653341130593e-16  6.053899322237154e-17
2709.3557648678807  1.7771181367313749e-16  6.821250953700957e-17
2710.738427387194  5.011823009894363e-16  6.046721379753664e-17
2712.114925554603  2.4790505020029713e-16  5.608432783875297e-17
2713.489309391867  8.943827242805262e-16  1.8760935395713458e-16
2714.845393720126  -8.14019639611717e-17  2.225376575096721e-16
2716.235266307809  9.032624883039482e-16  1.268873619134867e-16
2717.6098712554867  3.01457993606401e-16  8.663206815566688e-17
2718.9760999819227  3.0008908248451967e-16  8.34111724341732e-17
2720.338292874012  3.1850789333190323e-16  5.578760160941795e-17
2721.7160275834963  4.4159694775166485e-16  6.612855702385777e-17
2723.0838428811967  2.936517909040646e-16  5.541304099316414e-17
2724.485238622562  2.467099925908397e-16  7.695373073399634e-17
2725.843412905435  1.6835153050571603e-16  5.4162085826632843e-17
2727.217053099639  2.627251092223728e-16  5.811186001668375e-17
2728.5912593936587  3.091059864360581e-16  5.674673407328544e-17
2729.958753834701  2.636578248461978e-16  5.735532724588765e-17
2731.3222233311285  2.1446258802103145e-16  8.125632723380316e-17
2732.699006306906  2.4508662747764725e-16  7.85676593707608e-17
2734.0706645060973  1.384384296245324e-16  5.415748670242705e-17
2735.457911077339  2.7051455655422135e-16  5.759407142300516e-17
2736.820787775762  4.037292810534773e-16  5.792487087613246e-17
2738.1937334894933  2.9915094055587633e-16  6.539192952732215e-17
2739.5688855102494  4.2392916396092023e-16  5.729151522471286e-17
2740.947694228036  4.2853922018569056e-16  5.917861198696684e-17
2742.3202609914306  2.0646843664863317e-16  5.908330092806603e-17
2743.6932036633625  1.963027574972709e-16  6.078515555522243e-17
2745.0581214252743  2.7206814732838374e-16  5.3362357684249225e-17
2746.4342696334425  5.794367103709457e-16  6.621818369758912e-17
2747.798396039593  3.177882064943127e-16  5.583619350732176e-17
2749.1810345729236  4.3913861991071645e-16  5.606400566546377e-17
2750.5619166829633  2.0983880721553764e-16  4.746489078899116e-17
2751.929721698498  2.702237066159579e-16  4.699550218731427e-17
2753.3098352533807  3.887732732433673e-16  1.0016316140770321e-16
2754.6755876914585  2.5781837970782664e-16  4.922244775859688e-17
2756.0507836410297  5.37433140609993e-16  1.4483584448201752e-16
2757.4217054226024  3.450831020657537e-16  5.050808826257375e-17
2758.7971556329685  4.0334073115870397e-16  1.3681052494413825e-16
2760.1687241031545  3.121647547574914e-16  4.913415450001297e-17
2761.54743030179  2.823132225836613e-16  5.2842752601945465e-17
2762.9175766620006  5.063890125162084e-16  1.117247971782549e-16
2764.298601230078  2.648806227846778e-16  5.295313489160699e-17
2765.6620733043483  1.3810808677510323e-16  5.424653765845206e-17
2767.0322813664534  1.8533607634538165e-16  4.525736741849129e-17
2768.404694467074  1.6980236559546464e-16  5.49608279697263e-17
2769.7779517601525  3.0220706189934944e-16  5.4387350268488184e-17
2771.1439553571663  3.1124058887247775e-16  5.4769722778446947e-17
2772.5086434262844  2.9134995240012143e-16  5.191285600964805e-17
2773.8868995682187  2.822586948376818e-16  5.716011923877004e-17
2775.270093148393  2.885850515718262e-16  5.05089088257414e-17
2776.641215707373  3.008647529059678e-16  4.8568905591508534e-17
2778.0135135040096  3.086873933414369e-16  4.7342348944325103e-17
2779.366372623603  -7.80909214347775e-16  9.938735201991218e-17
2780.7661747499487  4.50471920744979e-16  5.0921440340833847e-17
2782.1256186543856  3.1349464942423985e-16  5.899053096800698e-17
2783.4898070169306  4.0502802078963454e-16  5.75104533892434e-17
2784.867908159892  2.8245285067106027e-16  5.251055355922172e-17
2786.2562815844162  4.3729089694562e-16  6.141361429741571e-17
2787.6232641087217  2.868019942782967e-16  4.5822411186203816e-17
2788.9942370643876  2.8297496707370374e-16  4.885838240995514e-17
2790.365236335817  5.049877023840946e-16  5.343414041780658e-17
2791.740140919824  6.017609519101024e-16  8.236120230415759e-17
2793.1080724480244  5.633312259118524e-16  1.0464537521444225e-16
2794.472666460408  4.263808743569682e-16  5.464150978350123e-17
2795.8398036469957  -4.677648924565636e-16  2.3946500215561847e-16
2797.2149643228763  1.5600018871308243e-16  5.695243734801512e-17
2798.6073691593274  5.65119524221743e-16  4.7592590931957096e-17
2799.9808328883914  2.361598001860934e-16  4.874124701777273e-17
2801.347048127257  3.330956270984148e-16  4.8705274587294026e-17
2802.7150472018366  2.7712832215528093e-16  5.840020194332993e-17
2804.096350735831  1.1361157630315364e-15  1.7631648571121364e-16
2805.4671242913482  4.0195191476256214e-16  6.039358148812962e-17
2806.8377462985463  2.651942896729579e-16  5.478994569006264e-17
2808.21852874288  3.9627438526601457e-16  1.0806885077667262e-16
2809.5817278908207  4.923755935577149e-16  5.539393973845906e-17
2810.9557799826216  3.1389090202487726e-16  4.955439202969196e-17
2812.3301995631937  3.2232181799559333e-16  4.7645924229132065e-17
2813.7008542919407  3.071498432537131e-16  4.7229925172911796e-17
2815.074070102309  1.36148303998063e-16  4.6524833110049145e-17
2816.4420706975197  1.8903505599115138e-17  4.0776599523462996e-17
2817.809045753384  1.9136210696016516e-16  5.3178928729054366e-17
2819.177449130171  2.492070457193454e-16  4.724634967115465e-17
2820.5574391144664  3.9767516600253637e-16  5.348442307288245e-17
2821.933209928524  5.059337323070593e-16  9.613770350032615e-17
2823.3098788734687  2.513144901618937e-16  5.0930906595763903e-17
2824.6819544694836  2.970025738340638e-16  6.034127058619177e-17
2826.052606465701  2.1793773921048923e-16  5.1824294744545675e-17
2827.4233900447825  3.927119499783202e-16  6.453351457483912e-17
2828.797068845526  3.8615149451337843e-16  5.859139316139299e-17
2830.163437740323  3.691744131515605e-16  4.741031672089736e-17
2831.529482437619  3.167024161350511e-16  4.419206797736385e-17
2832.898938178957  3.0617085845514435e-16  5.013248209002567e-17
2834.2853741256617  4.435260917588161e-16  5.625298665693008e-17
2835.6595242128633  4.2297797243093325e-16  4.642133296308406e-17
2837.035271170109  4.660664855182003e-16  5.602454584152254e-17
2838.3997211581905  3.0577119125293833e-16  4.5716773604535894e-17
2839.7750514923096  3.898648604843617e-16  5.566117532459534e-17
2841.1467578386387  3.0710500344706783e-16  4.531457192093301e-17
2842.5210123068236  4.2712867210049574e-16  7.742849931837727e-17
2843.895423589503  6.264524917181573e-16  1.0199380474751167e-16
2845.2659666755285  4.297266809684023e-16  4.408815424009249e-17
2846.6337598762666  3.9069233226449033e-16  4.519316827678983e-17
2848.0063060106195  3.803904263924079e-16  4.605860764703466e-17
2849.36939979133  3.486194646205404e-16  1.0134033868103968e-16
2850.7549104616214  3.864992280080059e-16  4.722361213047679e-17
2852.1236972951424  2.900985141601124e-16  4.579771488183543e-17
2853.4984860314876  3.420371715874272e-16  6.381903566638522e-17
2854.871120045065  2.440481121447543e-16  4.1708603771961194e-17
2856.241075494111  4.3868161916589315e-16  5.010140987749573e-17
2857.6071211280187  2.8709609999945113e-16  4.6950209085693315e-17
2858.969813581089  3.861277511210757e-16  4.6700159003963435e-17
2860.336626505182  3.147632136116512e-16  4.84435579502047e-17
2861.7180466710474  4.63139033773371e-16  4.928237533961512e-17
2863.1022993835454  6.780454802936535e-16  7.969587416927903e-17
2864.4729559906427  3.1621838974525446e-16  4.3470534872646095e-17
2865.847203334989  4.028323261018942e-16  5.78443696589188e-17
2867.2207704918824  4.3995891838057304e-16  5.365930890671086e-17
2868.592303615135  2.985064278923546e-16  4.3929305783980255e-17
2869.9673989529647  5.418575113308574e-16  5.703495026847851e-17
2871.349593048892  2.5360690542429866e-16  4.672256567239627e-17
2872.7158572313033  3.3582783774890196e-16  6.254219967284836e-17
2874.087549836525  2.6023337651956706e-16  4.448004594454051e-17
2875.448870123104  2.4904910054446207e-16  1.2588033238342995e-16
2876.8211637947966  5.843324019873979e-16  5.93246259086947e-17
2878.1778974791664  2.593102429559579e-16  4.582873415480617e-17
2879.5688070572223  3.025975705578133e-16  4.195552711097562e-17
2880.950962975792  3.9429272521613354e-16  4.2371754469044956e-17
2882.327366258788  5.066348108895898e-16  7.914344986899161e-17
2883.686640546364  3.5277937577340426e-16  5.1498117576681315e-17
2885.0544556835434  3.773471428920416e-16  4.248414846195621e-17
2886.423534394308  3.4750826327286115e-16  4.408338637104173e-17
2887.7946493262807  3.21031654468027e-16  9.512842403900325e-17
2889.1533375411072  4.188262139701867e-16  4.5692911098224964e-17
2890.5355113041987  3.4461638691181656e-16  4.4378567426992506e-17
2891.909193914071  3.8673367084593815e-16  4.838694240035912e-17
2893.27908575079  2.0446144501967331e-16  9.226093296241673e-17
2894.65436596577  3.5819850728148006e-16  5.0367173082141664e-17
2896.0260631625347  3.9263447293342603e-16  4.3185859010474745e-17
2897.3913386329523  3.1214995815069405e-16  3.8642662140255847e-17
2898.7561918242295  1.0076412996029116e-15  7.671989670099495e-17
2900.1275413858307  3.999918805226157e-16  4.618472622066939e-17
2901.508681129586  3.8295998024724263e-16  4.265839240362928e-17
2902.8874527504954  4.1435163007741784e-16  6.302538564714264e-17
2904.243173446083  -1.68082650484522e-16  1.0768249787360625e-16
2905.6188178377156  5.279617240729138e-16  5.158456456813801e-17
2906.9991010500785  5.207583970707856e-16  6.46143863689672e-17
2908.372460824965  3.724157964824659e-16  3.9215451627224316e-17
2909.759459508314  4.2588596888775527e-16  4.218728326627828e-17
2911.12386419262  3.95588791504551e-16  4.67869997333917e-17
2912.491935972023  3.593161407856025e-16  4.1513504952684437e-17
2913.8463451357384  5.166034887062665e-16  4.276120433632472e-17
2915.2112547259785  3.6755327149985456e-16  4.320603890869859e-17
2916.5917976650917  2.724356537483737e-16  4.8564392494086444e-17
2917.986583778211  2.9689727705080825e-16  2.6124573971021356e-16
2919.356981904777  5.633567427793884e-16  4.935176917556342e-17
2920.7312020721856  5.440784317185582e-16  4.8534746340932544e-17
2922.0887812841083  5.801073487069343e-16  7.210766333685237e-17
2923.4518232447303  4.1889739120753566e-16  4.395998756726107e-17
2924.827632876068  4.4105849949500713e-16  4.7434424072669606e-17
2926.190276092515  7.572343258346621e-16  1.0155925037579061e-16
2927.5746846242973  1.3242445334737951e-15  3.993350329417996e-16
2928.9570658742896  4.619059655604056e-16  6.124752304785997e-17
2930.324129751662  6.200188529672873e-16  5.195590579744776e-17
2931.6873503461916  4.532348363398041e-16  9.629106940333839e-17
2933.0536000262664  3.8906407024207155e-16  3.798257201143853e-17
2934.425791935615  3.909558653902048e-16  3.97174377624807e-17
2935.799413901566  8.443190536912976e-16  1.457185057526157e-16
2937.1697387431054  3.792545287403603e-16  3.8273273057191717e-17
2938.5446529544843  4.0178478457415703e-16  1.0661707600974815e-16
2939.9126462550066  4.3784416298489875e-15  7.011247722959487e-17
2941.281269610848  2.480031207337214e-16  3.612283176640291e-17
2942.6550732528553  3.224697575937872e-16  3.5040667766946735e-17
2944.024525889991  3.6314655612198446e-16  3.7836448901869813e-17
2945.3979692785183  3.873118767115576e-16  4.1063164666153417e-17
2946.7721233468214  4.680885119819739e-16  4.1318971924946666e-17
2948.1367888357245  3.5679759419606025e-16  3.6295457742797826e-17
2949.5070415165205  4.449886000213691e-16  4.054485991177259e-17
2950.8707911618526  4.617995570464068e-16  4.234171457791948e-17
2952.237755669856  4.663137661992394e-16  4.0186955404333146e-17
2953.617262327833  6.423140836280005e-16  7.05217264920167e-17
2955.002797588282  4.3323130625744655e-16  3.9152423773270226e-17
2956.3874091523007  3.3045404897328386e-16  7.863659329428852e-17
2957.7331614145733  3.9491500326478983e-16  3.6055386767977786e-17
2959.095987415787  2.8909912116147074e-16  5.725537074066674e-17
2960.463801478944  -2.9136884520531214e-17  4.5383935978379256e-17
2961.8438511078025  5.238361442241933e-16  4.6996987803694414e-17
2963.230028431863  5.260105307393543e-16  4.447627730966972e-17
2964.604723727674  4.2821642122344787e-16  4.583905406012838e-17
2965.9697802728606  4.215622892084957e-16  3.951986732753363e-17
2967.333169872246  5.054192127311615e-16  3.8718127481900285e-17
2968.705329807239  3.697748536320454e-16  3.502275434360129e-17
2970.0736029289305  4.13770327247585e-16  3.6991642724824506e-17
2971.4489574279996  4.814981552677528e-16  3.824825911546811e-17
2972.8241726751558  6.240892168557586e-16  4.15909224405745e-17
2974.189536017801  4.803388848003169e-16  3.870779103296582e-17
2975.5567536155017  4.523362402618857e-16  5.40023010020672e-17
2976.9278277129274  3.96911142284113e-16  3.742877459133428e-17
2978.3019567808087  8.229844642718891e-16  9.497534930356664e-17
2979.6586139056626  4.871284891472705e-16  4.1957555357837603e-17
2981.030579050595  5.740412163760542e-16  4.270922761535434e-17
2982.4029392320144  5.482173523361979e-16  4.899531057983472e-17
2983.792958610189  5.054213303135296e-16  3.991671218948962e-17
2985.1583010816694  4.0464884119684023e-16  3.608271681541654e-17
2986.528839478986  8.579670308726101e-16  8.909739063587502e-17
2987.8974415768275  4.760846618227321e-16  3.7430101389036814e-17
2989.267489531766  5.041661863043763e-16  8.46529028825133e-17
2990.670771623965  7.339551075870353e-16  4.3061209509607905e-17
2992.0221827574583  5.009713897855699e-16  5.184639370179064e-17
2993.3850985955205  4.465492052871259e-16  3.8152848794893797e-17
2994.755677917199  4.521249055415458e-16  3.9083023319877027e-17
2996.139811720015  2.0952225512128094e-16  9.709216404809394e-17
2997.493532518613  4.815029198280811e-16  7.553330942101008e-17
2998.8604197320806  4.518921302997284e-16  3.621688551077264e-17
3000.234022004138  5.256687529451372e-16  6.15568224225058e-17
3001.6066140531443  4.581111520775879e-16  3.669160777303927e-17
3002.971825414071  4.870301274462706e-16  3.6169117484758926e-17
3004.347301361671  5.034056036573012e-16  3.6047412746872774e-17
3005.7160999377725  3.681571530516877e-16  3.577010540959805e-17
3007.095590733174  4.965310842573853e-16  4.6386918940879404e-17
3008.4764626825363  5.803028015595132e-16  4.0218934206814446e-17
3009.843663053186  7.58946708816655e-16  4.199011649547014e-17
3011.1959743127945  5.023575592037516e-16  4.4933549369733934e-17
3012.5762043636723  5.663454985337752e-16  3.815238888247322e-17
3013.941785941763  4.047514115927968e-16  9.485189425150433e-17
3015.3099952599373  6.690790012722563e-16  7.230087287561006e-17
3016.688935671097  4.3336717563614206e-16  3.672273954257332e-17
3018.0537785195093  4.753544135430805e-16  3.696910370749366e-17
3019.421010281365  5.331116843922199e-16  3.6104226820065367e-17
3020.791956312038  4.989251170036812e-16  3.719647911427224e-17
3022.15999554712  4.748056420723781e-16  3.810106728854798e-17
3023.5364191378167  5.221462076153026e-16  3.998874969467564e-17
3024.9078941841517  4.1585101074295596e-16  3.649195946039347e-17
3026.276646405913  4.992284606779166e-16  5.524442518837888e-17
3027.641855690476  5.143792331263359e-16  4.735851867093929e-17
3029.0116736655955  4.586618823119808e-16  3.508742663261313e-17
3030.380709981276  -3.516725154695797e-16  2.4188227536840463e-16
3031.741854838192  4.718354151637125e-16  3.3542865362017367e-17
3033.133928256439  4.476872999308805e-16  5.2714708351844707e-17
3034.486236638164  4.835119760998499e-16  3.9938926952020346e-17
3035.862680052605  6.012212331040238e-16  9.70977822588144e-17
3037.231166768572  5.570070132298558e-16  6.824459090988682e-17
3038.599231265558  4.388384261402536e-16  4.431197938768199e-17
3039.9656950147637  4.85020330020673e-16  3.6655340866262497e-17
3041.3313511611013  5.478345463835982e-16  4.224311464890316e-17
3042.712715234682  4.891577153910958e-16  3.722211840453893e-17
3044.0807149197203  5.552945243687444e-16  4.2611838678754797e-17
3045.451081631444  4.083625512749583e-16  3.4914754334103914e-17
3046.8245832186763  5.15295458077469e-16  3.5577739595065165e-17
3048.187801802566  4.917256545893748e-16  3.700823265918987e-17
3049.5610171895983  7.802443993632988e-16  7.386231855686926e-17
3050.919135995294  6.899928800146754e-16  3.95981417745383e-17
3052.28785336102  4.557216721333835e-16  4.1326138617773825e-17
3053.664314424841  4.1324590797411616e-16  4.1094180630401705e-17
3055.0417605968187  4.849444146927753e-16  3.366549323346713e-17
3056.4112765074055  4.581478391921159e-16  3.34403942277343e-17
3057.780506256118  4.924459502318962e-16  3.4422777084259425e-17
3059.1453941563195  4.985276467931821e-16  5.1692607591027233e-17
3060.5179465306933  4.2188127652247574e-16  7.131658750367606e-17
3061.8714932663897  4.920383685655893e-16  3.826408804366993e-17
3063.246298546443  6.330126560155234e-16  7.393736699948497e-17
3064.629666328906  5.59983910522981e-16  4.3803276545851676e-17
3065.998865562985  6.132539184549224e-16  3.7039046791368695e-17
3067.3723502744624  5.407701857243789e-16  3.957962947242936e-17
3068.7253290813037  5.218158118263142e-16  3.5157667501508686e-17
3070.0939502141005  5.093554277766114e-16  3.6254882879390875e-17
3071.475900758407  7.38794683270732e-16  4.514013938208028e-17
