4020.  1.105635E-15
4029.19999977395  2.049157E-15
4038.39999954789  1.385829E-15
4047.59999932183  1.546172E-15
4056.79999909578  1.084589E-15
4065.99999886972  1.346648E-15
4075.19999864366  2.140780E-15
4084.39999841761  1.550120E-15
4093.59999819155  1.966667E-15
4102.7999979655  2.002870E-15
4111.99999773944  1.668178E-15
4121.19999751338  2.192199E-15
4130.39999728733  1.419530E-15
4139.59999706127  1.501702E-15
4148.79999683522  1.947211E-15
4157.99999660916  1.738017E-15
4167.1999963831  1.580603E-15
4176.39999615705  1.570005E-15
4185.59999593099  1.651383E-15
4194.79999570494  1.738009E-15
4203.99999547888  1.601218E-15
4213.19999525282  1.783292E-15
4222.39999502677  1.721819E-15
4231.59999480071  1.726192E-15
4240.79999457465  1.433075E-15
4249.9999943486  1.798271E-15
4259.19999412254  1.396801E-15
4268.39999389649  1.405919E-15
4277.59999367043  1.580683E-15
4286.79999344437  1.654092E-15
4295.99999321832  1.832825E-15
4305.19999299226  1.954792E-15
4314.39999276621  1.873523E-15
4323.59999254015  2.288337E-15
4332.79999231409  1.999640E-15
4341.99999208804  2.114135E-15
4351.19999186198  2.251598E-15
4360.39999163592  2.318548E-15
4369.59999140987  2.444449E-15
4378.79999118381  2.189083E-15
4387.99999095776  2.121455E-15
4397.1999907317  2.180148E-15
4406.39999050565  2.114335E-15
4415.59999027959  1.691550E-15
4424.79999005353  2.025841E-15
4433.99998982748  1.905045E-15
4443.19998960142  1.863259E-15
4452.39998937536  1.585534E-15
4461.59998914931  1.427058E-15
4470.79998892325  1.583151E-15
4479.9999886972  1.869731E-15
4489.19998847114  1.935721E-15
4498.39998824509  1.877257E-15
4507.59998801903  1.883833E-15
4516.79998779297  1.868766E-15
4525.99998756692  2.306485E-15
4535.19998734086  2.217392E-15
4544.3999871148  2.227932E-15
4553.59998688875  2.453091E-15
4562.79998666269  2.664198E-15
4571.99998643664  2.721624E-15
4581.19998621058  2.575021E-15
4590.39998598452  2.616587E-15
4599.59998575847  2.827325E-15
4608.79998553241  2.772470E-15
4617.99998530636  2.692268E-15
4627.1999850803  2.813858E-15
4636.39998485424  2.768316E-15
4645.59998462819  2.839447E-15
4654.79998440213  2.736970E-15
4663.99998417607  2.669774E-15
4673.19998395002  2.640585E-15
4682.39998372396  2.614031E-15
4691.59998349791  2.554861E-15
4700.79998327185  2.463370E-15
4709.9999830458  2.366621E-15
4719.19998281974  2.375147E-15
4728.39998259368  2.258510E-15
4737.59998236763  2.030706E-15
4746.79998214157  1.985320E-15
4755.99998191551  1.818000E-15
4765.19998168946  1.851455E-15
4774.3999814634  1.725376E-15
4783.59998123735  1.932029E-15
4792.79998101129  2.021043E-15
4801.99998078523  2.083957E-15
4811.19998055918  2.259847E-15
4820.39998033312  2.437295E-15
4829.59998010707  2.535112E-15
4838.79997988101  2.658484E-15
4847.99997965495  2.657152E-15
4857.1999794289  2.684803E-15
4866.39997920284  2.852912E-15
4875.59997897679  3.030267E-15
4884.79997875073  2.911215E-15
4893.99997852467  2.989205E-15
4903.19997829862  2.808863E-15
4912.39997807256  2.649988E-15
4921.59997784651  2.735695E-15
4930.79997762045  2.733132E-15
4939.99997739439  2.600796E-15
4949.19997716834  2.801421E-15
4958.39997694228  2.868800E-15
4967.59997671622  2.963045E-15
4976.79997649017  2.911476E-15
4985.99997626411  2.926532E-15
4995.19997603806  3.070387E-15
5004.399975812  3.129372E-15
5013.59997558594  3.108806E-15
5022.79997535989  3.052615E-15
5031.99997513383  3.016955E-15
5041.19997490778  2.824017E-15
5050.39997468172  2.876240E-15
5059.59997445566  2.680361E-15
5068.79997422961  2.543136E-15
5077.99997400355  2.526695E-15
5087.1999737775  2.462247E-15
5096.39997355144  2.608457E-15
5105.59997332538  2.505735E-15
5114.79997309933  2.636880E-15
5123.99997287327  2.802548E-15
5133.19997264721  2.811599E-15
5142.39997242116  2.861182E-15
5151.5999721951  2.876322E-15
5160.79997196905  3.048545E-15
5169.99997174299  3.044935E-15
5179.19997151694  3.240764E-15
5188.39997129088  3.082698E-15
5197.59997106482  3.171793E-15
5206.79997083877  3.111677E-15
5215.99997061271  3.302382E-15
5225.19997038665  3.222459E-15
5234.3999701606  3.403436E-15
5243.59996993454  3.334337E-15
5252.79996970849  3.358147E-15
5261.99996948243  3.475054E-15
5271.19996925637  3.477248E-15
5280.39996903032  3.598869E-15
5289.59996880426  3.604064E-15
5298.79996857821  3.590264E-15
5307.99996835215  3.756816E-15
5317.19996812609  3.909041E-15
5326.39996790004  3.701239E-15
5335.59996767398  3.697140E-15
5344.79996744792  3.691097E-15
5353.99996722187  3.767434E-15
5363.19996699581  3.819758E-15
5372.39996676976  3.643165E-15
5381.5999665437  3.548870E-15
5390.79996631765  3.654115E-15
5399.99996609159  3.510632E-15
5409.19996586553  3.401880E-15
5418.39996563948  3.398232E-15
5427.59996541342  3.439285E-15
5436.79996518736  3.416340E-15
5445.99996496131  3.343961E-15
5455.19996473525  3.402135E-15
5464.3999645092  3.288711E-15
5473.59996428314  3.285858E-15
5482.79996405708  3.335884E-15
5491.99996383103  3.299573E-15
5501.19996360497  3.436972E-15
5510.39996337892  3.409782E-15
5519.59996315286  3.494351E-15
5528.7999629268  3.422444E-15
5537.99996270075  3.280123E-15
5547.19996247469  3.364654E-15
5556.39996224864  3.357392E-15
5565.59996202258  3.329776E-15
5574.79996179652  3.284907E-15
5583.99996157047  3.387232E-15
5593.19996134441  3.389444E-15
5602.39996111836  3.375155E-15
5611.5999608923  3.264841E-15
5620.79996066624  3.211676E-15
5629.99996044019  3.305583E-15
5639.19996021413  3.263118E-15
5648.39995998807  3.221723E-15
5657.59995976202  3.352012E-15
5666.79995953596  3.234627E-15
5675.99995930991  3.315957E-15
5685.19995908385  3.239839E-15
5694.3999588578  3.294778E-15
5703.59995863174  3.062102E-15
5712.79995840568  3.221202E-15
5721.99995817963  3.052013E-15
5731.19995795357  3.142356E-15
5740.39995772751  3.018202E-15
5749.59995750146  2.996667E-15
5758.7999572754  3.013044E-15
5767.99995704935  3.011947E-15
5777.19995682329  3.100573E-15
5786.39995659723  2.992876E-15
5795.59995637118  3.091079E-15
5804.79995614512  3.142124E-15
5813.99995591907  3.103928E-15
5823.19995569301  3.144300E-15
5832.39995546695  3.278077E-15
5841.5999552409  3.272718E-15
5850.79995501484  3.347609E-15
5859.99995478878  3.374245E-15
5869.19995456273  3.537747E-15
5878.39995433667  3.357994E-15
5887.59995411062  3.596384E-15
5896.79995388456  3.480289E-15
5905.9999536585  3.361848E-15
5915.19995343245  3.466870E-15
5924.39995320639  3.507736E-15
5933.59995298034  3.046728E-15
5942.79995275428  2.993712E-15
5951.99995252822  3.406779E-15
5961.19995230217  3.662519E-15
5970.39995207611  3.628810E-15
5979.59995185006  3.506779E-15
5988.799951624  3.661882E-15
5997.99995139794  3.605852E-15
6007.19995117189  3.766245E-15
6016.39995094583  3.542418E-15
6025.59995071978  3.579260E-15
6034.79995049372  3.601910E-15
6043.99995026767  3.698145E-15
6053.19995004161  3.393982E-15
6062.39994981555  3.502720E-15
6071.5999495895  3.706489E-15
6080.79994936344  3.643078E-15
6089.99994913738  3.626706E-15
6099.19994891133  3.536662E-15
6108.39994868527  3.675309E-15
6117.59994845922  3.629029E-15
6126.79994823316  3.666994E-15
6135.9999480071  3.624099E-15
6145.19994778105  3.633602E-15
6154.39994755499  3.559886E-15
6163.59994732893  3.659548E-15
6172.79994710288  3.760105E-15
6181.99994687682  3.763193E-15
6191.19994665077  3.774653E-15
6200.39994642471  3.751220E-15
6209.59994619865  3.776427E-15
6218.7999459726  3.603832E-15
6227.99994574654  3.483601E-15
6237.19994552049  3.355095E-15
6246.39994529443  3.169957E-15
6255.59994506837  3.253909E-15
6264.79994484232  3.254455E-15
6273.99994461626  3.138763E-15
6283.19994439021  3.064402E-15
6292.39994416415  3.145384E-15
6301.59994393809  3.276789E-15
6310.79994371204  3.338964E-15
6319.99994348598  3.341440E-15
6329.19994325993  3.285015E-15
6338.39994303387  3.125315E-15
6347.59994280781  3.429232E-15
6356.79994258176  3.514251E-15
6365.9999423557  3.594053E-15
6375.19994212965  3.551341E-15
6384.39994190359  3.510156E-15
6393.59994167753  3.498281E-15
6402.79994145148  3.416683E-15
6411.99994122542  3.375267E-15
6421.19994099936  3.331195E-15
6430.39994077331  3.250808E-15
6439.59994054725  3.425046E-15
6448.7999403212  3.674276E-15
6457.99994009514  4.135114E-15
6467.19993986909  4.349593E-15
6476.39993964303  4.675002E-15
6485.59993941697  5.054358E-15
6494.79993919092  5.463279E-15
6503.99993896486  5.654811E-15
6513.1999387388  6.144264E-15
6522.39993851275  6.288221E-15
6531.59993828669  6.609289E-15
6540.79993806064  6.652056E-15
6549.99993783458  6.813835E-15
6559.19993760852  6.898730E-15
6568.39993738247  6.776479E-15
6577.59993715641  6.892313E-15
6586.79993693035  6.970508E-15
6595.9999367043  6.789024E-15
6605.19993647824  6.882797E-15
6614.39993625219  6.851309E-15
6623.59993602613  6.450016E-15
6632.79993580007  6.378711E-15
6641.99993557402  6.269329E-15
6651.19993534796  6.129786E-15
6660.39993512191  6.022675E-15
6669.59993489585  5.815655E-15
6678.79993466979  5.561412E-15
6687.99993444374  5.352435E-15
6697.19993421768  5.325181E-15
6706.39993399163  5.146484E-15
6715.59993376557  5.194902E-15
6724.79993353951  4.895215E-15
6733.99993331346  5.081090E-15
6743.1999330874  4.679027E-15
6752.39993286135  4.513510E-15
6761.59993263529  4.593573E-15
6770.79993240923  4.587306E-15
6779.99993218318  4.328451E-15
6789.19993195712  4.232792E-15
6798.39993173107  4.126422E-15
6807.59993150501  4.133923E-15
6816.79993127895  4.268750E-15
6825.9999310529  4.255759E-15
6835.19993082684  4.057763E-15
6844.39993060078  3.960095E-15
6853.59993037473  4.118848E-15
6862.79993014867  3.809556E-15
6871.99992992262  3.302377E-15
6881.19992969656  3.467860E-15
6890.3999294705  3.517372E-15
6899.59992924445  3.542191E-15
6908.79992901839  3.693325E-15
6917.99992879234  3.749487E-15
6927.19992856628  3.645987E-15
6936.39992834023  3.729408E-15
6945.59992811417  3.764726E-15
6954.79992788811  3.634953E-15
6963.99992766206  3.787273E-15
6973.199927436  3.816451E-15
6982.39992720994  3.824349E-15
6991.59992698389  3.681942E-15
7000.79992675783  3.715998E-15
7009.99992653177  3.849057E-15
7019.19992630572  3.745946E-15
7028.39992607966  3.724071E-15
7037.59992585361  3.881997E-15
7046.79992562755  3.837169E-15
7055.9999254015  3.844508E-15
7065.19992517544  3.647208E-15
7074.39992494938  3.742436E-15
7083.59992472333  3.893707E-15
7092.79992449727  3.807366E-15
7101.99992427121  3.908066E-15
7111.19992404516  3.731657E-15
7120.3999238191  3.790009E-15
7129.59992359305  3.699954E-15
7138.79992336699  3.930615E-15
7147.99992314094  3.834149E-15
7157.19992291488  3.701546E-15
7166.39992268882  3.742322E-15
7175.59992246277  3.784189E-15
7184.79992223671  3.414123E-15
7193.99992201065  3.485500E-15
7203.1999217846  3.415904E-15
7212.39992155854  3.593793E-15
7221.59992133249  3.745082E-15
7230.79992110643  3.810564E-15
7239.99992088037  3.685744E-15
7249.19992065432  3.670308E-15
7258.39992042826  3.913446E-15
7267.5999202022  3.641909E-15
7276.79991997615  3.502745E-15
7285.99991975009  3.712458E-15
7295.19991952404  3.860360E-15
7304.39991929798  3.689050E-15
7313.59991907193  3.883117E-15
7322.79991884587  3.815099E-15
7331.99991861981  3.941011E-15
7341.19991839376  3.870929E-15
7350.3999181677  3.831067E-15
7359.59991794164  3.690108E-15
7368.79991771559  3.699833E-15
7377.99991748953  3.781964E-15
7387.19991726348  3.680071E-15
7396.39991703742  3.789414E-15
7405.59991681136  3.823635E-15
7414.79991658531  3.914186E-15
7423.99991635925  3.975664E-15
7433.1999161332  3.850050E-15
7442.39991590714  3.836658E-15
7451.59991568108  3.901406E-15
7460.79991545503  3.749849E-15
7469.99991522897  3.806040E-15
7479.19991500292  4.017623E-15
7488.39991477686  3.726856E-15
7497.5999145508  3.828116E-15
7506.79991432475  3.798932E-15
7515.99991409869  3.872300E-15
7525.19991387264  4.012435E-15
7534.39991364658  3.643047E-15
7543.59991342052  3.691548E-15
7552.79991319447  3.990899E-15
7561.99991296841  3.618246E-15
7571.19991274235  3.505630E-15
7580.3999125163  3.589820E-15
7589.59991229024  3.515847E-15
7598.79991206419  2.163492E-15
7607.99991183813  1.141761E-15
7617.19991161207  2.115165E-15
7626.39991138602  2.357989E-15
7635.59991115996  2.470098E-15
7644.79991093391  2.321276E-15
7653.99991070785  2.642557E-15
7663.19991048179  3.134485E-15
7672.39991025574  3.489489E-15
7681.59991002968  3.542249E-15
7690.79990980363  3.315575E-15
7699.99990957757  3.290090E-15
7709.19990935151  3.765115E-15
7718.39990912546  4.218316E-15
7727.5999088994  3.701819E-15
7736.79990867335  3.776093E-15
7745.99990844729  3.908704E-15
7755.19990822123  3.987450E-15
7764.39990799518  4.438761E-15
7773.59990776912  3.972838E-15
7782.79990754307  4.544865E-15
7791.99990731701  4.062545E-15
7801.19990709095  4.065066E-15
7810.3999068649  4.379074E-15
7819.59990663884  3.979179E-15
7828.79990641279  4.518421E-15
7837.99990618673  4.422789E-15
7847.19990596067  4.918939E-15
7856.39990573462  5.249102E-15
7865.59990550856  4.631419E-15
7874.7999052825  4.599541E-15
7883.99990505645  4.753280E-15
7893.19990483039  4.912591E-15
7902.39990460434  3.857099E-15
7911.59990437828  3.986375E-15
7920.79990415222  4.085288E-15
7929.99990392617  3.961657E-15
7939.19990370011  4.465231E-15
7948.39990347406  4.190183E-15
7957.599903248  4.470320E-15
7966.79990302194  4.820246E-15
7975.99990279589  4.164488E-15
7985.19990256983  4.041386E-15
7994.39990234378  4.690661E-15
