   0.000000000E+00   0.500000000E+04  -0.284056950E+01  -0.404865850E+01  -0.477435420E+01  -0.504939350E+01  -0.517257150E+01  -0.369440950E+01  -0.372237950E+01  -0.453539550E+01  -0.556148150E+01  -0.505618150E+01   0.291530502E+00   0.562474050E+01   0.585310502E+00  -0.520999498E+00   0.106568050E+01
   0.100005643E+05   0.500000000E+04  -0.389122079E+01  -0.509930979E+01  -0.582500549E+01  -0.610004479E+01  -0.622322279E+01  -0.474506079E+01  -0.477303079E+01  -0.558604679E+01  -0.661213279E+01  -0.610683279E+01  -0.759120790E+00   0.457408921E+01  -0.465340790E+00  -0.157165079E+01   0.150292096E-01
   0.200023133E+05   0.500000000E+04  -0.397107279E+01  -0.517916179E+01  -0.590485749E+01  -0.617989679E+01  -0.630307479E+01  -0.482491279E+01  -0.485288279E+01  -0.566589879E+01  -0.669198479E+01  -0.618668479E+01  -0.838972788E+00   0.449423721E+01  -0.545192788E+00  -0.165150279E+01  -0.648227880E-01
   0.300024459E+05   0.500000000E+04  -0.395067710E+01  -0.515876610E+01  -0.588446180E+01  -0.615950110E+01  -0.628267910E+01  -0.480451710E+01  -0.483248710E+01  -0.564550310E+01  -0.667158910E+01  -0.616628910E+01  -0.818577096E+00   0.451463290E+01  -0.524797096E+00  -0.163110710E+01  -0.444270959E-01
   0.400088130E+05   0.500000000E+04  -0.392927273E+01  -0.513736173E+01  -0.586305743E+01  -0.613809673E+01  -0.626127473E+01  -0.478311273E+01  -0.481108273E+01  -0.562409873E+01  -0.665018473E+01  -0.614488473E+01  -0.797172728E+00   0.453603727E+01  -0.503392728E+00  -0.160970273E+01  -0.230227278E-01
   0.500075445E+05   0.500000000E+04  -0.390797505E+01  -0.511606405E+01  -0.584175975E+01  -0.611679905E+01  -0.623997705E+01  -0.476181505E+01  -0.478978505E+01  -0.560280105E+01  -0.662888705E+01  -0.612358705E+01  -0.775875048E+00   0.455733495E+01  -0.482095048E+00  -0.158840505E+01  -0.172504761E-02
   0.600150984E+05   0.500000000E+04  -0.388855521E+01  -0.509664421E+01  -0.582233991E+01  -0.609737921E+01  -0.622055721E+01  -0.474239521E+01  -0.477036521E+01  -0.558338121E+01  -0.660946721E+01  -0.610416721E+01  -0.756455210E+00   0.457675479E+01  -0.462675210E+00  -0.156898521E+01   0.176947902E-01
   0.700037012E+05   0.500000000E+04  -0.386652306E+01  -0.507461206E+01  -0.580030776E+01  -0.607534706E+01  -0.619852506E+01  -0.472036306E+01  -0.474833306E+01  -0.556134906E+01  -0.658743506E+01  -0.608213506E+01  -0.734423060E+00   0.459878694E+01  -0.440643060E+00  -0.154695306E+01   0.397269398E-01
   0.800009610E+05   0.500000000E+04  -0.384204896E+01  -0.505013796E+01  -0.577583366E+01  -0.605087296E+01  -0.617405096E+01  -0.469588896E+01  -0.472385896E+01  -0.553687496E+01  -0.656296096E+01  -0.605766096E+01  -0.709948958E+00   0.462326104E+01  -0.416168958E+00  -0.152247896E+01   0.642010421E-01
   0.900152931E+05   0.500000000E+04  -0.741770341E+01  -0.862579241E+01  -0.935148811E+01  -0.962652741E+01  -0.974970541E+01  -0.827154341E+01  -0.829951341E+01  -0.911252941E+01  -0.101386154E+02  -0.963331541E+01  -0.428560341E+01   0.104760659E+01  -0.399182341E+01  -0.509813341E+01  -0.351145341E+01
   0.100008972E+06   0.500000000E+04  -0.707903803E+01  -0.828712703E+01  -0.901282273E+01  -0.928786203E+01  -0.941104003E+01  -0.793287803E+01  -0.796084803E+01  -0.877386403E+01  -0.979995003E+01  -0.929465003E+01  -0.394693803E+01   0.138627197E+01  -0.365315803E+01  -0.475946803E+01  -0.317278803E+01
   0.110014963E+06   0.500000000E+04  -0.415808021E+01  -0.536616921E+01  -0.609186491E+01  -0.636690421E+01  -0.649008221E+01  -0.501192021E+01  -0.503989021E+01  -0.585290621E+01  -0.687899221E+01  -0.637369221E+01  -0.102598021E+01   0.430722979E+01  -0.732200208E+00  -0.183851021E+01  -0.251830208E+00
   0.120000466E+06   0.500000000E+04  -0.816143008E+01  -0.936951908E+01  -0.100952148E+02  -0.103702541E+02  -0.104934321E+02  -0.901527008E+01  -0.904324008E+01  -0.985625608E+01  -0.108823421E+02  -0.103770421E+02  -0.502933008E+01   0.303879919E+00  -0.473555008E+01  -0.584186008E+01  -0.425518008E+01
   0.130001605E+06   0.500000000E+04  -0.850528403E+01  -0.971337303E+01  -0.104390687E+02  -0.107141080E+02  -0.108372860E+02  -0.935912403E+01  -0.938709403E+01  -0.102001100E+02  -0.112261960E+02  -0.107208960E+02  -0.537318403E+01  -0.399740251E-01  -0.507940403E+01  -0.618571403E+01  -0.459903403E+01
   0.140007229E+06   0.500000000E+04  -0.877668431E+01  -0.998477331E+01  -0.107104690E+02  -0.109855083E+02  -0.111086863E+02  -0.963052431E+01  -0.965849431E+01  -0.104715103E+02  -0.114975963E+02  -0.109922963E+02  -0.564458431E+01  -0.311374306E+00  -0.535080431E+01  -0.645711431E+01  -0.487043431E+01
   0.150008705E+06   0.500000000E+04  -0.913209105E+01  -0.103401801E+02  -0.110658758E+02  -0.113409151E+02  -0.114640931E+02  -0.998593105E+01  -0.100139011E+02  -0.108269171E+02  -0.118530031E+02  -0.113477031E+02  -0.599999105E+01  -0.666781050E+00  -0.570621105E+01  -0.681252105E+01  -0.522584105E+01
   0.160015584E+06   0.500000000E+04  -0.959262911E+01  -0.108007181E+02  -0.115264138E+02  -0.118014531E+02  -0.119246311E+02  -0.104464691E+02  -0.104744391E+02  -0.112874551E+02  -0.123135411E+02  -0.118082411E+02  -0.646052911E+01  -0.112731911E+01  -0.616674911E+01  -0.727305911E+01  -0.568637911E+01
   0.170020642E+06   0.540586450E+04  -0.104913013E+02  -0.115584587E+02  -0.121814037E+02  -0.124007170E+02  -0.124827127E+02  -0.113375183E+02  -0.112616625E+02  -0.119834043E+02  -0.128951669E+02  -0.124484015E+02  -0.762812302E+01  -0.274378698E+01  -0.737172720E+01  -0.835951259E+01  -0.685125372E+01
   0.180025627E+06   0.102234165E+05  -0.144952075E+02  -0.146680992E+02  -0.146306097E+02  -0.145027390E+02  -0.143319523E+02  -0.152960542E+02  -0.145591274E+02  -0.146912471E+02  -0.148892115E+02  -0.148126227E+02  -0.135018587E+02  -0.115487616E+02  -0.134513269E+02  -0.137685327E+02  -0.130131390E+02
   0.190006749E+06   0.299086610E+05  -0.176514947E+02  -0.172750655E+02  -0.168242573E+02  -0.164862924E+02  -0.161658516E+02  -0.184282649E+02  -0.172807184E+02  -0.170403400E+02  -0.168087537E+02  -0.169608876E+02  -0.180842611E+02  -0.181581564E+02  -0.180948582E+02  -0.180009400E+02  -0.181406150E+02
   0.200007312E+06   0.637876788E+05  -0.189371274E+02  -0.184428801E+02  -0.178995849E+02  -0.175142008E+02  -0.171587885E+02  -0.197091880E+02  -0.184732101E+02  -0.181503294E+02  -0.178218211E+02  -0.180266325E+02  -0.197014450E+02  -0.202290597E+02  -0.197151729E+02  -0.195421097E+02  -0.199011307E+02
   0.210000172E+06   0.770563413E+05  -0.192526479E+02  -0.187421127E+02  -0.181857576E+02  -0.177936140E+02  -0.174331465E+02  -0.200240662E+02  -0.187758745E+02  -0.184414145E+02  -0.180990866E+02  -0.183114631E+02  -0.200623029E+02  -0.206498157E+02  -0.200761634E+02  -0.198937713E+02  -0.202814893E+02
   0.220000550E+06   0.551916791E+05  -0.188682435E+02  -0.183891044E+02  -0.178578458E+02  -0.174786867E+02  -0.171279078E+02  -0.196408901E+02  -0.184162487E+02  -0.181040708E+02  -0.177882668E+02  -0.179861451E+02  -0.195902861E+02  -0.200614005E+02  -0.196038218E+02  -0.194396499E+02  -0.197717276E+02
   0.230000044E+06   0.472353051E+05  -0.187390419E+02  -0.182792913E+02  -0.177633942E+02  -0.173921513E+02  -0.170471713E+02  -0.195124561E+02  -0.183023649E+02  -0.180038519E+02  -0.177042242E+02  -0.178932878E+02  -0.194066314E+02  -0.198041763E+02  -0.194198356E+02  -0.192677902E+02  -0.195644903E+02
   0.240000099E+06   0.414781207E+05  -0.186390030E+02  -0.181984470E+02  -0.176976731E+02  -0.173341968E+02  -0.169949670E+02  -0.194131865E+02  -0.182174995E+02  -0.179324634E+02  -0.176486973E+02  -0.178291249E+02  -0.192525363E+02  -0.195763520E+02  -0.192653089E+02  -0.191260510E+02  -0.193869587E+02
   0.250000219E+06   0.386214407E+05  -0.186341757E+02  -0.182055043E+02  -0.177140482E+02  -0.173553472E+02  -0.170196507E+02  -0.194088276E+02  -0.182220647E+02  -0.179453447E+02  -0.176713430E+02  -0.178464683E+02  -0.192141777E+02  -0.194919850E+02  -0.192266285E+02  -0.190954544E+02  -0.193340705E+02
   0.260000660E+06   0.368950348E+05  -0.186734398E+02  -0.182529352E+02  -0.177678640E+02  -0.174124281E+02  -0.170791245E+02  -0.194484219E+02  -0.182677928E+02  -0.179967676E+02  -0.177294442E+02  -0.179009470E+02  -0.192304283E+02  -0.194765316E+02  -0.192426405E+02  -0.191170189E+02  -0.193403534E+02
   0.270000289E+06   0.349012306E+05  -0.186896082E+02  -0.182796701E+02  -0.178028546E+02  -0.174516327E+02  -0.171214096E+02  -0.194650109E+02  -0.182923196E+02  -0.180286686E+02  -0.177699638E+02  -0.179367820E+02  -0.192167653E+02  -0.194216841E+02  -0.192286366E+02  -0.191103405E+02  -0.193137880E+02
   0.280003936E+06   0.331408934E+05  -0.187064025E+02  -0.183069918E+02  -0.178383727E+02  -0.174913289E+02  -0.171641753E+02  -0.194822273E+02  -0.183174422E+02  -0.180611177E+02  -0.178109705E+02  -0.179731537E+02  -0.192038683E+02  -0.193676637E+02  -0.192153707E+02  -0.191045837E+02  -0.192880592E+02
   0.290003140E+06   0.316009686E+05  -0.187246380E+02  -0.183355511E+02  -0.178749458E+02  -0.175319871E+02  -0.172078431E+02  -0.195008897E+02  -0.183438466E+02  -0.180946938E+02  -0.178529002E+02  -0.180105633E+02  -0.191930174E+02  -0.193164483E+02  -0.192041257E+02  -0.191008846E+02  -0.192646817E+02
   0.300003890E+06   0.302557405E+05  -0.187445045E+02  -0.183653706E+02  -0.179124692E+02  -0.175734394E+02  -0.172522065E+02  -0.195211626E+02  -0.183715872E+02  -0.181293344E+02  -0.178955690E+02  -0.180488832E+02  -0.191848778E+02  -0.192693618E+02  -0.191955870E+02  -0.190996672E+02  -0.192444983E+02
   0.310003244E+06   0.290525495E+05  -0.187642311E+02  -0.183948392E+02  -0.179494844E+02  -0.176142847E+02  -0.172958986E+02  -0.195412838E+02  -0.183990196E+02  -0.181635295E+02  -0.179376022E+02  -0.180866798E+02  -0.191771871E+02  -0.192234813E+02  -0.191874761E+02  -0.190988229E+02  -0.192250484E+02
   0.320003827E+06   0.279754351E+05  -0.187841388E+02  -0.184243159E+02  -0.179863384E+02  -0.176548908E+02  -0.173392795E+02  -0.195615786E+02  -0.184264965E+02  -0.181976199E+02  -0.179793697E+02  -0.181243073E+02  -0.191702346E+02  -0.191790568E+02  -0.191800830E+02  -0.190987068E+02  -0.192066011E+02
   0.330001704E+06   0.270022933E+05  -0.188038172E+02  -0.184533851E+02  -0.180226381E+02  -0.176948494E+02  -0.173819630E+02  -0.195816463E+02  -0.184536097E+02  -0.182312045E+02  -0.180204767E+02  -0.181613563E+02  -0.191635992E+02  -0.191356659E+02  -0.191729903E+02  -0.190988932E+02  -0.191887357E+02
   0.340001704E+06   0.261220214E+05  -0.188235174E+02  -0.184823174E+02  -0.180586639E+02  -0.177344837E+02  -0.174242903E+02  -0.196017276E+02  -0.184806234E+02  -0.182645812E+02  -0.180612287E+02  -0.181981214E+02  -0.191574688E+02  -0.190934077E+02  -0.191663847E+02  -0.190995480E+02  -0.191716128E+02
   0.350002932E+06   0.253096780E+05  -0.188419794E+02  -0.185099567E+02  -0.180933408E+02  -0.177727397E+02  -0.174650804E+02  -0.196205655E+02  -0.185063468E+02  -0.182966335E+02  -0.181005923E+02  -0.182335428E+02  -0.191502798E+02  -0.190503179E+02  -0.191587087E+02  -0.190991883E+02  -0.191535529E+02
   0.360000505E+06   0.245660644E+05  -0.188599528E+02  -0.185369100E+02  -0.181271715E+02  -0.178100734E+02  -0.175048545E+02  -0.196389108E+02  -0.185314318E+02  -0.183278980E+02  -0.181390043E+02  -0.182681041E+02  -0.191432041E+02  -0.190081473E+02  -0.191511317E+02  -0.190988635E+02  -0.191358923E+02
   0.370000266E+06   0.238546732E+05  -0.188747479E+02  -0.185608005E+02  -0.181580208E+02  -0.178444669E+02  -0.175416639E+02  -0.196540855E+02  -0.185534335E+02  -0.183561497E+02  -0.181744852E+02  -0.182996922E+02  -0.191326748E+02  -0.189621151E+02  -0.191400742E+02  -0.190952338E+02  -0.191146909E+02
   0.380002254E+06   0.231654074E+05  -0.188858671E+02  -0.185814178E+02  -0.181858961E+02  -0.178760228E+02  -0.175755771E+02  -0.196656010E+02  -0.185720725E+02  -0.183813161E+02  -0.182071715E+02  -0.183283325E+02  -0.191174089E+02  -0.189098563E+02  -0.191242362E+02  -0.190872673E+02  -0.190883554E+02
   0.390003228E+06   0.225027926E+05  -0.188939305E+02  -0.185993280E+02  -0.182113106E+02  -0.179052442E+02  -0.176071889E+02  -0.196740757E+02  -0.185879318E+02  -0.184039277E+02  -0.182375741E+02  -0.183545471E+02  -0.190982080E+02  -0.188523781E+02  -0.191044108E+02  -0.190757050E+02  -0.190577621E+02
   0.400004226E+06   0.218655414E+05  -0.188989155E+02  -0.186142352E+02  -0.182337703E+02  -0.179315370E+02  -0.176358608E+02  -0.196794752E+02  -0.186007719E+02  -0.184235662E+02  -0.182650545E+02  -0.183778145E+02  -0.190757705E+02  -0.187914237E+02  -0.190813259E+02  -0.190609967E+02  -0.190239372E+02
   0.410003862E+06   0.212582207E+05  -0.189017370E+02  -0.186273082E+02  -0.182546352E+02  -0.179563616E+02  -0.176630965E+02  -0.196827242E+02  -0.186117071E+02  -0.184415221E+02  -0.182910878E+02  -0.183995115E+02  -0.190503394E+02  -0.187263041E+02  -0.190551963E+02  -0.190435883E+02  -0.189869730E+02
   0.420002853E+06   0.206818620E+05  -0.189027567E+02  -0.186386741E+02  -0.182738571E+02  -0.179795704E+02  -0.176887652E+02  -0.196841783E+02  -0.186209170E+02  -0.184578083E+02  -0.183155199E+02  -0.184195707E+02  -0.190229340E+02  -0.186589367E+02  -0.190270550E+02  -0.190243152E+02  -0.189479863E+02
   0.430001695E+06   0.201338699E+05  -0.189020910E+02  -0.186483216E+02  -0.182913299E+02  -0.180010107E+02  -0.177126769E+02  -0.196839477E+02  -0.186284164E+02  -0.184723548E+02  -0.183381822E+02  -0.184378764E+02  -0.189939974E+02  -0.185902323E+02  -0.189973621E+02  -0.190035107E+02  -0.189075473E+02
   0.440002093E+06   0.196133845E+05  -0.188998739E+02  -0.186567776E+02  -0.183078796E+02  -0.180216573E+02  -0.177359338E+02  -0.196821813E+02  -0.186346542E+02  -0.184858815E+02  -0.183600861E+02  -0.184552907E+02  -0.189626435E+02  -0.185178747E+02  -0.189651894E+02  -0.189805226E+02  -0.188642593E+02
   0.450000052E+06   0.191191856E+05  -0.188964180E+02  -0.186637443E+02  -0.183227486E+02  -0.180405244E+02  -0.177573658E+02  -0.196791658E+02  -0.186394564E+02  -0.184978001E+02  -0.183801788E+02  -0.184710048E+02  -0.189307711E+02  -0.184460068E+02  -0.189325066E+02  -0.189568046E+02  -0.188207239E+02
   0.460003205E+06   0.186498092E+05  -0.188916747E+02  -0.186698492E+02  -0.183370557E+02  -0.180589824E+02  -0.177787607E+02  -0.196748841E+02  -0.186433023E+02  -0.185090389E+02  -0.183999129E+02  -0.184861915E+02  -0.188966259E+02  -0.183704396E+02  -0.188974655E+02  -0.189312305E+02  -0.187745524E+02
   0.470003695E+06   0.182046513E+05  -0.188860990E+02  -0.186748683E+02  -0.183500787E+02  -0.180760564E+02  -0.177987816E+02  -0.196697603E+02  -0.186461134E+02  -0.185190660E+02  -0.184182333E+02  -0.185000737E+02  -0.188623865E+02  -0.182958066E+02  -0.188623358E+02  -0.189053868E+02  -0.187286009E+02
   0.480002622E+06   0.177815938E+05  -0.188794479E+02  -0.186789928E+02  -0.183623339E+02  -0.180924235E+02  -0.178187115E+02  -0.196635709E+02  -0.186479931E+02  -0.185282774E+02  -0.184358658E+02  -0.185132044E+02  -0.188267204E+02  -0.182192318E+02  -0.188257341E+02  -0.188783705E+02  -0.186811751E+02
   0.490003259E+06   0.173785543E+05  -0.188718380E+02  -0.186822794E+02  -0.183738344E+02  -0.181080753E+02  -0.178384381E+02  -0.196564297E+02  -0.186490106E+02  -0.185367028E+02  -0.184527953E+02  -0.185255916E+02  -0.187898844E+02  -0.181411730E+02  -0.187879268E+02  -0.188503740E+02  -0.186325744E+02
   0.500001502E+06   0.169943646E+05  -0.188635839E+02  -0.186844341E+02  -0.183838353E+02  -0.181220417E+02  -0.178562731E+02  -0.196486234E+02  -0.186489979E+02  -0.185437661E+02  -0.184679819E+02  -0.185364395E+02  -0.187537170E+02  -0.180656331E+02  -0.187508301E+02  -0.188226420E+02  -0.185851740E+02
   0.510003408E+06   0.166293650E+05  -0.188542273E+02  -0.186863629E+02  -0.183942576E+02  -0.181367674E+02  -0.178736816E+02  -0.196397552E+02  -0.186485798E+02  -0.185510057E+02  -0.184840143E+02  -0.185477816E+02  -0.187143789E+02  -0.179839405E+02  -0.187103970E+02  -0.187919164E+02  -0.185339807E+02
   0.520004790E+06   0.162826947E+05  -0.188447901E+02  -0.186876445E+02  -0.184036062E+02  -0.181502032E+02  -0.178896654E+02  -0.196307819E+02  -0.186476322E+02  -0.185573313E+02  -0.184986911E+02  -0.185580038E+02  -0.186764659E+02  -0.179057998E+02  -0.186714440E+02  -0.187621835E+02  -0.184848079E+02
   0.530000339E+06   0.159537199E+05  -0.188352259E+02  -0.186884718E+02  -0.184122516E+02  -0.181628106E+02  -0.179047217E+02  -0.196216678E+02  -0.186462977E+02  -0.185630465E+02  -0.185125003E+02  -0.185674960E+02  -0.186393463E+02  -0.178297415E+02  -0.186333005E+02  -0.187329492E+02  -0.184368194E+02
   0.540001149E+06   0.156392316E+05  -0.188243651E+02  -0.186888298E+02  -0.184210344E+02  -0.181758673E+02  -0.179203006E+02  -0.196112957E+02  -0.186443175E+02  -0.185686687E+02  -0.185268464E+02  -0.185771925E+02  -0.185990313E+02  -0.177477378E+02  -0.185917904E+02  -0.187008898E+02  -0.183850413E+02
   0.550000507E+06   0.153380952E+05  -0.188132777E+02  -0.186884849E+02  -0.184287566E+02  -0.181876819E+02  -0.179345304E+02  -0.196006762E+02  -0.186417336E+02  -0.185733645E+02  -0.185398957E+02  -0.185857895E+02  -0.185597401E+02  -0.176685280E+02  -0.185513548E+02  -0.186695037E+02  -0.183347736E+02
   0.560002225E+06   0.150489459E+05  -0.188019098E+02  -0.186874318E+02  -0.184354496E+02  -0.181983044E+02  -0.179474718E+02  -0.195897576E+02  -0.186385307E+02  -0.185771515E+02  -0.185517037E+02  -0.185933224E+02  -0.185212910E+02  -0.175917493E+02  -0.185118070E+02  -0.186386451E+02  -0.182857851E+02
   0.570001156E+06   0.147712413E+05  -0.187888862E+02  -0.186856557E+02  -0.184421027E+02  -0.182092371E+02  -0.179615148E+02  -0.195772280E+02  -0.186344098E+02  -0.185806390E+02  -0.185639290E+02  -0.186008998E+02  -0.184790781E+02  -0.175081373E+02  -0.184683055E+02  -0.186040594E+02  -0.182323587E+02
   0.580004291E+06   0.145046532E+05  -0.187755261E+02  -0.186833684E+02  -0.184481106E+02  -0.182194570E+02  -0.179749018E+02  -0.195643550E+02  -0.186298141E+02  -0.185835310E+02  -0.185754213E+02  -0.186078192E+02  -0.184370441E+02  -0.174254192E+02  -0.184249865E+02  -0.185694166E+02  -0.181793359E+02
   0.590003765E+06   0.142482843E+05  -0.187620140E+02  -0.186805046E+02  -0.184532239E+02  -0.182286211E+02  -0.179871114E+02  -0.195513114E+02  -0.186247305E+02  -0.185856479E+02  -0.185858090E+02  -0.186138091E+02  -0.183959573E+02  -0.173452079E+02  -0.183826640E+02  -0.185354376E+02  -0.181276815E+02
   0.600004291E+06   0.140011845E+05  -0.187483350E+02  -0.186770888E+02  -0.184574969E+02  -0.182367982E+02  -0.179982242E+02  -0.195380838E+02  -0.186191751E+02  -0.185870328E+02  -0.185951656E+02  -0.186189269E+02  -0.183557004E+02  -0.172672412E+02  -0.183412161E+02  -0.185020316E+02  -0.180772392E+02
   0.610003504E+06   0.137627666E+05  -0.187323122E+02  -0.186727076E+02  -0.184618178E+02  -0.182455472E+02  -0.180103322E+02  -0.195225784E+02  -0.186123648E+02  -0.185880811E+02  -0.186052506E+02  -0.186242161E+02  -0.183100118E+02  -0.171793079E+02  -0.182940533E+02  -0.184626776E+02  -0.180204467E+02
   0.620001141E+06   0.135327554E+05  -0.187162037E+02  -0.186678386E+02  -0.184653502E+02  -0.182533549E+02  -0.180213830E+02  -0.195069696E+02  -0.186051506E+02  -0.185884542E+02  -0.186143482E+02  -0.186286836E+02  -0.182652642E+02  -0.170937770E+02  -0.182478819E+02  -0.184240401E+02  -0.179649806E+02
   0.630002061E+06   0.133108249E+05  -0.187000892E+02  -0.186625688E+02  -0.184681866E+02  -0.182603163E+02  -0.180314736E+02  -0.194913371E+02  -0.185976179E+02  -0.185882421E+02  -0.186225542E+02  -0.186324221E+02  -0.182215166E+02  -0.170106790E+02  -0.182027606E+02  -0.183861879E+02  -0.179108911E+02
   0.640004771E+06   0.130967665E+05  -0.186840431E+02  -0.186569826E+02  -0.184704191E+02  -0.182665275E+02  -0.180407031E+02  -0.194757560E+02  -0.185898493E+02  -0.185875343E+02  -0.186299659E+02  -0.186355248E+02  -0.181788177E+02  -0.169300254E+02  -0.181587367E+02  -0.183491752E+02  -0.178582170E+02
   0.650002745E+06   0.128904678E+05  -0.186666237E+02  -0.186506640E+02  -0.184723915E+02  -0.182727195E+02  -0.180500855E+02  -0.194588334E+02  -0.185812128E+02  -0.185863830E+02  -0.186374326E+02  -0.186384237E+02  -0.181334201E+02  -0.168446732E+02  -0.181118584E+02  -0.183095281E+02  -0.178025323E+02
   0.660004344E+06   0.126912913E+05  -0.186480783E+02  -0.186437061E+02  -0.184740830E+02  -0.182788134E+02  -0.180594999E+02  -0.194408092E+02  -0.185718343E+02  -0.185848112E+02  -0.186448578E+02  -0.186410848E+02  -0.180859079E+02  -0.167557063E+02  -0.180627428E+02  -0.182677983E+02  -0.177445135E+02
   0.670003990E+06   0.124987404E+05  -0.186296594E+02  -0.186364892E+02  -0.184752279E+02  -0.182842142E+02  -0.180681107E+02  -0.194228942E+02  -0.185622774E+02  -0.185828012E+02  -0.186515456E+02  -0.186431670E+02  -0.180394857E+02  -0.166692086E+02  -0.180147706E+02  -0.182269663E+02  -0.176879343E+02
   0.680005285E+06   0.123125409E+05  -0.186113608E+02  -0.186290231E+02  -0.184758477E+02  -0.182889496E+02  -0.180759502E+02  -0.194050828E+02  -0.185525484E+02  -0.185803703E+02  -0.186575255E+02  -0.186446932E+02  -0.179941075E+02  -0.165850767E+02  -0.179678935E+02  -0.181869938E+02  -0.176327341E+02
   0.690003560E+06   0.121321586E+05  -0.185931136E+02  -0.186212700E+02  -0.184759279E+02  -0.182930168E+02  -0.180830246E+02  -0.193873078E+02  -0.185426032E+02  -0.185774952E+02  -0.186627985E+02  -0.186456516E+02  -0.179496269E+02  -0.165030530E+02  -0.179219607E+02  -0.181477500E+02  -0.175787382E+02
   0.700002281E+06   0.119573589E+05  -0.185740802E+02  -0.186129190E+02  -0.184755478E+02  -0.182966955E+02  -0.180897170E+02  -0.193687568E+02  -0.185320196E+02  -0.185741046E+02  -0.186677051E+02  -0.186461676E+02  -0.179040567E+02  -0.164194286E+02  -0.178748726E+02  -0.181073480E+02  -0.175236677E+02
   0.710005154E+06   0.117877285E+05  -0.185525941E+02  -0.186033427E+02  -0.184748500E+02  -0.183005234E+02  -0.180967693E+02  -0.193478145E+02  -0.185199514E+02  -0.185700441E+02  -0.186729040E+02  -0.186464753E+02  -0.178534652E+02  -0.163268756E+02  -0.178224745E+02  -0.180620523E+02  -0.174630153E+02
   0.720000723E+06   0.116233692E+05  -0.185313291E+02  -0.185936174E+02  -0.184737272E+02  -0.183037857E+02  -0.181031557E+02  -0.193270762E+02  -0.185078117E+02  -0.185656633E+02  -0.186774947E+02  -0.186463269E+02  -0.178039991E+02  -0.162367519E+02  -0.177712580E+02  -0.180177175E+02  -0.174038011E+02
   0.730002231E+06   0.114641833E+05  -0.185101187E+02  -0.185835834E+02  -0.184720250E+02  -0.183063306E+02  -0.181087264E+02  -0.193063760E+02  -0.184954392E+02  -0.185608055E+02  -0.186813261E+02  -0.186455684E+02  -0.177554752E+02  -0.161488502E+02  -0.177210388E+02  -0.179741634E+02  -0.173458359E+02
   0.740003863E+06   0.113108706E+05  -0.184891445E+02  -0.185733733E+02  -0.184698393E+02  -0.183082353E+02  -0.181135452E+02  -0.192858932E+02  -0.184829770E+02  -0.185555807E+02  -0.186844698E+02  -0.186442915E+02  -0.177081953E+02  -0.160636454E+02  -0.176721261E+02  -0.179316699E+02  -0.172894630E+02
   0.750003453E+06   0.111624916E+05  -0.184683750E+02  -0.185630214E+02  -0.184672536E+02  -0.183096083E+02  -0.181177387E+02  -0.192655992E+02  -0.184704454E+02  -0.185500537E+02  -0.186870421E+02  -0.186425854E+02  -0.176619666E+02  -0.159807122E+02  -0.176243171E+02  -0.178900736E+02  -0.172344340E+02
   0.760005294E+06   0.110187824E+05  -0.184478094E+02  -0.185525457E+02  -0.184642996E+02  -0.183104885E+02  -0.181213505E+02  -0.192454942E+02  -0.184578586E+02  -0.185442509E+02  -0.186890837E+02  -0.186404833E+02  -0.176167431E+02  -0.158999393E+02  -0.175775631E+02  -0.178493367E+02  -0.171806871E+02
   0.770002352E+06   0.108785124E+05  -0.184237879E+02  -0.185402988E+02  -0.184608223E+02  -0.183114919E+02  -0.181255259E+02  -0.192220182E+02  -0.184431442E+02  -0.185374381E+02  -0.186914475E+02  -0.186380118E+02  -0.175646159E+02  -0.158069273E+02  -0.175234913E+02  -0.178030356E+02  -0.171193815E+02
   0.780004228E+06   0.107383416E+05  -0.183998369E+02  -0.185284116E+02  -0.184579190E+02  -0.183131804E+02  -0.181304623E+02  -0.191986270E+02  -0.184287285E+02  -0.185311159E+02  -0.186945304E+02  -0.186361406E+02  -0.175119550E+02  -0.157124550E+02  -0.174688176E+02  -0.177564204E+02  -0.170574162E+02
   0.790005952E+06   0.106024824E+05  -0.183764438E+02  -0.185167111E+02  -0.184549262E+02  -0.183146381E+02  -0.181350680E+02  -0.191757765E+02  -0.184145773E+02  -0.185248094E+02  -0.186973396E+02  -0.186341481E+02  -0.174607352E+02  -0.156207097E+02  -0.174156469E+02  -0.177110602E+02  -0.169971780E+02
   0.800001093E+06   0.104709269E+05  -0.183534446E+02  -0.185050343E+02  -0.184516812E+02  -0.183157026E+02  -0.181391807E+02  -0.191533028E+02  -0.184005274E+02  -0.185183556E+02  -0.186997128E+02  -0.186318718E+02  -0.174107909E+02  -0.155315237E+02  -0.173638134E+02  -0.176667898E+02  -0.169385010E+02
   0.810002643E+06   0.103434539E+05  -0.183307856E+02  -0.184933462E+02  -0.184481633E+02  -0.183163604E+02  -0.181427922E+02  -0.191311528E+02  -0.183865398E+02  -0.185117284E+02  -0.187016387E+02  -0.186292924E+02  -0.173620228E+02  -0.154447317E+02  -0.173132148E+02  -0.176235197E+02  -0.168812713E+02
   0.820004068E+06   0.102204492E+05  -0.183085421E+02  -0.184816891E+02  -0.184443899E+02  -0.183166164E+02  -0.181458984E+02  -0.191094006E+02  -0.183726638E+02  -0.185049549E+02  -0.187031184E+02  -0.186264247E+02  -0.173145855E+02  -0.153606033E+02  -0.172640111E+02  -0.175813875E+02  -0.168256689E+02
   0.830003104E+06   0.101019093E+05  -0.182866730E+02  -0.184700222E+02  -0.184403205E+02  -0.183164302E+02  -0.181484589E+02  -0.190880050E+02  -0.183588585E+02  -0.184979942E+02  -0.187041114E+02  -0.186232282E+02  -0.172684371E+02  -0.152790956E+02  -0.172161605E+02  -0.175403517E+02  -0.167716518E+02
   0.840003892E+06   0.998765885E+04  -0.182646032E+02  -0.184580495E+02  -0.184358663E+02  -0.183158206E+02  -0.181505714E+02  -0.190664050E+02  -0.183447690E+02  -0.184906763E+02  -0.187046699E+02  -0.186196396E+02  -0.172224350E+02  -0.151981773E+02  -0.171684514E+02  -0.174994299E+02  -0.167179886E+02
   0.850004186E+06   0.987780016E+04  -0.182386243E+02  -0.184438763E+02  -0.184304781E+02  -0.183149387E+02  -0.181529016E+02  -0.190409848E+02  -0.183281168E+02  -0.184819233E+02  -0.187051623E+02  -0.186152777E+02  -0.171692238E+02  -0.151047501E+02  -0.171130716E+02  -0.174523147E+02  -0.166567972E+02
   0.860005125E+06   0.977533783E+04  -0.182132173E+02  -0.184294801E+02  -0.184242755E+02  -0.183129391E+02  -0.181538978E+02  -0.190160989E+02  -0.183114086E+02  -0.184725825E+02  -0.187044444E+02  -0.186100322E+02  -0.171184179E+02  -0.150164358E+02  -0.170602431E+02  -0.174071944E+02  -0.165985484E+02
   0.870002334E+06   0.967598820E+04  -0.181883995E+02  -0.184153387E+02  -0.184180787E+02  -0.183108176E+02  -0.181546811E+02  -0.189917864E+02  -0.182950254E+02  -0.184633428E+02  -0.187035656E+02  -0.186047636E+02  -0.170689728E+02  -0.149306218E+02  -0.170088368E+02  -0.173632622E+02  -0.165418866E+02
   0.880001531E+06   0.957930677E+04  -0.181641188E+02  -0.184014478E+02  -0.184119189E+02  -0.183086238E+02  -0.181553140E+02  -0.189679975E+02  -0.182789528E+02  -0.184542219E+02  -0.187025811E+02  -0.185995070E+02  -0.170207263E+02  -0.148469831E+02  -0.169586818E+02  -0.173203805E+02  -0.164866171E+02
   0.890001853E+06   0.948523963E+04  -0.181403959E+02  -0.183878336E+02  -0.184058269E+02  -0.183063904E+02  -0.181558309E+02  -0.189447530E+02  -0.182632160E+02  -0.184452488E+02  -0.187015244E+02  -0.185942938E+02  -0.169736855E+02  -0.147655072E+02  -0.169097841E+02  -0.172785596E+02  -0.164327433E+02
   0.900003135E+06   0.939369444E+04  -0.181172409E+02  -0.183745163E+02  -0.183998301E+02  -0.183041488E+02  -0.181562659E+02  -0.189220635E+02  -0.182478330E+02  -0.184364482E+02  -0.187004279E+02  -0.185891522E+02  -0.169278378E+02  -0.146861475E+02  -0.168621293E+02  -0.172377917E+02  -0.163802458E+02
   0.910003764E+06   0.930459698E+04  -0.180946540E+02  -0.183615041E+02  -0.183939427E+02  -0.183019161E+02  -0.181566383E+02  -0.188999298E+02  -0.182328103E+02  -0.184278319E+02  -0.186993098E+02  -0.185840971E+02  -0.168831650E+02  -0.146088589E+02  -0.168156978E+02  -0.171980630E+02  -0.163291010E+02
   0.920000038E+06   0.921788541E+04  -0.180726332E+02  -0.183488015E+02  -0.183881741E+02  -0.182997045E+02  -0.181569619E+02  -0.188783500E+02  -0.182181511E+02  -0.184194075E+02  -0.186981828E+02  -0.185791386E+02  -0.168396497E+02  -0.145336010E+02  -0.167704707E+02  -0.171593592E+02  -0.162792869E+02
   0.930003285E+06   0.913340873E+04  -0.180511536E+02  -0.183364001E+02  -0.183825279E+02  -0.182975235E+02  -0.181572509E+02  -0.188573001E+02  -0.182038434E+02  -0.184111740E+02  -0.186970585E+02  -0.185742815E+02  -0.167972296E+02  -0.144602565E+02  -0.167263831E+02  -0.171216268E+02  -0.162307304E+02
   0.940003523E+06   0.905122404E+04  -0.180302360E+02  -0.183243143E+02  -0.183770141E+02  -0.182953809E+02  -0.181575112E+02  -0.188368005E+02  -0.181899032E+02  -0.184031430E+02  -0.186959440E+02  -0.185695355E+02  -0.167559397E+02  -0.143888812E+02  -0.166834708E+02  -0.170848972E+02  -0.161834706E+02
   0.950006489E+06   0.897121425E+04  -0.180079516E+02  -0.183114832E+02  -0.183712158E+02  -0.182931968E+02  -0.181579120E+02  -0.188149679E+02  -0.181750859E+02  -0.183946408E+02  -0.186948651E+02  -0.185645653E+02  -0.167121783E+02  -0.143131502E+02  -0.166378972E+02  -0.170459769E+02  -0.161337646E+02
   0.960001708E+06   0.889339141E+04  -0.179829652E+02  -0.182971722E+02  -0.183648436E+02  -0.182909152E+02  -0.181585697E+02  -0.187904988E+02  -0.181585300E+02  -0.183852005E+02  -0.186938392E+02  -0.185591386E+02  -0.166634571E+02  -0.142286935E+02  -0.165870102E+02  -0.170026589E+02  -0.160790316E+02
   0.970001192E+06   0.881747688E+04  -0.179585621E+02  -0.182831825E+02  -0.183585982E+02  -0.182886600E+02  -0.181591817E+02  -0.187666001E+02  -0.181423506E+02  -0.183759621E+02  -0.186928090E+02  -0.185538154E+02  -0.166159011E+02  -0.141462783E+02  -0.165373415E+02  -0.169603737E+02  -0.160256112E+02
   0.980005036E+06   0.874354014E+04  -0.179347628E+02  -0.182695254E+02  -0.183524836E+02  -0.182864317E+02  -0.181597459E+02  -0.187432922E+02  -0.181265608E+02  -0.183669324E+02  -0.186917738E+02  -0.185485990E+02  -0.165695521E+02  -0.140659783E+02  -0.164889348E+02  -0.169191581E+02  -0.159735506E+02
   0.990000353E+06   0.867148774E+04  -0.179115329E+02  -0.182561793E+02  -0.183464878E+02  -0.182842231E+02  -0.181602586E+02  -0.187205412E+02  -0.181111363E+02  -0.183580959E+02  -0.186907278E+02  -0.185434785E+02  -0.165243473E+02  -0.139876878E+02  -0.164417248E+02  -0.168789559E+02  -0.159227797E+02
   0.100000093E+07   0.860110426E+04  -0.178887992E+02  -0.182431003E+02  -0.183405889E+02  -0.182820236E+02  -0.181607175E+02  -0.186982752E+02  -0.180960272E+02  -0.183494220E+02  -0.186896641E+02  -0.185384346E+02  -0.164801476E+02  -0.139111686E+02  -0.163955663E+02  -0.168396429E+02  -0.158731429E+02
   0.101000379E+07   0.853231925E+04  -0.178665380E+02  -0.182302746E+02  -0.183347802E+02  -0.182798304E+02  -0.181611222E+02  -0.186764712E+02  -0.180812174E+02  -0.183409014E+02  -0.186885808E+02  -0.185334615E+02  -0.164369079E+02  -0.138363436E+02  -0.163504124E+02  -0.168011790E+02  -0.158245896E+02
   0.102000454E+07   0.846501911E+04  -0.178447206E+02  -0.182176891E+02  -0.183290601E+02  -0.182776478E+02  -0.181614815E+02  -0.186551011E+02  -0.180666906E+02  -0.183325280E+02  -0.186874841E+02  -0.185285590E+02  -0.163945650E+02  -0.137630971E+02  -0.163061964E+02  -0.167635087E+02  -0.157770477E+02
   0.103000293E+07   0.839888142E+04  -0.178232952E+02  -0.182053360E+02  -0.183234539E+02  -0.182755179E+02  -0.181618496E+02  -0.186341152E+02  -0.180524298E+02  -0.183243142E+02  -0.186864215E+02  -0.185237563E+02  -0.163529684E+02  -0.136911308E+02  -0.162627593E+02  -0.167265041E+02  -0.157303420E+02
   0.104000367E+07   0.833365944E+04  -0.178022352E+02  -0.181932228E+02  -0.183179942E+02  -0.182734864E+02  -0.181622814E+02  -0.186134887E+02  -0.180384352E+02  -0.183162831E+02  -0.186854424E+02  -0.185190889E+02  -0.163120167E+02  -0.136202298E+02  -0.162199924E+02  -0.166900807E+02  -0.156843519E+02
   0.105000479E+07   0.826952373E+04  -0.177815507E+02  -0.181813360E+02  -0.183126501E+02  -0.182715134E+02  -0.181627308E+02  -0.185932304E+02  -0.180246984E+02  -0.183084103E+02  -0.186845043E+02  -0.185145239E+02  -0.162717716E+02  -0.135505342E+02  -0.161779625E+02  -0.166542886E+02  -0.156391523E+02
   0.106000165E+07   0.820658783E+04  -0.177612465E+02  -0.181696650E+02  -0.183073994E+02  -0.182695707E+02  -0.181631651E+02  -0.185733445E+02  -0.180112121E+02  -0.183006783E+02  -0.186835772E+02  -0.185100377E+02  -0.162322729E+02  -0.134821360E+02  -0.161367122E+02  -0.166191595E+02  -0.155947918E+02
   0.107000212E+07   0.814484384E+04  -0.177413038E+02  -0.181581920E+02  -0.183022250E+02  -0.182676417E+02  -0.181635681E+02  -0.185538121E+02  -0.179979580E+02  -0.182930696E+02  -0.186826445E+02  -0.185056134E+02  -0.161934991E+02  -0.134150099E+02  -0.160962201E+02  -0.165846726E+02  -0.155512483E+02
   0.108000316E+07   0.808433223E+04  -0.177217224E+02  -0.181469112E+02  -0.182971172E+02  -0.182657146E+02  -0.181639264E+02  -0.185346329E+02  -0.179849318E+02  -0.182855761E+02  -0.186816938E+02  -0.185012408E+02  -0.161554626E+02  -0.133491871E+02  -0.160564995E+02  -0.165508374E+02  -0.155085372E+02
   0.109000163E+07   0.802508551E+04  -0.177025077E+02  -0.181358236E+02  -0.182920735E+02  -0.182637850E+02  -0.181642345E+02  -0.185158119E+02  -0.179721352E+02  -0.182781966E+02  -0.186807202E+02  -0.184969168E+02  -0.161181784E+02  -0.132846974E+02  -0.160175665E+02  -0.165176667E+02  -0.154666762E+02
   0.110000456E+07   0.796705984E+04  -0.176802443E+02  -0.181229270E+02  -0.182861363E+02  -0.182614506E+02  -0.181645092E+02  -0.184940108E+02  -0.179572677E+02  -0.182695513E+02  -0.186794986E+02  -0.184918245E+02  -0.160756448E+02  -0.132111475E+02  -0.159730079E+02  -0.164797982E+02  -0.154198947E+02
   0.111000212E+07   0.791028296E+04  -0.176558806E+02  -0.181087771E+02  -0.182795707E+02  -0.182588225E+02  -0.181647450E+02  -0.184701563E+02  -0.179409680E+02  -0.182600229E+02  -0.186780908E+02  -0.184861903E+02  -0.160295296E+02  -0.131314261E+02  -0.159246058E+02  -0.164387220E+02  -0.153697977E+02
   0.112000330E+07   0.785470661E+04  -0.176319888E+02  -0.180948831E+02  -0.182731007E+02  -0.182562067E+02  -0.181649325E+02  -0.184467629E+02  -0.179249695E+02  -0.182506527E+02  -0.186766694E+02  -0.184806319E+02  -0.159843462E+02  -0.130533470E+02  -0.158771838E+02  -0.163984710E+02  -0.153207167E+02
   0.113000063E+07   0.780039062E+04  -0.176086015E+02  -0.180812669E+02  -0.182667402E+02  -0.182536129E+02  -0.181650786E+02  -0.184238628E+02  -0.179092966E+02  -0.182414578E+02  -0.186752430E+02  -0.184751623E+02  -0.159401502E+02  -0.129770014E+02  -0.158307999E+02  -0.163590955E+02  -0.152727116E+02
   0.114000636E+07   0.774736809E+04  -0.175857414E+02  -0.180679451E+02  -0.182605014E+02  -0.182510512E+02  -0.181651914E+02  -0.184014783E+02  -0.178939672E+02  -0.182324520E+02  -0.186738208E+02  -0.184697931E+02  -0.158969769E+02  -0.129024441E+02  -0.157854909E+02  -0.163206280E+02  -0.152258198E+02
   0.115000589E+07   0.769558605E+04  -0.175633941E+02  -0.180549131E+02  -0.182543865E+02  -0.182485273E+02  -0.181652795E+02  -0.183795954E+02  -0.178789744E+02  -0.182236350E+02  -0.186724099E+02  -0.184645276E+02  -0.158547916E+02  -0.128296090E+02  -0.157412198E+02  -0.162830384E+02  -0.151800031E+02
   0.116000336E+07   0.764505482E+04  -0.175415635E+02  -0.180421726E+02  -0.182483961E+02  -0.182460412E+02  -0.181653423E+02  -0.183582180E+02  -0.178643206E+02  -0.182150077E+02  -0.186710098E+02  -0.184593661E+02  -0.158136022E+02  -0.127585101E+02  -0.156979950E+02  -0.162463336E+02  -0.151352699E+02
   0.117000618E+07   0.759572659E+04  -0.175202335E+02  -0.180297165E+02  -0.182425294E+02  -0.182435954E+02  -0.181653847E+02  -0.183373305E+02  -0.178499967E+02  -0.182065668E+02  -0.186696242E+02  -0.184543084E+02  -0.157733744E+02  -0.126890849E+02  -0.156557802E+02  -0.162104836E+02  -0.150915827E+02
   0.118000510E+07   0.754763381E+04  -0.174994206E+02  -0.180175551E+02  -0.182367924E+02  -0.182411936E+02  -0.181654087E+02  -0.183169489E+02  -0.178360143E+02  -0.181983202E+02  -0.186682560E+02  -0.184493603E+02  -0.157341369E+02  -0.126213813E+02  -0.156146056E+02  -0.161755144E+02  -0.150489724E+02
   0.119000636E+07   0.750072210E+04  -0.174791016E+02  -0.180056752E+02  -0.182311791E+02  -0.182388335E+02  -0.181654150E+02  -0.182970507E+02  -0.178223581E+02  -0.181902588E+02  -0.186669042E+02  -0.184445164E+02  -0.156958458E+02  -0.125553232E+02  -0.155744249E+02  -0.161413867E+02  -0.150073914E+02
   0.120000069E+07   0.745499701E+04  -0.174592781E+02  -0.179940773E+02  -0.182256893E+02  -0.182365147E+02  -0.181654026E+02  -0.182776372E+02  -0.178090288E+02  -0.181823829E+02  -0.186655681E+02  -0.184397766E+02  -0.156585047E+02  -0.124909175E+02  -0.155352420E+02  -0.161081037E+02  -0.149668437E+02
   0.121000344E+07   0.741036921E+04  -0.174399081E+02  -0.179827355E+02  -0.182203090E+02  -0.182342293E+02  -0.181653683E+02  -0.182586675E+02  -0.177959972E+02  -0.181746737E+02  -0.186642418E+02  -0.184351283E+02  -0.156220376E+02  -0.124280351E+02  -0.154969773E+02  -0.160755973E+02  -0.149272468E+02
   0.122000167E+07   0.736686425E+04  -0.174210009E+02  -0.179716546E+02  -0.182150396E+02  -0.182319769E+02  -0.181653104E+02  -0.182401505E+02  -0.177832689E+02  -0.181671341E+02  -0.186629245E+02  -0.184305725E+02  -0.155864635E+02  -0.123667104E+02  -0.154596508E+02  -0.160438843E+02  -0.148886217E+02
   0.123000124E+07   0.732439218E+04  -0.174025197E+02  -0.179608138E+02  -0.182098723E+02  -0.182297551E+02  -0.181652309E+02  -0.182220502E+02  -0.177708199E+02  -0.181597504E+02  -0.186616154E+02  -0.184261019E+02  -0.155517110E+02  -0.123068187E+02  -0.154231875E+02  -0.160129012E+02  -0.148508906E+02
   0.124000300E+07   0.728291418E+04  -0.173844470E+02  -0.179502028E+02  -0.182048020E+02  -0.182275612E+02  -0.181651293E+02  -0.182043496E+02  -0.177586383E+02  -0.181525156E+02  -0.186603130E+02  -0.184217119E+02  -0.155177479E+02  -0.122483048E+02  -0.153875537E+02  -0.159826192E+02  -0.148140186E+02
   0.125000344E+07   0.724238197E+04  -0.173667741E+02  -0.179398213E+02  -0.181998350E+02  -0.182254050E+02  -0.181650176E+02  -0.181870402E+02  -0.177467221E+02  -0.181454334E+02  -0.186590280E+02  -0.184174097E+02  -0.154845469E+02  -0.121911128E+02  -0.153527200E+02  -0.159530155E+02  -0.147779751E+02
   0.126000022E+07   0.720276606E+04  -0.173494963E+02  -0.179296701E+02  -0.181949758E+02  -0.182232932E+02  -0.181649041E+02  -0.181701177E+02  -0.177350709E+02  -0.181385069E+02  -0.186577676E+02  -0.184132003E+02  -0.154520920E+02  -0.121352092E+02  -0.153186694E+02  -0.159240765E+02  -0.147427420E+02
   0.127000155E+07   0.716400620E+04  -0.173325948E+02  -0.179197412E+02  -0.181902245E+02  -0.182212299E+02  -0.181647959E+02  -0.181535638E+02  -0.177236743E+02  -0.181317330E+02  -0.186565373E+02  -0.184090848E+02  -0.154203414E+02  -0.120805167E+02  -0.152853576E+02  -0.158957658E+02  -0.147082731E+02
   0.128000572E+07   0.712612081E+04  -0.173160742E+02  -0.179100359E+02  -0.181855801E+02  -0.182192127E+02  -0.181646897E+02  -0.181373830E+02  -0.177125345E+02  -0.181251116E+02  -0.186553344E+02  -0.184050617E+02  -0.153893067E+02  -0.120270576E+02  -0.152527968E+02  -0.158680935E+02  -0.146745815E+02
   0.129000603E+07   0.708914409E+04  -0.172999446E+02  -0.179005582E+02  -0.181810418E+02  -0.182172388E+02  -0.181645810E+02  -0.181215851E+02  -0.177016567E+02  -0.181186437E+02  -0.186541551E+02  -0.184011299E+02  -0.153590112E+02  -0.119748756E+02  -0.152210119E+02  -0.158410796E+02  -0.146416928E+02
   0.130000051E+07   0.705306679E+04  -0.172842053E+02  -0.178913090E+02  -0.181766118E+02  -0.182153107E+02  -0.181644727E+02  -0.181061693E+02  -0.176910413E+02  -0.181123311E+02  -0.186530025E+02  -0.183972917E+02  -0.153294504E+02  -0.119239607E+02  -0.151899980E+02  -0.158147208E+02  -0.146096020E+02
   0.131000307E+07   0.701787924E+04  -0.172688391E+02  -0.178822727E+02  -0.181722761E+02  -0.182134152E+02  -0.181643521E+02  -0.180911187E+02  -0.176806727E+02  -0.181061591E+02  -0.186518632E+02  -0.183935331E+02  -0.153006037E+02  -0.118742864E+02  -0.151597339E+02  -0.157889969E+02  -0.145782876E+02
   0.132000011E+07   0.698357343E+04  -0.172511882E+02  -0.178718496E+02  -0.181672004E+02  -0.182111458E+02  -0.181641323E+02  -0.180738355E+02  -0.176687289E+02  -0.180989843E+02  -0.186504676E+02  -0.183891406E+02  -0.152679815E+02  -0.118180990E+02  -0.151254046E+02  -0.157599759E+02  -0.145434706E+02
   0.133000559E+07   0.694995431E+04  -0.172309463E+02  -0.178598175E+02  -0.181612243E+02  -0.182083756E+02  -0.181637112E+02  -0.180540177E+02  -0.176549701E+02  -0.180906216E+02  -0.186486992E+02  -0.183839627E+02  -0.152311174E+02  -0.117546643E+02  -0.150865207E+02  -0.157272345E+02  -0.145046808E+02
   0.134000080E+07   0.691721727E+04  -0.172112560E+02  -0.178481217E+02  -0.181554257E+02  -0.182056988E+02  -0.181633217E+02  -0.180347406E+02  -0.176415929E+02  -0.180824990E+02  -0.186469978E+02  -0.183789412E+02  -0.151952412E+02  -0.116929147E+02  -0.150486776E+02  -0.156953728E+02  -0.144669294E+02
   0.135000443E+07   0.688538223E+04  -0.171921205E+02  -0.178367603E+02  -0.181497991E+02  -0.182031078E+02  -0.181629551E+02  -0.180160067E+02  -0.176285965E+02  -0.180746124E+02  -0.186453555E+02  -0.183740703E+02  -0.151603656E+02  -0.116328786E+02  -0.150118894E+02  -0.156644012E+02  -0.144302303E+02
   0.136000063E+07   0.685459903E+04  -0.171736109E+02  -0.178257680E+02  -0.181443521E+02  -0.182005963E+02  -0.181625944E+02  -0.179978856E+02  -0.176160232E+02  -0.180669801E+02  -0.186437612E+02  -0.183693541E+02  -0.151266361E+02  -0.115748199E+02  -0.149763104E+02  -0.156344466E+02  -0.143947375E+02
   0.137000354E+07   0.682494068E+04  -0.171557544E+02  -0.178151541E+02  -0.181390808E+02  -0.181981531E+02  -0.181622235E+02  -0.179804033E+02  -0.176038860E+02  -0.180596033E+02  -0.186422018E+02  -0.183647868E+02  -0.150941157E+02  -0.115188593E+02  -0.149420081E+02  -0.156055632E+02  -0.143605183E+02
   0.138000123E+07   0.679665434E+04  -0.171386503E+02  -0.178049575E+02  -0.181339797E+02  -0.181957494E+02  -0.181617962E+02  -0.179636561E+02  -0.175922367E+02  -0.180524942E+02  -0.186406409E+02  -0.183603572E+02  -0.150630261E+02  -0.114654139E+02  -0.149092191E+02  -0.155779424E+02  -0.143278085E+02
   0.139000454E+07   0.676981245E+04  -0.171223100E+02  -0.177951720E+02  -0.181290295E+02  -0.181933588E+02  -0.181612811E+02  -0.179476545E+02  -0.175810726E+02  -0.180456385E+02  -0.186390502E+02  -0.183560442E+02  -0.150334145E+02  -0.114145881E+02  -0.148779949E+02  -0.155516224E+02  -0.142966594E+02
   0.140000307E+07   0.674505154E+04  -0.171069521E+02  -0.177858608E+02  -0.181241786E+02  -0.181908691E+02  -0.181605214E+02  -0.179326091E+02  -0.175704896E+02  -0.180390299E+02  -0.186372983E+02  -0.183517812E+02  -0.150058142E+02  -0.113674183E+02  -0.148489069E+02  -0.155270586E+02  -0.142676408E+02
   0.141000241E+07   0.672411241E+04  -0.170930294E+02  -0.177770514E+02  -0.181191412E+02  -0.181878284E+02  -0.181589438E+02  -0.179189505E+02  -0.175606048E+02  -0.180325059E+02  -0.186348815E+02  -0.183472408E+02  -0.149815386E+02  -0.113265936E+02  -0.148233733E+02  -0.155053507E+02  -0.142421658E+02
   0.142000284E+07   0.670558426E+04  -0.170801125E+02  -0.177686591E+02  -0.181140866E+02  -0.181845406E+02  -0.181569505E+02  -0.179062675E+02  -0.175512609E+02  -0.180261360E+02  -0.186321458E+02  -0.183426260E+02  -0.149594610E+02  -0.112898725E+02  -0.148001825E+02  -0.154855452E+02  -0.142190269E+02
   0.143000528E+07   0.668809354E+04  -0.170677712E+02  -0.177605891E+02  -0.181091673E+02  -0.181812892E+02  -0.181549213E+02  -0.178941469E+02  -0.175422926E+02  -0.180199751E+02  -0.186294156E+02  -0.183381220E+02  -0.149384719E+02  -0.112550597E+02  -0.147781425E+02  -0.154667010E+02  -0.141970359E+02
   0.144000354E+07   0.667158269E+04  -0.170559741E+02  -0.177528239E+02  -0.181043764E+02  -0.181780727E+02  -0.181528584E+02  -0.178825581E+02  -0.175336794E+02  -0.180140120E+02  -0.186266911E+02  -0.183337230E+02  -0.149185114E+02  -0.112220500E+02  -0.147571901E+02  -0.154487652E+02  -0.141761296E+02
   0.145000173E+07   0.665599826E+04  -0.170446741E+02  -0.177453297E+02  -0.180996895E+02  -0.181748720E+02  -0.181507466E+02  -0.178714548E+02  -0.175253848E+02  -0.180082189E+02  -0.186239547E+02  -0.183294061E+02  -0.148995061E+02  -0.111907278E+02  -0.147372485E+02  -0.154316710E+02  -0.141562317E+02
   0.146000169E+07   0.664126435E+04  -0.170338181E+02  -0.177380717E+02  -0.180950856E+02  -0.181716731E+02  -0.181485772E+02  -0.178607846E+02  -0.175173700E+02  -0.180025690E+02  -0.186211949E+02  -0.183251520E+02  -0.148813652E+02  -0.111609421E+02  -0.147182224E+02  -0.154153370E+02  -0.141372468E+02
   0.147000536E+07   0.662736081E+04  -0.170233675E+02  -0.177310163E+02  -0.180905348E+02  -0.181684481E+02  -0.181463236E+02  -0.178505094E+02  -0.175096006E+02  -0.179970312E+02  -0.186183842E+02  -0.183209313E+02  -0.148640403E+02  -0.111326287E+02  -0.147000622E+02  -0.153997171E+02  -0.141191256E+02
   0.148000141E+07   0.661419755E+04  -0.170132942E+02  -0.177241576E+02  -0.180860473E+02  -0.181652158E+02  -0.181440111E+02  -0.178406023E+02  -0.175020658E+02  -0.179916092E+02  -0.186155441E+02  -0.183167562E+02  -0.148474589E+02  -0.111056438E+02  -0.146826899E+02  -0.153847498E+02  -0.141017901E+02
   0.149000254E+07   0.660166124E+04  -0.170035077E+02  -0.177174324E+02  -0.180815804E+02  -0.181619443E+02  -0.181416155E+02  -0.178309739E+02  -0.174946967E+02  -0.179862524E+02  -0.186126462E+02  -0.183125869E+02  -0.148314740E+02  -0.110797510E+02  -0.146659518E+02  -0.153703023E+02  -0.140850872E+02
   0.150000264E+07   0.658971818E+04  -0.169939723E+02  -0.177108135E+02  -0.180771130E+02  -0.181586158E+02  -0.181391215E+02  -0.178215893E+02  -0.174874645E+02  -0.179809371E+02  -0.186096735E+02  -0.183084030E+02  -0.148160337E+02  -0.110548716E+02  -0.146497940E+02  -0.153563266E+02  -0.140689628E+02
   0.151000429E+07   0.657833132E+04  -0.169846681E+02  -0.177042900E+02  -0.180726406E+02  -0.181552293E+02  -0.181365306E+02  -0.178124287E+02  -0.174803561E+02  -0.179756564E+02  -0.186066263E+02  -0.183042010E+02  -0.148010995E+02  -0.110309379E+02  -0.146341757E+02  -0.153427888E+02  -0.140533764E+02
   0.152000530E+07   0.656745808E+04  -0.169755769E+02  -0.176978541E+02  -0.180681634E+02  -0.181517889E+02  -0.181338499E+02  -0.178034747E+02  -0.174733617E+02  -0.179704073E+02  -0.186035100E+02  -0.182999818E+02  -0.147866324E+02  -0.110078772E+02  -0.146190552E+02  -0.153296550E+02  -0.140382864E+02
   0.153000147E+07   0.655708621E+04  -0.169666893E+02  -0.176914993E+02  -0.180636770E+02  -0.181482916E+02  -0.181310773E+02  -0.177947180E+02  -0.174664743E+02  -0.179651846E+02  -0.186003217E+02  -0.182957417E+02  -0.147726167E+02  -0.109856642E+02  -0.146044164E+02  -0.153169112E+02  -0.140236766E+02
   0.154000049E+07   0.654717689E+04  -0.169579840E+02  -0.176852139E+02  -0.180591767E+02  -0.181447361E+02  -0.181282142E+02  -0.177861378E+02  -0.174596799E+02  -0.179599808E+02  -0.185970615E+02  -0.182914766E+02  -0.147590120E+02  -0.109642278E+02  -0.145902164E+02  -0.153045217E+02  -0.140095043E+02
   0.155000345E+07   0.653768992E+04  -0.169494333E+02  -0.176789799E+02  -0.180546516E+02  -0.181411157E+02  -0.181252567E+02  -0.177777067E+02  -0.174529586E+02  -0.179547823E+02  -0.185937238E+02  -0.182871767E+02  -0.147457706E+02  -0.109434885E+02  -0.145764050E+02  -0.152924437E+02  -0.139957195E+02
   0.156000664E+07   0.652860619E+04  -0.169410258E+02  -0.176727906E+02  -0.180500987E+02  -0.181374290E+02  -0.181222047E+02  -0.177694138E+02  -0.174463028E+02  -0.179495845E+02  -0.185903078E+02  -0.182828394E+02  -0.147328719E+02  -0.109234105E+02  -0.145629606E+02  -0.152806589E+02  -0.139823005E+02
   0.157000151E+07   0.651993335E+04  -0.169327670E+02  -0.176666498E+02  -0.180455202E+02  -0.181336776E+02  -0.181190592E+02  -0.177612645E+02  -0.174397166E+02  -0.179443903E+02  -0.185868147E+02  -0.182784668E+02  -0.147203251E+02  -0.109040092E+02  -0.145498927E+02  -0.152691757E+02  -0.139692569E+02
   0.158000287E+07   0.651164866E+04  -0.169246474E+02  -0.176605533E+02  -0.180409160E+02  -0.181298634E+02  -0.181158239E+02  -0.177532494E+02  -0.174331945E+02  -0.179391980E+02  -0.185832475E+02  -0.182740594E+02  -0.147081093E+02  -0.108852457E+02  -0.145371791E+02  -0.152579758E+02  -0.139565665E+02
   0.159000272E+07   0.650376611E+04  -0.169166739E+02  -0.176545047E+02  -0.180362874E+02  -0.181259865E+02  -0.181124978E+02  -0.177453754E+02  -0.174267412E+02  -0.179340099E+02  -0.185796054E+02  -0.182696179E+02  -0.146962385E+02  -0.108671450E+02  -0.145248347E+02  -0.152470716E+02  -0.139442442E+02
   0.160000263E+07   0.649627490E+04  -0.169088462E+02  -0.176485064E+02  -0.180316386E+02  -0.181220520E+02  -0.181090867E+02  -0.177376422E+02  -0.174203581E+02  -0.179288292E+02  -0.185758942E+02  -0.182651469E+02  -0.146847069E+02  -0.108496929E+02  -0.145128531E+02  -0.152364588E+02  -0.139322836E+02
   0.161000608E+07   0.648919286E+04  -0.169011627E+02  -0.176425523E+02  -0.180269602E+02  -0.181180490E+02  -0.181055785E+02  -0.177300481E+02  -0.174140402E+02  -0.179236481E+02  -0.185721022E+02  -0.182606366E+02  -0.146735219E+02  -0.108329106E+02  -0.145012426E+02  -0.152261421E+02  -0.139206928E+02
   0.162000459E+07   0.648248123E+04  -0.168936135E+02  -0.176366421E+02  -0.180222591E+02  -0.181139879E+02  -0.181019863E+02  -0.177225836E+02  -0.174077854E+02  -0.179184705E+02  -0.185682410E+02  -0.182560948E+02  -0.146626543E+02  -0.108167385E+02  -0.144899718E+02  -0.152160976E+02  -0.139094408E+02
   0.163000373E+07   0.647615263E+04  -0.168862095E+02  -0.176307835E+02  -0.180175405E+02  -0.181098728E+02  -0.180983134E+02  -0.177152594E+02  -0.174016017E+02  -0.179133027E+02  -0.185643145E+02  -0.182515265E+02  -0.146521213E+02  -0.108012037E+02  -0.144790585E+02  -0.152063407E+02  -0.138985453E+02
   0.164000255E+07   0.647017326E+04  -0.168789246E+02  -0.176249588E+02  -0.180127929E+02  -0.181056954E+02  -0.180945538E+02  -0.177080500E+02  -0.173954699E+02  -0.179081306E+02  -0.185603153E+02  -0.182469208E+02  -0.146418800E+02  -0.107862367E+02  -0.144684580E+02  -0.151968327E+02  -0.138879615E+02
   0.165000096E+07   0.646453497E+04  -0.168717454E+02  -0.176191565E+02  -0.180080062E+02  -0.181014463E+02  -0.180906987E+02  -0.177009419E+02  -0.173893780E+02  -0.179029436E+02  -0.185562343E+02  -0.182422680E+02  -0.146319131E+02  -0.107718136E+02  -0.144581523E+02  -0.151875571E+02  -0.138776716E+02
   0.166000314E+07   0.645921153E+04  -0.168646478E+02  -0.176133588E+02  -0.180031676E+02  -0.180971153E+02  -0.180867396E+02  -0.176939114E+02  -0.173833069E+02  -0.178977271E+02  -0.185520619E+02  -0.182375557E+02  -0.146221834E+02  -0.107578767E+02  -0.144481028E+02  -0.151784803E+02  -0.138676370E+02
   0.167000198E+07   0.645418738E+04  -0.168576180E+02  -0.176075560E+02  -0.179982698E+02  -0.180926966E+02  -0.180826720E+02  -0.176869451E+02  -0.173772461E+02  -0.178924726E+02  -0.185477929E+02  -0.182327772E+02  -0.146126696E+02  -0.107443921E+02  -0.144382872E+02  -0.151695826E+02  -0.138578355E+02
   0.168000132E+07   0.644944069E+04  -0.168506337E+02  -0.176017308E+02  -0.179932997E+02  -0.180881791E+02  -0.180784862E+02  -0.176800206E+02  -0.173711771E+02  -0.178871655E+02  -0.185434168E+02  -0.182279198E+02  -0.146033384E+02  -0.107313094E+02  -0.144286708E+02  -0.151608335E+02  -0.138482324E+02
   0.169000486E+07   0.644493975E+04  -0.168436690E+02  -0.175958652E+02  -0.179882449E+02  -0.180835535E+02  -0.180741751E+02  -0.176731127E+02  -0.173650804E+02  -0.178817912E+02  -0.185389254E+02  -0.182229718E+02  -0.145941483E+02  -0.107185620E+02  -0.144192103E+02  -0.151521954E+02  -0.138387845E+02
   0.170000539E+07   0.644065502E+04  -0.168367068E+02  -0.175899494E+02  -0.179831009E+02  -0.180788182E+02  -0.180697391E+02  -0.176662047E+02  -0.173589445E+02  -0.178763431E+02  -0.185343177E+02  -0.182179296E+02  -0.145850677E+02  -0.107060950E+02  -0.144098722E+02  -0.151436402E+02  -0.138294584E+02
   0.171000341E+07   0.643656564E+04  -0.168297298E+02  -0.175839710E+02  -0.179778591E+02  -0.180739663E+02  -0.180651730E+02  -0.176592792E+02  -0.173527560E+02  -0.178708110E+02  -0.185295877E+02  -0.182127849E+02  -0.145760687E+02  -0.106938640E+02  -0.144006276E+02  -0.151351427E+02  -0.138202252E+02
   0.172000408E+07   0.643265435E+04  -0.168227222E+02  -0.175779185E+02  -0.179725112E+02  -0.180689914E+02  -0.180604713E+02  -0.176523209E+02  -0.173465027E+02  -0.178651854E+02  -0.185247293E+02  -0.182075298E+02  -0.145671273E+02  -0.106818313E+02  -0.143914512E+02  -0.151266809E+02  -0.138110597E+02
   0.173000063E+07   0.642889547E+04  -0.168156766E+02  -0.175717909E+02  -0.179670607E+02  -0.180638994E+02  -0.180556419E+02  -0.176453228E+02  -0.173401820E+02  -0.178594681E+02  -0.185197493E+02  -0.182021685E+02  -0.145582232E+02  -0.106699565E+02  -0.143823213E+02  -0.151182378E+02  -0.138019404E+02
   0.174000096E+07   0.642525072E+04  -0.168085813E+02  -0.175655857E+02  -0.179615121E+02  -0.180586982E+02  -0.180506955E+02  -0.176382735E+02  -0.173337895E+02  -0.178536607E+02  -0.185146568E+02  -0.181967064E+02  -0.145493259E+02  -0.106581786E+02  -0.143732050E+02  -0.151097874E+02  -0.137928343E+02
   0.175000606E+07   0.642171130E+04  -0.168014324E+02  -0.175593011E+02  -0.179558651E+02  -0.180533887E+02  -0.180456333E+02  -0.176311692E+02  -0.173273232E+02  -0.178477624E+02  -0.185094527E+02  -0.181911434E+02  -0.145404270E+02  -0.106464823E+02  -0.143640934E+02  -0.151013225E+02  -0.137837326E+02
   0.176000110E+07   0.641826384E+04  -0.167942294E+02  -0.175529400E+02  -0.179501250E+02  -0.180479774E+02  -0.180404628E+02  -0.176240098E+02  -0.173207850E+02  -0.178417776E+02  -0.185041441E+02  -0.181854852E+02  -0.145315195E+02  -0.106348502E+02  -0.143549788E+02  -0.150928378E+02  -0.137746277E+02
   0.177000546E+07   0.641486236E+04  -0.167869408E+02  -0.175464820E+02  -0.179442797E+02  -0.180424565E+02  -0.180351796E+02  -0.176167640E+02  -0.173141523E+02  -0.178356909E+02  -0.184987246E+02  -0.181797207E+02  -0.145225491E+02  -0.106231914E+02  -0.143458040E+02  -0.150842845E+02  -0.137654624E+02
   0.178000521E+07   0.641146380E+04  -0.167795623E+02  -0.175399334E+02  -0.179383434E+02  -0.180368443E+02  -0.180298048E+02  -0.176094284E+02  -0.173074292E+02  -0.178295133E+02  -0.184932136E+02  -0.181738650E+02  -0.145134903E+02  -0.106114466E+02  -0.143365410E+02  -0.150756425E+02  -0.137562089E+02
   0.179000032E+07   0.640806266E+04  -0.167720825E+02  -0.175332842E+02  -0.179323069E+02  -0.180311321E+02  -0.180243302E+02  -0.176019916E+02  -0.173006053E+02  -0.178232353E+02  -0.184876027E+02  -0.181679092E+02  -0.145043289E+02  -0.105995972E+02  -0.143271753E+02  -0.150668982E+02  -0.137468527E+02
   0.180000048E+07   0.640462271E+04  -0.167644917E+02  -0.175265335E+02  -0.179261758E+02  -0.180253290E+02  -0.180187675E+02  -0.175944442E+02  -0.172936779E+02  -0.178168600E+02  -0.184819022E+02  -0.181618598E+02  -0.144950373E+02  -0.105875868E+02  -0.143176771E+02  -0.150580284E+02  -0.137373641E+02
   0.181000346E+07   0.640129368E+04  -0.167568247E+02  -0.175196794E+02  -0.179199214E+02  -0.180193921E+02  -0.180130632E+02  -0.175868192E+02  -0.172866528E+02  -0.178103693E+02  -0.184760644E+02  -0.181556844E+02  -0.144857243E+02  -0.105756428E+02  -0.143081640E+02  -0.150491237E+02  -0.137278604E+02
   0.182000228E+07   0.639893327E+04  -0.167491540E+02  -0.175125851E+02  -0.179132523E+02  -0.180129481E+02  -0.180067841E+02  -0.175791783E+02  -0.172794373E+02  -0.178035326E+02  -0.184696908E+02  -0.181490714E+02  -0.144768866E+02  -0.105649395E+02  -0.142991845E+02  -0.150405754E+02  -0.137188875E+02
   0.183000528E+07   0.639698851E+04  -0.167415104E+02  -0.175054164E+02  -0.179064339E+02  -0.180063152E+02  -0.180002871E+02  -0.175715592E+02  -0.172721687E+02  -0.177965762E+02  -0.184631158E+02  -0.181422992E+02  -0.144682815E+02  -0.105547974E+02  -0.142904625E+02  -0.150322088E+02  -0.137101710E+02
   0.184000191E+07   0.638814126E+04  -0.167341189E+02  -0.175001854E+02  -0.179027967E+02  -0.180035216E+02  -0.179981117E+02  -0.175642794E+02  -0.172664834E+02  -0.177923109E+02  -0.184605858E+02  -0.181388720E+02  -0.144565157E+02  -0.105360392E+02  -0.142781652E+02  -0.150215279E+02  -0.136978984E+02
   0.185000199E+07   0.637656443E+04  -0.167272673E+02  -0.174961609E+02  -0.179008576E+02  -0.180026864E+02  -0.179980854E+02  -0.175575738E+02  -0.172618643E+02  -0.177895500E+02  -0.184600957E+02  -0.181372077E+02  -0.144439402E+02  -0.105143141E+02  -0.142648942E+02  -0.150103721E+02  -0.136846598E+02
   0.186000407E+07   0.636422081E+04  -0.167210852E+02  -0.174929931E+02  -0.178999133E+02  -0.180029192E+02  -0.179991807E+02  -0.175515474E+02  -0.172580625E+02  -0.177877294E+02  -0.184606963E+02  -0.181365565E+02  -0.144316550E+02  -0.104922733E+02  -0.142518674E+02  -0.149996006E+02  -0.136716676E+02
   0.187000102E+07   0.635201934E+04  -0.167156883E+02  -0.174905758E+02  -0.178996940E+02  -0.180038634E+02  -0.180009774E+02  -0.175463045E+02  -0.172550185E+02  -0.177866439E+02  -0.184620040E+02  -0.181366268E+02  -0.144202254E+02  -0.104712004E+02  -0.142397047E+02  -0.149896673E+02  -0.136595391E+02
   0.188000193E+07   0.634033558E+04  -0.167110930E+02  -0.174888337E+02  -0.179000566E+02  -0.180053401E+02  -0.180032705E+02  -0.175418566E+02  -0.172526763E+02  -0.177861771E+02  -0.184638289E+02  -0.181372667E+02  -0.144098534E+02  -0.104515942E+02  -0.142286307E+02  -0.149807280E+02  -0.136484978E+02
   0.189000205E+07   0.632924678E+04  -0.167072315E+02  -0.174876801E+02  -0.179009006E+02  -0.180072415E+02  -0.180059466E+02  -0.175381351E+02  -0.172509532E+02  -0.177862339E+02  -0.184660607E+02  -0.181383739E+02  -0.144005094E+02  -0.104334863E+02  -0.142186205E+02  -0.149727438E+02  -0.136385186E+02
   0.190000465E+07   0.631865936E+04  -0.167038987E+02  -0.174869328E+02  -0.179020604E+02  -0.180094110E+02  -0.180088558E+02  -0.175349358E+02  -0.172496621E+02  -0.177866421E+02  -0.184685456E+02  -0.181397851E+02  -0.143919418E+02  -0.104165511E+02  -0.142094169E+02  -0.149654746E+02  -0.136293446E+02
   0.191000311E+07   0.630841586E+04  -0.167008743E+02  -0.174864099E+02  -0.179033828E+02  -0.180117101E+02  -0.180118707E+02  -0.175320407E+02  -0.172486131E+02  -0.177872373E+02  -0.184711501E+02  -0.181413507E+02  -0.143838529E+02  -0.104003662E+02  -0.142007125E+02  -0.149586418E+02  -0.136206689E+02
   0.192000152E+07   0.629835092E+04  -0.166979703E+02  -0.174859637E+02  -0.179047497E+02  -0.180140368E+02  -0.180149007E+02  -0.175292637E+02  -0.172476500E+02  -0.177878897E+02  -0.184737766E+02  -0.181429565E+02  -0.143759724E+02  -0.103845311E+02  -0.141922274E+02  -0.149519957E+02  -0.136122120E+02
   0.193000308E+07   0.628834740E+04  -0.166950338E+02  -0.174854700E+02  -0.179060581E+02  -0.180162991E+02  -0.180178619E+02  -0.175264534E+02  -0.172466426E+02  -0.177884879E+02  -0.184763370E+02  -0.181445024E+02  -0.143680899E+02  -0.103687424E+02  -0.141837438E+02  -0.149453399E+02  -0.136037565E+02
   0.194000506E+07   0.627832498E+04  -0.166919677E+02  -0.174848515E+02  -0.179072449E+02  -0.180184417E+02  -0.180207048E+02  -0.175235138E+02  -0.172455092E+02  -0.177889633E+02  -0.184787782E+02  -0.181459271E+02  -0.143600685E+02  -0.103527999E+02  -0.141751203E+02  -0.149385475E+02  -0.135951610E+02
   0.195000491E+07   0.626825210E+04  -0.166887299E+02  -0.174840735E+02  -0.179082815E+02  -0.180204388E+02  -0.180234057E+02  -0.175204031E+02  -0.172442139E+02  -0.177892848E+02  -0.184810755E+02  -0.181472028E+02  -0.143518505E+02  -0.103366209E+02  -0.141662971E+02  -0.149315647E+02  -0.135863660E+02
   0.196000497E+07   0.625812769E+04  -0.166853170E+02  -0.174831330E+02  -0.179091648E+02  -0.180222875E+02  -0.180259618E+02  -0.175171180E+02  -0.172427534E+02  -0.177894493E+02  -0.184832259E+02  -0.181483264E+02  -0.143434318E+02  -0.103202005E+02  -0.141572701E+02  -0.149243876E+02  -0.135773674E+02
   0.197000267E+07   0.624796977E+04  -0.166817501E+02  -0.174820467E+02  -0.179099083E+02  -0.180239997E+02  -0.180283837E+02  -0.175136792E+02  -0.172411454E+02  -0.177894717E+02  -0.184852407E+02  -0.181493111E+02  -0.143348426E+02  -0.103035830E+02  -0.141480706E+02  -0.149170440E+02  -0.135681963E+02
   0.198000588E+07   0.623780729E+04  -0.166780609E+02  -0.174808391E+02  -0.179105313E+02  -0.180255918E+02  -0.180306859E+02  -0.175101182E+02  -0.172394159E+02  -0.177893734E+02  -0.184871357E+02  -0.181501754E+02  -0.143261287E+02  -0.102868373E+02  -0.141387462E+02  -0.149095764E+02  -0.135589003E+02
