  0.0000000000E+000  0.0000000000E+000
  1.0000280934E+004  1.1460607799E+038
  2.0000237707E+004  1.0795814687E+038
  3.0000300327E+004  1.0339235396E+038
  4.0000204734E+004  1.0123280428E+038
  5.0000567921E+004  1.0009056077E+038
  6.0000294373E+004  9.9312899838E+037
  7.0000270096E+004  9.8650213520E+037
  8.0000283407E+004  9.8058370247E+037
  9.0000329856E+004  9.7503973705E+037
  1.0000019186E+005  9.6965313511E+037
  1.1000035529E+005  9.6437480990E+037
  1.2000047753E+005  9.5917433284E+037
  1.3000032354E+005  9.5404724811E+037
  1.4000035696E+005  9.4899928434E+037
  1.5000051208E+005  9.4403356704E+037
  1.6000054615E+005  9.3911559190E+037
  1.7000044176E+005  9.3424040218E+037
  1.8000048093E+005  9.2942635490E+037
  1.9000036179E+005  9.2466194444E+037
  2.0000030176E+005  9.1995769297E+037
  2.1000032673E+005  9.1533810512E+037
  2.2000026984E+005  9.1078814081E+037
  2.3000049242E+005  3.9803369366E+039
  2.4000042064E+005  3.6962511324E+039
  2.5000036423E+005  4.3763936421E+039
  2.6000029333E+005  5.3506545459E+039
  2.7000039380E+005  6.5925162346E+039
  2.8000030024E+005  8.1287879423E+039
  2.9000056031E+005  1.0006783685E+040
  3.0000028132E+005  1.2310174384E+040
  3.1000034988E+005  1.5166242123E+040
  3.2000026781E+005  1.8767666533E+040
  3.3000035615E+005  2.3425906726E+040
  3.4000044699E+005  2.9676366031E+040
  3.5000046934E+005  3.8571740669E+040
  3.6000035845E+005  5.3537793876E+040
  3.7000041544E+005  1.4920734819E+041
  3.8000040070E+005  3.8780571786E+041
  3.9000048915E+005  7.9066629587E+041
  4.0000046080E+005  1.4513773911E+042
  4.1000040113E+005  2.4743711769E+042
  4.2000035143E+005  3.9825579104E+042
  4.3000037743E+005  6.0961614182E+042
  4.4000027567E+005  8.8635156543E+042
  4.5000028719E+005  1.2265719106E+043
  4.6000043014E+005  1.6301915280E+043
  4.7000032370E+005  2.0863971389E+043
  4.8000055290E+005  2.5806133106E+043
  4.9000043676E+005  3.0912050885E+043
  5.0000053215E+005  3.5874206251E+043
  5.1000038672E+005  4.0329754822E+043
  5.2000047816E+005  4.3668795621E+043
  5.3000061013E+005  4.5081599296E+043
  5.4000041366E+005  4.4556280314E+043
  5.5000061006E+005  4.2179741309E+043
  5.6000031716E+005  3.8180563455E+043
  5.7000040119E+005  3.3002390473E+043
  5.8000045655E+005  2.7253917192E+043
  5.9000057847E+005  2.1613383755E+043
  6.0000037381E+005  1.6614182663E+043
  6.1000034862E+005  1.2554924738E+043
  6.2000027566E+005  9.5978442411E+042
  6.3000030287E+005  7.7774848677E+042
  6.4000021615E+005  6.6397769073E+042
  6.5000019467E+005  5.8516660930E+042
  6.6000020009E+005  5.2695140119E+042
  6.7000014776E+005  4.8111115703E+042
  6.8000009454E+005  4.4067950657E+042
  6.9000014333E+005  4.0488290968E+042
  7.0000010006E+005  3.6680639712E+042
  7.1000021597E+005  3.4049004767E+042
  7.2000029637E+005  3.1792778092E+042
  7.3000048553E+005  3.1498984636E+042
  7.4000057162E+005  3.1725696673E+042
  7.5000057121E+005  3.1239955009E+042
  7.6000035396E+005  3.0532277975E+042
  7.7000058242E+005  2.9601575444E+042
  7.8000061554E+005  2.8686856949E+042
  7.9000036059E+005  2.7683430738E+042
  8.0000045793E+005  2.6688344144E+042
  8.1000051149E+005  2.5728931999E+042
  8.2000037338E+005  2.4814418606E+042
  8.3000054123E+005  2.3944765390E+042
  8.4000046726E+005  2.3164701884E+042
  8.5000059639E+005  2.2413970858E+042
  8.6000033649E+005  2.1703855437E+042
  8.7000047101E+005  2.1035404851E+042
  8.8000059422E+005  2.0407046980E+042
  8.9000050417E+005  1.9816567821E+042
  9.0000051370E+005  1.9262346795E+042
  9.1000054656E+005  1.8742436911E+042
  9.2000058199E+005  1.8254114197E+042
  9.3000064268E+005  1.7794084873E+042
  9.4000041358E+005  1.7358805400E+042
  9.5000045408E+005  1.6944806671E+042
  9.6000055305E+005  1.6548929913E+042
  9.7000037200E+005  1.6169171069E+042
  9.8000054980E+005  1.5804650250E+042
  9.9000058096E+005  1.5455213741E+042
  1.0000004229E+006  1.5120770351E+042
  1.0100005990E+006  1.4801188959E+042
  1.0200006876E+006  1.4496405630E+042
  1.0300006036E+006  1.4206002701E+042
  1.0400004636E+006  1.3929545671E+042
  1.0500006287E+006  1.3666674766E+042
  1.0600005625E+006  1.3417089925E+042
  1.0700005212E+006  1.3180423099E+042
  1.0800007205E+006  1.2956280912E+042
  1.0900005291E+006  1.2744209466E+042
  1.1000005572E+006  1.2543627585E+042
  1.1100004172E+006  1.2353716811E+042
  1.1200004064E+006  1.2173588358E+042
  1.1300003850E+006  1.2002405470E+042
  1.1400006935E+006  1.1839414304E+042
  1.1500005981E+006  1.1683950654E+042
  1.1600007026E+006  1.1535340996E+042
  1.1700007010E+006  1.1392932117E+042
  1.1800004541E+006  1.1256092333E+042
  1.1900006559E+006  1.1124386729E+042
  1.2000004772E+006  1.0997543447E+042
  1.2100005707E+006  1.0875291986E+042
  1.2200005537E+006  1.0757435004E+042
  1.2300006223E+006  1.0643751497E+042
  1.2400004099E+006  1.0534042014E+042
  1.2500005460E+006  1.0428183611E+042
  1.2600006813E+006  1.0326068212E+042
  1.2700003952E+006  1.0227643033E+042
  1.2800007327E+006  1.0132805133E+042
  1.2900006428E+006  1.0041414473E+042
  1.3000004419E+006  9.9532380723E+041
  1.3100006685E+006  9.8680188279E+041
  1.3200005641E+006  9.7855125337E+041
  1.3300007291E+006  9.7054888950E+041
  1.3400005330E+006  9.6277986730E+041
  1.3500005134E+006  9.5523352291E+041
  1.3600004069E+006  9.4789607373E+041
  1.3700005895E+006  9.4075495885E+041
  1.3800006538E+006  9.3380329665E+041
  1.3900005083E+006  9.2703957630E+041
  1.4000006829E+006  9.2047229755E+041
  1.4100004811E+006  9.1411227739E+041
  1.4200006022E+006  9.0796717044E+041
  1.4300005917E+006  9.0203559205E+041
  1.4400006157E+006  8.9630352011E+041
  1.4500005705E+006  8.9074562816E+041
  1.4600004067E+006  8.8533612896E+041
  1.4700006183E+006  8.8005462594E+041
  1.4800005059E+006  8.7488879531E+041
  1.4900007310E+006  8.6982885035E+041
  1.5000004859E+006  8.6486558589E+041
  1.5100004470E+006  8.5999107989E+041
  1.5200006762E+006  8.5520596750E+041
  1.5300004457E+006  8.5052527731E+041
  1.5400006232E+006  8.4598220295E+041
  1.5500006284E+006  8.4162178869E+041
  1.5600004896E+006  8.3748771028E+041
  1.5700004338E+006  8.3361068812E+041
  1.5800005460E+006  8.2999712029E+041
  1.5900004735E+006  8.2661449667E+041
  1.6000006237E+006  8.2340210294E+041
  1.6100007971E+006  8.2029287495E+041
  1.6200007060E+006  8.1723196759E+041
  1.6300006665E+006  8.1418076613E+041
  1.6400006240E+006  8.1110945332E+041
  1.6500006318E+006  8.0799608878E+041
  1.6600004196E+006  8.0484006159E+041
  1.6700004695E+006  8.0167781139E+041
  1.6800005474E+006  7.9858647007E+041
  1.6900008015E+006  7.9568173108E+041
  1.7000008178E+006  7.9309498559E+041
  1.7100007275E+006  7.9094147187E+041
  1.7200007867E+006  7.8929002714E+041
  1.7300007336E+006  7.8813009690E+041
  1.7400004446E+006  7.8735149451E+041
  1.7500007579E+006  7.8677801368E+041
  1.7600004676E+006  7.8623219272E+041
  1.7700004978E+006  7.8556467772E+041
  1.7800005668E+006  7.8466867734E+041
  1.7900004798E+006  7.8348491382E+041
  1.8000005911E+006  7.8198480759E+041
  1.8100006820E+006  7.8020109060E+041
  1.8200008127E+006  7.7823274975E+041
  1.8300005034E+006  7.7625329261E+041
  1.8400007855E+006  7.7449978293E+041
  1.8500005134E+006  7.7323188950E+041
  1.8600008366E+006  7.7266320434E+041
  1.8700005436E+006  7.7289601439E+041
  1.8800008044E+006  7.7386919152E+041
  1.8900006722E+006  7.7534070227E+041
  1.9000006845E+006  7.7698021629E+041
  1.9100006067E+006  7.7846494308E+041
  1.9200007261E+006  7.7954470872E+041
  1.9300005001E+006  7.8007005073E+041
  1.9400007366E+006  7.7994936635E+041
  1.9500006088E+006  7.7918703227E+041
  1.9600004941E+006  7.7787352244E+041
  1.9700006257E+006  7.7620518669E+041
  1.9800007124E+006  7.7447419923E+041
  1.9872000000E+006  7.7340353159E+041
