5680.00000000001  1.562478E-16
5681.4139443636  1.572145E-16
5682.82788872719  1.502033E-16
5684.24183309079  1.363200E-16
5685.65577745438  1.434790E-16
5687.06972181798  1.577548E-16
5688.48366618157  1.564816E-16
5689.89761054517  1.561046E-16
5691.31155490876  1.403300E-16
5692.72549927235  1.329213E-16
5694.13944363595  1.464553E-16
5695.55338799954  1.415601E-16
5696.96733236314  1.492051E-16
5698.38127672673  1.475032E-16
5699.79522109032  1.393786E-16
5701.20916545392  1.437695E-16
5702.62310981751  1.468372E-16
5704.03705418111  1.546897E-16
5705.4509985447  1.540079E-16
5706.86494290829  1.520480E-16
5708.27888727189  1.474964E-16
5709.69283163548  1.446907E-16
5711.10677599908  1.603056E-16
5712.52072036267  1.520527E-16
5713.93466472627  1.476667E-16
5715.34860908986  1.523585E-16
5716.76255345345  1.445590E-16
5718.17649781705  1.346428E-16
5719.59044218064  1.419484E-16
5721.00438654424  1.516205E-16
5722.41833090783  1.546550E-16
5723.83227527142  1.510870E-16
5725.24621963502  1.391514E-16
5726.66016399861  1.378239E-16
5728.07410836221  1.492477E-16
5729.4880527258  1.496466E-16
5730.90199708939  1.436253E-16
5732.31594145299  1.504951E-16
5733.72988581658  1.585785E-16
5735.14383018018  1.587737E-16
5736.55777454377  1.539857E-16
5737.97171890736  1.662178E-16
5739.38566327096  1.551414E-16
5740.79960763455  1.523501E-16
5742.21355199815  1.716037E-16
5743.62749636174  1.726187E-16
5745.04144072533  1.561996E-16
5746.45538508893  1.443328E-16
5747.86932945252  1.501846E-16
5749.28327381612  1.525788E-16
5750.69721817971  1.598802E-16
5752.1111625433  1.706848E-16
5753.5251069069  1.580774E-16
5754.93905127049  1.555173E-16
5756.35299563409  1.707380E-16
5757.76693999768  1.625468E-16
5759.18088436127  1.617461E-16
5760.59482872487  1.650311E-16
5762.00877308846  1.593698E-16
5763.42271745206  1.598877E-16
5764.83666181565  1.500514E-16
5766.25060617924  1.561446E-16
5767.66455054284  1.528847E-16
5769.07849490643  1.552427E-16
5770.49243927003  1.655021E-16
5771.90638363362  1.566905E-16
5773.32032799722  1.459164E-16
5774.73427236081  1.613960E-16
5776.1482167244  1.729070E-16
5777.562161088  1.678678E-16
5778.97610545159  1.558735E-16
5780.39004981519  1.391150E-16
5781.80399417878  1.485941E-16
5783.21793854237  1.610554E-16
5784.63188290597  1.537280E-16
5786.04582726956  1.466659E-16
5787.45977163316  1.477614E-16
5788.87371599675  1.402103E-16
5790.28766036034  1.441495E-16
5791.70160472394  1.732418E-16
5793.11554908753  1.630490E-16
5794.52949345113  1.435893E-16
5795.94343781472  1.517463E-16
5797.35738217831  1.432913E-16
5798.77132654191  1.375806E-16
5800.1852709055  1.522345E-16
5801.5992152691  1.472591E-16
5803.01315963269  1.389736E-16
5804.42710399628  1.392505E-16
5805.84104835988  1.461701E-16
5807.25499272347  1.512226E-16
5808.66893708707  1.474575E-16
5810.08288145066  1.354291E-16
5811.49682581425  1.425061E-16
5812.91077017785  1.527806E-16
5814.32471454144  1.440451E-16
5815.73865890504  1.390659E-16
5817.15260326863  1.446012E-16
5818.56654763222  1.434753E-16
5819.98049199582  1.404696E-16
5821.39443635941  1.321908E-16
5822.80838072301  1.258984E-16
5824.2223250866  1.344398E-16
5825.6362694502  1.484852E-16
5827.05021381379  1.513270E-16
5828.46415817738  1.303519E-16
5829.87810254098  1.256867E-16
5831.29204690457  1.437848E-16
5832.70599126817  1.513666E-16
5834.11993563176  1.277500E-16
5835.53387999535  1.310986E-16
5836.94782435895  1.296401E-16
5838.36176872254  1.308224E-16
5839.77571308614  1.394784E-16
5841.18965744973  1.353905E-16
5842.60360181332  1.415053E-16
5844.01754617692  1.404952E-16
5845.43149054051  1.256237E-16
5846.84543490411  1.349669E-16
5848.2593792677  1.451947E-16
5849.67332363129  1.302944E-16
5851.08726799489  1.327458E-16
5852.50121235848  1.374071E-16
5853.91515672208  1.453214E-16
5855.32910108567  1.298446E-16
5856.74304544926  1.327364E-16
5858.15698981286  1.328490E-16
5859.57093417645  1.429500E-16
5860.98487854005  1.493413E-16
5862.39882290364  1.330302E-16
5863.81276726723  1.243620E-16
5865.22671163083  1.293212E-16
5866.64065599442  1.362300E-16
5868.05460035802  1.411983E-16
5869.46854472161  1.285194E-16
5870.8824890852  1.131593E-16
5872.2964334488  1.238194E-16
5873.71037781239  1.389846E-16
5875.12432217599  1.360966E-16
5876.53826653958  1.347043E-16
5877.95221090317  1.318008E-16
5879.36615526677  1.264051E-16
5880.78009963036  1.443530E-16
5882.19404399396  1.452248E-16
5883.60798835755  1.365084E-16
5885.02193272115  1.289352E-16
5886.43587708474  1.459379E-16
5887.84982144833  1.500684E-16
5889.26376581193  1.383420E-16
5890.67771017552  1.381064E-16
5892.09165453912  1.123790E-16
5893.50559890271  1.253376E-16
5894.9195432663  1.510753E-16
5896.3334876299  1.490610E-16
5897.74743199349  1.434278E-16
5899.16137635709  1.270336E-16
5900.57532072068  1.281729E-16
5901.98926508427  1.320947E-16
5903.40320944787  1.323044E-16
5904.81715381146  1.391572E-16
5906.23109817506  1.367676E-16
5907.64504253865  1.335547E-16
5909.05898690224  1.321437E-16
5910.47293126584  1.366609E-16
5911.88687562943  1.425856E-16
5913.30081999303  1.392728E-16
5914.71476435662  1.379091E-16
5916.12870872021  1.247400E-16
5917.54265308381  1.374332E-16
5918.9565974474  1.438411E-16
5920.370541811  1.302208E-16
5921.78448617459  1.386125E-16
5923.19843053818  1.489283E-16
5924.61237490178  1.379206E-16
5926.02631926537  1.217716E-16
5927.44026362897  1.340849E-16
5928.85420799256  1.248559E-16
5930.26815235615  1.200819E-16
5931.68209671975  1.303023E-16
5933.09604108334  1.280965E-16
5934.50998544694  1.352135E-16
5935.92392981053  1.338364E-16
5937.33787417412  1.271907E-16
5938.75181853772  1.380223E-16
5940.16576290131  1.392635E-16
5941.57970726491  1.361015E-16
5942.9936516285  1.336125E-16
5944.4075959921  1.329294E-16
5945.82154035569  1.423415E-16
5947.23548471928  1.419778E-16
5948.64942908288  1.305437E-16
5950.06337344647  1.365984E-16
5951.47731781007  1.310232E-16
5952.89126217366  1.313470E-16
5954.30520653725  1.382166E-16
5955.71915090085  1.289822E-16
5957.13309526444  1.304819E-16
5958.54703962804  1.346562E-16
5959.96098399163  1.291182E-16
5961.37492835523  1.309851E-16
5962.78887271882  1.342640E-16
5964.20281708241  1.262168E-16
5965.61676144601  1.247911E-16
5967.0307058096  1.256619E-16
5968.4446501732  1.278807E-16
5969.85859453679  1.306332E-16
5971.27253890039  1.304028E-16
5972.68648326398  1.266773E-16
5974.10042762757  1.313089E-16
5975.51437199117  1.389114E-16
5976.92831635476  1.170671E-16
5978.34226071836  1.138542E-16
5979.75620508195  1.338908E-16
5981.17014944554  1.374788E-16
5982.58409380914  1.283173E-16
5983.99803817273  1.195592E-16
5985.41198253632  1.192292E-16
5986.82592689992  1.263473E-16
5988.23987126351  1.302279E-16
5989.65381562711  1.285482E-16
5991.0677599907  1.283398E-16
5992.48170435429  1.245211E-16
5993.89564871789  1.312001E-16
5995.30959308148  1.296830E-16
5996.72353744508  1.247646E-16
5998.13748180867  1.234732E-16
5999.55142617227  1.170804E-16
6000.96537053586  1.261654E-16
6002.37931489945  1.162265E-16
6003.79325926305  1.145879E-16
6005.20720362664  1.116444E-16
6006.62114799024  1.066364E-16
6008.03509235383  1.063389E-16
6009.44903671742  1.090263E-16
6010.86298108102  1.027792E-16
6012.27692544461  8.770265E-17
6013.69086980821  9.727353E-17
6015.1048141718  1.098984E-16
6016.51875853539  9.610634E-17
6017.93270289899  1.002957E-16
6019.34664726258  1.046492E-16
6020.76059162618  9.486475E-17
6022.17453598977  9.383792E-17
6023.58848035336  9.476246E-17
6025.00242471696  8.876324E-17
6026.41636908055  9.617348E-17
6027.83031344415  9.382332E-17
6029.24425780774  8.693534E-17
6030.65820217133  8.806828E-17
6032.07214653493  9.068436E-17
6033.48609089852  8.773352E-17
6034.90003526212  7.933977E-17
6036.31397962571  7.279495E-17
6037.72792398931  7.671035E-17
6039.1418683529  8.517648E-17
6040.55581271649  7.406926E-17
6041.96975708009  7.976899E-17
6043.38370144368  9.148745E-17
6044.79764580727  7.921418E-17
6046.21159017087  7.991796E-17
6047.62553453446  8.210368E-17
6049.03947889806  8.422368E-17
6050.45342326165  8.968566E-17
6051.86736762524  9.470218E-17
6053.28131198884  9.808734E-17
6054.69525635243  9.023914E-17
6056.10920071603  8.819971E-17
6057.52314507962  9.013566E-17
6058.93708944322  8.920248E-17
6060.35103380681  7.574542E-17
6061.7649781704  7.258290E-17
6063.178922534  9.055289E-17
6064.59286689759  1.048503E-16
6066.00681126119  9.685590E-17
6067.42075562478  9.259715E-17
6068.83469998837  9.405849E-17
6070.24864435197  1.042139E-16
6071.66258871556  1.120246E-16
6073.07653307916  1.104373E-16
6074.49047744275  1.044365E-16
6075.90442180634  1.089428E-16
6077.31836616994  1.171783E-16
6078.73231053353  9.525617E-17
6080.14625489713  8.560130E-17
6081.56019926072  9.332270E-17
6082.97414362431  1.090829E-16
6084.38808798791  1.024302E-16
6085.8020323515  9.602907E-17
6087.2159767151  1.101251E-16
6088.62992107869  1.181410E-16
6090.04386544229  1.147048E-16
6091.45780980588  1.035174E-16
6092.87175416947  1.022990E-16
6094.28569853307  1.047256E-16
6095.69964289666  1.114659E-16
6097.11358726026  1.184158E-16
6098.52753162385  1.166262E-16
6099.94147598744  1.173299E-16
6101.35542035104  1.159695E-16
6102.76936471463  1.101599E-16
6104.18330907823  1.158396E-16
6105.59725344182  1.221884E-16
6107.01119780541  1.149904E-16
6108.42514216901  1.127984E-16
6109.8390865326  1.215358E-16
6111.2530308962  1.238463E-16
6112.66697525979  1.170879E-16
6114.08091962338  1.366834E-16
6115.49486398698  1.385213E-16
6116.90880835057  1.258265E-16
6118.32275271417  1.346673E-16
6119.73669707776  1.290456E-16
6121.15064144135  1.180015E-16
6122.56458580495  1.170029E-16
6123.97853016854  1.235984E-16
6125.39247453214  1.294477E-16
6126.80641889573  1.395854E-16
6128.22036325932  1.263292E-16
6129.63430762292  1.319482E-16
6131.04825198651  1.330877E-16
6132.46219635011  1.290468E-16
6133.8761407137  1.276037E-16
6135.29008507729  1.287582E-16
6136.70402944089  1.332629E-16
6138.11797380448  1.323016E-16
6139.53191816808  1.188042E-16
6140.94586253167  1.272482E-16
6142.35980689527  1.403355E-16
6143.77375125886  1.313715E-16
6145.18769562245  1.372002E-16
6146.60163998605  1.364028E-16
6148.01558434964  1.346021E-16
6149.42952871324  1.407669E-16
6150.84347307683  1.474115E-16
6152.25741744042  1.518674E-16
6153.67136180402  1.487541E-16
6155.08530616761  1.397627E-16
6156.49925053121  1.356976E-16
6157.9131948948  1.395449E-16
6159.32713925839  1.337511E-16
6160.74108362199  1.295991E-16
6162.15502798558  1.382070E-16
6163.56897234918  1.268603E-16
6164.98291671277  1.274839E-16
6166.39686107636  1.316350E-16
6167.81080543996  1.401052E-16
6169.22474980355  1.456477E-16
6170.63869416715  1.287937E-16
6172.05263853074  1.223388E-16
6173.46658289433  1.407119E-16
6174.88052725793  1.484907E-16
6176.29447162152  1.369240E-16
6177.70841598512  1.265420E-16
6179.12236034871  1.275381E-16
6180.5363047123  1.356794E-16
6181.9502490759  1.344262E-16
6183.36419343949  1.420473E-16
6184.77813780309  1.364453E-16
6186.19208216668  1.322747E-16
6187.60602653027  1.296301E-16
6189.01997089387  1.321647E-16
6190.43391525746  1.353689E-16
6191.84785962106  1.303834E-16
6193.26180398465  1.392067E-16
6194.67574834825  1.399590E-16
6196.08969271184  1.351726E-16
6197.50363707543  1.408380E-16
6198.91758143903  1.301351E-16
6200.33152580262  1.257765E-16
6201.74547016622  1.352994E-16
6203.15941452981  1.327866E-16
6204.5733588934  1.228880E-16
6205.987303257  1.203873E-16
6207.40124762059  1.284821E-16
6208.81519198419  1.242686E-16
6210.22913634778  1.250411E-16
6211.64308071137  1.312538E-16
6213.05702507497  1.238269E-16
6214.47096943856  1.185554E-16
6215.88491380216  1.264503E-16
6217.29885816575  1.360336E-16
6218.71280252935  1.305707E-16
6220.12674689294  1.363857E-16
6221.54069125653  1.409646E-16
6222.95463562013  1.386584E-16
6224.36857998372  1.298119E-16
6225.78252434731  1.315942E-16
6227.19646871091  1.280325E-16
6228.6104130745  1.275513E-16
6230.0243574381  1.205470E-16
6231.43830180169  1.352313E-16
6232.85224616529  1.220290E-16
6234.26619052888  1.239110E-16
6235.68013489247  1.330126E-16
6237.09407925607  1.325057E-16
6238.50802361966  1.288350E-16
6239.92196798326  1.342037E-16
6241.33591234685  1.407203E-16
6242.74985671044  1.248124E-16
6244.16380107404  1.128483E-16
6245.57774543763  1.279552E-16
6246.99168980123  1.274747E-16
6248.40563416482  1.152734E-16
6249.81957852841  1.138196E-16
6251.23352289201  1.195932E-16
6252.6474672556  1.284576E-16
6254.0614116192  1.210387E-16
6255.47535598279  1.165685E-16
6256.88930034638  1.171095E-16
6258.30324470998  1.224928E-16
6259.71718907357  1.323093E-16
6261.13113343717  1.337881E-16
6262.54507780076  1.305718E-16
6263.95902216435  1.237008E-16
6265.37296652795  1.142604E-16
6266.78691089154  1.111318E-16
6268.20085525514  1.164545E-16
6269.61479961873  1.045504E-16
6271.02874398232  1.162865E-16
6272.44268834592  1.418541E-16
6273.85663270951  1.361024E-16
6275.27057707311  1.143125E-16
6276.6845214367  1.153575E-16
6278.0984658003  1.067951E-16
6279.51241016389  1.165605E-16
6280.92635452748  1.219999E-16
6282.34029889108  1.147098E-16
6283.75424325467  1.156555E-16
6285.16818761826  1.266855E-16
6286.58213198186  1.341558E-16
6287.99607634545  1.259363E-16
6289.41002070905  1.158530E-16
6290.82396507264  1.106401E-16
6292.23790943624  1.163053E-16
6293.65185379983  1.191236E-16
6295.06579816342  1.269164E-16
6296.47974252702  1.282105E-16
6297.89368689061  1.228771E-16
6299.30763125421  1.231203E-16
6300.7215756178  1.179710E-16
6302.13551998139  1.121732E-16
6303.54946434499  1.159683E-16
6304.96340870858  1.299075E-16
6306.37735307218  1.227585E-16
6307.79129743577  1.018960E-16
6309.20524179936  1.133532E-16
6310.61918616296  1.180808E-16
6312.03313052655  1.164778E-16
6313.44707489015  1.259421E-16
6314.86101925374  1.210995E-16
6316.27496361733  1.238456E-16
6317.68890798093  1.210275E-16
6319.10285234452  1.289606E-16
6320.51679670812  1.183227E-16
6321.93074107171  1.106180E-16
6323.3446854353  1.156063E-16
6324.7586297989  1.213408E-16
6326.17257416249  1.316041E-16
6327.58651852609  1.250104E-16
6329.00046288968  1.131780E-16
6330.41440725327  1.200327E-16
6331.82835161687  1.220490E-16
6333.24229598046  1.162115E-16
6334.65624034406  1.142956E-16
6336.07018470765  1.134199E-16
6337.48412907125  1.092562E-16
6338.89807343484  1.208248E-16
6340.31201779843  1.210962E-16
6341.72596216203  1.124279E-16
6343.13990652562  1.083661E-16
6344.55385088922  1.202875E-16
6345.96779525281  1.314002E-16
6347.38173961641  1.192543E-16
6348.79568398  1.068249E-16
6350.20962834359  1.029415E-16
6351.62357270719  1.023893E-16
6353.03751707078  9.952435E-17
6354.45146143437  1.133241E-16
6355.86540579797  1.232043E-16
6357.27935016156  1.145907E-16
6358.69329452516  1.220264E-16
6360.10723888875  1.231954E-16
6361.52118325234  1.226334E-16
6362.93512761594  1.108894E-16
6364.34907197953  1.019870E-16
6365.76301634313  1.024447E-16
6367.17696070672  1.134213E-16
6368.59090507032  1.188493E-16
6370.00484943391  1.239263E-16
6371.4187937975  1.236758E-16
6372.8327381611  1.122943E-16
6374.24668252469  1.137720E-16
6375.66062688829  1.172127E-16
6377.07457125188  1.125048E-16
6378.48851561547  1.211480E-16
6379.90245997907  1.104814E-16
6381.31640434266  1.104005E-16
6382.73034870626  1.234079E-16
6384.14429306985  1.163650E-16
6385.55823743344  1.124131E-16
6386.97218179704  1.115858E-16
6388.38612616063  1.242195E-16
6389.80007052423  1.170985E-16
6391.21401488782  1.135012E-16
6392.62795925142  1.141660E-16
6394.04190361501  1.167351E-16
6395.4558479786  1.111766E-16
6396.8697923422  1.132080E-16
6398.28373670579  1.183769E-16
6399.69768106939  1.184286E-16
6401.11162543298  1.071136E-16
6402.52556979657  1.053244E-16
6403.93951416017  1.108250E-16
6405.35345852376  1.090089E-16
6406.76740288736  1.221580E-16
6408.18134725095  1.106076E-16
6409.59529161454  1.200572E-16
6411.00923597814  1.149708E-16
6412.42318034173  1.055022E-16
6413.83712470532  1.193922E-16
6415.25106906892  1.227502E-16
6416.66501343251  1.116562E-16
6418.07895779611  1.140133E-16
6419.4929021597  1.202070E-16
6420.90684652329  1.167206E-16
6422.32079088689  1.154076E-16
6423.73473525048  1.217634E-16
6425.14867961408  1.237352E-16
6426.56262397767  1.215351E-16
6427.97656834127  1.190908E-16
6429.39051270486  1.121942E-16
6430.80445706845  1.180917E-16
6432.21840143205  1.330297E-16
6433.63234579564  1.247118E-16
6435.04629015924  1.201288E-16
6436.46023452283  1.232537E-16
6437.87417888642  1.272398E-16
6439.28812325002  1.171062E-16
6440.70206761361  1.130232E-16
6442.11601197721  1.055875E-16
6443.5299563408  1.124503E-16
6444.94390070439  1.230268E-16
6446.35784506799  1.216641E-16
6447.77178943158  1.213510E-16
6449.18573379518  1.157905E-16
6450.59967815877  1.187983E-16
6452.01362252236  1.198731E-16
6453.42756688596  1.192249E-16
6454.84151124955  1.276762E-16
6456.25545561315  1.277461E-16
6457.66939997674  1.178387E-16
6459.08334434033  1.105584E-16
6460.49728870393  1.187109E-16
6461.91123306752  1.206958E-16
6463.32517743112  1.176234E-16
6464.73912179471  1.117395E-16
6466.15306615831  1.113390E-16
6467.5670105219  1.185726E-16
6468.98095488549  1.155593E-16
6470.39489924909  1.095804E-16
6471.80884361268  1.127548E-16
6473.22278797627  1.163218E-16
6474.63673233987  1.165557E-16
6476.05067670346  1.110154E-16
6477.46462106706  1.160233E-16
6478.87856543065  1.136319E-16
6480.29250979424  1.103211E-16
6481.70645415784  1.248853E-16
6483.12039852143  1.122869E-16
6484.53434288503  1.063267E-16
6485.94828724862  1.120704E-16
6487.36223161222  1.206345E-16
6488.77617597581  1.209286E-16
6490.1901203394  1.104394E-16
6491.604064703  1.225539E-16
6493.01800906659  1.214314E-16
6494.43195343019  1.187335E-16
6495.84589779378  1.231981E-16
6497.25984215737  1.250408E-16
6498.67378652097  1.113360E-16
6500.08773088456  1.152030E-16
6501.50167524816  1.132029E-16
6502.91561961175  1.063070E-16
6504.32956397534  1.254454E-16
6505.74350833894  1.322937E-16
6507.15745270253  1.191253E-16
6508.57139706613  1.186080E-16
6509.98534142972  1.222663E-16
6511.39928579332  1.189594E-16
6512.81323015691  1.216018E-16
6514.2271745205  1.267514E-16
6515.6411188841  1.268579E-16
6517.05506324769  1.326030E-16
6518.46900761129  1.209878E-16
6519.88295197488  1.240456E-16
6521.29689633848  1.222256E-16
6522.71084070207  1.105022E-16
6524.12478506566  1.101964E-16
6525.53872942926  1.195738E-16
6526.95267379285  1.161084E-16
6528.36661815645  1.184050E-16
6529.78056252004  1.210958E-16
6531.19450688363  1.284792E-16
6532.60845124723  1.182961E-16
6534.02239561082  1.128772E-16
6535.43633997441  1.177160E-16
6536.85028433801  1.241833E-16
6538.2642287016  1.178673E-16
6539.6781730652  1.190866E-16
6541.09211742879  1.158027E-16
6542.50606179239  1.120456E-16
6543.92000615598  1.200598E-16
6545.33395051957  1.290671E-16
6546.74789488317  1.233256E-16
6548.16183924676  1.215143E-16
6549.57578361036  1.226900E-16
6550.98972797395  1.192093E-16
6552.40367233754  1.185357E-16
6553.81761670114  1.171224E-16
6555.23156106473  1.145563E-16
6556.64550542833  1.128162E-16
6558.05944979192  1.124886E-16
6559.47339415551  1.083826E-16
6560.88733851911  1.239535E-16
6562.3012828827  1.273780E-16
6563.7152272463  1.155709E-16
6565.12917160989  1.193708E-16
6566.54311597348  1.211611E-16
6567.95706033708  1.206939E-16
6569.37100470067  1.093525E-16
6570.78494906427  1.152708E-16
6572.19889342786  1.213499E-16
6573.61283779145  1.145012E-16
6575.02678215505  1.156372E-16
6576.44072651864  1.168801E-16
6577.85467088224  1.125928E-16
6579.26861524583  1.136612E-16
6580.68255960943  1.214877E-16
6582.09650397302  1.113529E-16
6583.51044833661  1.160823E-16
6584.92439270021  1.162894E-16
6586.3383370638  1.149294E-16
6587.7522814274  1.216729E-16
6589.16622579099  1.230502E-16
6590.58017015458  1.185274E-16
6591.99411451818  1.202389E-16
6593.40805888177  1.187010E-16
6594.82200324536  1.086764E-16
6596.23594760896  1.028454E-16
6597.64989197255  1.055117E-16
6599.06383633615  1.082921E-16
6600.47778069974  1.127529E-16
6601.89172506334  1.127696E-16
6603.30566942693  1.186585E-16
6604.71961379052  1.074601E-16
6606.13355815412  1.120933E-16
6607.54750251771  1.204272E-16
6608.96144688131  1.178471E-16
6610.3753912449  1.186116E-16
6611.78933560849  1.082983E-16
6613.20327997209  1.032889E-16
6614.61722433568  1.087678E-16
6616.03116869928  1.079774E-16
6617.44511306287  1.069242E-16
6618.85905742646  1.121762E-16
6620.27300179006  1.167703E-16
6621.68694615365  1.025378E-16
6623.10089051725  1.042882E-16
6624.51483488084  1.225792E-16
6625.92877924443  1.157716E-16
6627.34272360803  1.013742E-16
6628.75666797162  9.950011E-17
6630.17061233522  1.030481E-16
6631.58455669881  1.087271E-16
6632.9985010624  1.107493E-16
6634.412445426  1.099768E-16
6635.82638978959  1.135251E-16
6637.24033415319  1.126059E-16
6638.65427851678  1.099184E-16
6640.06822288038  1.066992E-16
6641.48216724397  1.182022E-16
6642.89611160756  1.179750E-16
6644.31005597116  1.034127E-16
6645.72400033475  1.023041E-16
6647.13794469835  1.094743E-16
6648.55188906194  1.064119E-16
6649.96583342553  1.131556E-16
6651.37977778913  1.081644E-16
6652.79372215272  9.107702E-17
6654.20766651632  1.065906E-16
6655.62161087991  1.110452E-16
6657.0355552435  1.033272E-16
6658.4494996071  9.720485E-17
6659.86344397069  1.029439E-16
6661.27738833429  1.123380E-16
6662.69133269788  1.085031E-16
6664.10527706147  1.074699E-16
6665.51922142507  1.189182E-16
6666.93316578866  1.262530E-16
6668.34711015226  1.100952E-16
6669.76105451585  1.028792E-16
6671.17499887944  1.117360E-16
6672.58894324304  1.082233E-16
6674.00288760663  1.093879E-16
6675.41683197023  1.044073E-16
6676.83077633382  1.102312E-16
6678.24472069741  1.163448E-16
6679.65866506101  1.210021E-16
6681.0726094246  1.043426E-16
6682.4865537882  1.095204E-16
6683.90049815179  1.134093E-16
6685.31444251538  1.047285E-16
6686.72838687898  1.144082E-16
6688.14233124257  1.151914E-16
6689.55627560617  1.060488E-16
6690.97021996976  1.116972E-16
6692.38416433335  1.153061E-16
6693.79810869695  1.110848E-16
6695.21205306054  1.178925E-16
6696.62599742414  1.189051E-16
6698.03994178773  1.083422E-16
6699.45388615133  1.127329E-16
6700.86783051492  1.119151E-16
6702.28177487851  1.089213E-16
6703.69571924211  9.964870E-17
6705.1096636057  9.961370E-17
6706.5236079693  1.038644E-16
6707.93755233289  9.729481E-17
6709.35149669648  1.133528E-16
6710.76544106008  1.155117E-16
6712.17938542367  1.078138E-16
6713.59332978727  1.142709E-16
6715.00727415086  1.225966E-16
6716.42121851445  1.270268E-16
6717.83516287805  1.117170E-16
6719.24910724164  1.130496E-16
6720.66305160524  1.124285E-16
6722.07699596883  1.253984E-16
6723.49094033242  1.342658E-16
6724.90488469602  1.286125E-16
6726.31882905961  1.252530E-16
6727.73277342321  1.336284E-16
6729.1467177868  1.368777E-16
6730.56066215039  1.350243E-16
6731.97460651399  1.458726E-16
6733.38855087758  1.483714E-16
6734.80249524118  1.513691E-16
6736.21643960477  1.372708E-16
6737.63038396836  1.312539E-16
6739.04432833196  1.469504E-16
6740.45827269555  1.446800E-16
6741.87221705915  1.364725E-16
6743.28616142274  1.318754E-16
6744.70010578633  1.510371E-16
6746.11405014993  1.615766E-16
6747.52799451352  1.538261E-16
6748.94193887712  1.562603E-16
6750.35588324071  1.514141E-16
6751.7698276043  1.521021E-16
6753.1837719679  1.636263E-16
6754.59771633149  1.608366E-16
6756.01166069509  1.651366E-16
6757.42560505868  1.703047E-16
6758.83954942228  1.672850E-16
6760.25349378587  1.734315E-16
6761.66743814946  1.772810E-16
6763.08138251306  1.892452E-16
6764.49532687665  1.937243E-16
6765.90927124025  1.890710E-16
6767.32321560384  1.921690E-16
6768.73715996743  1.952006E-16
6770.15110433103  2.003862E-16
6771.56504869462  1.990257E-16
6772.97899305822  2.042274E-16
6774.39293742181  2.164172E-16
6775.80688178541  2.126214E-16
6777.220826149  2.116650E-16
6778.63477051259  2.280495E-16
6780.04871487619  2.244184E-16
6781.46265923978  2.184995E-16
6782.87660360337  2.357711E-16
6784.29054796697  2.503644E-16
6785.70449233056  2.438176E-16
6787.11843669416  2.448521E-16
6788.53238105775  2.433012E-16
6789.94632542134  2.493162E-16
6791.36026978494  2.593999E-16
6792.77421414853  2.628939E-16
6794.18815851213  2.601093E-16
6795.60210287572  2.653371E-16
6797.01604723932  2.647443E-16
6798.42999160291  2.709256E-16
6799.8439359665  2.813356E-16
6801.2578803301  2.854623E-16
6802.67182469369  2.842767E-16
6804.08576905729  2.868423E-16
6805.49971342088  2.882728E-16
6806.91365778447  2.944640E-16
6808.32760214807  3.034651E-16
6809.74154651166  3.070993E-16
6811.15549087526  3.147569E-16
6812.56943523885  3.082716E-16
6813.98337960244  3.145952E-16
6815.39732396604  3.276881E-16
6816.81126832963  3.168836E-16
6818.22521269323  3.161464E-16
6819.63915705682  3.253861E-16
6821.05310142041  3.239229E-16
6822.46704578401  3.207291E-16
6823.8809901476  3.175030E-16
6825.2949345112  3.040021E-16
6826.70887887479  3.066170E-16
6828.12282323838  3.247487E-16
6829.53676760198  3.134504E-16
6830.95071196557  3.082507E-16
6832.36465632917  3.260326E-16
6833.77860069276  3.286040E-16
6835.19254505636  3.157863E-16
6836.60648941995  3.066289E-16
6838.02043378354  3.173328E-16
6839.43437814714  3.129452E-16
6840.84832251073  3.105408E-16
6842.26226687432  3.158891E-16
6843.67621123792  3.146906E-16
6845.09015560151  3.145920E-16
6846.50409996511  3.149336E-16
6847.9180443287  3.101736E-16
6849.33198869229  3.000886E-16
6850.74593305589  3.029989E-16
6852.15987741948  3.156316E-16
6853.57382178308  3.188474E-16
6854.98776614667  3.043964E-16
6856.40171051027  3.076990E-16
6857.81565487386  3.043525E-16
6859.22959923745  2.917091E-16
6860.64354360105  2.942311E-16
6862.05748796464  2.785988E-16
6863.47143232824  2.454959E-16
6864.88537669183  2.829365E-16
6866.29932105542  3.218577E-16
6867.71326541902  2.385048E-16
6869.12720978261  2.050451E-16
6870.54115414621  2.214510E-16
6871.9550985098  2.219791E-16
6873.3690428734  2.298973E-16
6874.78298723699  2.363716E-16
6876.19693160058  2.478532E-16
6877.61087596418  2.501532E-16
6879.02482032777  2.430208E-16
6880.43876469137  2.602040E-16
6881.85270905496  2.844887E-16
6883.26665341855  2.705707E-16
6884.68059778215  2.443137E-16
6886.09454214574  2.412634E-16
6887.50848650934  2.442071E-16
6888.92243087293  2.502725E-16
6890.33637523652  2.510437E-16
6891.75031960012  2.393867E-16
6893.16426396371  2.331042E-16
6894.57820832731  2.348319E-16
6895.9921526909  2.286675E-16
6897.4060970545  2.191808E-16
6898.82004141809  2.202424E-16
6900.23398578168  2.185064E-16
6901.64793014528  2.219167E-16
6903.06187450887  2.263167E-16
6904.47581887246  2.164418E-16
6905.88976323606  2.138612E-16
6907.30370759965  2.231681E-16
6908.71765196325  2.194779E-16
6910.13159632684  2.134431E-16
6911.54554069044  2.203135E-16
6912.95948505403  2.308109E-16
6914.37342941762  2.309725E-16
6915.78737378122  2.217881E-16
6917.20131814481  2.116929E-16
6918.61526250841  1.922254E-16
6920.029206872  1.958448E-16
6921.44315123559  2.058166E-16
6922.85709559919  1.999012E-16
6924.27103996278  2.060876E-16
6925.68498432638  2.153400E-16
6927.09892868997  2.121618E-16
6928.51287305356  2.053970E-16
6929.92681741716  1.990727E-16
6931.34076178075  2.073311E-16
6932.75470614435  2.038141E-16
6934.16865050794  1.890878E-16
6935.58259487153  2.085162E-16
6936.99653923513  2.027655E-16
6938.41048359872  2.008563E-16
6939.82442796232  1.933190E-16
6941.23837232591  1.839400E-16
6942.6523166895  1.781188E-16
6944.0662610531  1.799917E-16
6945.48020541669  1.819135E-16
6946.89414978029  1.832848E-16
6948.30809414388  1.913266E-16
6949.72203850747  1.810074E-16
6951.13598287107  1.835910E-16
6952.54992723466  1.829487E-16
6953.96387159826  1.807498E-16
6955.37781596185  1.856964E-16
6956.79176032545  1.681534E-16
6958.20570468904  1.598369E-16
6959.61964905263  1.815276E-16
6961.03359341623  1.799986E-16
6962.44753777982  1.855482E-16
6963.86148214341  1.833881E-16
6965.27542650701  1.855879E-16
6966.6893708706  1.786812E-16
6968.1033152342  1.796961E-16
6969.51725959779  1.684112E-16
6970.93120396139  1.635516E-16
6972.34514832498  1.711111E-16
6973.75909268857  1.646084E-16
6975.17303705217  1.663961E-16
6976.58698141576  1.657078E-16
6978.00092577936  1.658599E-16
6979.41487014295  1.647385E-16
6980.82881450654  1.608418E-16
6982.24275887014  1.579884E-16
6983.65670323373  1.603468E-16
6985.07064759733  1.512906E-16
6986.48459196092  1.544500E-16
6987.89853632451  1.531079E-16
6989.31248068811  1.392108E-16
6990.7264250517  1.479876E-16
6992.1403694153  1.646623E-16
6993.55431377889  1.534964E-16
6994.96825814248  1.497842E-16
6996.38220250608  1.471432E-16
6997.79614686967  1.523199E-16
6999.21009123327  1.488815E-16
7000.62403559686  1.533269E-16
7002.03797996045  1.606988E-16
7003.45192432405  1.507941E-16
7004.86586868764  1.377106E-16
7006.27981305124  1.328847E-16
7007.69375741483  1.461210E-16
7009.10770177842  1.368633E-16
7010.52164614202  1.346305E-16
7011.93559050561  1.410109E-16
7013.34953486921  1.423952E-16
7014.7634792328  1.422641E-16
7016.1774235964  1.425528E-16
7017.59136795999  1.382703E-16
7019.00531232358  1.349668E-16
7020.41925668718  1.267768E-16
7021.83320105077  1.266058E-16
7023.24714541436  1.406921E-16
7024.66108977796  1.440349E-16
7026.07503414155  1.304253E-16
7027.48897850515  1.313637E-16
7028.90292286874  1.397407E-16
7030.31686723234  1.255778E-16
7031.73081159593  1.249405E-16
7033.14475595952  1.227419E-16
7034.55870032312  1.292886E-16
7035.97264468671  1.331627E-16
7037.38658905031  1.326335E-16
7038.8005334139  1.257290E-16
7040.21447777749  1.172277E-16
7041.62842214109  1.155714E-16
7043.04236650468  1.278686E-16
7044.45631086828  1.262023E-16
7045.87025523187  1.199054E-16
7047.28419959546  1.206828E-16
7048.69814395906  1.330854E-16
7050.11208832265  1.294878E-16
7051.52603268625  1.059485E-16
7052.93997704984  1.201257E-16
7054.35392141343  1.294301E-16
7055.76786577703  1.219903E-16
7057.18181014062  1.195730E-16
7058.59575450422  1.293381E-16
7060.00969886781  1.219337E-16
7061.42364323141  1.122684E-16
7062.837587595  1.256049E-16
7064.25153195859  1.269024E-16
7065.66547632219  1.222309E-16
7067.07942068578  1.150595E-16
7068.49336504938  1.046680E-16
7069.90730941297  1.132878E-16
7071.32125377656  1.186892E-16
7072.73519814016  1.072321E-16
7074.14914250375  1.187654E-16
7075.56308686735  1.173572E-16
7076.97703123094  1.158212E-16
7078.39097559453  1.195029E-16
7079.80491995813  1.134494E-16
7081.21886432172  1.196727E-16
7082.63280868532  1.247044E-16
7084.04675304891  1.160899E-16
7085.4606974125  1.065697E-16
7086.8746417761  1.130992E-16
7088.28858613969  1.104922E-16
7089.70253050329  1.166212E-16
7091.11647486688  1.165883E-16
7092.53041923047  1.180459E-16
7093.94436359407  1.266098E-16
7095.35830795766  1.207175E-16
7096.77225232126  1.152371E-16
7098.18619668485  1.163321E-16
7099.60014104844  1.189748E-16
7101.01408541204  1.111988E-16
7102.42802977563  1.011558E-16
7103.84197413923  1.022813E-16
7105.25591850282  1.183967E-16
7106.66986286642  1.234064E-16
7108.08380723001  1.140512E-16
7109.4977515936  1.100318E-16
7110.9116959572  1.086251E-16
7112.32564032079  1.060685E-16
7113.73958468439  1.063487E-16
7115.15352904798  1.047791E-16
7116.56747341157  1.034483E-16
7117.98141777517  1.043441E-16
7119.39536213876  1.194114E-16
7120.80930650236  1.088065E-16
7122.22325086595  1.148976E-16
7123.63719522954  1.094042E-16
7125.05113959314  1.036454E-16
7126.46508395673  1.046043E-16
7127.87902832033  1.115310E-16
7129.29297268392  1.083815E-16
7130.70691704752  1.105149E-16
7132.12086141111  1.108452E-16
7133.5348057747  1.047562E-16
7134.9487501383  1.015148E-16
7136.36269450189  1.151196E-16
7137.77663886549  1.084619E-16
7139.19058322908  1.061085E-16
7140.60452759267  1.073210E-16
7142.01847195627  1.047416E-16
7143.43241631986  8.978308E-17
7144.84636068346  1.094143E-16
7146.26030504705  1.238368E-16
7147.67424941064  1.106886E-16
7149.08819377424  1.062301E-16
7150.50213813783  1.126212E-16
7151.91608250143  1.052727E-16
7153.33002686502  1.036373E-16
7154.74397122862  1.065621E-16
7156.15791559221  1.062368E-16
7157.5718599558  1.125104E-16
7158.9858043194  1.094942E-16
7160.39974868299  1.127313E-16
7161.81369304658  1.224169E-16
7163.22763741018  1.070652E-16
7164.64158177377  1.020900E-16
7166.05552613737  1.100488E-16
7167.46947050096  1.018524E-16
7168.88341486455  9.362444E-17
7170.29735922815  9.605887E-17
7171.71130359174  9.778979E-17
7173.12524795534  1.008089E-16
7174.53919231893  1.105277E-16
7175.95313668252  1.072123E-16
7177.36708104612  9.642151E-17
7178.78102540971  9.566947E-17
7180.19496977331  1.020511E-16
7181.6089141369  1.064093E-16
7183.0228585005  9.481466E-17
7184.43680286409  9.847886E-17
7185.85074722768  9.553478E-17
7187.26469159128  8.889508E-17
7188.67863595487  9.071979E-17
7190.09258031847  9.278188E-17
7191.50652468206  9.840739E-17
7192.92046904565  1.030792E-16
7194.33441340925  8.959590E-17
7195.74835777284  9.559003E-17
7197.16230213644  1.056507E-16
7198.57624650003  1.024465E-16
7199.99019086362  9.688384E-17
7201.40413522722  9.583646E-17
7202.81807959081  9.466751E-17
7204.23202395441  9.337265E-17
7205.645968318  1.014236E-16
7207.05991268159  9.454946E-17
7208.47385704519  9.552635E-17
7209.88780140878  9.984222E-17
7211.30174577238  8.887877E-17
7212.71569013597  9.071068E-17
7214.12963449957  1.008639E-16
7215.54357886316  9.253382E-17
7216.95752322675  9.125075E-17
7218.37146759035  9.740025E-17
7219.78541195394  1.027460E-16
7221.19935631753  1.010090E-16
7222.61330068113  9.826650E-17
7224.02724504472  1.049114E-16
7225.44118940832  1.038233E-16
7226.85513377191  9.488862E-17
7228.2690781355  8.914646E-17
7229.6830224991  9.715976E-17
7231.09696686269  8.946462E-17
7232.51091122629  9.768230E-17
7233.92485558988  9.888427E-17
7235.33879995347  8.431868E-17
7236.75274431707  8.930877E-17
7238.16668868066  1.120581E-16
7239.58063304426  1.079645E-16
7240.99457740785  8.161502E-17
7242.40852177145  9.100554E-17
7243.82246613504  1.093184E-16
7245.23641049863  1.051631E-16
7246.65035486223  9.043055E-17
7248.06429922582  9.056480E-17
7249.47824358942  9.820449E-17
7250.89218795301  8.859370E-17
7252.30613231661  8.986218E-17
7253.7200766802  9.656344E-17
7255.13402104379  9.561683E-17
7256.54796540739  9.371602E-17
7257.96190977098  9.690874E-17
7259.37585413458  9.363228E-17
7260.78979849817  9.554761E-17
7262.20374286176  1.078099E-16
7263.61768722536  9.243172E-17
7265.03163158895  9.385738E-17
7266.44557595255  9.107731E-17
7267.85952031614  1.014532E-16
7269.27346467973  9.899648E-17
7270.68740904333  9.259100E-17
7272.10135340692  1.002324E-16
7273.51529777052  1.071160E-16
7274.92924213411  1.012716E-16
7276.3431864977  8.667091E-17
7277.7571308613  8.092369E-17
7279.17107522489  8.639268E-17
7280.58501958849  9.772337E-17
7281.99896395208  9.697161E-17
7283.41290831567  1.053717E-16
7284.82685267927  1.090503E-16
7286.24079704286  8.952430E-17
7287.65474140646  7.786806E-17
7289.06868577005  9.660803E-17
7290.48263013364  1.129605E-16
7291.89657449724  1.016334E-16
7293.31051886083  8.807734E-17
7294.72446322443  9.774681E-17
7296.13840758802  9.750680E-17
7297.55235195161  9.260554E-17
7298.96629631521  9.884573E-17
7300.3802406788  1.018441E-16
7301.7941850424  1.032830E-16
7303.20812940599  9.630186E-17
7304.62207376958  9.384942E-17
7306.03601813318  1.020965E-16
7307.44996249677  1.018041E-16
7308.86390686037  9.767139E-17
7310.27785122396  9.391299E-17
7311.69179558755  1.016675E-16
7313.10573995115  1.059059E-16
7314.51968431474  1.011041E-16
7315.93362867834  9.421229E-17
7317.34757304193  9.870057E-17
7318.76151740553  9.804867E-17
7320.17546176912  8.827423E-17
7321.58940613271  8.400236E-17
7323.00335049631  8.455292E-17
7324.4172948599  1.011468E-16
7325.8312392235  1.068838E-16
7327.24518358709  1.104192E-16
7328.65912795069  8.275530E-17
7330.07307231428  8.238025E-17
7331.48701667787  9.031042E-17
7332.90096104147  9.656832E-17
7334.31490540506  9.746490E-17
7335.72884976866  1.022864E-16
7337.14279413225  1.062336E-16
7338.55673849584  1.026053E-16
7339.97068285944  9.883492E-17
7341.38462722303  9.634348E-17
7342.79857158662  9.878442E-17
7344.21251595022  1.136386E-16
7345.62646031381  1.020146E-16
7347.04040467741  9.860373E-17
7348.454349041  9.973218E-17
7349.8682934046  9.672384E-17
7351.28223776819  9.835311E-17
7352.69618213178  9.520652E-17
7354.11012649538  9.959360E-17
7355.52407085897  1.028153E-16
7356.93801522257  9.931324E-17
7358.35195958616  9.769329E-17
7359.76590394975  9.978355E-17
7361.17984831335  9.568112E-17
7362.59379267694  8.653259E-17
7364.00773704054  8.963770E-17
7365.42168140413  9.933888E-17
7366.83562576772  1.050831E-16
7368.24957013132  1.153162E-16
7369.66351449491  1.041630E-16
7371.07745885851  9.650066E-17
7372.4914032221  9.616612E-17
7373.90534758569  1.000155E-16
7375.31929194929  9.741277E-17
7376.73323631288  9.897810E-17
7378.14718067648  8.859274E-17
7379.56112504007  8.703663E-17
7380.97506940366  9.936276E-17
7382.38901376726  9.810097E-17
7383.80295813085  1.023396E-16
7385.21690249445  1.018132E-16
7386.63084685804  9.457943E-17
7388.04479122164  9.021687E-17
7389.45873558523  9.509857E-17
7390.87267994882  1.015121E-16
7392.28662431242  9.293129E-17
7393.70056867601  1.015054E-16
7395.11451303961  1.031252E-16
7396.5284574032  9.547434E-17
7397.94240176679  9.144703E-17
7399.35634613039  9.398633E-17
7400.77029049398  9.390502E-17
7402.18423485757  9.309138E-17
7403.59817922117  9.842963E-17
7405.01212358476  1.021907E-16
7406.42606794836  8.670790E-17
7407.84001231195  8.428563E-17
7409.25395667554  8.986261E-17
7410.66790103914  9.306712E-17
7412.08184540273  9.669028E-17
7413.49578976633  9.121584E-17
7414.90973412992  8.977573E-17
7416.32367849352  9.495733E-17
7417.73762285711  9.328654E-17
7419.1515672207  9.355572E-17
7420.5655115843  9.694958E-17
7421.97945594789  9.728850E-17
7423.39340031149  9.199510E-17
7424.80734467508  9.155838E-17
7426.22128903867  9.345665E-17
7427.63523340227  8.842032E-17
7429.04917776586  9.165685E-17
7430.46312212946  9.386605E-17
7431.87706649305  9.653753E-17
7433.29101085664  1.017237E-16
7434.70495522024  8.816221E-17
7436.11889958383  9.871166E-17
7437.53284394743  1.060345E-16
7438.94678831102  1.009030E-16
7440.36073267461  9.837433E-17
7441.77467703821  9.534907E-17
7443.1886214018  8.585030E-17
7444.6025657654  9.558157E-17
7446.01651012899  9.495143E-17
7447.43045449259  9.123308E-17
7448.84439885618  9.072676E-17
7450.25834321977  9.337935E-17
7451.67228758337  8.375541E-17
7453.08623194696  9.045728E-17
7454.50017631056  9.401639E-17
7455.91412067415  8.667320E-17
7457.32806503774  8.640220E-17
7458.74200940134  9.117672E-17
7460.15595376493  8.907450E-17
7461.56989812853  8.815200E-17
7462.98384249212  8.947687E-17
7464.39778685571  8.690162E-17
7465.81173121931  9.261771E-17
7467.2256755829  9.404313E-17
7468.6396199465  9.510364E-17
7470.05356431009  1.118460E-16
7471.46750867368  1.028787E-16
7472.88145303728  9.295803E-17
7474.29539740087  9.456832E-17
7475.70934176447  9.683349E-17
7477.12328612806  9.375700E-17
7478.53723049165  8.473990E-17
7479.95117485525  9.002887E-17
7481.36511921884  1.008429E-16
7482.77906358244  9.709407E-17
7484.19300794603  8.834221E-17
7485.60695230962  8.249556E-17
7487.02089667322  9.650180E-17
7488.43484103681  9.134491E-17
7489.84878540041  9.959241E-17
7491.262729764  9.440205E-17
7492.67667412759  8.749180E-17
7494.09061849119  9.073416E-17
7495.50456285478  9.832297E-17
7496.91850721838  9.354468E-17
7498.33245158197  7.996091E-17
7499.74639594556  7.798783E-17
7501.16034030916  8.182229E-17
7502.57428467275  9.077365E-17
7503.98822903635  1.015403E-16
7505.40217339994  9.582975E-17
7506.81611776354  7.764437E-17
7508.23006212713  8.390321E-17
7509.64400649072  8.647827E-17
7511.05795085432  8.777517E-17
7512.47189521791  8.300928E-17
7513.88583958151  9.341156E-17
7515.2997839451  1.047489E-16
7516.71372830869  8.665634E-17
7518.12767267229  8.490100E-17
7519.54161703588  9.591418E-17
7520.95556139948  1.014339E-16
7522.36950576307  1.039044E-16
7523.78345012666  1.088661E-16
7525.19739449026  8.998789E-17
7526.61133885385  8.507141E-17
7528.02528321745  8.308829E-17
7529.43922758104  8.999204E-17
7530.85317194463  1.038648E-16
7532.26711630823  1.003580E-16
7533.68106067182  9.820505E-17
7535.09500503542  9.760494E-17
7536.50894939901  9.686485E-17
7537.9228937626  9.645879E-17
7539.3368381262  9.790290E-17
7540.75078248979  9.341543E-17
7542.16472685339  8.992277E-17
7543.57867121698  1.030668E-16
7544.99261558057  9.605376E-17
7546.40655994417  8.918297E-17
7547.82050430776  9.798883E-17
7549.23444867136  9.021856E-17
7550.64839303495  9.211552E-17
7552.06233739854  9.287093E-17
7553.47628176214  9.444000E-17
7554.89022612573  9.974210E-17
7556.30417048933  1.023086E-16
7557.71811485292  9.906215E-17
7559.13205921651  9.254053E-17
7560.54600358011  9.565018E-17
7561.9599479437  9.959984E-17
7563.3738923073  8.610161E-17
7564.78783667089  9.144078E-17
7566.20178103449  9.942393E-17
7567.61572539808  9.412372E-17
7569.02966976167  1.017374E-16
7570.44361412527  9.322898E-17
7571.85755848886  1.003038E-16
7573.27150285246  1.095023E-16
7574.68544721605  9.131384E-17
7576.09939157964  9.420059E-17
7577.51333594324  9.548412E-17
7578.92728030683  9.191115E-17
7580.34122467043  9.898636E-17
7581.75516903402  9.268849E-17
7583.16911339762  9.829614E-17
7584.58305776121  1.114039E-16
7585.9970021248  9.358478E-17
7587.4109464884  9.941372E-17
7588.82489085199  1.044399E-16
7590.23883521558  9.847715E-17
7591.65277957918  9.773388E-17
7593.06672394277  8.890848E-17
7594.48066830637  5.972440E-17
7595.89461266996  5.010749E-17
7597.30855703355  4.812541E-17
7598.72250139715  4.180429E-17
7600.13644576074  3.355725E-17
7601.55039012434  2.742057E-17
7602.96433448793  2.705765E-17
7604.37827885152  2.900688E-17
7605.79222321512  2.595282E-17
7607.20616757871  2.573408E-17
7608.62011194231  3.216874E-17
7610.0340563059  3.502305E-17
7611.4480006695  4.439296E-17
7612.86194503309  5.643381E-17
7614.27588939668  4.862664E-17
7615.68983376028  5.447570E-17
7617.10377812387  8.489177E-17
7618.51772248747  9.534002E-17
7619.93166685106  8.762733E-17
7621.34561121465  6.606645E-17
7622.75955557825  5.510948E-17
7624.17349994184  5.611065E-17
7625.58744430544  5.786607E-17
7627.00138866903  6.129647E-17
7628.41533303262  5.850005E-17
7629.82927739622  5.980642E-17
7631.24322175981  6.492673E-17
7632.65716612341  5.943377E-17
7634.071110487  4.956566E-17
7635.48505485059  5.193524E-17
7636.89899921419  6.666583E-17
7638.31294357778  6.309131E-17
7639.72688794138  5.581683E-17
7641.14083230497  6.316456E-17
7642.55477666856  7.276747E-17
7643.96872103216  6.379630E-17
7645.38266539575  5.433084E-17
7646.79660975935  7.579776E-17
7648.21055412294  7.537236E-17
7649.62449848653  6.574708E-17
7651.03844285013  8.713470E-17
7652.45238721372  8.359213E-17
7653.86633157732  7.728526E-17
7655.28027594091  8.324274E-17
7656.6942203045  8.763241E-17
7658.1081646681  8.730926E-17
7659.52210903169  7.007458E-17
7660.93605339529  8.118019E-17
7662.34999775888  8.751182E-17
7663.76394212247  7.730203E-17
7665.17788648607  7.954433E-17
7666.59183084966  8.909775E-17
7668.00577521326  9.180784E-17
7669.41971957685  9.241344E-17
7670.83366394045  8.471519E-17
7672.24760830404  8.143598E-17
7673.66155266763  8.158181E-17
7675.07549703123  7.694801E-17
7676.48944139482  8.770020E-17
7677.90338575842  9.207506E-17
7679.31733012201  1.024283E-16
7680.7312744856  9.280982E-17
7682.1452188492  9.208453E-17
7683.55916321279  9.155721E-17
7684.97310757639  9.644733E-17
7686.38705193998  8.856516E-17
7687.80099630357  8.604494E-17
7689.21494066717  8.635397E-17
7690.62888503076  9.873327E-17
7692.04282939436  1.051054E-16
7693.45677375795  9.698829E-17
7694.87071812155  9.852170E-17
7696.28466248514  9.992339E-17
7697.69860684873  9.618998E-17
7699.11255121233  9.203480E-17
7700.52649557592  9.054279E-17
7701.94043993951  9.664412E-17
7703.35438430311  8.664300E-17
7704.7683286667  8.831600E-17
7706.1822730303  9.851830E-17
7707.59621739389  8.914113E-17
7709.01016175749  8.865282E-17
7710.42410612108  9.119389E-17
7711.83805048467  9.275843E-17
7713.25199484827  1.046042E-16
7714.66593921186  1.055417E-16
7716.07988357546  9.136671E-17
7717.49382793905  8.729354E-17
7718.90777230264  9.352480E-17
7720.32171666624  1.042967E-16
7721.73566102983  9.410733E-17
7723.14960539343  8.395901E-17
7724.56354975702  8.651348E-17
7725.97749412061  9.012410E-17
7727.39143848421  9.365915E-17
7728.8053828478  8.626504E-17
7730.2193272114  8.577809E-17
7731.63327157499  8.871744E-17
7733.04721593858  9.221837E-17
7734.46116030218  8.955356E-17
7735.87510466577  1.041098E-16
7737.28904902937  1.098185E-16
7738.70299339296  9.987563E-17
7740.11693775655  9.665932E-17
7741.53088212015  9.853381E-17
7742.94482648374  8.668364E-17
7744.35877084734  9.402569E-17
7745.77271521093  9.656310E-17
7747.18665957452  9.535179E-17
7748.60060393812  1.116108E-16
7750.01454830171  1.211298E-16
7751.42849266531  8.628233E-17
7752.8424370289  8.037728E-17
7754.2563813925  8.678629E-17
7755.67032575609  9.138729E-17
7757.08427011968  8.947633E-17
7758.49821448328  9.595123E-17
7759.91215884687  1.038347E-16
7761.32610321046  1.083863E-16
7762.74004757406  9.752543E-17
7764.15399193765  8.464337E-17
7765.56793630125  9.791017E-17
7766.98188066484  9.078888E-17
7768.39582502844  8.986749E-17
7769.80976939203  9.380251E-17
7771.22371375562  9.305868E-17
7772.63765811922  9.557311E-17
7774.05160248281  9.860840E-17
7775.46554684641  9.193185E-17
7776.87949121  9.397737E-17
7778.29343557359  1.057655E-16
7779.70737993719  1.045872E-16
7781.12132430078  8.810303E-17
7782.53526866438  9.183916E-17
7783.94921302797  9.196479E-17
7785.36315739156  9.134585E-17
7786.77710175516  8.659305E-17
7788.19104611875  9.363181E-17
7789.60499048235  9.194386E-17
7791.01893484594  1.007115E-16
7792.43287920953  1.004465E-16
7793.84682357313  9.203784E-17
7795.26076793672  8.804527E-17
7796.67471230032  8.222230E-17
7798.08865666391  8.887905E-17
7799.5026010275  9.001385E-17
7800.9165453911  8.416995E-17
7802.33048975469  8.021795E-17
7803.74443411829  8.973860E-17
7805.15837848188  9.889736E-17
7806.57232284547  9.468634E-17
7807.98626720907  1.023497E-16
7809.40021157266  1.053928E-16
7810.81415593626  8.232153E-17
7812.22810029985  9.584464E-17
7813.64204466345  9.262536E-17
7815.05598902704  8.167826E-17
7816.46993339063  8.227236E-17
7817.88387775423  8.563104E-17
7819.29782211782  9.784421E-17
7820.71176648141  1.063738E-16
7822.12571084501  1.080648E-16
7823.5396552086  1.006414E-16
7824.9535995722  9.093097E-17
7826.36754393579  9.386829E-17
7827.78148829939  9.134001E-17
7829.19543266298  8.018059E-17
7830.60937702657  8.385727E-17
7832.02332139017  9.370884E-17
7833.43726575376  8.115380E-17
7834.85121011736  8.401424E-17
7836.26515448095  8.835206E-17
7837.67909884454  8.400552E-17
7839.09304320814  8.401967E-17
7840.50698757173  9.328154E-17
7841.92093193533  9.017957E-17
7843.33487629892  8.441941E-17
7844.74882066251  9.110960E-17
7846.16276502611  8.430334E-17
7847.5767093897  8.259054E-17
7848.9906537533  8.606851E-17
7850.40459811689  9.377813E-17
7851.81854248048  1.159711E-16
7853.23248684408  1.122593E-16
7854.64643120767  1.092369E-16
7856.06037557127  9.605446E-17
7857.47431993486  8.704864E-17
7858.88826429846  9.533071E-17
7860.30220866205  9.629773E-17
7861.71615302564  9.967551E-17
7863.13009738924  1.021528E-16
7864.54404175283  9.867412E-17
7865.95798611643  9.786704E-17
7867.37193048002  1.031391E-16
7868.78587484361  1.034792E-16
7870.19981920721  1.020714E-16
7871.6137635708  8.735215E-17
7873.0277079344  8.648724E-17
7874.44165229799  9.417954E-17
7875.85559666159  9.678491E-17
7877.26954102518  8.363440E-17
7878.68348538877  8.368431E-17
7880.09742975237  9.303155E-17
7881.51137411596  9.493728E-17
7882.92531847956  8.288010E-17
7884.33926284315  7.988979E-17
7885.75320720674  8.737744E-17
7887.16715157034  1.016626E-16
7888.58109593393  1.035985E-16
7889.99504029753  1.004696E-16
7891.40898466112  9.417474E-17
7892.82292902471  9.204261E-17
7894.23687338831  9.174510E-17
7895.6508177519  9.112655E-17
7897.0647621155  8.442022E-17
7898.47870647909  8.992674E-17
7899.89265084268  8.174988E-17
7901.30659520628  7.795901E-17
7902.72053956987  8.836969E-17
7904.13448393347  9.251752E-17
7905.54842829706  8.159969E-17
7906.96237266065  8.750040E-17
7908.37631702425  9.723808E-17
7909.79026138784  9.132498E-17
7911.20420575144  9.714050E-17
7912.61815011503  1.077625E-16
7914.03209447862  8.649835E-17
7915.44603884222  8.081145E-17
7916.85998320581  8.554883E-17
7918.27392756941  8.411198E-17
7919.687871933  9.994913E-17
7921.10181629659  8.601378E-17
7922.51576066019  8.282872E-17
7923.92970502378  8.834375E-17
7925.34364938738  8.744689E-17
7926.75759375097  9.273225E-17
7928.17153811457  9.082911E-17
7929.58548247816  8.743105E-17
7930.99942684175  9.463439E-17
7932.41337120535  8.724676E-17
7933.82731556894  8.049369E-17
7935.24125993254  7.879951E-17
7936.65520429613  7.423697E-17
7938.06914865972  9.334540E-17
7939.48309302332  8.316949E-17
7940.89703738691  9.441255E-17
7942.31098175051  9.055924E-17
7943.7249261141  7.878593E-17
7945.13887047769  6.992912E-17
7946.55281484129  7.908925E-17
7947.96675920488  9.779899E-17
7949.38070356848  9.376808E-17
7950.79464793207  8.159490E-17
7952.20859229567  7.698878E-17
7953.62253665926  7.381750E-17
7955.03648102285  8.365520E-17
7956.45042538645  8.521895E-17
7957.86436975004  7.359231E-17
7959.27831411363  7.442254E-17
7960.69225847723  8.168463E-17
7962.10620284082  9.230594E-17
7963.52014720442  8.207003E-17
7964.93409156801  8.286983E-17
7966.3480359316  7.430902E-17
7967.7619802952  7.755133E-17
7969.17592465879  7.433978E-17
7970.58986902239  7.000088E-17
7972.00381338598  7.370443E-17
7973.41775774958  7.440464E-17
7974.83170211317  6.832342E-17
7976.24564647676  7.097584E-17
7977.65959084036  7.915091E-17
7979.07353520395  7.392240E-17
7980.48747956755  7.037593E-17
7981.90142393114  8.265974E-17
7983.31536829473  7.411389E-17
7984.72931265833  7.605306E-17
7986.14325702192  7.836188E-17
7987.55720138552  7.789934E-17
7988.97114574911  7.266543E-17
7990.38509011271  9.058721E-17
7991.7990344763  1.025259E-16
7993.21297883989  9.004770E-17
7994.62692320349  7.056191E-17
7996.04086756708  5.713501E-17
7997.45481193068  6.333441E-17
7998.86875629427  7.831874E-17
8000.28270065786  7.710720E-17
8001.69664502146  7.366238E-17
8003.11058938505  8.299357E-17
8004.52453374865  7.716905E-17
8005.93847811224  6.666986E-17
8007.35242247583  6.675391E-17
8008.76636683943  7.538058E-17
8010.18031120302  7.351948E-17
8011.59425556662  7.188359E-17
8013.00819993021  7.704943E-17
8014.4221442938  7.472300E-17
8015.8360886574  6.907589E-17
8017.25003302099  7.176170E-17
8018.66397738459  7.076430E-17
8020.07792174818  7.140709E-17
8021.49186611177  6.369710E-17
8022.90581047537  8.291052E-17
8024.31975483896  9.140591E-17
8025.73369920256  8.505933E-17
8027.14764356615  8.105876E-17
8028.56158792974  6.375694E-17
8029.97553229334  6.458166E-17
8031.38947665693  7.629277E-17
8032.80342102053  7.559494E-17
8034.21736538412  7.584217E-17
8035.63130974771  6.734815E-17
8037.04525411131  7.563803E-17
8038.4591984749  7.054129E-17
8039.8731428385  6.391582E-17
8041.28708720209  7.198667E-17
8042.70103156568  7.778299E-17
8044.11497592928  6.836842E-17
8045.52892029287  7.256504E-17
8046.94286465647  7.178629E-17
8048.35680902006  6.004077E-17
8049.77075338365  6.613535E-17
8051.18469774725  7.671154E-17
8052.59864211084  7.569233E-17
8054.01258647444  6.967226E-17
8055.42653083803  6.884207E-17
8056.84047520163  8.698809E-17
8058.25441956522  7.965467E-17
8059.66836392881  7.861206E-17
8061.08230829241  8.883138E-17
8062.496252656  9.020190E-17
8063.9101970196  8.767283E-17
8065.32414138319  8.986464E-17
8066.73808574678  7.978172E-17
8068.15203011038  7.564991E-17
8069.56597447397  8.769126E-17
8070.97991883757  9.145597E-17
8072.39386320116  8.197222E-17
8073.80780756475  8.073350E-17
8075.22175192835  8.649973E-17
8076.63569629194  8.319395E-17
8078.04964065554  8.295700E-17
8079.46358501913  8.119060E-17
8080.87752938272  7.835358E-17
8082.29147374632  9.122477E-17
8083.70541810991  9.279071E-17
8085.11936247351  8.000995E-17
8086.5333068371  9.179460E-17
8087.94725120069  9.634444E-17
8089.36119556429  8.222226E-17
8090.77513992788  9.165141E-17
8092.18908429148  9.367877E-17
8093.60302865507  1.108766E-16
8095.01697301866  9.987951E-17
8096.43091738226  8.025902E-17
8097.84486174585  7.610948E-17
8099.25880610945  8.381910E-17
8100.67275047304  9.545994E-17
8102.08669483663  1.028339E-16
8103.50063920023  8.847969E-17
8104.91458356382  8.315393E-17
8106.32852792742  8.972497E-17
8107.74247229101  8.917456E-17
8109.1564166546  8.660919E-17
8110.5703610182  8.632120E-17
8111.98430538179  1.013234E-16
8113.39824974539  9.140196E-17
8114.81219410898  8.699138E-17
8116.22613847258  8.689716E-17
8117.64008283617  9.706671E-17
8119.05402719976  1.003228E-16
8120.46797156336  9.521590E-17
8121.88191592695  9.646785E-17
8123.29586029055  9.961033E-17
8124.70980465414  1.016564E-16
8126.12374901773  8.514122E-17
8127.53769338133  9.216051E-17
8128.95163774492  9.302766E-17
8130.36558210852  9.472898E-17
8131.77952647211  8.667851E-17
8133.1934708357  8.443056E-17
8134.6074151993  8.277877E-17
8136.02135956289  7.925357E-17
8137.43530392649  7.951012E-17
8138.84924829008  7.691970E-17
8140.26319265367  8.875749E-17
8141.67713701727  8.479846E-17
8143.09108138086  9.371903E-17
8144.50502574446  8.867467E-17
8145.91897010805  8.971098E-17
8147.33291447164  8.484465E-17
8148.74685883524  8.593987E-17
8150.16080319883  8.082306E-17
8151.57474756243  7.666493E-17
8152.98869192602  8.342892E-17
8154.40263628961  8.886802E-17
8155.81658065321  8.642603E-17
8157.2305250168  8.797941E-17
8158.6444693804  9.083005E-17
8160.05841374399  8.623687E-17
8161.47235810758  8.066447E-17
8162.88630247118  8.065386E-17
8164.30024683477  8.480208E-17
8165.71419119837  8.475322E-17
8167.12813556196  8.626772E-17
8168.54207992555  8.409887E-17
8169.95602428915  7.668034E-17
8171.36996865274  8.247057E-17
8172.78391301634  1.019774E-16
8174.19785737993  9.270892E-17
8175.61180174353  8.752754E-17
8177.02574610712  7.584854E-17
8178.43969047071  7.359583E-17
8179.85363483431  7.760851E-17
8181.2675791979  7.935713E-17
8182.6815235615  8.000376E-17
8184.09546792509  7.947117E-17
8185.50941228869  8.733771E-17
8186.92335665228  8.398081E-17
8188.33730101587  8.050746E-17
8189.75124537947  8.592667E-17
8191.16518974306  8.247675E-17
8192.57913410666  8.181394E-17
8193.99307847025  7.574376E-17
8195.40702283384  8.228837E-17
8196.82096719744  8.163123E-17
8198.23491156103  8.001746E-17
8199.64885592463  8.210014E-17
8201.06280028822  8.032407E-17
8202.47674465181  8.952986E-17
8203.89068901541  8.765906E-17
8205.304633379  7.569326E-17
8206.7185777426  8.233639E-17
8208.13252210619  7.861206E-17
8209.54646646978  8.387498E-17
8210.96041083338  8.415089E-17
8212.37435519697  8.821896E-17
8213.78829956057  8.485025E-17
8215.20224392416  8.037069E-17
8216.61618828775  7.851103E-17
8218.03013265135  7.895222E-17
8219.44407701494  8.151666E-17
8220.85802137854  8.821477E-17
8222.27196574213  7.789563E-17
8223.68591010572  8.105240E-17
8225.09985446932  8.302521E-17
8226.51379883291  7.889694E-17
8227.92774319651  7.893544E-17
8229.3416875601  7.920426E-17
8230.75563192369  7.760810E-17
8232.16957628729  7.929922E-17
8233.58352065088  8.185261E-17
8234.99746501448  8.147366E-17
8236.41140937807  8.323510E-17
8237.82535374166  7.364314E-17
8239.23929810526  7.968046E-17
8240.65324246885  7.453100E-17
8242.06718683245  7.824306E-17
8243.48113119604  8.356167E-17
8244.89507555963  8.201224E-17
8246.30901992323  8.473472E-17
8247.72296428682  8.329615E-17
8249.13690865042  7.969151E-17
8250.55085301401  7.788875E-17
8251.96479737761  8.888518E-17
8253.3787417412  7.945084E-17
8254.79268610479  6.682936E-17
8256.20663046839  7.490733E-17
8257.62057483198  8.014176E-17
8259.03451919558  7.236705E-17
8260.44846355917  7.591486E-17
8261.86240792276  9.015189E-17
8263.27635228636  9.150232E-17
8264.69029664995  9.048565E-17
8266.10424101355  8.771845E-17
8267.51818537714  8.987377E-17
8268.93212974073  8.560664E-17
8270.34607410433  7.976207E-17
8271.76001846792  8.984038E-17
8273.17396283152  8.430482E-17
8274.58790719511  8.126743E-17
8276.0018515587  8.870876E-17
8277.4157959223  8.399013E-17
8278.82974028589  8.478318E-17
8280.24368464949  8.548573E-17
8281.65762901308  8.200686E-17
8283.07157337667  9.339126E-17
8284.48551774027  9.894150E-17
8285.89946210386  9.676323E-17
8287.31340646746  9.087252E-17
8288.72735083105  7.154216E-17
8290.14129519464  7.746989E-17
8291.55523955824  9.004547E-17
8292.96918392183  7.997207E-17
8294.38312828543  7.565694E-17
8295.79707264902  8.608756E-17
8297.21101701261  1.021307E-16
8298.62496137621  8.405852E-17
8300.0389057398  8.904669E-17
8301.4528501034  8.663400E-17
8302.86679446699  8.490752E-17
8304.28073883058  7.924058E-17
8305.69468319418  7.549438E-17
8307.10862755777  8.431350E-17
8308.52257192137  8.751853E-17
8309.93651628496  7.736521E-17
8311.35046064856  8.135548E-17
8312.76440501215  7.067353E-17
8314.17834937574  7.881777E-17
8315.59229373934  9.073869E-17
8317.00623810293  8.321068E-17
8318.42018246653  6.912216E-17
8319.83412683012  8.085661E-17
8321.24807119371  8.286890E-17
8322.66201555731  7.158010E-17
8324.0759599209  7.564851E-17
8325.4899042845  7.293283E-17
8326.90384864809  7.512361E-17
8328.31779301168  7.149444E-17
8329.73173737528  7.813363E-17
8331.14568173887  8.363022E-17
8332.55962610247  8.267019E-17
8333.97357046606  6.578904E-17
8335.38751482965  6.741587E-17
8336.80145919325  7.988401E-17
8338.21540355684  7.233080E-17
8339.62934792044  7.121331E-17
8341.04329228403  8.543792E-17
8342.45723664763  1.178046E-16
8343.87118101122  1.363803E-16
8345.28512537482  9.532667E-17
8346.69906973841  8.191201E-17
8348.113014102  1.022057E-16
8349.5269584656  1.055751E-16
8350.94090282919  9.940793E-17
8352.35484719279  9.621946E-17
8353.76879155638  8.767187E-17
8355.18273591997  7.262106E-17
8356.59668028357  7.132802E-17
8358.01062464716  5.938267E-17
8359.42456901076  7.266452E-17
8360.83851337435  6.862912E-17
8362.25245773794  6.467471E-17
8363.66640210154  8.064021E-17
8365.08034646513  7.851267E-17
8366.49429082873  7.971233E-17
8367.90823519232  7.739473E-17
8369.32217955591  7.226284E-17
8370.73612391951  7.525606E-17
8372.1500682831  7.453486E-17
8373.5640126467  7.178030E-17
8374.97795701029  7.603397E-17
8376.39190137388  7.269231E-17
8377.80584573748  7.035994E-17
8379.21979010107  7.728433E-17
8380.63373446467  7.157611E-17
8382.04767882826  7.822699E-17
8383.46162319185  6.783683E-17
8384.87556755545  6.355763E-17
8386.28951191904  7.493889E-17
8387.70345628264  7.505057E-17
8389.11740064623  7.276775E-17
8390.53134500982  7.283688E-17
8391.94528937342  7.304766E-17
8393.35923373701  7.468608E-17
8394.77317810061  7.470254E-17
8396.1871224642  7.652157E-17
8397.6010668278  9.399216E-17
8399.01501119139  8.680750E-17
8400.42895555498  7.480327E-17
8401.84289991858  7.813086E-17
8403.25684428217  7.748336E-17
8404.67078864577  6.876922E-17
8406.08473300936  7.161440E-17
8407.49867737295  7.718165E-17
8408.91262173655  8.244384E-17
8410.32656610014  7.770994E-17
8411.74051046374  7.347901E-17
8413.15445482733  7.482469E-17
8414.56839919092  6.441038E-17
8415.98234355452  6.868000E-17
8417.39628791811  7.779367E-17
8418.81023228171  6.113880E-17
8420.2241766453  5.408251E-17
8421.63812100889  7.324207E-17
8423.05206537249  6.878995E-17
8424.46600973608  7.137691E-17
8425.87995409968  9.412074E-17
8427.29389846327  8.581176E-17
8428.70784282686  8.403915E-17
8430.12178719046  7.396842E-17
8431.53573155405  6.806386E-17
8432.94967591765  7.917547E-17
8434.36362028124  7.263833E-17
8435.77756464483  7.473288E-17
8437.19150900843  7.741184E-17
8438.60545337202  7.099206E-17
8440.01939773562  7.250578E-17
8441.43334209921  7.237098E-17
8442.8472864628  7.340824E-17
8444.2612308264  7.480755E-17
8445.67517518999  7.471511E-17
8447.08911955359  7.690417E-17
8448.50306391718  7.214340E-17
8449.91700828077  7.552297E-17
8451.33095264437  8.366235E-17
8452.74489700796  6.936844E-17
8454.15884137156  7.003262E-17
8455.57278573515  7.607709E-17
8456.98673009875  7.189832E-17
8458.40067446234  7.696430E-17
8459.81461882593  7.315509E-17
8461.22856318953  6.682211E-17
8462.64250755312  7.766433E-17
8464.05645191672  9.725785E-17
8465.47039628031  9.118374E-17
8466.8843406439  6.825023E-17
8468.2982850075  6.044469E-17
8469.71222937109  6.358312E-17
8471.12617373469  6.363469E-17
8472.54011809828  6.308619E-17
8473.95406246188  5.835548E-17
8475.36800682547  7.281945E-17
8476.78195118906  8.174850E-17
8478.19589555266  6.157902E-17
8479.60983991625  5.394672E-17
8481.02378427985  6.896738E-17
8482.43772864344  7.231379E-17
8483.85167300703  5.835629E-17
8485.26561737063  5.292634E-17
8486.67956173422  6.442039E-17
8488.09350609782  6.613981E-17
8489.50745046141  6.555807E-17
8490.921394825  7.455808E-17
8492.3353391886  7.994777E-17
8493.74928355219  7.310665E-17
8495.16322791579  6.537768E-17
8496.57717227938  6.728064E-17
8497.99111664297  6.475284E-17
8499.40506100657  5.681970E-17
8500.81900537016  6.293453E-17
8502.23294973376  7.192506E-17
8503.64689409735  9.430687E-17
8505.06083846094  7.972890E-17
8506.47478282454  6.515629E-17
8507.88872718813  6.614255E-17
8509.30267155173  6.658053E-17
8510.71661591532  5.958039E-17
8512.13056027891  5.877816E-17
8513.54450464251  7.330304E-17
8514.9584490061  7.507372E-17
8516.3723933697  6.096491E-17
8517.78633773329  6.350140E-17
8519.20028209688  6.921696E-17
8520.61422646048  6.427242E-17
8522.02817082407  5.936172E-17
8523.44211518767  6.883730E-17
8524.85605955126  6.379710E-17
8526.27000391485  6.481834E-17
8527.68394827845  6.783005E-17
8529.09789264204  6.960575E-17
8530.51183700564  6.861955E-17
8531.92578136923  6.959638E-17
8533.33972573283  6.151993E-17
8534.75367009642  5.941339E-17
8536.16761446001  6.771285E-17
8537.58155882361  7.647671E-17
8538.9955031872  8.049240E-17
8540.4094475508  6.717690E-17
8541.82339191439  6.499120E-17
8543.23733627798  7.346135E-17
8544.65128064158  6.082560E-17
8546.06522500517  5.752374E-17
8547.47916936877  7.080634E-17
8548.89311373236  6.400150E-17
8550.30705809595  6.631506E-17
8551.72100245955  6.574722E-17
8553.13494682314  5.909845E-17
8554.54889118674  5.689524E-17
8555.96283555033  5.830634E-17
8557.37677991392  6.777846E-17
8558.79072427752  7.360759E-17
8560.20466864111  6.207144E-17
8561.61861300471  5.623857E-17
8563.0325573683  7.288661E-17
8564.44650173189  7.475308E-17
8565.86044609549  7.805350E-17
8567.27439045908  7.585535E-17
8568.68833482268  5.957345E-17
8570.10227918627  6.102956E-17
8571.51622354986  7.409754E-17
8572.93016791346  7.376566E-17
8574.34411227705  7.074966E-17
8575.75805664065  5.974021E-17
8577.17200100424  6.200321E-17
8578.58594536783  6.756550E-17
8579.99988973143  6.817315E-17
