  0.0000000000E+000  0.0000000000E+000
  1.0000366493E+004  1.1492807991E+038
  2.0000279080E+004  1.0863041054E+038
  3.0000265765E+004  1.0477326584E+038
  4.0000375197E+004  1.0342076156E+038
  5.0000272184E+004  1.0298024203E+038
  6.0000512067E+004  1.0278826744E+038
  7.0000350539E+004  1.0261639088E+038
  8.0000368780E+004  1.0238332876E+038
  9.0000231235E+004  1.0205707291E+038
  1.0000036234E+005  1.0163824301E+038
  1.1000026295E+005  1.0114145881E+038
  1.2000026222E+005  1.0058630842E+038
  1.3000049246E+005  9.9992765505E+037
  1.4000038804E+005  9.9375364987E+037
  1.5000030830E+005  9.8746334810E+037
  1.6000028501E+005  9.8113627914E+037
  1.7000047571E+005  9.7483792916E+037
  1.8000041760E+005  9.6860399210E+037
  1.9000038143E+005  9.6248437201E+037
  2.0000034129E+005  9.5649628168E+037
  2.1000042933E+005  9.5066050556E+037
  2.2000031782E+005  9.4496950772E+037
  2.3000042811E+005  5.0061120438E+039
  2.4000026624E+005  5.2002910096E+039
  2.5000025221E+005  7.0040179775E+039
  2.6000041492E+005  9.7839543427E+039
  2.7000033956E+005  1.3780685653E+040
  2.8000050637E+005  1.9949752409E+040
  2.9000047609E+005  3.1610746569E+040
  3.0000044415E+005  1.6287754533E+041
  3.1000027912E+005  5.4331252760E+041
  3.2000043599E+005  1.3485126637E+042
  3.3000035637E+005  2.8594496498E+042
  3.4000030584E+005  5.3565528995E+042
  3.5000040071E+005  9.0644454575E+042
  3.6000034217E+005  1.3934633990E+043
  3.7000041551E+005  1.9940309490E+043
  3.8000025165E+005  2.6763454839E+043
  3.9000030019E+005  3.4039681512E+043
  4.0000054554E+005  4.0911668412E+043
  4.1000033350E+005  4.4185664663E+043
  4.2000039008E+005  4.1995824777E+043
  4.3000050364E+005  3.5763305536E+043
  4.4000032049E+005  2.7143866941E+043
  4.5000023735E+005  1.8516065912E+043
  4.6000016361E+005  1.2066633234E+043
  4.7000016330E+005  8.1927483439E+042
  4.8000019150E+005  6.7078013360E+042
  4.9000022902E+005  5.6901358028E+042
  5.0000014453E+005  4.9840677736E+042
  5.1000016639E+005  4.3876577128E+042
  5.2000030821E+005  3.9400870111E+042
  5.3000042635E+005  3.6338743320E+042
  5.4000050512E+005  3.5578083114E+042
  5.5000048426E+005  3.4296302589E+042
  5.6000038299E+005  3.2490191186E+042
  5.7000033038E+005  3.0720611801E+042
  5.8000033161E+005  2.8906780594E+042
  5.9000034599E+005  2.7209157651E+042
  6.0000053356E+005  2.5659193044E+042
  6.1000052261E+005  2.4264819825E+042
  6.2000039804E+005  2.3019679253E+042
  6.3000055850E+005  2.1916281513E+042
  6.4000055681E+005  2.0923330262E+042
  6.5000043252E+005  2.0033144238E+042
  6.6000044955E+005  1.9229655843E+042
  6.7000054403E+005  1.8503449654E+042
  6.8000041905E+005  1.7845936589E+042
  6.9000041780E+005  1.7248579644E+042
  7.0000034692E+005  1.6703366952E+042
  7.1000040150E+005  1.6203356394E+042
  7.2000041222E+005  1.5741581815E+042
  7.3000038144E+005  1.5311522046E+042
  7.4000038193E+005  1.4907895007E+042
  7.5000054177E+005  1.4527094393E+042
  7.6000065281E+005  1.4167233831E+042
  7.7000041083E+005  1.3827408627E+042
  7.8000049005E+005  1.3507083934E+042
  7.9000044815E+005  1.3205535788E+042
  8.0000044843E+005  1.2922232090E+042
  8.1000044021E+005  1.2657042253E+042
  8.2000044584E+005  1.2409828539E+042
  8.3000038764E+005  1.2180143460E+042
  8.4000054193E+005  1.1967151176E+042
  8.5000048028E+005  1.1769432009E+042
  8.6000033773E+005  1.1585206554E+042
  8.7000048961E+005  1.1412697002E+042
  8.8000051617E+005  1.1250306023E+042
  8.9000053346E+005  1.1096703182E+042
  9.0000033855E+005  1.0950859355E+042
  9.1000041878E+005  1.0812035680E+042
  9.2000066270E+005  1.0679812294E+042
  9.3000062914E+005  1.0553792940E+042
  9.4000060765E+005  1.0433656460E+042
  9.5000046906E+005  1.0319053978E+042
  9.6000065449E+005  1.0209652702E+042
  9.7000047126E+005  1.0105145456E+042
  9.8000041624E+005  1.0005226514E+042
  9.9000048559E+005  9.9095813596E+041
  1.0000005662E+006  9.8179052897E+041
  1.0100003548E+006  9.7299387755E+041
  1.0200003692E+006  9.6454781004E+041
  1.0300004683E+006  9.5643277519E+041
  1.0400004854E+006  9.4863238770E+041
  1.0500005921E+006  9.4112856503E+041
  1.0600005484E+006  9.3390581435E+041
  1.0700004369E+006  9.2694695989E+041
  1.0800006589E+006  9.2023516387E+041
  1.0900006858E+006  9.1375717255E+041
  1.1000005585E+006  9.0749490866E+041
  1.1100006593E+006  9.0143066264E+041
  1.1200004413E+006  8.9554773380E+041
  1.1300006465E+006  8.8983024172E+041
  1.1400004399E+006  8.8426349991E+041
  1.1500005764E+006  8.7883657067E+041
  1.1600006132E+006  8.7353944976E+041
  1.1700004936E+006  8.6836268027E+041
  1.1800004472E+006  8.6330261263E+041
  1.1900007116E+006  8.5835782686E+041
  1.2000005887E+006  8.5352759231E+041
  1.2100004362E+006  8.4881526447E+041
  1.2200004308E+006  8.4422453525E+041
  1.2300006068E+006  8.3976004075E+041
  1.2400006288E+006  8.3542766327E+041
  1.2500003641E+006  8.3123111556E+041
  1.2600006276E+006  8.2717359343E+041
  1.2700005822E+006  8.2325697740E+041
  1.2800007365E+006  8.1947909036E+041
  1.2900006025E+006  8.1583558101E+041
  1.3000006301E+006  8.1232165040E+041
  1.3100007223E+006  8.0893345094E+041
  1.3200005642E+006  8.0567155258E+041
  1.3300006240E+006  8.0252079575E+041
  1.3400004163E+006  7.9945732788E+041
  1.3500007288E+006  7.9647179849E+041
  1.3600004916E+006  7.9355711167E+041
  1.3700004010E+006  7.9070125223E+041
  1.3800004772E+006  7.8789749390E+041
  1.3900005401E+006  7.8514452247E+041
  1.4000005474E+006  7.8244311078E+041
  1.4100007560E+006  7.7981857117E+041
  1.4200007277E+006  7.7729499463E+041
  1.4300007599E+006  7.7489631098E+041
  1.4400006894E+006  7.7264647205E+041
  1.4500005683E+006  7.7112512162E+041
  1.4600006020E+006  7.6907310419E+041
  1.4700004314E+006  7.6735721129E+041
  1.4800007074E+006  7.6589464430E+041
  1.4900006069E+006  7.6466201969E+041
  1.5000006050E+006  7.6363437434E+041
  1.5100004811E+006  7.6277403754E+041
  1.5200006348E+006  7.6204596509E+041
  1.5300005624E+006  7.6140434313E+041
  1.5400004308E+006  7.6077632835E+041
  1.5500007804E+006  7.6011671861E+041
  1.5600006790E+006  7.5938818404E+041
  1.5700005407E+006  7.5857675734E+041
  1.5800005415E+006  7.5768687891E+041
  1.5900006258E+006  7.5672386070E+041
  1.6000006057E+006  7.5573933645E+041
  1.6100004178E+006  7.5479663864E+041
  1.6200007491E+006  7.5397482382E+041
  1.6300006539E+006  7.5333618136E+041
  1.6400006018E+006  7.5292841976E+041
  1.6500004802E+006  7.5279505966E+041
  1.6600004471E+006  7.5296803245E+041
  1.6700005615E+006  7.5344062362E+041
  1.6800005859E+006  7.5416740736E+041
  1.6900004217E+006  7.5510401432E+041
  1.7000007334E+006  7.5617576283E+041
  1.7100005738E+006  7.5726224664E+041
  1.7200005419E+006  7.5827740567E+041
  1.7300006530E+006  7.5912275268E+041
  1.7400005394E+006  7.5969873452E+041
  1.7500006858E+006  7.5997280893E+041
  1.7600004782E+006  7.5990320601E+041
  1.7700007286E+006  7.5951105656E+041
  1.7800006791E+006  7.5883501414E+041
  1.7900004298E+006  7.5793085462E+041
  1.8000008264E+006  7.5689713449E+041
  1.8100006560E+006  7.5583137933E+041
  1.8200007227E+006  7.5485389198E+041
  1.8300008178E+006  7.5411583228E+041
  1.8400006258E+006  7.5370871537E+041
  1.8500005336E+006  7.5371751412E+041
  1.8600007808E+006  7.5419111289E+041
  1.8700005403E+006  7.5513167076E+041
  1.8800005351E+006  7.5620275580E+041
  1.8900005905E+006  7.5719325215E+041
  1.9000004899E+006  7.5717877919E+041
  1.9100007068E+006  7.5721232032E+041
  1.9200005774E+006  7.5795238555E+041
  1.9300006936E+006  7.5906234194E+041
  1.9400005065E+006  7.6002552654E+041
  1.9500005155E+006  7.6054861541E+041
  1.9600006097E+006  7.6093008141E+041
  1.9700007690E+006  7.6124512355E+041
  1.9800007843E+006  7.6152957173E+041
  1.9872000000E+006  7.6175488802E+041
