   0.000000000E+00   0.500000000E+04   0.147617400E+02   0.135536510E+02   0.128279553E+02   0.125529160E+02   0.124297380E+02   0.139079000E+02   0.138799300E+02   0.130669140E+02   0.120408280E+02   0.125461280E+02   0.178938400E+02   0.232270500E+02   0.181876200E+02   0.170813100E+02   0.186679900E+02
   0.100002140E+05   0.500000000E+04               NaN               NaN               NaN               NaN               NaN               NaN               NaN               NaN               NaN               NaN               NaN               NaN               NaN               NaN               NaN
   0.200001023E+05   0.500000000E+04   0.274357315E+00  -0.933731685E+00  -0.165942738E+01  -0.193446668E+01  -0.205764468E+01  -0.579482685E+00  -0.607452685E+00  -0.142046868E+01  -0.244655468E+01  -0.194125468E+01   0.340645732E+01   0.873966732E+01   0.370023732E+01   0.259392732E+01   0.418060732E+01
   0.300000751E+05   0.500000000E+04  -0.452972733E+01  -0.573781633E+01  -0.646351203E+01  -0.673855133E+01  -0.686172933E+01  -0.538356733E+01  -0.541153733E+01  -0.622455333E+01  -0.725063933E+01  -0.674533933E+01  -0.139762733E+01   0.393558267E+01  -0.110384733E+01  -0.221015733E+01  -0.623477331E+00
   0.400002362E+05   0.500000000E+04  -0.453103186E+01  -0.573912086E+01  -0.646481656E+01  -0.673985586E+01  -0.686303386E+01  -0.538487186E+01  -0.541284186E+01  -0.622585786E+01  -0.725194386E+01  -0.674664386E+01  -0.139893186E+01   0.393427814E+01  -0.110515186E+01  -0.221146186E+01  -0.624781858E+00
   0.500002688E+05   0.500000000E+04  -0.445272281E+01  -0.566081181E+01  -0.638650751E+01  -0.666154681E+01  -0.678472481E+01  -0.530656281E+01  -0.533453281E+01  -0.614754881E+01  -0.717363481E+01  -0.666833481E+01  -0.132062281E+01   0.401258719E+01  -0.102684281E+01  -0.213315281E+01  -0.546472813E+00
   0.600001143E+05   0.500000000E+04  -0.427107686E+01  -0.547916586E+01  -0.620486156E+01  -0.647990086E+01  -0.660307886E+01  -0.512491686E+01  -0.515288686E+01  -0.596590286E+01  -0.699198886E+01  -0.648668886E+01  -0.113897686E+01   0.419423314E+01  -0.845196863E+00  -0.195150686E+01  -0.364826863E+00
   0.700002340E+05   0.500000000E+04  -0.413996016E+01  -0.534804916E+01  -0.607374486E+01  -0.634878416E+01  -0.647196216E+01  -0.499380016E+01  -0.502177016E+01  -0.583478616E+01  -0.686087216E+01  -0.635557216E+01  -0.100786016E+01   0.432534984E+01  -0.714080157E+00  -0.182039016E+01  -0.233710157E+00
   0.800002187E+05   0.500000000E+04  -0.401511055E+01  -0.522319955E+01  -0.594889525E+01  -0.622393455E+01  -0.634711255E+01  -0.486895055E+01  -0.489692055E+01  -0.570993655E+01  -0.673602255E+01  -0.623072255E+01  -0.883010546E+00   0.445019945E+01  -0.589230546E+00  -0.169554055E+01  -0.108860546E+00
   0.900001221E+05   0.500000000E+04  -0.391221627E+01  -0.512030527E+01  -0.584600097E+01  -0.612104027E+01  -0.624421827E+01  -0.476605627E+01  -0.479402627E+01  -0.560704227E+01  -0.663312827E+01  -0.612782827E+01  -0.780116274E+00   0.455309373E+01  -0.486336274E+00  -0.159264627E+01  -0.596627383E-02
   0.100000108E+06   0.500000000E+04  -0.382022754E+01  -0.502831654E+01  -0.575401224E+01  -0.602905154E+01  -0.615222954E+01  -0.467406754E+01  -0.470203754E+01  -0.551505354E+01  -0.654113954E+01  -0.603583954E+01  -0.688127545E+00   0.464508246E+01  -0.394347545E+00  -0.150065754E+01   0.860224554E-01
   0.110000198E+06   0.500000000E+04  -0.373974520E+01  -0.494783420E+01  -0.567352990E+01  -0.594856920E+01  -0.607174720E+01  -0.459358520E+01  -0.462155520E+01  -0.543457120E+01  -0.646065720E+01  -0.595535720E+01  -0.607645197E+00   0.472556480E+01  -0.313865197E+00  -0.142017520E+01   0.166504803E+00
   0.120000138E+06   0.500000000E+04  -0.366883165E+01  -0.487692065E+01  -0.560261635E+01  -0.587765565E+01  -0.600083365E+01  -0.452267165E+01  -0.455064165E+01  -0.536365765E+01  -0.638974365E+01  -0.588444365E+01  -0.536731647E+00   0.479647835E+01  -0.242951647E+00  -0.134926165E+01   0.237418353E+00
   0.130000157E+06   0.500000000E+04  -0.360504142E+01  -0.481313042E+01  -0.553882612E+01  -0.581386542E+01  -0.593704342E+01  -0.445888142E+01  -0.448685142E+01  -0.529986742E+01  -0.632595342E+01  -0.582065342E+01  -0.472941415E+00   0.486026858E+01  -0.179161415E+00  -0.128547142E+01   0.301208585E+00
   0.140000147E+06   0.500000000E+04  -0.354712085E+01  -0.475520985E+01  -0.548090555E+01  -0.575594485E+01  -0.587912285E+01  -0.440096085E+01  -0.442893085E+01  -0.524194685E+01  -0.626803285E+01  -0.576273285E+01  -0.415020850E+00   0.491818915E+01  -0.121240850E+00  -0.122755085E+01   0.359129150E+00
   0.150000118E+06   0.500000000E+04  -0.349388441E+01  -0.470197341E+01  -0.542766911E+01  -0.570270841E+01  -0.582588641E+01  -0.434772441E+01  -0.437569441E+01  -0.518871041E+01  -0.621479641E+01  -0.570949641E+01  -0.361784409E+00   0.497142559E+01  -0.680044086E-01  -0.117431441E+01   0.412365591E+00
   0.160000033E+06   0.500000000E+04  -0.344422790E+01  -0.465231690E+01  -0.537801260E+01  -0.565305190E+01  -0.577622990E+01  -0.429806790E+01  -0.432603790E+01  -0.513905390E+01  -0.616513990E+01  -0.565983990E+01  -0.312127897E+00   0.502108210E+01  -0.183478966E-01  -0.112465790E+01   0.462022103E+00
   0.170000188E+06   0.500000000E+04  -0.339764525E+01  -0.460573425E+01  -0.533142995E+01  -0.560646925E+01  -0.572964725E+01  -0.425148525E+01  -0.427945525E+01  -0.509247125E+01  -0.611855725E+01  -0.561325725E+01  -0.265545254E+00   0.506766475E+01   0.282347459E-01  -0.107807525E+01   0.508604746E+00
   0.180000023E+06   0.500000000E+04  -0.335393290E+01  -0.456202190E+01  -0.528771760E+01  -0.556275690E+01  -0.568593490E+01  -0.420777290E+01  -0.423574290E+01  -0.504875890E+01  -0.607484490E+01  -0.556954490E+01  -0.221832904E+00   0.511137710E+01   0.719470959E-01  -0.103436290E+01   0.552317096E+00
   0.190000198E+06   0.500000000E+04  -0.331282627E+01  -0.452091527E+01  -0.524661097E+01  -0.552165027E+01  -0.564482827E+01  -0.416666627E+01  -0.419463627E+01  -0.500765227E+01  -0.603373827E+01  -0.552843827E+01  -0.180726271E+00   0.515248373E+01   0.113053729E+00  -0.993256271E+00   0.593423729E+00
   0.200000101E+06   0.500000000E+04  -0.327402447E+01  -0.448211347E+01  -0.520780917E+01  -0.548284847E+01  -0.560602647E+01  -0.412786447E+01  -0.415583447E+01  -0.496885047E+01  -0.599493647E+01  -0.548963647E+01  -0.141924467E+00   0.519128553E+01   0.151855533E+00  -0.954454467E+00   0.632225533E+00
   0.210000178E+06   0.500000000E+04  -0.323725819E+01  -0.444534719E+01  -0.517104289E+01  -0.544608219E+01  -0.556926019E+01  -0.409109819E+01  -0.411906819E+01  -0.493208419E+01  -0.595817019E+01  -0.545287019E+01  -0.105158185E+00   0.522805181E+01   0.188621815E+00  -0.917688185E+00   0.668991815E+00
   0.220000129E+06   0.500000000E+04  -0.320230929E+01  -0.441039829E+01  -0.513609399E+01  -0.541113329E+01  -0.553431129E+01  -0.405614929E+01  -0.408411929E+01  -0.489713529E+01  -0.592322129E+01  -0.541792129E+01  -0.702092910E-01   0.526300071E+01   0.223570709E+00  -0.882739291E+00   0.703940709E+00
   0.230000085E+06   0.500000000E+04  -0.316899801E+01  -0.437708701E+01  -0.510278271E+01  -0.537782201E+01  -0.550100001E+01  -0.402283801E+01  -0.405080801E+01  -0.486382401E+01  -0.588991001E+01  -0.538461001E+01  -0.368980124E-01   0.529631199E+01   0.256881988E+00  -0.849428012E+00   0.737251988E+00
   0.240000222E+06   0.500000000E+04  -0.313715781E+01  -0.434524681E+01  -0.507094251E+01  -0.534598181E+01  -0.546915981E+01  -0.399099781E+01  -0.401896781E+01  -0.483198381E+01  -0.585806981E+01  -0.535276981E+01  -0.505781453E-02   0.532815219E+01   0.288722185E+00  -0.817587815E+00   0.769092185E+00
   0.250000149E+06   0.500000000E+04  -0.310664144E+01  -0.431473044E+01  -0.504042614E+01  -0.531546544E+01  -0.543864344E+01  -0.396048144E+01  -0.398845144E+01  -0.480146744E+01  -0.582755344E+01  -0.532225344E+01   0.254585567E-01   0.535866856E+01   0.319238557E+00  -0.787071443E+00   0.799608557E+00
   0.260000014E+06   0.500000000E+04  -0.307734252E+01  -0.428543152E+01  -0.501112722E+01  -0.528616652E+01  -0.540934452E+01  -0.393118252E+01  -0.395915252E+01  -0.477216852E+01  -0.579825452E+01  -0.529295452E+01   0.547574833E-01   0.538796748E+01   0.348537483E+00  -0.757772517E+00   0.828907483E+00
   0.270000051E+06   0.500000000E+04  -0.304916250E+01  -0.425725150E+01  -0.498294720E+01  -0.525798650E+01  -0.538116450E+01  -0.390300250E+01  -0.393097250E+01  -0.474398850E+01  -0.577007450E+01  -0.526477450E+01   0.829375008E-01   0.541614750E+01   0.376717501E+00  -0.729592499E+00   0.857087501E+00
   0.280000033E+06   0.500000000E+04  -0.302199539E+01  -0.423008439E+01  -0.495578009E+01  -0.523081939E+01  -0.535399739E+01  -0.387583539E+01  -0.390380539E+01  -0.471682139E+01  -0.574290739E+01  -0.523760739E+01   0.110104611E+00   0.544331461E+01   0.403884611E+00  -0.702425389E+00   0.884254611E+00
   0.290000216E+06   0.500000000E+04  -0.299572373E+01  -0.420381273E+01  -0.492950843E+01  -0.520454773E+01  -0.532772573E+01  -0.384956373E+01  -0.387753373E+01  -0.469054973E+01  -0.571663573E+01  -0.521133573E+01   0.136376268E+00   0.546958627E+01   0.430156268E+00  -0.676153732E+00   0.910526268E+00
   0.300000260E+06   0.500000000E+04  -0.297027974E+01  -0.417836874E+01  -0.490406444E+01  -0.517910374E+01  -0.530228174E+01  -0.382411974E+01  -0.385208974E+01  -0.466510574E+01  -0.569119174E+01  -0.518589174E+01   0.161820262E+00   0.549503026E+01   0.455600262E+00  -0.650709738E+00   0.935970262E+00
   0.310000009E+06   0.500000000E+04  -0.294556152E+01  -0.415365052E+01  -0.487934622E+01  -0.515438552E+01  -0.527756352E+01  -0.379940152E+01  -0.382737152E+01  -0.464038752E+01  -0.566647352E+01  -0.516117352E+01   0.186538476E+00   0.551974848E+01   0.480318476E+00  -0.625991524E+00   0.960688476E+00
   0.320000226E+06   0.500000000E+04  -0.292155289E+01  -0.412964189E+01  -0.485533759E+01  -0.513037689E+01  -0.525355489E+01  -0.377539289E+01  -0.380336289E+01  -0.461637889E+01  -0.564246489E+01  -0.513716489E+01   0.210547113E+00   0.554375711E+01   0.504327113E+00  -0.601982887E+00   0.984697113E+00
   0.330000001E+06   0.500000000E+04  -0.289831163E+01  -0.410640063E+01  -0.483209633E+01  -0.510713563E+01  -0.523031363E+01  -0.375215163E+01  -0.378012163E+01  -0.459313763E+01  -0.561922363E+01  -0.511392363E+01   0.233788369E+00   0.556699837E+01   0.527568369E+00  -0.578741631E+00   0.100793837E+01
   0.340000048E+06   0.500000000E+04  -0.287574238E+01  -0.408383138E+01  -0.480952708E+01  -0.508456638E+01  -0.520774438E+01  -0.372958238E+01  -0.375755238E+01  -0.457056838E+01  -0.559665438E+01  -0.509135438E+01   0.256357624E+00   0.558956762E+01   0.550137624E+00  -0.556172376E+00   0.103050762E+01
   0.350000121E+06   0.500000000E+04  -0.285381777E+01  -0.406190677E+01  -0.478760247E+01  -0.506264177E+01  -0.518581977E+01  -0.370765777E+01  -0.373562777E+01  -0.454864377E+01  -0.557472977E+01  -0.506942977E+01   0.278282233E+00   0.561149223E+01   0.572062233E+00  -0.534247767E+00   0.105243223E+01
   0.360000261E+06   0.500000000E+04  -0.283249766E+01  -0.404058666E+01  -0.476628236E+01  -0.504132166E+01  -0.516449966E+01  -0.368633766E+01  -0.371430766E+01  -0.452732366E+01  -0.555340966E+01  -0.504810966E+01   0.299602340E+00   0.563281234E+01   0.593382340E+00  -0.512927660E+00   0.107375234E+01
   0.370000238E+06   0.500000000E+04  -0.281175258E+01  -0.401984158E+01  -0.474553728E+01  -0.502057658E+01  -0.514375458E+01  -0.366559258E+01  -0.369356258E+01  -0.450657858E+01  -0.553266458E+01  -0.502736458E+01   0.320347421E+00   0.565355742E+01   0.614127421E+00  -0.492182579E+00   0.109449742E+01
   0.380000168E+06   0.500000000E+04  -0.279155450E+01  -0.399964350E+01  -0.472533920E+01  -0.500037850E+01  -0.512355650E+01  -0.364539450E+01  -0.367336450E+01  -0.448638050E+01  -0.551246650E+01  -0.500716650E+01   0.340545500E+00   0.567375550E+01   0.634325500E+00  -0.471984500E+00   0.111469550E+01
   0.390000212E+06   0.500000000E+04  -0.277188084E+01  -0.397996984E+01  -0.470566554E+01  -0.498070484E+01  -0.510388284E+01  -0.362572084E+01  -0.365369084E+01  -0.446670684E+01  -0.549279284E+01  -0.498749284E+01   0.360219162E+00   0.569342916E+01   0.653999162E+00  -0.452310838E+00   0.113436916E+01
   0.400000164E+06   0.500000000E+04  -0.275277755E+01  -0.396086655E+01  -0.468656225E+01  -0.496160155E+01  -0.508477955E+01  -0.360661755E+01  -0.363458755E+01  -0.444760355E+01  -0.547368955E+01  -0.496838955E+01   0.379322453E+00   0.571253245E+01   0.673102453E+00  -0.433207547E+00   0.115347245E+01
   0.410000038E+06   0.500000000E+04  -0.273476936E+01  -0.394285836E+01  -0.466855406E+01  -0.494359336E+01  -0.506677136E+01  -0.358860936E+01  -0.361657936E+01  -0.442959536E+01  -0.545568136E+01  -0.495038136E+01   0.397330645E+00   0.573054064E+01   0.691110645E+00  -0.415199355E+00   0.117148064E+01
   0.420000050E+06   0.500000000E+04  -0.272351539E+01  -0.393160439E+01  -0.465730009E+01  -0.493233939E+01  -0.505551739E+01  -0.357735539E+01  -0.360532539E+01  -0.441834139E+01  -0.544442739E+01  -0.493912739E+01   0.408584608E+00   0.574179461E+01   0.702364608E+00  -0.403945392E+00   0.118273461E+01
   0.430000106E+06   0.500000000E+04  -0.277800851E+01  -0.398609751E+01  -0.471179321E+01  -0.498683251E+01  -0.511001051E+01  -0.363184851E+01  -0.365981851E+01  -0.447283451E+01  -0.549892051E+01  -0.499362051E+01   0.354091489E+00   0.568730149E+01   0.647871489E+00  -0.458438511E+00   0.112824149E+01
   0.440000281E+06   0.500000000E+04  -0.349808132E+01  -0.470617032E+01  -0.543186602E+01  -0.570690532E+01  -0.583008332E+01  -0.435192132E+01  -0.437989132E+01  -0.519290732E+01  -0.621899332E+01  -0.571369332E+01  -0.365981315E+00   0.496722868E+01  -0.722013153E-01  -0.117851132E+01   0.408168685E+00
   0.450000095E+06   0.500000000E+04  -0.525334946E+01  -0.646143846E+01  -0.718713416E+01  -0.746217346E+01  -0.758535146E+01  -0.610718946E+01  -0.613515946E+01  -0.694817546E+01  -0.797426146E+01  -0.746896146E+01  -0.212124946E+01   0.321196054E+01  -0.182746946E+01  -0.293377946E+01  -0.134709946E+01
   0.460000208E+06   0.500000000E+04  -0.728448738E+01  -0.849257638E+01  -0.921827208E+01  -0.949331138E+01  -0.961648938E+01  -0.813832738E+01  -0.816629738E+01  -0.897931338E+01  -0.100053994E+02  -0.950009938E+01  -0.415238738E+01   0.118082262E+01  -0.385860738E+01  -0.496491738E+01  -0.337823738E+01
   0.470000131E+06   0.500000000E+04  -0.746134735E+01  -0.866943635E+01  -0.939513205E+01  -0.967017135E+01  -0.979334935E+01  -0.831518735E+01  -0.834315735E+01  -0.915617335E+01  -0.101822593E+02  -0.967695935E+01  -0.432924735E+01   0.100396265E+01  -0.403546735E+01  -0.514177735E+01  -0.355509735E+01
   0.480000134E+06   0.500000000E+04  -0.759685605E+01  -0.880494505E+01  -0.953064075E+01  -0.980568005E+01  -0.992885805E+01  -0.845069605E+01  -0.847866605E+01  -0.929168205E+01  -0.103177680E+02  -0.981246805E+01  -0.446475605E+01   0.868453955E+00  -0.417097605E+01  -0.527728605E+01  -0.369060605E+01
   0.490000103E+06   0.500000000E+04  -0.776215807E+01  -0.897024707E+01  -0.969594277E+01  -0.997098207E+01  -0.100941601E+02  -0.861599807E+01  -0.864396807E+01  -0.945698407E+01  -0.104830701E+02  -0.997777007E+01  -0.463005807E+01   0.703151926E+00  -0.433627807E+01  -0.544258807E+01  -0.385590807E+01
   0.500000038E+06   0.500000000E+04  -0.803619609E+01  -0.924428509E+01  -0.996998079E+01  -0.102450201E+02  -0.103681981E+02  -0.889003609E+01  -0.891800609E+01  -0.973102209E+01  -0.107571081E+02  -0.102518081E+02  -0.490409609E+01   0.429113905E+00  -0.461031609E+01  -0.571662609E+01  -0.412994609E+01
   0.510000218E+06   0.500000000E+04  -0.822627886E+01  -0.943436786E+01  -0.101600636E+02  -0.104351029E+02  -0.105582809E+02  -0.908011886E+01  -0.910808886E+01  -0.992110486E+01  -0.109471909E+02  -0.104418909E+02  -0.509417886E+01   0.239031139E+00  -0.480039886E+01  -0.590670886E+01  -0.432002886E+01
   0.520000180E+06   0.500000000E+04  -0.844209387E+01  -0.965018287E+01  -0.103758786E+02  -0.106509179E+02  -0.107740959E+02  -0.929593387E+01  -0.932390387E+01  -0.101369199E+02  -0.111630059E+02  -0.106577059E+02  -0.530999387E+01   0.232161286E-01  -0.501621387E+01  -0.612252387E+01  -0.453584387E+01
   0.530000115E+06   0.500000000E+04  -0.869102936E+01  -0.989911836E+01  -0.106248141E+02  -0.108998534E+02  -0.110230314E+02  -0.954486936E+01  -0.957283936E+01  -0.103858554E+02  -0.114119414E+02  -0.109066414E+02  -0.555892936E+01  -0.225719359E+00  -0.526514936E+01  -0.637145936E+01  -0.478477936E+01
   0.540000216E+06   0.500000000E+04  -0.898800291E+01  -0.101960919E+02  -0.109217876E+02  -0.111968269E+02  -0.113200049E+02  -0.984184291E+01  -0.986981291E+01  -0.106828289E+02  -0.117089149E+02  -0.112036149E+02  -0.585590291E+01  -0.522692912E+00  -0.556212291E+01  -0.666843291E+01  -0.508175291E+01
   0.550000058E+06   0.500000000E+04  -0.932704076E+01  -0.105351298E+02  -0.112608255E+02  -0.115358648E+02  -0.116590428E+02  -0.101808808E+02  -0.102088508E+02  -0.110218668E+02  -0.120479528E+02  -0.115426528E+02  -0.619494076E+01  -0.861730756E+00  -0.590116076E+01  -0.700747076E+01  -0.542079076E+01
   0.560000022E+06   0.506547336E+04  -0.989882881E+01  -0.110841830E+02  -0.117933031E+02  -0.120593528E+02  -0.121758873E+02  -0.107514391E+02  -0.107626601E+02  -0.115609519E+02  -0.125685954E+02  -0.120727381E+02  -0.681011080E+01  -0.154931237E+01  -0.652236155E+01  -0.760955137E+01  -0.603552213E+01
   0.570000116E+06   0.681778050E+04  -0.121413963E+02  -0.128025445E+02  -0.131277610E+02  -0.131875162E+02  -0.131520869E+02  -0.129661356E+02  -0.125909087E+02  -0.130477753E+02  -0.136317782E+02  -0.133536370E+02  -0.100762174E+02  -0.649530209E+01  -0.992367970E+01  -0.105885430E+02  -0.934220991E+01
   0.580000224E+06   0.135320639E+05  -0.154172701E+02  -0.153689388E+02  -0.151664757E+02  -0.149544932E+02  -0.147225311E+02  -0.162080375E+02  -0.153062438E+02  -0.152895701E+02  -0.153154904E+02  -0.153298118E+02  -0.149662445E+02  -0.137946347E+02  -0.149488579E+02  -0.151250387E+02  -0.146659286E+02
   0.590000212E+06   0.197297038E+05  -0.165388031E+02  -0.162932537E+02  -0.159424957E+02  -0.156553324E+02  -0.153690052E+02  -0.173210070E+02  -0.162716398E+02  -0.161211920E+02  -0.159934727E+02  -0.160897079E+02  -0.166082611E+02  -0.161729060E+02  -0.166109978E+02  -0.166242210E+02  -0.165126221E+02
   0.600000210E+06   0.267696015E+05  -0.172520919E+02  -0.169040988E+02  -0.164752258E+02  -0.161483904E+02  -0.158362155E+02  -0.180300217E+02  -0.169038165E+02  -0.166830923E+02  -0.164743130E+02  -0.166141393E+02  -0.176050497E+02  -0.175675719E+02  -0.176143153E+02  -0.175421361E+02  -0.176272820E+02
   0.610000134E+06   0.345492890E+05  -0.177592028E+02  -0.173513024E+02  -0.168760706E+02  -0.165256617E+02  -0.161960334E+02  -0.185346864E+02  -0.173635225E+02  -0.171012934E+02  -0.168442462E+02  -0.170101669E+02  -0.182806127E+02  -0.184775811E+02  -0.182924170E+02  -0.181755604E+02  -0.183751506E+02
   0.620000189E+06   0.424481695E+05  -0.181292646E+02  -0.176850688E+02  -0.171814370E+02  -0.168164937E+02  -0.164761707E+02  -0.189032973E+02  -0.177048838E+02  -0.174172965E+02  -0.171305375E+02  -0.173125925E+02  -0.187530473E+02  -0.190908851E+02  -0.187659086E+02  -0.186241951E+02  -0.188919071E+02
   0.630000133E+06   0.457096334E+05  -0.182653759E+02  -0.178101947E+02  -0.172979120E+02  -0.169285236E+02  -0.165849037E+02  -0.190389736E+02  -0.178323160E+02  -0.175370148E+02  -0.172411769E+02  -0.174281704E+02  -0.189201120E+02  -0.193001747E+02  -0.189332145E+02  -0.187841556E+02  -0.190723928E+02
   0.640000310E+06   0.393290300E+05  -0.180310593E+02  -0.175992611E+02  -0.171053588E+02  -0.167454029E+02  -0.164087850E+02  -0.188055834E+02  -0.176164772E+02  -0.173375734E+02  -0.170610052E+02  -0.172375236E+02  -0.186198773E+02  -0.189098026E+02  -0.186324168E+02  -0.184991193E+02  -0.187435881E+02
   0.650000060E+06   0.314359478E+05  -0.176437462E+02  -0.172558309E+02  -0.167961332E+02  -0.164536382E+02  -0.161298358E+02  -0.184200441E+02  -0.172638805E+02  -0.170155413E+02  -0.167746933E+02  -0.169318447E+02  -0.181088251E+02  -0.182276701E+02  -0.181198872E+02  -0.180175059E+02  -0.181790686E+02
   0.660000190E+06   0.297902776E+05  -0.175648662E+02  -0.171894101E+02  -0.167393561E+02  -0.164017735E+02  -0.160816168E+02  -0.183416754E+02  -0.171948594E+02  -0.169551569E+02  -0.167243532E+02  -0.168760645E+02  -0.179948932E+02  -0.180649718E+02  -0.180054477E+02  -0.179122575E+02  -0.180500728E+02
   0.670000240E+06   0.282469382E+05  -0.174914518E+02  -0.171291940E+02  -0.166893400E+02  -0.163569382E+02  -0.160406211E+02  -0.182687929E+02  -0.171318833E+02  -0.169013247E+02  -0.166811215E+02  -0.168271123E+02  -0.178843803E+02  -0.179027361E+02  -0.178943416E+02  -0.178111098E+02  -0.179236701E+02
   0.680000068E+06   0.268996729E+05  -0.174283763E+02  -0.170790187E+02  -0.166490973E+02  -0.163217287E+02  -0.160091557E+02  -0.182062497E+02  -0.170790200E+02  -0.168573554E+02  -0.166474861E+02  -0.167879016E+02  -0.177851517E+02  -0.177530132E+02  -0.177944875E+02  -0.177212352E+02  -0.178090086E+02
   0.690000259E+06   0.257759955E+05  -0.173768453E+02  -0.170394879E+02  -0.166187824E+02  -0.162961015E+02  -0.159869826E+02  -0.181552131E+02  -0.170369925E+02  -0.168235999E+02  -0.166233106E+02  -0.167585507E+02  -0.177000539E+02  -0.176209597E+02  -0.177087672E+02  -0.176449846E+02  -0.177096408E+02
   0.700000239E+06   0.248206269E+05  -0.173342235E+02  -0.170079911E+02  -0.165958112E+02  -0.162774684E+02  -0.159713864E+02  -0.181130483E+02  -0.170031747E+02  -0.167974491E+02  -0.166060174E+02  -0.167364842E+02  -0.176263616E+02  -0.175037631E+02  -0.176344724E+02  -0.175796103E+02  -0.176227994E+02
   0.710000198E+06   0.239957543E+05  -0.172987176E+02  -0.169828261E+02  -0.165785608E+02  -0.162642535E+02  -0.159609680E+02  -0.180779740E+02  -0.169758639E+02  -0.167772441E+02  -0.165940404E+02  -0.167200755E+02  -0.175620451E+02  -0.173990572E+02  -0.175695615E+02  -0.175231100E+02  -0.175463269E+02
   0.720000045E+06   0.232730361E+05  -0.172691496E+02  -0.169632172E+02  -0.165665621E+02  -0.162561141E+02  -0.159553003E+02  -0.180488216E+02  -0.169541808E+02  -0.167624051E+02  -0.165870863E+02  -0.167088790E+02  -0.175048114E+02  -0.173030353E+02  -0.175117281E+02  -0.174735300E+02  -0.174774864E+02
   0.730000124E+06   0.226307466E+05  -0.172440102E+02  -0.169474603E+02  -0.165579599E+02  -0.162511411E+02  -0.159526163E+02  -0.180240741E+02  -0.169364698E+02  -0.167511311E+02  -0.165832369E+02  -0.167010378E+02  -0.174536747E+02  -0.172154107E+02  -0.174600028E+02  -0.174296566E+02  -0.174154769E+02
   0.740000242E+06   0.220544579E+05  -0.172225551E+02  -0.169347762E+02  -0.165519551E+02  -0.162485249E+02  -0.159521150E+02  -0.180029855E+02  -0.169219589E+02  -0.167426309E+02  -0.165816752E+02  -0.166957475E+02  -0.174079578E+02  -0.171356179E+02  -0.174137211E+02  -0.173907630E+02  -0.173596346E+02
   0.750000158E+06   0.215318650E+05  -0.172042555E+02  -0.169252077E+02  -0.165490238E+02  -0.162489661E+02  -0.159546146E+02  -0.179850501E+02  -0.169105698E+02  -0.167372215E+02  -0.165831477E+02  -0.166935252E+02  -0.173655879E+02  -0.170594353E+02  -0.173707595E+02  -0.173552220E+02  -0.173074180E+02
   0.760000107E+06   0.210552492E+05  -0.171884967E+02  -0.169174941E+02  -0.165474252E+02  -0.162504750E+02  -0.159580156E+02  -0.179696268E+02  -0.169011785E+02  -0.167333399E+02  -0.165856050E+02  -0.166925795E+02  -0.173276569E+02  -0.169903574E+02  -0.173322804E+02  -0.173235870E+02  -0.172604360E+02
   0.770000259E+06   0.206157030E+05  -0.171748351E+02  -0.169119976E+02  -0.165481254E+02  -0.162543177E+02  -0.159638109E+02  -0.179563093E+02  -0.168939812E+02  -0.167317232E+02  -0.165904147E+02  -0.166939395E+02  -0.172915993E+02  -0.169228008E+02  -0.172956289E+02  -0.172939622E+02  -0.172152629E+02
   0.780000201E+06   0.202094962E+05  -0.171630427E+02  -0.169078500E+02  -0.165497784E+02  -0.162589117E+02  -0.159702368E+02  -0.179448394E+02  -0.168882412E+02  -0.167312071E+02  -0.165959145E+02  -0.166962100E+02  -0.172588506E+02  -0.168605738E+02  -0.172623197E+02  -0.172672417E+02  -0.171739880E+02
   0.790000208E+06   0.198316179E+05  -0.171528296E+02  -0.169051307E+02  -0.165527432E+02  -0.162647554E+02  -0.159778993E+02  -0.179349426E+02  -0.168839632E+02  -0.167320479E+02  -0.166026430E+02  -0.166997811E+02  -0.172281476E+02  -0.168010404E+02  -0.172310514E+02  -0.172424259E+02  -0.171349138E+02
   0.800000210E+06   0.194781463E+05  -0.171438390E+02  -0.169035949E+02  -0.165568594E+02  -0.162717311E+02  -0.159867096E+02  -0.179262670E+02  -0.168808792E+02  -0.167340539E+02  -0.166104953E+02  -0.167045017E+02  -0.171988324E+02  -0.167431188E+02  -0.172011566E+02  -0.172189430E+02  -0.170972567E+02
   0.810000086E+06   0.191480257E+05  -0.171361454E+02  -0.169028635E+02  -0.165614066E+02  -0.162789491E+02  -0.159956408E+02  -0.179188675E+02  -0.168787019E+02  -0.167366303E+02  -0.166185320E+02  -0.167096135E+02  -0.171721569E+02  -0.166897266E+02  -0.171739396E+02  -0.171977145E+02  -0.170627903E+02
   0.820000050E+06   0.188368417E+05  -0.171292707E+02  -0.169029939E+02  -0.165668375E+02  -0.162870622E+02  -0.160056023E+02  -0.179122903E+02  -0.168773746E+02  -0.167400794E+02  -0.166274690E+02  -0.167156123E+02  -0.171462649E+02  -0.166370499E+02  -0.171474786E+02  -0.171773421E+02  -0.170291122E+02
   0.830000087E+06   0.185428301E+05  -0.171231576E+02  -0.169038782E+02  -0.165730081E+02  -0.162959084E+02  -0.160163948E+02  -0.179064756E+02  -0.168768007E+02  -0.167442714E+02  -0.166371385E+02  -0.167223505E+02  -0.171212204E+02  -0.165853268E+02  -0.171218461E+02  -0.171578426E+02  -0.169963323E+02
   0.840000289E+06   0.182657748E+05  -0.171180510E+02  -0.169053655E+02  -0.165794769E+02  -0.163048984E+02  -0.160272189E+02  -0.179016502E+02  -0.168769138E+02  -0.167488756E+02  -0.166469042E+02  -0.167293540E+02  -0.170982742E+02  -0.165372406E+02  -0.170983458E+02  -0.171401217E+02  -0.169660968E+02
   0.850000211E+06   0.180021894E+05  -0.171136313E+02  -0.169072192E+02  -0.165860699E+02  -0.163138899E+02  -0.160379554E+02  -0.178974981E+02  -0.168774601E+02  -0.167536946E+02  -0.166566338E+02  -0.167364556E+02  -0.170768823E+02  -0.164919310E+02  -0.170764267E+02  -0.171237010E+02  -0.169377699E+02
   0.860000053E+06   0.177510004E+05  -0.171095037E+02  -0.169098757E+02  -0.165938403E+02  -0.163242450E+02  -0.160508424E+02  -0.178936623E+02  -0.168787038E+02  -0.167595504E+02  -0.166677843E+02  -0.167447781E+02  -0.170545577E+02  -0.164439401E+02  -0.170534977E+02  -0.171068788E+02  -0.169081194E+02
   0.870000182E+06   0.175128700E+05  -0.171061789E+02  -0.169129890E+02  -0.166018067E+02  -0.163346641E+02  -0.160636690E+02  -0.178906144E+02  -0.168804764E+02  -0.167656999E+02  -0.166789583E+02  -0.167532683E+02  -0.170339652E+02  -0.163989915E+02  -0.170323312E+02  -0.170915089E+02  -0.168805758E+02
   0.880000348E+06   0.172855694E+05  -0.171033701E+02  -0.169163254E+02  -0.166097755E+02  -0.163449742E+02  -0.160762771E+02  -0.178880700E+02  -0.168825332E+02  -0.167719344E+02  -0.166899889E+02  -0.167617373E+02  -0.170146739E+02  -0.163564519E+02  -0.170124921E+02  -0.170772028E+02  -0.168546496E+02
   0.890000118E+06   0.170674856E+05  -0.171008576E+02  -0.169197090E+02  -0.166176037E+02  -0.163550486E+02  -0.160885563E+02  -0.178858111E+02  -0.168846890E+02  -0.167780986E+02  -0.167007546E+02  -0.167700452E+02  -0.169963472E+02  -0.163158197E+02  -0.169936399E+02  -0.170636591E+02  -0.168299571E+02
   0.900000188E+06   0.168589705E+05  -0.170984843E+02  -0.169235208E+02  -0.166260726E+02  -0.163658753E+02  -0.161011019E+02  -0.178837050E+02  -0.168872140E+02  -0.167848228E+02  -0.167123002E+02  -0.167790179E+02  -0.169774960E+02  -0.162737009E+02  -0.169742029E+02  -0.170496157E+02  -0.168045554E+02
   0.910000335E+06   0.166588638E+05  -0.170963748E+02  -0.169275984E+02  -0.166348067E+02  -0.163769687E+02  -0.161136660E+02  -0.178818633E+02  -0.168900049E+02  -0.167918120E+02  -0.167241099E+02  -0.167882563E+02  -0.169589496E+02  -0.162319341E+02  -0.169550562E+02  -0.170357910E+02  -0.167795095E+02
   0.920000206E+06   0.164649982E+05  -0.170944236E+02  -0.169316413E+02  -0.166433608E+02  -0.163878085E+02  -0.161259307E+02  -0.178801714E+02  -0.168928013E+02  -0.167986756E+02  -0.167356438E+02  -0.167972990E+02  -0.169410740E+02  -0.161915624E+02  -0.169365990E+02  -0.170224899E+02  -0.167553371E+02
   0.930000152E+06   0.162778396E+05  -0.170927151E+02  -0.169357195E+02  -0.166517942E+02  -0.163984485E+02  -0.161379464E+02  -0.178787133E+02  -0.168956761E+02  -0.168054770E+02  -0.167469538E+02  -0.168062041E+02  -0.169239921E+02  -0.161527626E+02  -0.169189556E+02  -0.170098242E+02  -0.167321763E+02
   0.940000170E+06   0.160978695E+05  -0.170913716E+02  -0.169399406E+02  -0.166602031E+02  -0.164089793E+02  -0.161497999E+02  -0.178776106E+02  -0.168987399E+02  -0.168123166E+02  -0.167581289E+02  -0.168150665E+02  -0.169078657E+02  -0.161157525E+02  -0.169022893E+02  -0.169979444E+02  -0.167102045E+02
   0.950000211E+06   0.159236604E+05  -0.170898381E+02  -0.169441563E+02  -0.166687414E+02  -0.164197089E+02  -0.161618611E+02  -0.178763267E+02  -0.169017588E+02  -0.168192342E+02  -0.167695219E+02  -0.168240732E+02  -0.168911433E+02  -0.160775537E+02  -0.168849832E+02  -0.169855353E+02  -0.166875207E+02
   0.960000160E+06   0.157540990E+05  -0.170878961E+02  -0.169482631E+02  -0.166773906E+02  -0.164306624E+02  -0.161741745E+02  -0.178746482E+02  -0.169046049E+02  -0.168261793E+02  -0.167811706E+02  -0.168332149E+02  -0.168733205E+02  -0.160372539E+02  -0.168665161E+02  -0.169721636E+02  -0.166635174E+02
   0.970000319E+06   0.155895191E+05  -0.170860726E+02  -0.169523107E+02  -0.166858471E+02  -0.164413555E+02  -0.161861876E+02  -0.178730804E+02  -0.169074288E+02  -0.168329817E+02  -0.167925385E+02  -0.168421495E+02  -0.168560828E+02  -0.159981994E+02  -0.168486530E+02  -0.169592463E+02  -0.166402808E+02
   0.980000012E+06   0.154298105E+05  -0.170844192E+02  -0.169563545E+02  -0.166941693E+02  -0.164518482E+02  -0.161979611E+02  -0.178716751E+02  -0.169102852E+02  -0.168396989E+02  -0.168036860E+02  -0.168509357E+02  -0.168394713E+02  -0.159604170E+02  -0.168314346E+02  -0.169468274E+02  -0.166178479E+02
   0.990000366E+06   0.152737442E+05  -0.170827065E+02  -0.169602092E+02  -0.167022049E+02  -0.164620047E+02  -0.162093692E+02  -0.178702050E+02  -0.169129795E+02  -0.168461660E+02  -0.168144823E+02  -0.168594246E+02  -0.168231418E+02  -0.159233993E+02  -0.168145120E+02  -0.169345947E+02  -0.165958298E+02
   0.100000033E+07   0.151211985E+05  -0.170809218E+02  -0.169638663E+02  -0.167099485E+02  -0.164718214E+02  -0.162204094E+02  -0.178686574E+02  -0.169155024E+02  -0.168523766E+02  -0.168249245E+02  -0.168676115E+02  -0.168070701E+02  -0.158871061E+02  -0.167978606E+02  -0.169225275E+02  -0.165741977E+02
   0.101000024E+07   0.149727411E+05  -0.170790074E+02  -0.169674076E+02  -0.167175848E+02  -0.164815355E+02  -0.162314193E+02  -0.178669811E+02  -0.169179066E+02  -0.168584762E+02  -0.168352656E+02  -0.168756930E+02  -0.167908725E+02  -0.158506825E+02  -0.167810711E+02  -0.169102672E+02  -0.165524589E+02
   0.102000034E+07   0.148281009E+05  -0.170763867E+02  -0.169707945E+02  -0.167254724E+02  -0.164917084E+02  -0.162433105E+02  -0.178646247E+02  -0.169200411E+02  -0.168646732E+02  -0.168461288E+02  -0.168840751E+02  -0.167726944E+02  -0.158104309E+02  -0.167621959E+02  -0.168960993E+02  -0.165283187E+02
   0.103000021E+07   0.146857963E+05  -0.170735650E+02  -0.169738834E+02  -0.167329892E+02  -0.165014736E+02  -0.162547664E+02  -0.178620629E+02  -0.169218978E+02  -0.168705268E+02  -0.168565733E+02  -0.168920785E+02  -0.167545666E+02  -0.157705859E+02  -0.167433821E+02  -0.168819169E+02  -0.165043251E+02
   0.104000032E+07   0.145460199E+05  -0.170706008E+02  -0.169767249E+02  -0.167401799E+02  -0.165108728E+02  -0.162658261E+02  -0.178593542E+02  -0.169235289E+02  -0.168760838E+02  -0.168666397E+02  -0.168997471E+02  -0.167365682E+02  -0.157312563E+02  -0.167247100E+02  -0.168677938E+02  -0.164805651E+02
   0.105000016E+07   0.144093264E+05  -0.170676303E+02  -0.169794319E+02  -0.167471403E+02  -0.165199929E+02  -0.162765701E+02  -0.178566334E+02  -0.169250522E+02  -0.168814465E+02  -0.168764122E+02  -0.169071748E+02  -0.167188950E+02  -0.156927223E+02  -0.167063779E+02  -0.168539104E+02  -0.164572574E+02
   0.106000032E+07   0.142756868E+05  -0.170646338E+02  -0.169819862E+02  -0.167538529E+02  -0.165288170E+02  -0.162869819E+02  -0.178538811E+02  -0.169264493E+02  -0.168865971E+02  -0.168858742E+02  -0.169143443E+02  -0.167015244E+02  -0.156549570E+02  -0.166883632E+02  -0.168402450E+02  -0.164343782E+02
   0.107000014E+07   0.141441392E+05  -0.170614097E+02  -0.169842259E+02  -0.167601858E+02  -0.165372284E+02  -0.162969561E+02  -0.178508973E+02  -0.169275500E+02  -0.168913925E+02  -0.168949135E+02  -0.169211270E+02  -0.166841511E+02  -0.156175082E+02  -0.166703559E+02  -0.168265189E+02  -0.164115826E+02
   0.108000032E+07   0.140146220E+05  -0.170579899E+02  -0.169861855E+02  -0.167661756E+02  -0.165452645E+02  -0.163065308E+02  -0.178477141E+02  -0.169283882E+02  -0.168958685E+02  -0.169035677E+02  -0.169275596E+02  -0.166668006E+02  -0.155803920E+02  -0.166523811E+02  -0.168127592E+02  -0.163888933E+02
   0.109000020E+07   0.138874651E+05  -0.170534447E+02  -0.169877467E+02  -0.167723022E+02  -0.165537139E+02  -0.163167406E+02  -0.178434402E+02  -0.169286753E+02  -0.169002784E+02  -0.169127180E+02  -0.169341937E+02  -0.166466708E+02  -0.155380772E+02  -0.166314842E+02  -0.167960242E+02  -0.163629166E+02
   0.110000015E+07   0.137627067E+05  -0.170487504E+02  -0.169891488E+02  -0.167782611E+02  -0.165619917E+02  -0.163267775E+02  -0.178390168E+02  -0.169288053E+02  -0.169045237E+02  -0.169216954E+02  -0.169406597E+02  -0.166264426E+02  -0.154957281E+02  -0.166104837E+02  -0.167791100E+02  -0.163368747E+02
   0.111000013E+07   0.136398107E+05  -0.170438755E+02  -0.169902792E+02  -0.167838804E+02  -0.165698953E+02  -0.163364140E+02  -0.178344088E+02  -0.169286827E+02  -0.169084549E+02  -0.169302882E+02  -0.169467786E+02  -0.166062656E+02  -0.154537605E+02  -0.165895461E+02  -0.167621977E+02  -0.163109708E+02
   0.112000032E+07   0.135189853E+05  -0.170388645E+02  -0.169911723E+02  -0.167891868E+02  -0.165774474E+02  -0.163456697E+02  -0.178296602E+02  -0.169283438E+02  -0.169121016E+02  -0.169385180E+02  -0.169525761E+02  -0.165862104E+02  -0.154122817E+02  -0.165687429E+02  -0.167453521E+02  -0.162852851E+02
   0.113000018E+07   0.134000955E+05  -0.170337134E+02  -0.169918308E+02  -0.167941879E+02  -0.165846583E+02  -0.163545569E+02  -0.178247674E+02  -0.169277901E+02  -0.169154696E+02  -0.169463956E+02  -0.169580605E+02  -0.165662561E+02  -0.153712470E+02  -0.165480527E+02  -0.167285560E+02  -0.162597906E+02
   0.114000009E+07   0.132831714E+05  -0.170284948E+02  -0.169923256E+02  -0.167989535E+02  -0.165915972E+02  -0.163631445E+02  -0.178198027E+02  -0.169270928E+02  -0.169186291E+02  -0.169539902E+02  -0.169633014E+02  -0.165464790E+02  -0.153307382E+02  -0.165275519E+02  -0.167118849E+02  -0.162345648E+02
   0.115000008E+07   0.131678253E+05  -0.170231196E+02  -0.169925868E+02  -0.168034278E+02  -0.165982154E+02  -0.163713891E+02  -0.178146780E+02  -0.169261779E+02  -0.169215190E+02  -0.169612552E+02  -0.169682446E+02  -0.165267418E+02  -0.152905489E+02  -0.165071007E+02  -0.166952117E+02  -0.162094525E+02
   0.116000024E+07   0.130542750E+05  -0.170176251E+02  -0.169926409E+02  -0.168076295E+02  -0.166045277E+02  -0.163793024E+02  -0.178094302E+02  -0.169250743E+02  -0.169241610E+02  -0.169682043E+02  -0.169729078E+02  -0.165071090E+02  -0.152507825E+02  -0.164867649E+02  -0.166785952E+02  -0.161845282E+02
   0.117000010E+07   0.129429819E+05  -0.170113469E+02  -0.169923321E+02  -0.168117792E+02  -0.166109464E+02  -0.163874370E+02  -0.178034192E+02  -0.169235191E+02  -0.169266310E+02  -0.169753085E+02  -0.169775557E+02  -0.164857806E+02  -0.152079635E+02  -0.164646416E+02  -0.166603640E+02  -0.161576629E+02
   0.118000023E+07   0.128332187E+05  -0.170042042E+02  -0.169915750E+02  -0.168157887E+02  -0.166173820E+02  -0.163957025E+02  -0.177965637E+02  -0.169214281E+02  -0.169288421E+02  -0.169824778E+02  -0.169820996E+02  -0.164626747E+02  -0.151620125E+02  -0.164406521E+02  -0.166404447E+02  -0.161287670E+02
   0.119000010E+07   0.127248915E+05  -0.169969326E+02  -0.169906056E+02  -0.168195235E+02  -0.166235112E+02  -0.164036375E+02  -0.177895756E+02  -0.169191422E+02  -0.169308021E+02  -0.169893310E+02  -0.169863617E+02  -0.164396488E+02  -0.151164404E+02  -0.164167541E+02  -0.166205637E+02  -0.161000268E+02
   0.120000035E+07   0.126183254E+05  -0.169896344E+02  -0.169895071E+02  -0.168230527E+02  -0.166293958E+02  -0.164112987E+02  -0.177825562E+02  -0.169167486E+02  -0.169325853E+02  -0.169959279E+02  -0.169904097E+02  -0.164168523E+02  -0.150714644E+02  -0.163930998E+02  -0.166008611E+02  -0.160716090E+02
   0.121000038E+07   0.125137998E+05  -0.169823753E+02  -0.169883289E+02  -0.168264136E+02  -0.166350671E+02  -0.164187126E+02  -0.177755706E+02  -0.169143001E+02  -0.169342337E+02  -0.170022979E+02  -0.169942795E+02  -0.163943917E+02  -0.150272489E+02  -0.163697978E+02  -0.165814351E+02  -0.160436346E+02
   0.122000011E+07   0.124107090E+05  -0.169749723E+02  -0.169869235E+02  -0.168294851E+02  -0.166404172E+02  -0.164257813E+02  -0.177684375E+02  -0.169116419E+02  -0.169356161E+02  -0.170083370E+02  -0.169978528E+02  -0.163719960E+02  -0.149833968E+02  -0.163465722E+02  -0.165620323E+02  -0.160158009E+02
   0.123000013E+07   0.123090440E+05  -0.169674781E+02  -0.169853438E+02  -0.168323203E+02  -0.166454995E+02  -0.164325584E+02  -0.177612093E+02  -0.169088266E+02  -0.169367856E+02  -0.170140988E+02  -0.170011828E+02  -0.163497162E+02  -0.149399576E+02  -0.163234741E+02  -0.165427041E+02  -0.159881583E+02
   0.124000019E+07   0.122086709E+05  -0.169598800E+02  -0.169835851E+02  -0.168349204E+02  -0.166503181E+02  -0.164390504E+02  -0.177538739E+02  -0.169058481E+02  -0.169377413E+02  -0.170195884E+02  -0.170042716E+02  -0.163275206E+02  -0.148968713E+02  -0.163004704E+02  -0.165234225E+02  -0.159606680E+02
   0.125000005E+07   0.121104109E+05  -0.169524058E+02  -0.169818275E+02  -0.168374298E+02  -0.166549993E+02  -0.164453697E+02  -0.177466569E+02  -0.169028963E+02  -0.169386407E+02  -0.170249264E+02  -0.170072593E+02  -0.163057562E+02  -0.148546561E+02  -0.162779150E+02  -0.165045108E+02  -0.159337204E+02
   0.126000039E+07   0.120139383E+05  -0.169449549E+02  -0.169799890E+02  -0.168397807E+02  -0.166594826E+02  -0.164514613E+02  -0.177394584E+02  -0.168998854E+02  -0.169394111E+02  -0.170300545E+02  -0.170100798E+02  -0.162842750E+02  -0.148130959E+02  -0.162556572E+02  -0.164858303E+02  -0.159071502E+02
   0.127000035E+07   0.119185811E+05  -0.169357481E+02  -0.169773095E+02  -0.168419680E+02  -0.166641502E+02  -0.164579088E+02  -0.177305490E+02  -0.168958405E+02  -0.169397560E+02  -0.170354733E+02  -0.170128176E+02  -0.162590711E+02  -0.147648505E+02  -0.162294739E+02  -0.164635730E+02  -0.158763821E+02
   0.128000034E+07   0.118244101E+05  -0.169261885E+02  -0.169743617E+02  -0.168439491E+02  -0.166686438E+02  -0.164641924E+02  -0.177212913E+02  -0.168915093E+02  -0.169398704E+02  -0.170407279E+02  -0.170153570E+02  -0.162333535E+02  -0.147158378E+02  -0.162027534E+02  -0.164407954E+02  -0.158450792E+02
   0.129000028E+07   0.117315595E+05  -0.169166121E+02  -0.169713043E+02  -0.168457515E+02  -0.166729234E+02  -0.164702370E+02  -0.177120124E+02  -0.168870879E+02  -0.169398322E+02  -0.170457580E+02  -0.170177098E+02  -0.162078455E+02  -0.146673614E+02  -0.161762566E+02  -0.164181862E+02  -0.158140643E+02
   0.130000027E+07   0.116408584E+05  -0.169072794E+02  -0.169683397E+02  -0.168475342E+02  -0.166771261E+02  -0.164761636E+02  -0.177029704E+02  -0.168827909E+02  -0.169398169E+02  -0.170506936E+02  -0.170200301E+02  -0.161829501E+02  -0.146200293E+02  -0.161503953E+02  -0.163961225E+02  -0.157837894E+02
   0.131000016E+07   0.115518273E+05  -0.168980251E+02  -0.169653363E+02  -0.168491907E+02  -0.166811579E+02  -0.164818878E+02  -0.176940015E+02  -0.168784796E+02  -0.169397085E+02  -0.170554450E+02  -0.170222144E+02  -0.161584197E+02  -0.145734753E+02  -0.161249167E+02  -0.163743717E+02  -0.157539786E+02
   0.132000005E+07   0.114636749E+05  -0.168886141E+02  -0.169621145E+02  -0.168505828E+02  -0.166849019E+02  -0.164873074E+02  -0.176848730E+02  -0.168739629E+02  -0.169393532E+02  -0.170599015E+02  -0.170241291E+02  -0.161338834E+02  -0.145271327E+02  -0.160994415E+02  -0.163525875E+02  -0.157242140E+02
   0.133000024E+07   0.113765042E+05  -0.168791175E+02  -0.169587381E+02  -0.168517689E+02  -0.166884137E+02  -0.164924761E+02  -0.176756558E+02  -0.168693059E+02  -0.169388113E+02  -0.170641178E+02  -0.170258319E+02  -0.161094298E+02  -0.144811156E+02  -0.160740596E+02  -0.163308553E+02  -0.156945902E+02
   0.134000038E+07   0.112904005E+05  -0.168695852E+02  -0.169552512E+02  -0.168527886E+02  -0.166917307E+02  -0.164974298E+02  -0.176663995E+02  -0.168645542E+02  -0.169381242E+02  -0.170681307E+02  -0.170273621E+02  -0.160851237E+02  -0.144355101E+02  -0.160488365E+02  -0.163092374E+02  -0.156651773E+02
   0.135000014E+07   0.112061976E+05  -0.168602701E+02  -0.169518480E+02  -0.168537926E+02  -0.166949813E+02  -0.165022809E+02  -0.176573543E+02  -0.168599140E+02  -0.169374591E+02  -0.170720618E+02  -0.170288653E+02  -0.160613609E+02  -0.143909180E+02  -0.160241769E+02  -0.162881034E+02  -0.156364205E+02
   0.136000011E+07   0.111238830E+05  -0.168511736E+02  -0.169485308E+02  -0.168547837E+02  -0.166981685E+02  -0.165070328E+02  -0.176485215E+02  -0.168553876E+02  -0.169368185E+02  -0.170759143E+02  -0.170303443E+02  -0.160381407E+02  -0.143473356E+02  -0.160000800E+02  -0.162674530E+02  -0.156083182E+02
   0.137000026E+07   0.110424832E+05  -0.168419582E+02  -0.169450305E+02  -0.168555439E+02  -0.167011004E+02  -0.165115119E+02  -0.176395670E+02  -0.168506915E+02  -0.169359650E+02  -0.170795041E+02  -0.170315870E+02  -0.160149585E+02  -0.143040176E+02  -0.159760310E+02  -0.162468122E+02  -0.155803082E+02
   0.138000008E+07   0.109617812E+05  -0.168315047E+02  -0.169408491E+02  -0.168560356E+02  -0.167039776E+02  -0.165160822E+02  -0.176294024E+02  -0.168451966E+02  -0.169346824E+02  -0.170831048E+02  -0.170326120E+02  -0.159893878E+02  -0.142565375E+02  -0.159494590E+02  -0.162242161E+02  -0.155496808E+02
   0.139000038E+07   0.108819314E+05  -0.168197760E+02  -0.169359926E+02  -0.168562969E+02  -0.167068546E+02  -0.165208094E+02  -0.176179926E+02  -0.168388997E+02  -0.169329961E+02  -0.170867762E+02  -0.170334613E+02  -0.159613042E+02  -0.142046355E+02  -0.159202287E+02  -0.161995765E+02  -0.155162968E+02
   0.140000042E+07   0.108033261E+05  -0.168081542E+02  -0.169311359E+02  -0.168564783E+02  -0.167096110E+02  -0.165253871E+02  -0.176066847E+02  -0.168326251E+02  -0.169312603E+02  -0.170903145E+02  -0.170342215E+02  -0.159335824E+02  -0.141534666E+02  -0.158913782E+02  -0.161752450E+02  -0.154833572E+02
   0.141000036E+07   0.107266276E+05  -0.167968663E+02  -0.169264491E+02  -0.168567073E+02  -0.167123525E+02  -0.165299058E+02  -0.175957031E+02  -0.168265547E+02  -0.169296185E+02  -0.170938190E+02  -0.170350152E+02  -0.159065851E+02  -0.141035909E+02  -0.158632795E+02  -0.161515557E+02  -0.154512687E+02
   0.142000028E+07   0.106514859E+05  -0.167857801E+02  -0.169218300E+02  -0.168569043E+02  -0.167150109E+02  -0.165343053E+02  -0.175849171E+02  -0.168205801E+02  -0.169279827E+02  -0.170972249E+02  -0.170357654E+02  -0.158801084E+02  -0.140547002E+02  -0.158357238E+02  -0.161283198E+02  -0.154198041E+02
   0.143000042E+07   0.105770087E+05  -0.167745828E+02  -0.169170425E+02  -0.168568903E+02  -0.167174366E+02  -0.165384568E+02  -0.175740172E+02  -0.168144492E+02  -0.169261521E+02  -0.171003916E+02  -0.170362998E+02  -0.158536567E+02  -0.140060326E+02  -0.158082025E+02  -0.161050803E+02  -0.153884085E+02
   0.144000035E+07   0.105031326E+05  -0.167632878E+02  -0.169121056E+02  -0.168566884E+02  -0.167196548E+02  -0.165423867E+02  -0.175630172E+02  -0.168081797E+02  -0.169241483E+02  -0.171033446E+02  -0.170366418E+02  -0.158272304E+02  -0.139575698E+02  -0.157807154E+02  -0.160818403E+02  -0.153570783E+02
   0.145000041E+07   0.104299973E+05  -0.167519596E+02  -0.169070718E+02  -0.168563420E+02  -0.167217042E+02  -0.165461307E+02  -0.175519811E+02  -0.168018266E+02  -0.169220181E+02  -0.171061216E+02  -0.170368339E+02  -0.158009226E+02  -0.139094465E+02  -0.157533574E+02  -0.160586868E+02  -0.153259158E+02
   0.146000034E+07   0.103579960E+05  -0.167407407E+02  -0.169020498E+02  -0.168559348E+02  -0.167236556E+02  -0.165497504E+02  -0.175410499E+02  -0.167955057E+02  -0.169198547E+02  -0.171087892E+02  -0.170369569E+02  -0.157749565E+02  -0.138620031E+02  -0.157263573E+02  -0.160358261E+02  -0.152951703E+02
   0.147000019E+07   0.102876780E+05  -0.167298405E+02  -0.168972015E+02  -0.168555933E+02  -0.167256176E+02  -0.165533418E+02  -0.175304305E+02  -0.167893889E+02  -0.169177981E+02  -0.171114508E+02  -0.170371332E+02  -0.157496537E+02  -0.138157252E+02  -0.157000448E+02  -0.160135561E+02  -0.152651998E+02
   0.148000001E+07   0.102188919E+05  -0.167191931E+02  -0.168924741E+02  -0.168552747E+02  -0.167275522E+02  -0.165568703E+02  -0.175200578E+02  -0.167834207E+02  -0.169158017E+02  -0.171140697E+02  -0.170373210E+02  -0.157249175E+02  -0.137704708E+02  -0.156743208E+02  -0.159917867E+02  -0.152358976E+02
   0.149000017E+07   0.101507767E+05  -0.167084865E+02  -0.168876299E+02  -0.168547962E+02  -0.167293050E+02  -0.165602014E+02  -0.175096233E+02  -0.167773478E+02  -0.169136618E+02  -0.171165001E+02  -0.170373440E+02  -0.157002596E+02  -0.137254948E+02  -0.156486847E+02  -0.159700666E+02  -0.152067181E+02
   0.150000024E+07   0.100831547E+05  -0.166976612E+02  -0.168826245E+02  -0.168541248E+02  -0.167308489E+02  -0.165633121E+02  -0.174990681E+02  -0.167711225E+02  -0.169113411E+02  -0.171187166E+02  -0.170371706E+02  -0.156755839E+02  -0.136806482E+02  -0.156230380E+02  -0.159483075E+02  -0.151775537E+02
   0.151000013E+07   0.100161061E+05  -0.166867777E+02  -0.168775116E+02  -0.168533093E+02  -0.167322297E+02  -0.165662465E+02  -0.174884524E+02  -0.167648001E+02  -0.169088901E+02  -0.171207645E+02  -0.170368487E+02  -0.156509676E+02  -0.136360319E+02  -0.155974589E+02  -0.159265829E+02  -0.151484867E+02
   0.152000002E+07   0.994990153E+04  -0.166737589E+02  -0.168712626E+02  -0.168520988E+02  -0.167336018E+02  -0.165694566E+02  -0.174757527E+02  -0.167571301E+02  -0.169057523E+02  -0.171229235E+02  -0.170362248E+02  -0.156222312E+02  -0.135841516E+02  -0.155675023E+02  -0.159013212E+02  -0.151150420E+02
   0.153000024E+07   0.988503012E+04  -0.166603465E+02  -0.168648215E+02  -0.168508452E+02  -0.167350093E+02  -0.165727608E+02  -0.174626703E+02  -0.167492252E+02  -0.169025119E+02  -0.171251424E+02  -0.170355773E+02  -0.155927382E+02  -0.135309112E+02  -0.155367287E+02  -0.158754279E+02  -0.150808368E+02
   0.154000029E+07   0.982173630E+04  -0.166473444E+02  -0.168586211E+02  -0.168497062E+02  -0.167364666E+02  -0.165760686E+02  -0.174499900E+02  -0.167415966E+02  -0.168994343E+02  -0.171273914E+02  -0.170350295E+02  -0.155640465E+02  -0.134790495E+02  -0.155067876E+02  -0.158502484E+02  -0.150475474E+02
   0.155000037E+07   0.975939671E+04  -0.166344745E+02  -0.168524505E+02  -0.168485206E+02  -0.167378381E+02  -0.165792629E+02  -0.174374372E+02  -0.167340193E+02  -0.168963394E+02  -0.171295428E+02  -0.170344263E+02  -0.155357236E+02  -0.134279059E+02  -0.154772341E+02  -0.158253847E+02  -0.150146962E+02
   0.156000032E+07   0.969747015E+04  -0.166214943E+02  -0.168461251E+02  -0.168471472E+02  -0.167390050E+02  -0.165822404E+02  -0.174247720E+02  -0.167262965E+02  -0.168930693E+02  -0.171314843E+02  -0.170336314E+02  -0.155073927E+02  -0.133769056E+02  -0.154476808E+02  -0.158004901E+02  -0.149818670E+02
   0.157000033E+07   0.963601031E+04  -0.166084396E+02  -0.168396751E+02  -0.168456119E+02  -0.167399907E+02  -0.165850231E+02  -0.174120299E+02  -0.167184596E+02  -0.168896516E+02  -0.171332388E+02  -0.170326702E+02  -0.154791031E+02  -0.133261174E+02  -0.154181779E+02  -0.157756109E+02  -0.149491129E+02
   0.158000021E+07   0.957509428E+04  -0.165953675E+02  -0.168331491E+02  -0.168439571E+02  -0.167408348E+02  -0.165876482E+02  -0.173992676E+02  -0.167105591E+02  -0.168861311E+02  -0.171348448E+02  -0.170315846E+02  -0.154509307E+02  -0.132756455E+02  -0.153888031E+02  -0.157508187E+02  -0.149165156E+02
   0.159000042E+07   0.951503187E+04  -0.165824194E+02  -0.168266555E+02  -0.168422665E+02  -0.167416079E+02  -0.165901774E+02  -0.173866249E+02  -0.167027102E+02  -0.168826009E+02  -0.171363692E+02  -0.170304550E+02  -0.154230941E+02  -0.132258218E+02  -0.153597808E+02  -0.157263149E+02  -0.148843160E+02
   0.160000042E+07   0.945628610E+04  -0.165698358E+02  -0.168203849E+02  -0.168406936E+02  -0.167424447E+02  -0.165927318E+02  -0.173743401E+02  -0.166951140E+02  -0.168792287E+02  -0.171379409E+02  -0.170294309E+02  -0.153959483E+02  -0.131771709E+02  -0.153314754E+02  -0.157024290E+02  -0.148529029E+02
   0.161000004E+07   0.939887731E+04  -0.165576200E+02  -0.168143384E+02  -0.168392378E+02  -0.167433438E+02  -0.165953095E+02  -0.173624163E+02  -0.166877721E+02  -0.168760146E+02  -0.171395582E+02  -0.170285114E+02  -0.153695017E+02  -0.131297087E+02  -0.153038955E+02  -0.156791680E+02  -0.148222861E+02
   0.162000001E+07   0.934212155E+04  -0.165454409E+02  -0.168082585E+02  -0.168376964E+02  -0.167441306E+02  -0.165977556E+02  -0.173505259E+02  -0.166804115E+02  -0.168727349E+02  -0.171410548E+02  -0.170275002E+02  -0.153432537E+02  -0.130826841E+02  -0.152765272E+02  -0.156560694E+02  -0.147919154E+02
   0.163000038E+07   0.928568460E+04  -0.165331334E+02  -0.168020159E+02  -0.168359668E+02  -0.167447160E+02  -0.165999912E+02  -0.173385054E+02  -0.166728953E+02  -0.168692768E+02  -0.171423463E+02  -0.170262979E+02  -0.153169563E+02  -0.130357269E+02  -0.152491157E+02  -0.156329037E+02  -0.147615185E+02
   0.164000036E+07   0.922966979E+04  -0.165207559E+02  -0.167956579E+02  -0.168340881E+02  -0.167451351E+02  -0.166020480E+02  -0.173264128E+02  -0.166652734E+02  -0.168656825E+02  -0.171434660E+02  -0.170249425E+02  -0.152906936E+02  -0.129889588E+02  -0.152217473E+02  -0.156097492E+02  -0.147311868E+02
   0.165000031E+07   0.917415825E+04  -0.165083637E+02  -0.167892311E+02  -0.168321003E+02  -0.167454244E+02  -0.166039603E+02  -0.173143029E+02  -0.166575940E+02  -0.168619945E+02  -0.171444497E+02  -0.170234733E+02  -0.152645409E+02  -0.129424850E+02  -0.151944988E+02  -0.155866768E+02  -0.147010017E+02
   0.166000015E+07   0.911942854E+04  -0.164960990E+02  -0.167828478E+02  -0.168300936E+02  -0.167456627E+02  -0.166057988E+02  -0.173023166E+02  -0.166499757E+02  -0.168583115E+02  -0.171453726E+02  -0.170219778E+02  -0.152387095E+02  -0.128966187E+02  -0.151675871E+02  -0.155638824E+02  -0.146711948E+02
   0.167000030E+07   0.906586364E+04  -0.164841900E+02  -0.167766951E+02  -0.168282243E+02  -0.167459905E+02  -0.166076928E+02  -0.172906800E+02  -0.166426143E+02  -0.168548015E+02  -0.171463704E+02  -0.170206089E+02  -0.152135226E+02  -0.128518233E+02  -0.151413428E+02  -0.155416678E+02  -0.146421170E+02
   0.168000030E+07   0.901345100E+04  -0.164726227E+02  -0.167707603E+02  -0.168264806E+02  -0.167463969E+02  -0.166096316E+02  -0.172793793E+02  -0.166354968E+02  -0.168514526E+02  -0.171474324E+02  -0.170193549E+02  -0.151889630E+02  -0.128080771E+02  -0.151157486E+02  -0.155200167E+02  -0.146137501E+02
   0.169000034E+07   0.896157399E+04  -0.164585438E+02  -0.167633978E+02  -0.168241138E+02  -0.167466015E+02  -0.166116808E+02  -0.172656242E+02  -0.166267224E+02  -0.168471588E+02  -0.171484254E+02  -0.170175805E+02  -0.151598304E+02  -0.127563755E+02  -0.150852810E+02  -0.154942983E+02  -0.145806720E+02
   0.170000007E+07   0.890995546E+04  -0.164434649E+02  -0.167553997E+02  -0.168213814E+02  -0.167465823E+02  -0.166136112E+02  -0.172508884E+02  -0.166172354E+02  -0.168423913E+02  -0.171492391E+02  -0.170154752E+02  -0.151290086E+02  -0.127018510E+02  -0.150530227E+02  -0.154670604E+02  -0.145458627E+02
   0.171000025E+07   0.885870613E+04  -0.164283352E+02  -0.167473000E+02  -0.168185098E+02  -0.167464045E+02  -0.166153690E+02  -0.172360992E+02  -0.166076574E+02  -0.168374992E+02  -0.171498883E+02  -0.170132262E+02  -0.150982485E+02  -0.126475578E+02  -0.150208363E+02  -0.154398586E+02  -0.145111436E+02
   0.172000033E+07   0.880790522E+04  -0.164132134E+02  -0.167391468E+02  -0.168155389E+02  -0.167461038E+02  -0.166169870E+02  -0.172213150E+02  -0.165980388E+02  -0.168325254E+02  -0.171504073E+02  -0.170108724E+02  -0.150676331E+02  -0.125936151E+02  -0.149888071E+02  -0.154127703E+02  -0.144766038E+02
   0.173000011E+07   0.875774842E+04  -0.163982213E+02  -0.167310349E+02  -0.168125437E+02  -0.167457449E+02  -0.166185225E+02  -0.172066563E+02  -0.165884802E+02  -0.168275527E+02  -0.171508578E+02  -0.170084865E+02  -0.150373440E+02  -0.125402944E+02  -0.149571221E+02  -0.153859635E+02  -0.144424400E+02
   0.174000017E+07   0.870851240E+04  -0.163835538E+02  -0.167231213E+02  -0.168096528E+02  -0.167454420E+02  -0.166200792E+02  -0.171923160E+02  -0.165791463E+02  -0.168227206E+02  -0.171513493E+02  -0.170061937E+02  -0.150076601E+02  -0.124880019E+02  -0.149260680E+02  -0.153596981E+02  -0.144089527E+02
   0.175000007E+07   0.866048450E+04  -0.163693819E+02  -0.167155376E+02  -0.168069686E+02  -0.167452822E+02  -0.166217333E+02  -0.171784633E+02  -0.165701772E+02  -0.168181428E+02  -0.171519645E+02  -0.170040929E+02  -0.149788404E+02  -0.124371283E+02  -0.148959117E+02  -0.153342129E+02  -0.143764228E+02
   0.176000019E+07   0.861295379E+04  -0.163552988E+02  -0.167079745E+02  -0.168042543E+02  -0.167450662E+02  -0.166233125E+02  -0.171646961E+02  -0.165612432E+02  -0.168135546E+02  -0.171525154E+02  -0.170019560E+02  -0.149502612E+02  -0.123867234E+02  -0.148660097E+02  -0.153089338E+02  -0.143441718E+02
   0.177000042E+07   0.856560946E+04  -0.163411017E+02  -0.167002717E+02  -0.168013812E+02  -0.167446817E+02  -0.166247162E+02  -0.171508136E+02  -0.165521748E+02  -0.168088149E+02  -0.171528949E+02  -0.169996581E+02  -0.149216246E+02  -0.123363468E+02  -0.148360555E+02  -0.152835844E+02  -0.143118780E+02
   0.178000009E+07   0.851856607E+04  -0.163268440E+02  -0.166924672E+02  -0.167983757E+02  -0.167441489E+02  -0.166259601E+02  -0.171368686E+02  -0.165430132E+02  -0.168039547E+02  -0.171531212E+02  -0.169972241E+02  -0.148930194E+02  -0.122861397E+02  -0.148061411E+02  -0.152582453E+02  -0.142796386E+02
   0.179000030E+07   0.847188988E+04  -0.163125737E+02  -0.166845997E+02  -0.167952698E+02  -0.167434963E+02  -0.166270705E+02  -0.171229086E+02  -0.165337994E+02  -0.167990085E+02  -0.171532218E+02  -0.169946852E+02  -0.148645135E+02  -0.122362007E+02  -0.147763362E+02  -0.152329802E+02  -0.142475270E+02
   0.180000023E+07   0.842570143E+04  -0.162983553E+02  -0.166767171E+02  -0.167920990E+02  -0.167427533E+02  -0.166280720E+02  -0.171089970E+02  -0.165245844E+02  -0.167940167E+02  -0.171532241E+02  -0.169920755E+02  -0.148362082E+02  -0.121866861E+02  -0.147467455E+02  -0.152078818E+02  -0.142156537E+02
   0.181000033E+07   0.838028928E+04  -0.162843886E+02  -0.166689798E+02  -0.167889943E+02  -0.167420356E+02  -0.166290694E+02  -0.170953322E+02  -0.165155372E+02  -0.167891216E+02  -0.171532391E+02  -0.169895225E+02  -0.148083915E+02  -0.121380165E+02  -0.147176649E+02  -0.151832180E+02  -0.141843288E+02
   0.182000009E+07   0.833593479E+04  -0.162708606E+02  -0.166615361E+02  -0.167860754E+02  -0.167414480E+02  -0.166301571E+02  -0.170820990E+02  -0.165068142E+02  -0.167844540E+02  -0.171533673E+02  -0.169871424E+02  -0.147813361E+02  -0.120905940E+02  -0.146893751E+02  -0.151592421E+02  -0.141538470E+02
   0.183000042E+07   0.829232212E+04  -0.162575930E+02  -0.166542510E+02  -0.167832394E+02  -0.167409043E+02  -0.166312606E+02  -0.170691212E+02  -0.164982711E+02  -0.167798985E+02  -0.171535274E+02  -0.169848362E+02  -0.147547672E+02  -0.120439986E+02  -0.146615925E+02  -0.151357013E+02  -0.141239091E+02
   0.184000022E+07   0.824893861E+04  -0.162442654E+02  -0.166468745E+02  -0.167802885E+02  -0.167402338E+02  -0.166322286E+02  -0.170560820E+02  -0.164896431E+02  -0.167752372E+02  -0.171535569E+02  -0.169824124E+02  -0.147282082E+02  -0.119975183E+02  -0.146338262E+02  -0.151121544E+02  -0.140939987E+02
   0.185000014E+07   0.820568083E+04  -0.162308203E+02  -0.166393633E+02  -0.167771901E+02  -0.167394091E+02  -0.166330378E+02  -0.170429244E+02  -0.164808841E+02  -0.167704333E+02  -0.171534302E+02  -0.169798395E+02  -0.147015701E+02  -0.119510167E+02  -0.146059842E+02  -0.150885197E+02  -0.140640189E+02
   0.186000011E+07   0.816268339E+04  -0.162173317E+02  -0.166317727E+02  -0.167739859E+02  -0.167384650E+02  -0.166337176E+02  -0.170297215E+02  -0.164720534E+02  -0.167655339E+02  -0.171531799E+02  -0.169771576E+02  -0.146749678E+02  -0.119046704E+02  -0.145781853E+02  -0.150649027E+02  -0.140340951E+02
   0.187000041E+07   0.812004835E+04  -0.162038515E+02  -0.166241410E+02  -0.167707035E+02  -0.167374235E+02  -0.166342864E+02  -0.170165246E+02  -0.164631918E+02  -0.167605705E+02  -0.171528264E+02  -0.169743931E+02  -0.146484845E+02  -0.118586095E+02  -0.145505155E+02  -0.150413796E+02  -0.140043183E+02
   0.188000008E+07   0.807789000E+04  -0.161904555E+02  -0.166165280E+02  -0.167673912E+02  -0.167363272E+02  -0.166347823E+02  -0.170034088E+02  -0.164543627E+02  -0.167555961E+02  -0.171524103E+02  -0.169715930E+02  -0.146222309E+02  -0.118129972E+02  -0.145230885E+02  -0.150180530E+02  -0.139748079E+02
   0.189000018E+07   0.803655043E+04  -0.161773670E+02  -0.166091103E+02  -0.167641907E+02  -0.167352995E+02  -0.166353160E+02  -0.169905951E+02  -0.164457526E+02  -0.167507657E+02  -0.171520497E+02  -0.169688946E+02  -0.145965344E+02  -0.117683180E+02  -0.144962416E+02  -0.149952267E+02  -0.139459179E+02
   0.190000042E+07   0.799618870E+04  -0.161643110E+02  -0.166017536E+02  -0.167610717E+02  -0.167343660E+02  -0.166359553E+02  -0.169778161E+02  -0.164371973E+02  -0.167460068E+02  -0.171517879E+02  -0.169662822E+02  -0.145708708E+02  -0.117236149E+02  -0.144694073E+02  -0.149724391E+02  -0.139171635E+02
   0.191000010E+07   0.795640803E+04  -0.161477214E+02  -0.165923203E+02  -0.167569525E+02  -0.167330055E+02  -0.166366014E+02  -0.169615834E+02  -0.164262577E+02  -0.167398117E+02  -0.171512824E+02  -0.169628155E+02  -0.145390411E+02  -0.116682391E+02  -0.144359753E+02  -0.149441399E+02  -0.138825440E+02
   0.192000008E+07   0.791676323E+04  -0.161310483E+02  -0.165827790E+02  -0.167527070E+02  -0.167315094E+02  -0.166371050E+02  -0.169452659E+02  -0.164152153E+02  -0.167334974E+02  -0.171506384E+02  -0.169592203E+02  -0.145071799E+02  -0.116129120E+02  -0.144025171E+02  -0.149157971E+02  -0.138479025E+02
   0.193000045E+07   0.787722142E+04  -0.161142753E+02  -0.165731193E+02  -0.167483294E+02  -0.167298740E+02  -0.166374642E+02  -0.169288475E+02  -0.164040583E+02  -0.167270563E+02  -0.171498528E+02  -0.169554913E+02  -0.144752582E+02  -0.115575856E+02  -0.143690027E+02  -0.148873848E+02  -0.138132078E+02
   0.194000020E+07   0.783790959E+04  -0.160974889E+02  -0.165634049E+02  -0.167438663E+02  -0.167281372E+02  -0.166377103E+02  -0.169124137E+02  -0.163928553E+02  -0.167205418E+02  -0.171489608E+02  -0.169516730E+02  -0.144434113E+02  -0.115024700E+02  -0.143355723E+02  -0.148590268E+02  -0.137786039E+02
   0.195000002E+07   0.779889100E+04  -0.160807304E+02  -0.165536655E+02  -0.167393392E+02  -0.167263159E+02  -0.166378572E+02  -0.168960051E+02  -0.163816385E+02  -0.167139785E+02  -0.171479782E+02  -0.169477858E+02  -0.144117045E+02  -0.114476681E+02  -0.143022939E+02  -0.148307830E+02  -0.137441608E+02
   0.196000045E+07   0.776028674E+04  -0.160640802E+02  -0.165439599E+02  -0.167347905E+02  -0.167244444E+02  -0.166379329E+02  -0.168797012E+02  -0.163704712E+02  -0.167074153E+02  -0.171469363E+02  -0.169438703E+02  -0.143802648E+02  -0.113933786E+02  -0.142692992E+02  -0.148027694E+02  -0.137100138E+02
   0.197000038E+07   0.772243119E+04  -0.160478021E+02  -0.165344918E+02  -0.167303792E+02  -0.167226583E+02  -0.166380563E+02  -0.168637626E+02  -0.163595696E+02  -0.167010285E+02  -0.171459639E+02  -0.169400799E+02  -0.143494841E+02  -0.113401911E+02  -0.142369936E+02  -0.147753483E+02  -0.136765782E+02
   0.198000047E+07   0.768555942E+04  -0.160320810E+02  -0.165254037E+02  -0.167262165E+02  -0.167210526E+02  -0.166383106E+02  -0.168483722E+02  -0.163490854E+02  -0.166949417E+02  -0.171451507E+02  -0.169365221E+02  -0.143196373E+02  -0.112885199E+02  -0.142056616E+02  -0.147487739E+02  -0.136441456E+02
