  0.0000000000E+000  0.0000000000E+000
  1.0000263274E+004  1.0338112980E+035
  2.0000322658E+004  5.8708901314E+037
  3.0000285994E+004  6.8365393909E+037
  4.0000200090E+004  6.9081024526E+037
  5.0000226742E+004  6.1193085027E+037
  6.0000420254E+004  5.2329473649E+037
  7.0000412418E+004  4.6335421194E+037
  8.0000210345E+004  4.1426039553E+037
  9.0000374907E+004  3.7768283605E+037
  1.0000028327E+005  3.4806979443E+037
  1.1000034762E+005  3.2422996239E+037
  1.2000035470E+005  3.0473122767E+037
  1.3000021667E+005  2.8820044327E+037
  1.4000054266E+005  2.7397508270E+037
  1.5000029470E+005  2.6152207917E+037
  1.6000043274E+005  2.5050990414E+037
  1.7000034179E+005  2.4059422535E+037
  1.8000039695E+005  2.3163432761E+037
  1.9000025412E+005  2.2346074493E+037
  2.0000023967E+005  2.1597266879E+037
  2.1000034788E+005  2.0913830812E+037
  2.2000029154E+005  2.0284630814E+037
  2.3000043688E+005  1.9702086081E+037
  2.4000040628E+005  1.9161963091E+037
  2.5000042979E+005  1.8660022094E+037
  2.6000042438E+005  1.8189742636E+037
  2.7000045438E+005  1.7747999425E+037
  2.8000037186E+005  1.7331417749E+037
  2.9000056376E+005  1.6937838634E+037
  3.0000041602E+005  1.6567462338E+037
  3.1000039088E+005  1.6216302779E+037
  3.2000043354E+005  1.5882960408E+037
  3.3000044428E+005  1.5593955181E+037
  3.4000043139E+005  3.4124848268E+037
  3.5000035016E+005  9.1155913326E+038
  3.6000029252E+005  2.0165060712E+039
  3.7000044462E+005  3.9311522103E+039
  3.8000031588E+005  1.2988333189E+040
  3.9000046092E+005  5.5151568638E+042
  4.0000030548E+005  1.0805077613E+044
  4.1000054042E+005  6.9424985467E+043
  4.2000039787E+005  2.8860472213E+043
  4.3000035883E+005  1.8838364079E+043
  4.4000048947E+005  1.4424797703E+043
  4.5000033677E+005  1.1934002266E+043
  4.6000049369E+005  1.0337205798E+043
  4.7000061364E+005  9.2206931933E+042
  4.8000033497E+005  8.3964360086E+042
  4.9000040158E+005  7.7634956236E+042
  5.0000035125E+005  7.2638737024E+042
  5.1000039591E+005  6.8596285905E+042
  5.2000036601E+005  6.5258341467E+042
  5.3000051089E+005  6.2462705373E+042
  5.4000031427E+005  6.0089335207E+042
  5.5000035547E+005  5.8043129714E+042
  5.6000061196E+005  5.6253866512E+042
  5.7000046952E+005  5.4666550519E+042
  5.8000056581E+005  5.3234448591E+042
  5.9000051694E+005  5.1922443577E+042
  6.0000044393E+005  5.0706388273E+042
  6.1000032989E+005  4.9566319560E+042
  6.2000054154E+005  4.8484916731E+042
  6.3000046322E+005  4.7448447030E+042
  6.4000039142E+005  4.6448608924E+042
  6.5000032207E+005  4.5480275313E+042
  6.6000045122E+005  4.4540403818E+042
  6.7000037514E+005  4.3628864220E+042
  6.8000054808E+005  4.2745873473E+042
  6.9000047921E+005  4.1889711165E+042
  7.0000064608E+005  4.1057626144E+042
  7.1000047468E+005  4.0243049400E+042
  7.2000053750E+005  3.9454980736E+042
  7.3000042639E+005  3.8685747160E+042
  7.4000072889E+005  3.7936731183E+042
  7.5000061508E+005  3.7210880724E+042
  7.6000039335E+005  3.6509658538E+042
  7.7000042466E+005  3.5832932950E+042
  7.8000036083E+005  3.5180221645E+042
  7.9000045558E+005  3.4549484571E+042
  8.0000048392E+005  3.3936869432E+042
  8.1000067826E+005  3.3340367761E+042
  8.2000052610E+005  3.2760729434E+042
  8.3000035746E+005  3.2198283953E+042
  8.4000062701E+005  3.1652862932E+042
  8.5000041210E+005  3.1125696574E+042
  8.6000066061E+005  3.0618133078E+042
  8.7000055220E+005  3.0129693019E+042
  8.8000038151E+005  2.9658424755E+042
  8.9000061894E+005  2.9202477924E+042
  9.0000044200E+005  2.8759860937E+042
  9.1000065529E+005  2.8329277375E+042
  9.2000052615E+005  2.7909297444E+042
  9.3000052748E+005  2.7499666718E+042
  9.4000071244E+005  2.7101932947E+042
  9.5000066223E+005  2.6716367187E+042
  9.6000068631E+005  2.6343286404E+042
  9.7000072230E+005  2.5982832407E+042
  9.8000060015E+005  2.5634742039E+042
  9.9000069322E+005  2.5297704244E+042
  1.0000004358E+006  2.4969938567E+042
  1.0100003949E+006  2.4650629700E+042
  1.0200004032E+006  2.4338710799E+042
  1.0300005866E+006  2.4033584567E+042
  1.0400007113E+006  2.3734888975E+042
  1.0500005390E+006  2.3443303051E+042
  1.0600005944E+006  2.3159020785E+042
  1.0700004819E+006  2.2882185465E+042
  1.0800004259E+006  2.2612877697E+042
  1.0900004281E+006  2.2351267118E+042
  1.1000004844E+006  2.2096901382E+042
  1.1100005279E+006  2.1849029079E+042
  1.1200006312E+006  2.1607175554E+042
  1.1300004428E+006  2.1370774274E+042
  1.1400004227E+006  2.1139208891E+042
  1.1500007571E+006  2.0911799906E+042
  1.1600007128E+006  2.0688553488E+042
  1.1700006249E+006  2.0469423135E+042
  1.1800008217E+006  2.0254388943E+042
  1.1900005564E+006  2.0043420717E+042
  1.2000005688E+006  1.9836665529E+042
  1.2100005342E+006  1.9634366404E+042
  1.2200007278E+006  1.9436444950E+042
  1.2300006816E+006  1.9242848255E+042
  1.2400004609E+006  1.9053420770E+042
  1.2500006861E+006  1.8868057584E+042
  1.2600007677E+006  1.8686322870E+042
  1.2700005627E+006  1.8507812451E+042
  1.2800005064E+006  1.8332182846E+042
  1.2900004559E+006  1.8159211111E+042
  1.3000004366E+006  1.7988744778E+042
  1.3100007943E+006  1.7820574144E+042
  1.3200005653E+006  1.7654790535E+042
  1.3300005493E+006  1.7491495228E+042
  1.3400004261E+006  1.7330704327E+042
  1.3500005840E+006  1.7172423273E+042
  1.3600005247E+006  1.7016800796E+042
  1.3700006357E+006  1.6864007749E+042
  1.3800008235E+006  1.6714032846E+042
  1.3900005069E+006  1.6566936712E+042
  1.4000006825E+006  1.6422710134E+042
  1.4100007777E+006  1.6281237840E+042
  1.4200008538E+006  1.6142246437E+042
  1.4300005624E+006  1.6005636315E+042
  1.4400007028E+006  1.5871140276E+042
  1.4500007215E+006  1.5738612415E+042
  1.4600006263E+006  1.5608139782E+042
  1.4700008346E+006  1.5479689441E+042
  1.4800008043E+006  1.5353407342E+042
  1.4900004359E+006  1.5229400694E+042
  1.5000007176E+006  1.5107646208E+042
  1.5100004818E+006  1.4988273570E+042
  1.5200007569E+006  1.4871298317E+042
  1.5300005202E+006  1.4756985663E+042
  1.5400007268E+006  1.4645633187E+042
  1.5500008157E+006  1.4537474041E+042
  1.5600004721E+006  1.4432724721E+042
  1.5700005971E+006  1.4331405715E+042
  1.5800007234E+006  1.4233385540E+042
  1.5900005351E+006  1.4138356261E+042
  1.6000008467E+006  1.4045904101E+042
  1.6100005953E+006  1.3955640717E+042
  1.6200005936E+006  1.3867355023E+042
  1.6300007307E+006  1.3781118464E+042
  1.6400007310E+006  1.3697221166E+042
  1.6500007696E+006  1.3615970579E+042
  1.6600004764E+006  1.3537560141E+042
  1.6700007558E+006  1.3461861843E+042
  1.6800006890E+006  1.3388597340E+042
  1.6900005507E+006  1.3317543726E+042
  1.7000005906E+006  1.3248774329E+042
  1.7100006122E+006  1.3182000221E+042
  1.7200006675E+006  1.3117869564E+042
  1.7300009024E+006  1.3056662946E+042
  1.7400006825E+006  1.2998430044E+042
  1.7500004672E+006  1.2942913065E+042
  1.7600006367E+006  1.2889578542E+042
  1.7700007466E+006  1.2837785720E+042
  1.7800005171E+006  1.2787031361E+042
  1.7900007756E+006  1.2737141240E+042
  1.8000008963E+006  1.2688304028E+042
  1.8100007497E+006  1.2640975585E+042
  1.8200006510E+006  1.2595706833E+042
  1.8300006149E+006  1.2552937634E+042
  1.8400005585E+006  1.2512785043E+042
  1.8500006383E+006  1.2474982189E+042
  1.8600009155E+006  1.2438984489E+042
  1.8700009278E+006  1.2404317107E+042
  1.8800005896E+006  1.2370791009E+042
  1.8900005081E+006  1.2338444931E+042
  1.9000004991E+006  1.2307412616E+042
  1.9100006736E+006  1.2277814884E+042
  1.9200006406E+006  1.2249651285E+042
  1.9300008649E+006  1.2222871107E+042
  1.9400008215E+006  1.2197353090E+042
  1.9500005083E+006  1.2172977638E+042
  1.9600006763E+006  1.2149639657E+042
  1.9700009252E+006  1.2127137039E+042
  1.9800009668E+006  1.2105414699E+042
  1.9872000000E+006  1.2090336380E+042
