   0.000000000E+00   0.500000000E+04   0.158886492E+02   0.146805602E+02   0.139548645E+02   0.136798252E+02   0.135566472E+02   0.150348092E+02   0.150068392E+02   0.141938232E+02   0.131677372E+02   0.136730372E+02   0.190207492E+02   0.243539592E+02   0.193145292E+02   0.182082192E+02   0.197948992E+02
   0.100000825E+05   0.500000000E+04   0.346252108E+01   0.225443208E+01   0.152873638E+01   0.125369708E+01   0.113051908E+01   0.260868108E+01   0.258071108E+01   0.176769508E+01   0.741609076E+00   0.124690908E+01   0.659462108E+01   0.119278311E+02   0.688840108E+01   0.578209108E+01   0.736877108E+01
   0.200000223E+05   0.500000000E+04  -0.342362292E+01  -0.463171192E+01  -0.535740762E+01  -0.563244692E+01  -0.575562492E+01  -0.427746292E+01  -0.430543292E+01  -0.511844892E+01  -0.614453492E+01  -0.563923492E+01  -0.291522919E+00   0.504168708E+01   0.225708053E-02  -0.110405292E+01   0.482627081E+00
   0.300000048E+05   0.500000000E+04  -0.358895388E+01  -0.479704288E+01  -0.552273858E+01  -0.579777788E+01  -0.592095588E+01  -0.444279388E+01  -0.447076388E+01  -0.528377988E+01  -0.630986588E+01  -0.580456588E+01  -0.456853883E+00   0.487635612E+01  -0.163073883E+00  -0.126938388E+01   0.317296117E+00
   0.400000444E+05   0.500000000E+04  -0.360026000E+01  -0.480834900E+01  -0.553404470E+01  -0.580908400E+01  -0.593226200E+01  -0.445410000E+01  -0.448207000E+01  -0.529508600E+01  -0.632117200E+01  -0.581587200E+01  -0.468159995E+00   0.486505000E+01  -0.174379995E+00  -0.128069000E+01   0.305990005E+00
   0.500000658E+05   0.500000000E+04  -0.346861895E+01  -0.467670795E+01  -0.540240365E+01  -0.567744295E+01  -0.580062095E+01  -0.432245895E+01  -0.435042895E+01  -0.516344495E+01  -0.618953095E+01  -0.568423095E+01  -0.336518950E+00   0.499669105E+01  -0.427389500E-01  -0.114904895E+01   0.437631050E+00
   0.600001931E+05   0.500000000E+04  -0.329872903E+01  -0.450681803E+01  -0.523251373E+01  -0.550755303E+01  -0.563073103E+01  -0.415256903E+01  -0.418053903E+01  -0.499355503E+01  -0.601964103E+01  -0.551434103E+01  -0.166629027E+00   0.516658097E+01   0.127150973E+00  -0.979159027E+00   0.607520973E+00
   0.700001631E+05   0.500000000E+04  -0.316664591E+01  -0.437473491E+01  -0.510043061E+01  -0.537546991E+01  -0.549864791E+01  -0.402048591E+01  -0.404845591E+01  -0.486147191E+01  -0.588755791E+01  -0.538225791E+01  -0.345459091E-01   0.529866409E+01   0.259234091E+00  -0.847075909E+00   0.739604091E+00
   0.800000155E+05   0.500000000E+04  -0.304504667E+01  -0.425313567E+01  -0.497883137E+01  -0.525387067E+01  -0.537704867E+01  -0.389888667E+01  -0.392685667E+01  -0.473987267E+01  -0.576595867E+01  -0.526065867E+01   0.870533281E-01   0.542026333E+01   0.380833328E+00  -0.725476672E+00   0.861203328E+00
   0.900001727E+05   0.500000000E+04  -0.294468126E+01  -0.415277026E+01  -0.487846596E+01  -0.515350526E+01  -0.527668326E+01  -0.379852126E+01  -0.382649126E+01  -0.463950726E+01  -0.566559326E+01  -0.516029326E+01   0.187418744E+00   0.552062874E+01   0.481198744E+00  -0.625111256E+00   0.961568744E+00
   0.100000051E+06   0.500000000E+04  -0.285602898E+01  -0.406411798E+01  -0.478981368E+01  -0.506485298E+01  -0.518803098E+01  -0.370986898E+01  -0.373783898E+01  -0.455085498E+01  -0.557694098E+01  -0.507164098E+01   0.276071024E+00   0.560928102E+01   0.569851024E+00  -0.536458976E+00   0.105022102E+01
   0.110000061E+06   0.500000000E+04  -0.277899600E+01  -0.398708500E+01  -0.471278070E+01  -0.498782000E+01  -0.511099800E+01  -0.363283600E+01  -0.366080600E+01  -0.447382200E+01  -0.549990800E+01  -0.499460800E+01   0.353104002E+00   0.568631400E+01   0.646884002E+00  -0.459425998E+00   0.112725400E+01
   0.120000155E+06   0.500000000E+04  -0.271165554E+01  -0.391974454E+01  -0.464544024E+01  -0.492047954E+01  -0.504365754E+01  -0.356549554E+01  -0.359346554E+01  -0.440648154E+01  -0.543256754E+01  -0.492726754E+01   0.420444464E+00   0.575365446E+01   0.714224464E+00  -0.392085536E+00   0.119459446E+01
   0.130000007E+06   0.500000000E+04  -0.265109974E+01  -0.385918874E+01  -0.458488444E+01  -0.485992374E+01  -0.498310174E+01  -0.350493974E+01  -0.353290974E+01  -0.434592574E+01  -0.537201174E+01  -0.486671174E+01   0.481000256E+00   0.581421026E+01   0.774780256E+00  -0.331529744E+00   0.125515026E+01
   0.140000260E+06   0.500000000E+04  -0.259614080E+01  -0.380422980E+01  -0.452992550E+01  -0.480496480E+01  -0.492814280E+01  -0.344998080E+01  -0.347795080E+01  -0.429096680E+01  -0.531705280E+01  -0.481175280E+01   0.535959201E+00   0.586916920E+01   0.829739201E+00  -0.276570799E+00   0.131010920E+01
   0.150000003E+06   0.500000000E+04  -0.254563403E+01  -0.375372303E+01  -0.447941873E+01  -0.475445803E+01  -0.487763603E+01  -0.339947403E+01  -0.342744403E+01  -0.424046003E+01  -0.526654603E+01  -0.476124603E+01   0.586465967E+00   0.591967597E+01   0.880245967E+00  -0.226064033E+00   0.136061597E+01
   0.160000196E+06   0.500000000E+04  -0.249892538E+01  -0.370701438E+01  -0.443271008E+01  -0.470774938E+01  -0.483092738E+01  -0.335276538E+01  -0.338073538E+01  -0.419375138E+01  -0.521983738E+01  -0.471453738E+01   0.633174617E+00   0.596638462E+01   0.926954617E+00  -0.179355383E+00   0.140732462E+01
   0.170000125E+06   0.500000000E+04  -0.245507613E+01  -0.366316513E+01  -0.438886083E+01  -0.466390013E+01  -0.478707813E+01  -0.330891613E+01  -0.333688613E+01  -0.414990213E+01  -0.517598813E+01  -0.467068813E+01   0.677023871E+00   0.601023387E+01   0.970803871E+00  -0.135506129E+00   0.145117387E+01
   0.180000172E+06   0.500000000E+04  -0.241387043E+01  -0.362195943E+01  -0.434765513E+01  -0.462269443E+01  -0.474587243E+01  -0.326771043E+01  -0.329568043E+01  -0.410869643E+01  -0.513478243E+01  -0.462948243E+01   0.718229567E+00   0.605143957E+01   0.101200957E+01  -0.943004330E-01   0.149237957E+01
   0.190000031E+06   0.500000000E+04  -0.237486624E+01  -0.358295524E+01  -0.430865094E+01  -0.458369024E+01  -0.470686824E+01  -0.322870624E+01  -0.325667624E+01  -0.406969224E+01  -0.509577824E+01  -0.459047824E+01   0.757233765E+00   0.609044376E+01   0.105101376E+01  -0.552962351E-01   0.153138376E+01
   0.200000009E+06   0.500000000E+04  -0.233786012E+01  -0.354594912E+01  -0.427164482E+01  -0.454668412E+01  -0.466986212E+01  -0.319170012E+01  -0.321967012E+01  -0.403268612E+01  -0.505877212E+01  -0.455347212E+01   0.794239884E+00   0.612744988E+01   0.108801988E+01  -0.182901163E-01   0.156838988E+01
   0.210000110E+06   0.500000000E+04  -0.230294710E+01  -0.351103610E+01  -0.423673180E+01  -0.451177110E+01  -0.463494910E+01  -0.315678710E+01  -0.318475710E+01  -0.399777310E+01  -0.502385910E+01  -0.451855910E+01   0.829152896E+00   0.616236290E+01   0.112293290E+01   0.166228957E-01   0.160330290E+01
   0.220000052E+06   0.500000000E+04  -0.226978090E+01  -0.347786990E+01  -0.420356560E+01  -0.447860490E+01  -0.460178290E+01  -0.312362090E+01  -0.315159090E+01  -0.396460690E+01  -0.499069290E+01  -0.448539290E+01   0.862319103E+00   0.619552910E+01   0.115609910E+01   0.497891025E-01   0.163646910E+01
   0.230000200E+06   0.500000000E+04  -0.223814366E+01  -0.344623266E+01  -0.417192836E+01  -0.444696766E+01  -0.457014566E+01  -0.309198366E+01  -0.311995366E+01  -0.393296966E+01  -0.495905566E+01  -0.445375566E+01   0.893956342E+00   0.622716634E+01   0.118773634E+01   0.814263422E-01   0.166810634E+01
   0.240000171E+06   0.500000000E+04  -0.220796312E+01  -0.341605212E+01  -0.414174782E+01  -0.441678712E+01  -0.453996512E+01  -0.306180312E+01  -0.308977312E+01  -0.390278912E+01  -0.492887512E+01  -0.442357512E+01   0.924136875E+00   0.625734688E+01   0.121791688E+01   0.111606875E+00   0.169828688E+01
   0.250000185E+06   0.500000000E+04  -0.217914351E+01  -0.338723251E+01  -0.411292821E+01  -0.438796751E+01  -0.451114551E+01  -0.303298351E+01  -0.306095351E+01  -0.387396951E+01  -0.490005551E+01  -0.439475551E+01   0.952956490E+00   0.628616649E+01   0.124673649E+01   0.140426490E+00   0.172710649E+01
   0.260000184E+06   0.500000000E+04  -0.215142951E+01  -0.335951851E+01  -0.408521421E+01  -0.436025351E+01  -0.448343151E+01  -0.300526951E+01  -0.303323951E+01  -0.384625551E+01  -0.487234151E+01  -0.436704151E+01   0.980670489E+00   0.631388049E+01   0.127445049E+01   0.168140489E+00   0.175482049E+01
   0.270000195E+06   0.500000000E+04  -0.212473664E+01  -0.333282564E+01  -0.405852134E+01  -0.433356064E+01  -0.445673864E+01  -0.297857664E+01  -0.300654664E+01  -0.381956264E+01  -0.484564864E+01  -0.434034864E+01   0.100736336E+01   0.634057336E+01   0.130114336E+01   0.194833360E+00   0.178151336E+01
   0.280000073E+06   0.500000000E+04  -0.209894835E+01  -0.330703735E+01  -0.403273305E+01  -0.430777235E+01  -0.443095035E+01  -0.295278835E+01  -0.298075835E+01  -0.379377435E+01  -0.481986035E+01  -0.431456035E+01   0.103315165E+01   0.636636165E+01   0.132693165E+01   0.220621650E+00   0.180730165E+01
   0.290000276E+06   0.500000000E+04  -0.207400810E+01  -0.328209710E+01  -0.400779280E+01  -0.428283210E+01  -0.440601010E+01  -0.292784810E+01  -0.295581810E+01  -0.376883410E+01  -0.479492010E+01  -0.428962010E+01   0.105809190E+01   0.639130190E+01   0.135187190E+01   0.245561899E+00   0.183224190E+01
   0.300000166E+06   0.500000000E+04  -0.205000310E+01  -0.325809210E+01  -0.398378780E+01  -0.425882710E+01  -0.438200510E+01  -0.290384310E+01  -0.293181310E+01  -0.374482910E+01  -0.477091510E+01  -0.426561510E+01   0.108209690E+01   0.641530690E+01   0.137587690E+01   0.269566898E+00   0.185624690E+01
   0.310000140E+06   0.500000000E+04  -0.202674273E+01  -0.323483173E+01  -0.396052743E+01  -0.423556673E+01  -0.435874473E+01  -0.288058273E+01  -0.290855273E+01  -0.372156873E+01  -0.474765473E+01  -0.424235473E+01   0.110535727E+01   0.643856727E+01   0.139913727E+01   0.292827267E+00   0.187950727E+01
   0.320000137E+06   0.500000000E+04  -0.200419175E+01  -0.321228075E+01  -0.393797645E+01  -0.421301575E+01  -0.433619375E+01  -0.285803175E+01  -0.288600175E+01  -0.369901775E+01  -0.472510375E+01  -0.421980375E+01   0.112790825E+01   0.646111825E+01   0.142168825E+01   0.315378246E+00   0.190205825E+01
   0.330000169E+06   0.500000000E+04  -0.198425382E+01  -0.319234282E+01  -0.391803852E+01  -0.419307782E+01  -0.431625582E+01  -0.283809382E+01  -0.286606382E+01  -0.367907982E+01  -0.470516582E+01  -0.419986582E+01   0.114784618E+01   0.648105618E+01   0.144162618E+01   0.335316176E+00   0.192199618E+01
   0.340000174E+06   0.500000000E+04  -0.283453995E+01  -0.404262895E+01  -0.476832465E+01  -0.504336395E+01  -0.516654195E+01  -0.368837995E+01  -0.371634995E+01  -0.452936595E+01  -0.555545195E+01  -0.505015195E+01   0.297560049E+00   0.563077005E+01   0.591340049E+00  -0.514969951E+00   0.107171005E+01
   0.350000049E+06   0.500000000E+04  -0.640132525E+01  -0.760941425E+01  -0.833510995E+01  -0.861014925E+01  -0.873332725E+01  -0.725516525E+01  -0.728313525E+01  -0.809615125E+01  -0.912223725E+01  -0.861693725E+01  -0.326922525E+01   0.206398475E+01  -0.297544525E+01  -0.408175525E+01  -0.249507525E+01
   0.360000028E+06   0.500000000E+04  -0.726336197E+01  -0.847145097E+01  -0.919714667E+01  -0.947218597E+01  -0.959536397E+01  -0.811720197E+01  -0.814517197E+01  -0.895818797E+01  -0.998427397E+01  -0.947897397E+01  -0.413126197E+01   0.120194803E+01  -0.383748197E+01  -0.494379197E+01  -0.335711197E+01
   0.370000175E+06   0.500000000E+04  -0.798816278E+01  -0.919625178E+01  -0.992194748E+01  -0.101969868E+02  -0.103201648E+02  -0.884200278E+01  -0.886997278E+01  -0.968298878E+01  -0.107090748E+02  -0.102037748E+02  -0.485606278E+01   0.477147215E+00  -0.456228278E+01  -0.566859278E+01  -0.408191278E+01
   0.380000026E+06   0.547117836E+04  -0.959943368E+01  -0.106439116E+02  -0.112503214E+02  -0.114606671E+02  -0.115360355E+02  -0.104444240E+02  -0.103518600E+02  -0.110589135E+02  -0.119522786E+02  -0.115149329E+02  -0.677953174E+01  -0.196743087E+01  -0.652915198E+01  -0.749786377E+01  -0.600222485E+01
   0.390000196E+06   0.248469394E+05  -0.161599333E+02  -0.158333711E+02  -0.154209390E+02  -0.151024674E+02  -0.147962963E+02  -0.169387443E+02  -0.158286232E+02  -0.156226710E+02  -0.154309770E+02  -0.155615851E+02  -0.164529899E+02  -0.163316791E+02  -0.164611197E+02  -0.164059894E+02  -0.164498153E+02
   0.400000007E+06   0.522079218E+05  -0.175331276E+02  -0.170605114E+02  -0.165344251E+02  -0.161579376E+02  -0.158091162E+02  -0.183060388E+02  -0.170862912E+02  -0.167787065E+02  -0.164683573E+02  -0.166632635E+02  -0.182368966E+02  -0.186834093E+02  -0.182503328E+02  -0.180901296E+02  -0.184104246E+02
   0.410000270E+06   0.464504694E+05  -0.173734183E+02  -0.169159814E+02  -0.164019138E+02  -0.160316087E+02  -0.156873178E+02  -0.181469242E+02  -0.169385707E+02  -0.166416847E+02  -0.163439775E+02  -0.165319902E+02  -0.180345022E+02  -0.184232011E+02  -0.180476538E+02  -0.178971153E+02  -0.181895364E+02
   0.420000116E+06   0.367596208E+05  -0.170356157E+02  -0.166158016E+02  -0.161312707E+02  -0.157761111E+02  -0.154430093E+02  -0.178106261E+02  -0.166305144E+02  -0.163599725E+02  -0.160932125E+02  -0.162644093E+02  -0.175906542E+02  -0.178340655E+02  -0.176028433E+02  -0.174776971E+02  -0.176997342E+02
   0.430000056E+06   0.324937990E+05  -0.168795353E+02  -0.164843464E+02  -0.160190082E+02  -0.156736345E+02  -0.153477114E+02  -0.176555370E+02  -0.164939178E+02  -0.162405263E+02  -0.159937996E+02  -0.161541316E+02  -0.173651047E+02  -0.175123992E+02  -0.173764481E+02  -0.172687381E+02  -0.174441699E+02
   0.440000213E+06   0.298806994E+05  -0.167900901E+02  -0.164138908E+02  -0.159632607E+02  -0.156253860E+02  -0.153050124E+02  -0.175668695E+02  -0.164194956E+02  -0.161792768E+02  -0.159478753E+02  -0.160999094E+02  -0.172222095E+02  -0.172952032E+02  -0.172327965E+02  -0.171390502E+02  -0.172782860E+02
   0.450000051E+06   0.280130187E+05  -0.167335292E+02  -0.163733534E+02  -0.159351041E+02  -0.156035186E+02  -0.152878051E+02  -0.175109546E+02  -0.163756076E+02  -0.161464875E+02  -0.159279546E+02  -0.160730447E+02  -0.171206145E+02  -0.171308182E+02  -0.171304798E+02  -0.170488317E+02  -0.171574036E+02
   0.460000171E+06   0.265693452E+05  -0.166965706E+02  -0.163506781E+02  -0.159234192E+02  -0.155974049E+02  -0.152858427E+02  -0.174745870E+02  -0.163499593E+02  -0.161306829E+02  -0.159235818E+02  -0.160625010E+02  -0.170436509E+02  -0.169979525E+02  -0.170528083E+02  -0.169822812E+02  -0.170633820E+02
   0.470000306E+06   0.253920626E+05  -0.166715252E+02  -0.163385600E+02  -0.159212216E+02  -0.156002530E+02  -0.152923358E+02  -0.174500727E+02  -0.163351470E+02  -0.161247836E+02  -0.159279919E+02  -0.160613470E+02  -0.169824594E+02  -0.168861842E+02  -0.169909386E+02  -0.169306651E+02  -0.169868479E+02
   0.480000045E+06   0.244000327E+05  -0.166547458E+02  -0.163337834E+02  -0.159256371E+02  -0.156093509E+02  -0.153046948E+02  -0.174337906E+02  -0.163278735E+02  -0.161257692E+02  -0.159385308E+02  -0.160667390E+02  -0.169322009E+02  -0.167890185E+02  -0.169400089E+02  -0.168894326E+02  -0.169224434E+02
   0.490000117E+06   0.235438141E+05  -0.166438932E+02  -0.163342294E+02  -0.159347231E+02  -0.156228291E+02  -0.153210893E+02  -0.174234095E+02  -0.163259702E+02  -0.161316303E+02  -0.159533573E+02  -0.160767394E+02  -0.168899204E+02  -0.167026769E+02  -0.168970618E+02  -0.168557714E+02  -0.168669441E+02
   0.500000064E+06   0.227928699E+05  -0.166374093E+02  -0.163383918E+02  -0.159470125E+02  -0.156392404E+02  -0.153401205E+02  -0.174173700E+02  -0.163279152E+02  -0.161408856E+02  -0.159710394E+02  -0.160898893E+02  -0.168538991E+02  -0.166252215E+02  -0.168603861E+02  -0.168279615E+02  -0.168185498E+02
   0.510000107E+06   0.221248101E+05  -0.166342164E+02  -0.163453668E+02  -0.159617302E+02  -0.156578864E+02  -0.153612183E+02  -0.174146020E+02  -0.163327724E+02  -0.161527107E+02  -0.159909080E+02  -0.161054355E+02  -0.168225809E+02  -0.165544009E+02  -0.168284132E+02  -0.168045532E+02  -0.167754938E+02
   0.520000076E+06   0.215236066E+05  -0.166335103E+02  -0.163546019E+02  -0.159785240E+02  -0.156785201E+02  -0.153842014E+02  -0.174143107E+02  -0.163399350E+02  -0.161666821E+02  -0.160127181E+02  -0.161230366E+02  -0.167944585E+02  -0.164877662E+02  -0.167996207E+02  -0.167842017E+02  -0.167361318E+02
   0.530000216E+06   0.209777442E+05  -0.166346083E+02  -0.163649572E+02  -0.159959150E+02  -0.156994861E+02  -0.154073465E+02  -0.174157950E+02  -0.163483600E+02  -0.161814462E+02  -0.160347758E+02  -0.161411788E+02  -0.167700502E+02  -0.164275251E+02  -0.167745795E+02  -0.167670404E+02  -0.167013130E+02
   0.540000005E+06   0.204782642E+05  -0.166372833E+02  -0.163770324E+02  -0.160151227E+02  -0.157223101E+02  -0.154324231E+02  -0.174188665E+02  -0.163584772E+02  -0.161979867E+02  -0.160587136E+02  -0.161611458E+02  -0.167469569E+02  -0.163681846E+02  -0.167507969E+02  -0.167513595E+02  -0.166677357E+02
   0.550000022E+06   0.200178547E+05  -0.166409011E+02  -0.163893151E+02  -0.160339801E+02  -0.157445009E+02  -0.154566903E+02  -0.174228499E+02  -0.163689551E+02  -0.162143855E+02  -0.160819311E+02  -0.161807030E+02  -0.167268222E+02  -0.163146380E+02  -0.167300269E+02  -0.167380573E+02  -0.166379370E+02
   0.560000287E+06   0.195905666E+05  -0.166451975E+02  -0.164025825E+02  -0.160540493E+02  -0.157680116E+02  -0.154824066E+02  -0.174275253E+02  -0.163803591E+02  -0.162319150E+02  -0.161064970E+02  -0.162014994E+02  -0.167066551E+02  -0.162600396E+02  -0.167091636E+02  -0.167249107E+02  -0.166077325E+02
   0.570000169E+06   0.191912294E+05  -0.166499093E+02  -0.164157163E+02  -0.160735686E+02  -0.157907615E+02  -0.155072290E+02  -0.174325930E+02  -0.163917439E+02  -0.162490502E+02  -0.161302373E+02  -0.162217015E+02  -0.166884050E+02  -0.162094712E+02  -0.166902586E+02  -0.167132497E+02  -0.165800580E+02
   0.580000264E+06   0.188155715E+05  -0.166546558E+02  -0.164288852E+02  -0.160931112E+02  -0.158135295E+02  -0.155322104E+02  -0.174376970E+02  -0.164031604E+02  -0.162662100E+02  -0.161539959E+02  -0.162419271E+02  -0.166702804E+02  -0.161591354E+02  -0.166714516E+02  -0.167017587E+02  -0.165525681E+02
   0.590000183E+06   0.184601468E+05  -0.166592265E+02  -0.164419150E+02  -0.161125315E+02  -0.158361842E+02  -0.155572180E+02  -0.174426284E+02  -0.164144273E+02  -0.162832383E+02  -0.161776458E+02  -0.162620334E+02  -0.166519653E+02  -0.161085690E+02  -0.166524256E+02  -0.166901469E+02  -0.165249018E+02
   0.600000127E+06   0.181221967E+05  -0.166636033E+02  -0.164543350E+02  -0.161310279E+02  -0.158577560E+02  -0.155810270E+02  -0.174473483E+02  -0.164251711E+02  -0.162994603E+02  -0.162001638E+02  -0.162811821E+02  -0.166345816E+02  -0.160605197E+02  -0.166343660E+02  -0.166791369E+02  -0.164986266E+02
   0.610000023E+06   0.177995124E+05  -0.166673934E+02  -0.164664538E+02  -0.161494297E+02  -0.158793347E+02  -0.156054417E+02  -0.174514956E+02  -0.164355550E+02  -0.163155100E+02  -0.162227203E+02  -0.163002608E+02  -0.166159652E+02  -0.160103094E+02  -0.166150221E+02  -0.166672223E+02  -0.164709430E+02
   0.620000194E+06   0.174902511E+05  -0.166705823E+02  -0.164780039E+02  -0.161672825E+02  -0.159003730E+02  -0.156296065E+02  -0.174550441E+02  -0.164453640E+02  -0.163310032E+02  -0.162447389E+02  -0.163187940E+02  -0.165967283E+02  -0.159594412E+02  -0.165950399E+02  -0.166547682E+02  -0.164426788E+02
   0.630000153E+06   0.171926909E+05  -0.166732327E+02  -0.164886992E+02  -0.161840421E+02  -0.159201974E+02  -0.156524393E+02  -0.174580406E+02  -0.164543840E+02  -0.163454923E+02  -0.162655066E+02  -0.163362082E+02  -0.165778015E+02  -0.159100800E+02  -0.165753959E+02  -0.166423674E+02  -0.164150662E+02
   0.640000057E+06   0.169056253E+05  -0.166750711E+02  -0.164986650E+02  -0.162001311E+02  -0.159393838E+02  -0.156742675E+02  -0.174602293E+02  -0.164626582E+02  -0.163592882E+02  -0.162856417E+02  -0.163529590E+02  -0.165579150E+02  -0.158595338E+02  -0.165547619E+02  -0.166289339E+02  -0.163864897E+02
   0.650000007E+06   0.166283515E+05  -0.166758543E+02  -0.165080213E+02  -0.162159395E+02  -0.159584613E+02  -0.156953829E+02  -0.174613835E+02  -0.164702316E+02  -0.163726788E+02  -0.163057118E+02  -0.163694661E+02  -0.165359227E+02  -0.158053666E+02  -0.165319377E+02  -0.166134841E+02  -0.163554915E+02
   0.660000114E+06   0.163601290E+05  -0.166760669E+02  -0.165165271E+02  -0.162306869E+02  -0.159763710E+02  -0.157152640E+02  -0.174619551E+02  -0.164770127E+02  -0.163850872E+02  -0.163245817E+02  -0.163848894E+02  -0.165141033E+02  -0.157524227E+02  -0.165093137E+02  -0.165979937E+02  -0.163249603E+02
   0.670000058E+06   0.161005983E+05  -0.166757598E+02  -0.165242444E+02  -0.162444434E+02  -0.159931874E+02  -0.157339880E+02  -0.174619952E+02  -0.164830612E+02  -0.163965806E+02  -0.163423272E+02  -0.163992999E+02  -0.164924780E+02  -0.157006814E+02  -0.164869098E+02  -0.165824923E+02  -0.162949054E+02
   0.680000193E+06   0.158495386E+05  -0.166743849E+02  -0.165313473E+02  -0.162579180E+02  -0.160098928E+02  -0.157526395E+02  -0.174609887E+02  -0.164883986E+02  -0.164076658E+02  -0.163600096E+02  -0.164134651E+02  -0.164687480E+02  -0.156453328E+02  -0.164623062E+02  -0.165650857E+02  -0.162624236E+02
   0.690000159E+06   0.156063953E+05  -0.166721994E+02  -0.165378355E+02  -0.162709198E+02  -0.160261989E+02  -0.157708956E+02  -0.174591810E+02  -0.164930790E+02  -0.164182240E+02  -0.163773126E+02  -0.164271732E+02  -0.164437902E+02  -0.155881440E+02  -0.164364245E+02  -0.165465107E+02  -0.162286033E+02
   0.700000311E+06   0.153707111E+05  -0.166695904E+02  -0.165436340E+02  -0.162830321E+02  -0.160415141E+02  -0.157881010E+02  -0.174569382E+02  -0.164971253E+02  -0.164279677E+02  -0.163935942E+02  -0.164399701E+02  -0.164191075E+02  -0.155322189E+02  -0.164108462E+02  -0.165280149E+02  -0.161953299E+02
   0.710000130E+06   0.151414732E+05  -0.166664834E+02  -0.165487046E+02  -0.162942437E+02  -0.160558410E+02  -0.158042664E+02  -0.174541874E+02  -0.165004914E+02  -0.164368755E+02  -0.164088610E+02  -0.164518477E+02  -0.163945305E+02  -0.154772542E+02  -0.163853981E+02  -0.165094556E+02  -0.161623972E+02
   0.720000211E+06   0.149195884E+05  -0.166625724E+02  -0.165531803E+02  -0.163050114E+02  -0.160698019E+02  -0.158203172E+02  -0.174506432E+02  -0.165032190E+02  -0.164452816E+02  -0.164237857E+02  -0.164633013E+02  -0.163687204E+02  -0.154204188E+02  -0.163586628E+02  -0.164895888E+02  -0.161281159E+02
   0.730000092E+06   0.147040466E+05  -0.166574168E+02  -0.165569772E+02  -0.163155151E+02  -0.160837111E+02  -0.158367871E+02  -0.174458814E+02  -0.165051495E+02  -0.164532660E+02  -0.164387237E+02  -0.164745419E+02  -0.163403813E+02  -0.153591859E+02  -0.163292848E+02  -0.164672256E+02  -0.160908921E+02
   0.740000364E+06   0.144944596E+05  -0.166519624E+02  -0.165602280E+02  -0.163252874E+02  -0.160967949E+02  -0.158523607E+02  -0.174408099E+02  -0.165065855E+02  -0.164605886E+02  -0.164528079E+02  -0.164850308E+02  -0.163123839E+02  -0.152992034E+02  -0.163002772E+02  -0.164450391E+02  -0.160542556E+02
   0.750000278E+06   0.142910992E+05  -0.166462922E+02  -0.165630044E+02  -0.163343915E+02  -0.161091122E+02  -0.158670939E+02  -0.174355113E+02  -0.165076010E+02  -0.164673159E+02  -0.164660957E+02  -0.164948303E+02  -0.162848405E+02  -0.152406252E+02  -0.162717536E+02  -0.164231338E+02  -0.160183296E+02
   0.760000060E+06   0.140941360E+05  -0.166404600E+02  -0.165653530E+02  -0.163428689E+02  -0.161207016E+02  -0.158810232E+02  -0.174300390E+02  -0.165082442E+02  -0.164734912E+02  -0.164786253E+02  -0.165039811E+02  -0.162578232E+02  -0.151835492E+02  -0.162437869E+02  -0.164015772E+02  -0.159831934E+02
   0.770000091E+06   0.139033191E+05  -0.166336267E+02  -0.165671540E+02  -0.163511303E+02  -0.161322474E+02  -0.158950506E+02  -0.174235877E+02  -0.165082442E+02  -0.164793243E+02  -0.164911625E+02  -0.165129574E+02  -0.162288267E+02  -0.151230442E+02  -0.162137383E+02  -0.163777590E+02  -0.159458114E+02
   0.780000011E+06   0.137181964E+05  -0.166259134E+02  -0.165684868E+02  -0.163592249E+02  -0.161437828E+02  -0.159091962E+02  -0.174162765E+02  -0.165076895E+02  -0.164848761E+02  -0.165037362E+02  -0.165218045E+02  -0.161980635E+02  -0.150594569E+02  -0.161818291E+02  -0.163519133E+02  -0.159064215E+02
   0.790000087E+06   0.135384665E+05  -0.166181604E+02  -0.165695163E+02  -0.163668192E+02  -0.161547178E+02  -0.159226654E+02  -0.174089139E+02  -0.165068865E+02  -0.164900016E+02  -0.165156790E+02  -0.165301294E+02  -0.161679320E+02  -0.149974575E+02  -0.161505851E+02  -0.163265561E+02  -0.158679145E+02
   0.800000119E+06   0.133638168E+05  -0.166102894E+02  -0.165701795E+02  -0.163738617E+02  -0.161650064E+02  -0.159354166E+02  -0.174014222E+02  -0.165057689E+02  -0.164946451E+02  -0.165269471E+02  -0.165378818E+02  -0.161383149E+02  -0.149368733E+02  -0.161198870E+02  -0.163015785E+02  -0.158301588E+02
   0.810000324E+06   0.131938275E+05  -0.166022810E+02  -0.165704776E+02  -0.163803689E+02  -0.161746732E+02  -0.159474803E+02  -0.173937830E+02  -0.165043339E+02  -0.164988173E+02  -0.165375672E+02  -0.165450800E+02  -0.161091409E+02  -0.148775584E+02  -0.160896607E+02  -0.162769200E+02  -0.157930632E+02
   0.820000178E+06   0.130283196E+05  -0.165941876E+02  -0.165704718E+02  -0.163864084E+02  -0.161837890E+02  -0.159589297E+02  -0.173860491E+02  -0.165026406E+02  -0.165025834E+02  -0.165476112E+02  -0.165517923E+02  -0.160804398E+02  -0.148195111E+02  -0.160599351E+02  -0.162526155E+02  -0.157566495E+02
   0.830000013E+06   0.128672728E+05  -0.165842581E+02  -0.165696477E+02  -0.163923825E+02  -0.161932232E+02  -0.159709759E+02  -0.173765284E+02  -0.164999147E+02  -0.165059939E+02  -0.165580913E+02  -0.165585276E+02  -0.160476811E+02  -0.147541066E+02  -0.160259327E+02  -0.162244625E+02  -0.157155698E+02
   0.840000282E+06   0.127106962E+05  -0.165739655E+02  -0.165684643E+02  -0.163979986E+02  -0.162023001E+02  -0.159826631E+02  -0.173666456E+02  -0.164968284E+02  -0.165090447E+02  -0.165682148E+02  -0.165649059E+02  -0.160146172E+02  -0.146884544E+02  -0.159916083E+02  -0.161959442E+02  -0.156742464E+02
   0.850000066E+06   0.125585599E+05  -0.165637533E+02  -0.165671030E+02  -0.164032439E+02  -0.162109081E+02  -0.159938073E+02  -0.173568315E+02  -0.164936181E+02  -0.165117974E+02  -0.165778397E+02  -0.165708919E+02  -0.159822793E+02  -0.146244524E+02  -0.159580457E+02  -0.161680232E+02  -0.156338834E+02
   0.860000313E+06   0.124106984E+05  -0.165536995E+02  -0.165656513E+02  -0.164082134E+02  -0.162191457E+02  -0.160045099E+02  -0.173471647E+02  -0.164903696E+02  -0.165143442E+02  -0.165870656E+02  -0.165765811E+02  -0.159507216E+02  -0.145621203E+02  -0.159252978E+02  -0.161407582E+02  -0.155945260E+02
   0.870000200E+06   0.122671664E+05  -0.165438084E+02  -0.165641105E+02  -0.164129055E+02  -0.162270103E+02  -0.160147674E+02  -0.173376492E+02  -0.164870843E+02  -0.165166848E+02  -0.165958896E+02  -0.165819719E+02  -0.159199562E+02  -0.145014816E+02  -0.158933769E+02  -0.161141599E+02  -0.155561893E+02
   0.880000023E+06   0.121278475E+05  -0.165340386E+02  -0.165624458E+02  -0.164172909E+02  -0.162344750E+02  -0.160245547E+02  -0.173282440E+02  -0.164837265E+02  -0.165187875E+02  -0.166042855E+02  -0.165870355E+02  -0.158899248E+02  -0.144424537E+02  -0.158622240E+02  -0.160881731E+02  -0.155188088E+02
   0.890000250E+06   0.119922188E+05  -0.165242164E+02  -0.165606077E+02  -0.164214120E+02  -0.162416296E+02  -0.160339885E+02  -0.173187814E+02  -0.164802204E+02  -0.165206598E+02  -0.166123575E+02  -0.165918251E+02  -0.158601743E+02  -0.143841695E+02  -0.158313614E+02  -0.160623772E+02  -0.154818528E+02
   0.900000061E+06   0.118599471E+05  -0.165120033E+02  -0.165576814E+02  -0.164254088E+02  -0.162491554E+02  -0.160440285E+02  -0.173069922E+02  -0.164753511E+02  -0.165220345E+02  -0.166209523E+02  -0.165966060E+02  -0.158252658E+02  -0.143165409E+02  -0.157950442E+02  -0.160315982E+02  -0.154390992E+02
   0.910000276E+06   0.117310457E+05  -0.164998830E+02  -0.165546113E+02  -0.164290853E+02  -0.162562710E+02  -0.160535943E+02  -0.172952850E+02  -0.164703873E+02  -0.165231558E+02  -0.166291097E+02  -0.166010467E+02  -0.157910283E+02  -0.142504170E+02  -0.157594339E+02  -0.160013850E+02  -0.153972166E+02
   0.920000162E+06   0.116052185E+05  -0.164878228E+02  -0.165513854E+02  -0.164324453E+02  -0.162629881E+02  -0.160627031E+02  -0.172836281E+02  -0.164653131E+02  -0.165240215E+02  -0.166368437E+02  -0.166051526E+02  -0.157573784E+02  -0.141856413E+02  -0.157244440E+02  -0.159716635E+02  -0.153561039E+02
   0.930000172E+06   0.114822729E+05  -0.164758303E+02  -0.165480249E+02  -0.164355197E+02  -0.162693427E+02  -0.160713946E+02  -0.172720296E+02  -0.164601465E+02  -0.165246588E+02  -0.166441920E+02  -0.166089558E+02  -0.157242906E+02  -0.141221405E+02  -0.156900468E+02  -0.159424141E+02  -0.153157242E+02
   0.940000354E+06   0.113622976E+05  -0.164639754E+02  -0.165445935E+02  -0.164383678E+02  -0.162753917E+02  -0.160797242E+02  -0.172605592E+02  -0.164549526E+02  -0.165251286E+02  -0.166512106E+02  -0.166125151E+02  -0.156918501E+02  -0.140600217E+02  -0.156563286E+02  -0.159137192E+02  -0.152761680E+02
   0.950000297E+06   0.112453951E+05  -0.164522798E+02  -0.165411056E+02  -0.164409986E+02  -0.162811414E+02  -0.160876960E+02  -0.172492383E+02  -0.164497474E+02  -0.165254421E+02  -0.166579052E+02  -0.166158389E+02  -0.156600961E+02  -0.139993495E+02  -0.156233296E+02  -0.158856149E+02  -0.152374805E+02
   0.960000297E+06   0.111315634E+05  -0.164407712E+02  -0.165375892E+02  -0.164434401E+02  -0.162866200E+02  -0.160953383E+02  -0.172380946E+02  -0.164445588E+02  -0.165256271E+02  -0.166643037E+02  -0.166189552E+02  -0.156290561E+02  -0.139401510E+02  -0.155910773E+02  -0.158581287E+02  -0.151996892E+02
   0.970000350E+06   0.110205202E+05  -0.164294805E+02  -0.165340948E+02  -0.164457578E+02  -0.162919003E+02  -0.161027293E+02  -0.172271598E+02  -0.164394333E+02  -0.165257436E+02  -0.166704815E+02  -0.166219311E+02  -0.155987124E+02  -0.138823385E+02  -0.155595510E+02  -0.158312518E+02  -0.151627595E+02
   0.980000237E+06   0.109123635E+05  -0.164158633E+02  -0.165294607E+02  -0.164478146E+02  -0.162973754E+02  -0.161106250E+02  -0.172139583E+02  -0.164329169E+02  -0.165252561E+02  -0.166769942E+02  -0.166247549E+02  -0.155636246E+02  -0.138160335E+02  -0.155229862E+02  -0.158005844E+02  -0.151206373E+02
   0.990000325E+06   0.108069199E+05  -0.164019134E+02  -0.165245858E+02  -0.164496979E+02  -0.163027128E+02  -0.161184057E+02  -0.172004295E+02  -0.164261398E+02  -0.165245675E+02  -0.166833806E+02  -0.166274145E+02  -0.155280777E+02  -0.137490338E+02  -0.154859251E+02  -0.157695852E+02  -0.150780910E+02
   0.100000004E+07   0.107039042E+05  -0.163881643E+02  -0.165197028E+02  -0.164514174E+02  -0.163078069E+02  -0.161258868E+02  -0.171870919E+02  -0.164193985E+02  -0.165237744E+02  -0.166894995E+02  -0.166298926E+02  -0.154932289E+02  -0.136834565E+02  -0.154495970E+02  -0.157391795E+02  -0.150364041E+02
   0.101000003E+07   0.106030957E+05  -0.163745919E+02  -0.165148064E+02  -0.164529822E+02  -0.163126740E+02  -0.161330897E+02  -0.171739221E+02  -0.164126837E+02  -0.165228803E+02  -0.166953694E+02  -0.166321996E+02  -0.154590089E+02  -0.136191664E+02  -0.154139294E+02  -0.157093074E+02  -0.149954924E+02
   0.102000004E+07   0.105044411E+05  -0.163611584E+02  -0.165098637E+02  -0.164543625E+02  -0.163172860E+02  -0.161399876E+02  -0.171608826E+02  -0.164059613E+02  -0.165218543E+02  -0.167009629E+02  -0.166343063E+02  -0.154253690E+02  -0.135560987E+02  -0.153788728E+02  -0.156799225E+02  -0.149553038E+02
   0.103000019E+07   0.104078785E+05  -0.163478452E+02  -0.165048611E+02  -0.164555489E+02  -0.163216356E+02  -0.161465747E+02  -0.171479551E+02  -0.163992168E+02  -0.165206855E+02  -0.167062731E+02  -0.166362037E+02  -0.153922778E+02  -0.134942039E+02  -0.153443950E+02  -0.156509960E+02  -0.149158028E+02
   0.104000034E+07   0.103132155E+05  -0.163346435E+02  -0.164998067E+02  -0.164565617E+02  -0.163257494E+02  -0.161528819E+02  -0.171351316E+02  -0.163924547E+02  -0.165193894E+02  -0.167113285E+02  -0.166379135E+02  -0.153596874E+02  -0.134333764E+02  -0.153104451E+02  -0.156224884E+02  -0.148769286E+02
   0.105000016E+07   0.102205259E+05  -0.163215914E+02  -0.164947319E+02  -0.164574277E+02  -0.163296517E+02  -0.161589319E+02  -0.171224497E+02  -0.163857080E+02  -0.165179946E+02  -0.167161529E+02  -0.166394620E+02  -0.153276506E+02  -0.133736912E+02  -0.152770773E+02  -0.155944493E+02  -0.148387391E+02
   0.106000020E+07   0.101298342E+05  -0.163087059E+02  -0.164896517E+02  -0.164581602E+02  -0.163333551E+02  -0.161647367E+02  -0.171099263E+02  -0.163789918E+02  -0.165165150E+02  -0.167207585E+02  -0.166408623E+02  -0.152961895E+02  -0.133151778E+02  -0.152443139E+02  -0.155668998E+02  -0.148012579E+02
   0.107000011E+07   0.100411640E+05  -0.162960021E+02  -0.164845793E+02  -0.164587710E+02  -0.163368705E+02  -0.161703067E+02  -0.170975766E+02  -0.163723198E+02  -0.165149630E+02  -0.167251560E+02  -0.166421259E+02  -0.152653243E+02  -0.132578631E+02  -0.152121754E+02  -0.155398589E+02  -0.147645067E+02
   0.108000002E+07   0.995435526E+04  -0.162815145E+02  -0.164785396E+02  -0.164590196E+02  -0.163403400E+02  -0.161760645E+02  -0.170834856E+02  -0.163645076E+02  -0.165128096E+02  -0.167296059E+02  -0.166431040E+02  -0.152310908E+02  -0.131946416E+02  -0.151764498E+02  -0.155099336E+02  -0.147242252E+02
   0.109000005E+07   0.986944332E+04  -0.162655368E+02  -0.164716869E+02  -0.164589569E+02  -0.163437604E+02  -0.161819676E+02  -0.170679398E+02  -0.163557388E+02  -0.165101463E+02  -0.167340885E+02  -0.166438346E+02  -0.151940648E+02  -0.131265319E+02  -0.151377476E+02  -0.154776194E+02  -0.146810312E+02
   0.110000009E+07   0.978636554E+04  -0.162498387E+02  -0.164649165E+02  -0.164588300E+02  -0.163470413E+02  -0.161876775E+02  -0.170526643E+02  -0.163470939E+02  -0.165074748E+02  -0.167384086E+02  -0.166444838E+02  -0.151577729E+02  -0.130598278E+02  -0.150998158E+02  -0.154459375E+02  -0.146387045E+02
   0.111000015E+07   0.970501531E+04  -0.162343875E+02  -0.164582074E+02  -0.164586262E+02  -0.163501744E+02  -0.161931892E+02  -0.170376268E+02  -0.163385491E+02  -0.165047794E+02  -0.167425593E+02  -0.166450399E+02  -0.151221562E+02  -0.129944311E+02  -0.150625932E+02  -0.154148349E+02  -0.145971785E+02
   0.112000024E+07   0.962522771E+04  -0.162191605E+02  -0.164515546E+02  -0.164583537E+02  -0.163531748E+02  -0.161985224E+02  -0.170228056E+02  -0.163300959E+02  -0.165020631E+02  -0.167465578E+02  -0.166455128E+02  -0.150871510E+02  -0.129302182E+02  -0.150260130E+02  -0.153842572E+02  -0.145563776E+02
   0.113000006E+07   0.954697733E+04  -0.162041350E+02  -0.164449382E+02  -0.164579946E+02  -0.163560256E+02  -0.162036611E+02  -0.170081781E+02  -0.163217137E+02  -0.164993074E+02  -0.167503874E+02  -0.166458847E+02  -0.150527285E+02  -0.128671505E+02  -0.149900458E+02  -0.153541767E+02  -0.145162709E+02
   0.114000003E+07   0.947019709E+04  -0.161892830E+02  -0.164383372E+02  -0.164575334E+02  -0.163587139E+02  -0.162085943E+02  -0.169937166E+02  -0.163133802E+02  -0.164964946E+02  -0.167540361E+02  -0.166461408E+02  -0.150188438E+02  -0.128051588E+02  -0.149546455E+02  -0.153245525E+02  -0.144768089E+02
   0.115000037E+07   0.939477631E+04  -0.161745700E+02  -0.164317291E+02  -0.164569565E+02  -0.163612307E+02  -0.162133163E+02  -0.169793872E+02  -0.163050703E+02  -0.164936077E+02  -0.167574964E+02  -0.166462684E+02  -0.149854351E+02  -0.127441409E+02  -0.149197480E+02  -0.152953290E+02  -0.144379217E+02
   0.116000031E+07   0.932067061E+04  -0.161599989E+02  -0.164251216E+02  -0.164562749E+02  -0.163635890E+02  -0.162178412E+02  -0.169651929E+02  -0.162967906E+02  -0.164906564E+02  -0.167607816E+02  -0.166462791E+02  -0.149524943E+02  -0.126840722E+02  -0.148853443E+02  -0.152665003E+02  -0.143995978E+02
   0.117000024E+07   0.924786000E+04  -0.161455706E+02  -0.164185179E+02  -0.164554935E+02  -0.163657943E+02  -0.162221753E+02  -0.169511350E+02  -0.162885438E+02  -0.164876449E+02  -0.167638976E+02  -0.166461779E+02  -0.149200174E+02  -0.126249415E+02  -0.148514302E+02  -0.152380637E+02  -0.143618320E+02
   0.118000041E+07   0.917637183E+04  -0.161312896E+02  -0.164119192E+02  -0.164546114E+02  -0.163678447E+02  -0.162263159E+02  -0.169372176E+02  -0.162803320E+02  -0.164845734E+02  -0.167668423E+02  -0.166459637E+02  -0.148880156E+02  -0.125667700E+02  -0.148180172E+02  -0.152100287E+02  -0.143246372E+02
   0.119000017E+07   0.910614073E+04  -0.161171560E+02  -0.164053328E+02  -0.164536412E+02  -0.163697553E+02  -0.162302799E+02  -0.169234412E+02  -0.162721609E+02  -0.164814521E+02  -0.167696314E+02  -0.166456495E+02  -0.148564727E+02  -0.125095177E+02  -0.147850879E+02  -0.151823830E+02  -0.142879928E+02
   0.120000017E+07   0.903714469E+04  -0.161031814E+02  -0.163987727E+02  -0.164525984E+02  -0.163715427E+02  -0.162340847E+02  -0.169098175E+02  -0.162640439E+02  -0.164782961E+02  -0.167722819E+02  -0.166452513E+02  -0.148253950E+02  -0.124531826E+02  -0.147526482E+02  -0.151551338E+02  -0.142519032E+02
   0.121000013E+07   0.896937970E+04  -0.160873640E+02  -0.163911473E+02  -0.164510670E+02  -0.163731444E+02  -0.162379289E+02  -0.168943925E+02  -0.162546971E+02  -0.164744197E+02  -0.167748423E+02  -0.166444389E+02  -0.147910312E+02  -0.123911607E+02  -0.147166991E+02  -0.151249572E+02  -0.142124758E+02
   0.122000033E+07   0.890286556E+04  -0.160693577E+02  -0.163822650E+02  -0.164489700E+02  -0.163745435E+02  -0.162418402E+02  -0.168768282E+02  -0.162438961E+02  -0.164697003E+02  -0.167773147E+02  -0.166431499E+02  -0.147527390E+02  -0.123223259E+02  -0.146765558E+02  -0.150912831E+02  -0.141690454E+02
   0.123000027E+07   0.883754488E+04  -0.160516085E+02  -0.163734761E+02  -0.164468446E+02  -0.163758516E+02  -0.162456154E+02  -0.168595132E+02  -0.162332231E+02  -0.164649997E+02  -0.167796768E+02  -0.166418180E+02  -0.147150679E+02  -0.122546602E+02  -0.146370668E+02  -0.150581472E+02  -0.141263283E+02
   0.124000005E+07   0.877336101E+04  -0.160341067E+02  -0.163647787E+02  -0.164446948E+02  -0.163770754E+02  -0.162492634E+02  -0.168424380E+02  -0.162226743E+02  -0.164603194E+02  -0.167819363E+02  -0.166404480E+02  -0.146779910E+02  -0.121881107E+02  -0.145982037E+02  -0.150255266E+02  -0.140842932E+02
   0.125000029E+07   0.871029754E+04  -0.160168496E+02  -0.163561722E+02  -0.164425217E+02  -0.163782170E+02  -0.162527868E+02  -0.168256000E+02  -0.162122488E+02  -0.164556599E+02  -0.167840955E+02  -0.166390409E+02  -0.146415004E+02  -0.121226619E+02  -0.145599580E+02  -0.149934144E+02  -0.140429309E+02
   0.126000036E+07   0.864831579E+04  -0.159998125E+02  -0.163476374E+02  -0.164403097E+02  -0.163792630E+02  -0.162561737E+02  -0.168089747E+02  -0.162019261E+02  -0.164510042E+02  -0.167861416E+02  -0.166375819E+02  -0.146055597E+02  -0.120582598E+02  -0.145222923E+02  -0.149617771E+02  -0.140022021E+02
   0.127000015E+07   0.858736018E+04  -0.159829699E+02  -0.163391563E+02  -0.164380469E+02  -0.163802041E+02  -0.162594171E+02  -0.167925373E+02  -0.161916867E+02  -0.164463382E+02  -0.167880664E+02  -0.166360596E+02  -0.145701265E+02  -0.119948364E+02  -0.144851627E+02  -0.149305761E+02  -0.139620601E+02
   0.128000011E+07   0.852733103E+04  -0.159662945E+02  -0.163307154E+02  -0.164357297E+02  -0.163810422E+02  -0.162625224E+02  -0.167762608E+02  -0.161815142E+02  -0.164416543E+02  -0.167898731E+02  -0.166344717E+02  -0.145351431E+02  -0.119322882E+02  -0.144485087E+02  -0.148997605E+02  -0.139224394E+02
   0.129000005E+07   0.846822965E+04  -0.159497761E+02  -0.163223041E+02  -0.164333476E+02  -0.163817665E+02  -0.162654790E+02  -0.167601352E+02  -0.161713982E+02  -0.164369421E+02  -0.167915511E+02  -0.166328075E+02  -0.145005996E+02  -0.118706059E+02  -0.144123204E+02  -0.148693204E+02  -0.138833303E+02
   0.130000001E+07   0.841003696E+04  -0.159334061E+02  -0.163139167E+02  -0.164308966E+02  -0.163823742E+02  -0.162682846E+02  -0.167441520E+02  -0.161613322E+02  -0.164321967E+02  -0.167930978E+02  -0.166310634E+02  -0.144664817E+02  -0.118097665E+02  -0.143765830E+02  -0.148392428E+02  -0.138447170E+02
   0.131000038E+07   0.835270992E+04  -0.159171697E+02  -0.163055441E+02  -0.164283721E+02  -0.163828629E+02  -0.162709384E+02  -0.167282966E+02  -0.161513060E+02  -0.164274120E+02  -0.167945115E+02  -0.166292353E+02  -0.144327613E+02  -0.117497222E+02  -0.143412672E+02  -0.148095027E+02  -0.138065681E+02
   0.132000016E+07   0.829622674E+04  -0.159010723E+02  -0.162971947E+02  -0.164257847E+02  -0.163832445E+02  -0.162734533E+02  -0.167125746E+02  -0.161413274E+02  -0.164225978E+02  -0.167958045E+02  -0.166273341E+02  -0.143994373E+02  -0.116904617E+02  -0.143063713E+02  -0.147801003E+02  -0.137688808E+02
   0.133000014E+07   0.824058777E+04  -0.158851225E+02  -0.162888772E+02  -0.164231431E+02  -0.163835273E+02  -0.162758375E+02  -0.166969946E+02  -0.161314049E+02  -0.164177625E+02  -0.167969851E+02  -0.166253684E+02  -0.143665185E+02  -0.116319939E+02  -0.142719040E+02  -0.147510444E+02  -0.137316639E+02
   0.134000001E+07   0.818581613E+04  -0.158693264E+02  -0.162805943E+02  -0.164204476E+02  -0.163837108E+02  -0.162780897E+02  -0.166815625E+02  -0.161215421E+02  -0.164129076E+02  -0.167980524E+02  -0.166233383E+02  -0.143340177E+02  -0.115743427E+02  -0.142378790E+02  -0.147223465E+02  -0.136949320E+02
   0.135000015E+07   0.813186637E+04  -0.158536821E+02  -0.162723505E+02  -0.164177074E+02  -0.163838062E+02  -0.162802228E+02  -0.166662767E+02  -0.161117422E+02  -0.164080404E+02  -0.167990184E+02  -0.166212535E+02  -0.143019195E+02  -0.115174712E+02  -0.142042793E+02  -0.146939940E+02  -0.136586662E+02
   0.136000011E+07   0.807874472E+04  -0.158382024E+02  -0.162641577E+02  -0.164149337E+02  -0.163838247E+02  -0.162822476E+02  -0.166511501E+02  -0.161020171E+02  -0.164031723E+02  -0.167998941E+02  -0.166191251E+02  -0.142702385E+02  -0.114613972E+02  -0.141711199E+02  -0.146660012E+02  -0.136228815E+02
   0.137000023E+07   0.802646392E+04  -0.158229027E+02  -0.162560295E+02  -0.164121388E+02  -0.163837778E+02  -0.162841753E+02  -0.166361978E+02  -0.160923809E+02  -0.163983162E+02  -0.168006908E+02  -0.166169654E+02  -0.142389938E+02  -0.114061458E+02  -0.141384203E+02  -0.146383864E+02  -0.135875981E+02
   0.138000041E+07   0.797504222E+04  -0.158052114E+02  -0.162464582E+02  -0.164086011E+02  -0.163833619E+02  -0.162860178E+02  -0.166189063E+02  -0.160811011E+02  -0.163924327E+02  -0.168012383E+02  -0.166141585E+02  -0.142036700E+02  -0.113438975E+02  -0.141013547E+02  -0.146071150E+02  -0.135484797E+02
   0.139000009E+07   0.792444005E+04  -0.157850610E+02  -0.162354107E+02  -0.164043132E+02  -0.163825832E+02  -0.162877916E+02  -0.165992097E+02  -0.160681376E+02  -0.163855042E+02  -0.168015472E+02  -0.166107006E+02  -0.141641336E+02  -0.112744097E+02  -0.140597801E+02  -0.145720696E+02  -0.135053946E+02
   0.140000026E+07   0.787466368E+04  -0.157651869E+02  -0.162244911E+02  -0.164000428E+02  -0.163817648E+02  -0.162894840E+02  -0.165797821E+02  -0.160553332E+02  -0.163786363E+02  -0.168017985E+02  -0.166072466E+02  -0.141251900E+02  -0.112060034E+02  -0.140188314E+02  -0.145375436E+02  -0.134629601E+02
   0.141000034E+07   0.782571074E+04  -0.157455845E+02  -0.162136950E+02  -0.163957860E+02  -0.163809028E+02  -0.162910912E+02  -0.165606187E+02  -0.160426835E+02  -0.163718249E+02  -0.168019886E+02  -0.166037927E+02  -0.140868334E+02  -0.111386716E+02  -0.139785031E+02  -0.145035316E+02  -0.134211705E+02
   0.142000041E+07   0.777753964E+04  -0.157262301E+02  -0.162030061E+02  -0.163915320E+02  -0.163799894E+02  -0.162926077E+02  -0.165416963E+02  -0.160301707E+02  -0.163650571E+02  -0.168021106E+02  -0.166003289E+02  -0.140490244E+02  -0.110723501E+02  -0.139387537E+02  -0.144699978E+02  -0.133799833E+02
   0.143000013E+07   0.773010898E+04  -0.157071111E+02  -0.161924196E+02  -0.163872813E+02  -0.163790280E+02  -0.162940388E+02  -0.165230027E+02  -0.160177882E+02  -0.163583314E+02  -0.168021686E+02  -0.165968562E+02  -0.140117345E+02  -0.110069860E+02  -0.138995533E+02  -0.144369173E+02  -0.133393670E+02
   0.144000028E+07   0.768342987E+04  -0.156882143E+02  -0.161819201E+02  -0.163830174E+02  -0.163780012E+02  -0.162953666E+02  -0.165045247E+02  -0.160055212E+02  -0.163516315E+02  -0.168021450E+02  -0.165933579E+02  -0.139749547E+02  -0.109425769E+02  -0.138608933E+02  -0.144042803E+02  -0.132993137E+02
   0.145000030E+07   0.763744536E+04  -0.156695203E+02  -0.161714983E+02  -0.163787383E+02  -0.163769112E+02  -0.162965961E+02  -0.164862430E+02  -0.159933582E+02  -0.163449528E+02  -0.168020433E+02  -0.165898331E+02  -0.139386438E+02  -0.108790477E+02  -0.138227301E+02  -0.143720505E+02  -0.132597778E+02
   0.146000021E+07   0.759217147E+04  -0.156510404E+02  -0.161611629E+02  -0.163744507E+02  -0.163757632E+02  -0.162977318E+02  -0.164681692E+02  -0.159813085E+02  -0.163383026E+02  -0.168018684E+02  -0.165862881E+02  -0.139028193E+02  -0.108164255E+02  -0.137850819E+02  -0.143402440E+02  -0.132207782E+02
   0.147000041E+07   0.754760938E+04  -0.156327749E+02  -0.161509138E+02  -0.163701544E+02  -0.163745572E+02  -0.162987736E+02  -0.164503034E+02  -0.159693721E+02  -0.163316809E+02  -0.168016202E+02  -0.165827227E+02  -0.138674818E+02  -0.107547118E+02  -0.137479495E+02  -0.143088615E+02  -0.131823157E+02
   0.148000038E+07   0.750374417E+04  -0.156147334E+02  -0.161407633E+02  -0.163658635E+02  -0.163733084E+02  -0.162997374E+02  -0.164326553E+02  -0.159575606E+02  -0.163251009E+02  -0.168013141E+02  -0.165791513E+02  -0.138326353E+02  -0.106939015E+02  -0.137113361E+02  -0.142779080E+02  -0.131443929E+02
   0.149000001E+07   0.746062186E+04  -0.155969356E+02  -0.161307229E+02  -0.163615835E+02  -0.163720188E+02  -0.163006230E+02  -0.164152442E+02  -0.159458874E+02  -0.163185706E+02  -0.168009513E+02  -0.165755785E+02  -0.137983171E+02  -0.106340592E+02  -0.136752809E+02  -0.142474169E+02  -0.131070505E+02
   0.150000029E+07   0.741819405E+04  -0.155793724E+02  -0.161207922E+02  -0.163573205E+02  -0.163706981E+02  -0.163014424E+02  -0.163980616E+02  -0.159343502E+02  -0.163120935E+02  -0.168005425E+02  -0.165720114E+02  -0.137644997E+02  -0.105751287E+02  -0.136397545E+02  -0.142173649E+02  -0.130702576E+02
   0.151000005E+07   0.737650790E+04  -0.155620660E+02  -0.161109849E+02  -0.163530816E+02  -0.163693502E+02  -0.163021972E+02  -0.163811291E+02  -0.159229643E+02  -0.163056793E+02  -0.168000905E+02  -0.165684563E+02  -0.137312231E+02  -0.105171781E+02  -0.136047988E+02  -0.141877880E+02  -0.130340576E+02
   0.152000033E+07   0.733554257E+04  -0.155450161E+02  -0.161013043E+02  -0.163488733E+02  -0.163679828E+02  -0.163028962E+02  -0.163644466E+02  -0.159117326E+02  -0.162993333E+02  -0.167996035E+02  -0.165649200E+02  -0.136984791E+02  -0.104601868E+02  -0.135704048E+02  -0.141586797E+02  -0.129984407E+02
   0.153000009E+07   0.729535487E+04  -0.155282571E+02  -0.160917748E+02  -0.163447122E+02  -0.163666086E+02  -0.163035492E+02  -0.163480480E+02  -0.159006814E+02  -0.162930750E+02  -0.167990931E+02  -0.165614180E+02  -0.136663240E+02  -0.104042445E+02  -0.135366309E+02  -0.141300912E+02  -0.129634672E+02
   0.154000030E+07   0.725595584E+04  -0.155118168E+02  -0.160824222E+02  -0.163406226E+02  -0.163652513E+02  -0.163041792E+02  -0.163319612E+02  -0.158898369E+02  -0.162869294E+02  -0.167985825E+02  -0.165579746E+02  -0.136347898E+02  -0.103493901E+02  -0.135035097E+02  -0.141020537E+02  -0.129291700E+02
   0.155000039E+07   0.721741137E+04  -0.154957306E+02  -0.160732698E+02  -0.163366191E+02  -0.163639208E+02  -0.163047930E+02  -0.163162206E+02  -0.158792251E+02  -0.162809145E+02  -0.167980805E+02  -0.165546033E+02  -0.136039370E+02  -0.102957227E+02  -0.134711043E+02  -0.140746217E+02  -0.128956140E+02
   0.156000004E+07   0.717975634E+04  -0.154800262E+02  -0.160643393E+02  -0.163327187E+02  -0.163626318E+02  -0.163054033E+02  -0.163008540E+02  -0.158688688E+02  -0.162750491E+02  -0.167976007E+02  -0.165513206E+02  -0.135738068E+02  -0.102433046E+02  -0.134394574E+02  -0.140478334E+02  -0.128628431E+02
   0.157000016E+07   0.714299618E+04  -0.154647113E+02  -0.160556372E+02  -0.163289271E+02  -0.163613895E+02  -0.163060153E+02  -0.162858687E+02  -0.158587748E+02  -0.162693392E+02  -0.167971485E+02  -0.165481320E+02  -0.135444088E+02  -0.101921482E+02  -0.134085787E+02  -0.140216979E+02  -0.128308671E+02
   0.158000029E+07   0.710712530E+04  -0.154497791E+02  -0.160471580E+02  -0.163252396E+02  -0.163601896E+02  -0.163066248E+02  -0.162712583E+02  -0.158489373E+02  -0.162637799E+02  -0.167967195E+02  -0.165450328E+02  -0.135157344E+02  -0.101422418E+02  -0.133784594E+02  -0.139962070E+02  -0.127996771E+02
   0.159000009E+07   0.707211020E+04  -0.154352037E+02  -0.160388815E+02  -0.163216406E+02  -0.163590188E+02  -0.163072202E+02  -0.162569969E+02  -0.158393350E+02  -0.162583536E+02  -0.167963013E+02  -0.165420081E+02  -0.134877444E+02  -0.100935265E+02  -0.133490590E+02  -0.139713247E+02  -0.127692315E+02
   0.160000039E+07   0.703789535E+04  -0.154209453E+02  -0.160307782E+02  -0.163181077E+02  -0.163578587E+02  -0.163077860E+02  -0.162430454E+02  -0.158299361E+02  -0.162530352E+02  -0.167958765E+02  -0.165390364E+02  -0.134603782E+02  -0.100459084E+02  -0.133203146E+02  -0.139469950E+02  -0.127394658E+02
   0.161000013E+07   0.700442503E+04  -0.154069654E+02  -0.160228194E+02  -0.163146200E+02  -0.163566921E+02  -0.163083077E+02  -0.162293657E+02  -0.158207099E+02  -0.162478009E+02  -0.167954293E+02  -0.165360977E+02  -0.134335757E+02  -0.999929483E+01  -0.132921639E+02  -0.139231629E+02  -0.127103160E+02
   0.162000014E+07   0.697166019E+04  -0.153884807E+02  -0.160120513E+02  -0.163095481E+02  -0.163546296E+02  -0.163084485E+02  -0.162112783E+02  -0.158083188E+02  -0.162404863E+02  -0.167943063E+02  -0.165317712E+02  -0.133993838E+02  -0.994008573E+01  -0.132560912E+02  -0.138928391E+02  -0.126741905E+02
   0.163000029E+07   0.693960362E+04  -0.153696367E+02  -0.160010356E+02  -0.163043070E+02  -0.163524453E+02  -0.163085041E+02  -0.161928388E+02  -0.157956566E+02  -0.162329695E+02  -0.167930773E+02  -0.165272911E+02  -0.133646903E+02  -0.988005658E+01  -0.132194716E+02  -0.138620767E+02  -0.126376608E+02
   0.164000029E+07   0.690829831E+04  -0.153512186E+02  -0.159902622E+02  -0.162991730E+02  -0.163502965E+02  -0.163085426E+02  -0.161748157E+02  -0.157832754E+02  -0.162256131E+02  -0.167918613E+02  -0.165229002E+02  -0.133307940E+02  -0.982141845E+01  -0.131836945E+02  -0.138320193E+02  -0.126019713E+02
   0.165000033E+07   0.687778362E+04  -0.153332685E+02  -0.159797638E+02  -0.162941714E+02  -0.163482048E+02  -0.163085830E+02  -0.161572506E+02  -0.157712098E+02  -0.162184453E+02  -0.167906789E+02  -0.165186231E+02  -0.132977566E+02  -0.976426412E+01  -0.131488239E+02  -0.138027240E+02  -0.125671861E+02
   0.166000004E+07   0.684808426E+04  -0.153158145E+02  -0.159695625E+02  -0.162893201E+02  -0.163461856E+02  -0.163086389E+02  -0.161401714E+02  -0.157594831E+02  -0.162114856E+02  -0.167895446E+02  -0.165144768E+02  -0.132656186E+02  -0.970865348E+01  -0.131149015E+02  -0.137742280E+02  -0.125333468E+02
   0.167000031E+07   0.681917153E+04  -0.152988391E+02  -0.159596476E+02  -0.162846135E+02  -0.163442360E+02  -0.163087095E+02  -0.161235608E+02  -0.157480832E+02  -0.162047265E+02  -0.167884566E+02  -0.165104565E+02  -0.132343480E+02  -0.965453200E+01  -0.130818938E+02  -0.137465030E+02  -0.125004201E+02
   0.168000023E+07   0.679101214E+04  -0.152823104E+02  -0.159499955E+02  -0.162800340E+02  -0.163423417E+02  -0.163087828E+02  -0.161073874E+02  -0.157369848E+02  -0.161981480E+02  -0.167874014E+02  -0.165065455E+02  -0.132038966E+02  -0.960182513E+01  -0.130497506E+02  -0.137195048E+02  -0.124683558E+02
   0.169000009E+07   0.676356495E+04  -0.152661977E+02  -0.159405853E+02  -0.162755682E+02  -0.163404933E+02  -0.163088520E+02  -0.160916210E+02  -0.157261650E+02  -0.161917337E+02  -0.167863708E+02  -0.165027312E+02  -0.131742133E+02  -0.955044919E+01  -0.130184182E+02  -0.136931873E+02  -0.124371003E+02
   0.170000014E+07   0.673682086E+04  -0.152505060E+02  -0.159314246E+02  -0.162712251E+02  -0.163387004E+02  -0.163089279E+02  -0.160762668E+02  -0.157156307E+02  -0.161854920E+02  -0.167853749E+02  -0.164990230E+02  -0.131452986E+02  -0.950039763E+01  -0.129878968E+02  -0.136675523E+02  -0.124066537E+02
   0.171000016E+07   0.671098341E+04  -0.152352908E+02  -0.159225189E+02  -0.162669737E+02  -0.163369129E+02  -0.163089456E+02  -0.160613776E+02  -0.157053980E+02  -0.161794065E+02  -0.167843572E+02  -0.164953850E+02  -0.131173088E+02  -0.945198739E+01  -0.129583546E+02  -0.136427309E+02  -0.123771839E+02
   0.172000022E+07   0.668611079E+04  -0.152206299E+02  -0.159139319E+02  -0.162628673E+02  -0.163351782E+02  -0.163089488E+02  -0.160470305E+02  -0.156955336E+02  -0.161735343E+02  -0.167833637E+02  -0.164918690E+02  -0.130903502E+02  -0.940537099E+01  -0.129299017E+02  -0.136188224E+02  -0.123488006E+02
   0.173000044E+07   0.666210352E+04  -0.152065120E+02  -0.159056767E+02  -0.162589367E+02  -0.163335369E+02  -0.163089850E+02  -0.160332156E+02  -0.156860453E+02  -0.161678994E+02  -0.167824378E+02  -0.164885083E+02  -0.130643625E+02  -0.936040944E+01  -0.129024717E+02  -0.135957788E+02  -0.123214378E+02
   0.174000022E+07   0.663896501E+04  -0.151929459E+02  -0.158977610E+02  -0.162551891E+02  -0.163319958E+02  -0.163090606E+02  -0.160199414E+02  -0.156769412E+02  -0.161625093E+02  -0.167815861E+02  -0.164853101E+02  -0.130393561E+02  -0.931711575E+01  -0.128760752E+02  -0.135736099E+02  -0.122951061E+02
   0.175000002E+07   0.661666015E+04  -0.151798997E+02  -0.158901617E+02  -0.162516078E+02  -0.163305415E+02  -0.163091647E+02  -0.160071767E+02  -0.156681963E+02  -0.161573445E+02  -0.167807964E+02  -0.164822582E+02  -0.130152819E+02  -0.927541306E+01  -0.128506608E+02  -0.135522708E+02  -0.122697542E+02
   0.176000019E+07   0.659510136E+04  -0.151672983E+02  -0.158828250E+02  -0.162481547E+02  -0.163291442E+02  -0.163092737E+02  -0.159948473E+02  -0.156597524E+02  -0.161523610E+02  -0.167800415E+02  -0.164793169E+02  -0.129920213E+02  -0.923511372E+01  -0.128261050E+02  -0.135316540E+02  -0.122452587E+02
   0.177000029E+07   0.657417725E+04  -0.151550478E+02  -0.158756841E+02  -0.162447830E+02  -0.163277678E+02  -0.163093594E+02  -0.159828608E+02  -0.156515368E+02  -0.161475039E+02  -0.167792887E+02  -0.164764420E+02  -0.129694253E+02  -0.919598059E+01  -0.128022519E+02  -0.135116240E+02  -0.122214642E+02
   0.178000005E+07   0.655378980E+04  -0.151430698E+02  -0.158686848E+02  -0.162414563E+02  -0.163263852E+02  -0.163094012E+02  -0.159711401E+02  -0.156434904E+02  -0.161427299E+02  -0.167785135E+02  -0.164735992E+02  -0.129473673E+02  -0.915780953E+01  -0.127789690E+02  -0.134920661E+02  -0.121982384E+02
   0.179000032E+07   0.653388688E+04  -0.151313308E+02  -0.158618061E+02  -0.162381629E+02  -0.163249897E+02  -0.163093964E+02  -0.159596522E+02  -0.156355895E+02  -0.161380236E+02  -0.167777111E+02  -0.164707783E+02  -0.129257878E+02  -0.912050001E+01  -0.127561938E+02  -0.134729273E+02  -0.121755189E+02
   0.180000044E+07   0.651447695E+04  -0.151198509E+02  -0.158550662E+02  -0.162349194E+02  -0.163235971E+02  -0.163093600E+02  -0.159484173E+02  -0.156278527E+02  -0.161334022E+02  -0.167768969E+02  -0.164679956E+02  -0.129047112E+02  -0.908408292E+01  -0.127339510E+02  -0.134542309E+02  -0.121533304E+02
   0.181000028E+07   0.649561579E+04  -0.151086912E+02  -0.158485123E+02  -0.162317633E+02  -0.163222395E+02  -0.163093203E+02  -0.159374955E+02  -0.156203302E+02  -0.161289071E+02  -0.167761013E+02  -0.164652872E+02  -0.128842261E+02  -0.904869104E+01  -0.127123327E+02  -0.134360587E+02  -0.121317649E+02
   0.182000019E+07   0.647738193E+04  -0.150979300E+02  -0.158422039E+02  -0.162287394E+02  -0.163209545E+02  -0.163093092E+02  -0.159269644E+02  -0.156130852E+02  -0.161245888E+02  -0.167753596E+02  -0.164626962E+02  -0.128644496E+02  -0.901450364E+01  -0.126914607E+02  -0.134185183E+02  -0.121109440E+02
   0.183000016E+07   0.645984435E+04  -0.150876333E+02  -0.158361898E+02  -0.162258845E+02  -0.163197719E+02  -0.163093520E+02  -0.159168889E+02  -0.156061704E+02  -0.161204890E+02  -0.167746996E+02  -0.164602577E+02  -0.128454818E+02  -0.898167518E+01  -0.126714392E+02  -0.134017011E+02  -0.120909717E+02
   0.184000009E+07   0.644302659E+04  -0.150778220E+02  -0.158304854E+02  -0.162232097E+02  -0.163187008E+02  -0.163094560E+02  -0.159072899E+02  -0.155996023E+02  -0.161166202E+02  -0.167741296E+02  -0.164579821E+02  -0.128273554E+02  -0.895025704E+01  -0.126523024E+02  -0.133856370E+02  -0.120718820E+02
   0.185000017E+07   0.642688390E+04  -0.150684582E+02  -0.158250638E+02  -0.162206960E+02  -0.163177264E+02  -0.163096095E+02  -0.158981298E+02  -0.155933515E+02  -0.161129605E+02  -0.167736362E+02  -0.164558515E+02  -0.128100103E+02  -0.892015373E+01  -0.126339875E+02  -0.133702715E+02  -0.120536122E+02
   0.186000046E+07   0.641133332E+04  -0.150594651E+02  -0.158198681E+02  -0.162183015E+02  -0.163168148E+02  -0.163097845E+02  -0.158893329E+02  -0.155873571E+02  -0.161094621E+02  -0.167731881E+02  -0.164538262E+02  -0.127933285E+02  -0.889118173E+01  -0.126163715E+02  -0.133554967E+02  -0.120360397E+02
   0.187000046E+07   0.639629505E+04  -0.150507722E+02  -0.158148475E+02  -0.162159900E+02  -0.163159373E+02  -0.163099577E+02  -0.158808297E+02  -0.155815642E+02  -0.161060830E+02  -0.167727586E+02  -0.164518717E+02  -0.127772004E+02  -0.886316819E+01  -0.125993398E+02  -0.133412127E+02  -0.120190501E+02
   0.188000011E+07   0.638171510E+04  -0.150423435E+02  -0.158099793E+02  -0.162137482E+02  -0.163150859E+02  -0.163101250E+02  -0.158725851E+02  -0.155759472E+02  -0.161028062E+02  -0.167723416E+02  -0.164499760E+02  -0.127615630E+02  -0.883600775E+01  -0.125828265E+02  -0.133273633E+02  -0.120025777E+02
   0.189000005E+07   0.636759286E+04  -0.150341831E+02  -0.158052676E+02  -0.162115804E+02  -0.163142647E+02  -0.163102906E+02  -0.158646028E+02  -0.155705102E+02  -0.160996359E+02  -0.167719413E+02  -0.164481435E+02  -0.127464202E+02  -0.880970357E+01  -0.125668352E+02  -0.133139523E+02  -0.119866259E+02
   0.190000003E+07   0.635393967E+04  -0.150263078E+02  -0.158007264E+02  -0.162094987E+02  -0.163134849E+02  -0.163104647E+02  -0.158568998E+02  -0.155652677E+02  -0.160965849E+02  -0.167715684E+02  -0.164463859E+02  -0.127317944E+02  -0.878428709E+01  -0.125513891E+02  -0.133010008E+02  -0.119712181E+02
   0.191000020E+07   0.634075465E+04  -0.150187287E+02  -0.157963671E+02  -0.162075145E+02  -0.163127581E+02  -0.163106592E+02  -0.158494871E+02  -0.155602312E+02  -0.160936648E+02  -0.167712344E+02  -0.164447147E+02  -0.127176963E+02  -0.875976835E+01  -0.125364989E+02  -0.132885196E+02  -0.119563647E+02
   0.192000018E+07   0.632804672E+04  -0.150114501E+02  -0.157921917E+02  -0.162056284E+02  -0.163120838E+02  -0.163108727E+02  -0.158423688E+02  -0.155554032E+02  -0.160908765E+02  -0.167709387E+02  -0.164431302E+02  -0.127041346E+02  -0.873616303E+01  -0.125221736E+02  -0.132765162E+02  -0.119420751E+02
   0.193000038E+07   0.631578901E+04  -0.150044581E+02  -0.157881932E+02  -0.162038379E+02  -0.163114621E+02  -0.163111076E+02  -0.158355315E+02  -0.155507751E+02  -0.160882158E+02  -0.167706823E+02  -0.164416307E+02  -0.126910821E+02  -0.871342282E+01  -0.125083847E+02  -0.132649669E+02  -0.119283205E+02
   0.194000036E+07   0.630396126E+04  -0.149977353E+02  -0.157843586E+02  -0.162021340E+02  -0.163108861E+02  -0.163113580E+02  -0.158289579E+02  -0.155463331E+02  -0.160856722E+02  -0.167704588E+02  -0.164402076E+02  -0.126785113E+02  -0.869150405E+01  -0.124951033E+02  -0.132538465E+02  -0.119150722E+02
   0.195000004E+07   0.629254529E+04  -0.149912646E+02  -0.157806757E+02  -0.162005075E+02  -0.163103483E+02  -0.163116178E+02  -0.158226313E+02  -0.155420639E+02  -0.160832354E+02  -0.167702611E+02  -0.164388522E+02  -0.126663963E+02  -0.867036655E+01  -0.124823024E+02  -0.132431315E+02  -0.119023033E+02
   0.196000020E+07   0.628149302E+04  -0.149850192E+02  -0.157771294E+02  -0.161989521E+02  -0.163098468E+02  -0.163118885E+02  -0.158165254E+02  -0.155379498E+02  -0.160808954E+02  -0.167700889E+02  -0.164375591E+02  -0.126546864E+02  -0.864992161E+01  -0.124699285E+02  -0.132327769E+02  -0.118899603E+02
   0.197000046E+07   0.627078814E+04  -0.149789755E+02  -0.157736997E+02  -0.161974509E+02  -0.163093663E+02  -0.163121560E+02  -0.158106167E+02  -0.155339704E+02  -0.160786342E+02  -0.167699275E+02  -0.164363120E+02  -0.126433499E+02  -0.863012459E+01  -0.124579489E+02  -0.132227531E+02  -0.118780106E+02
   0.198000048E+07   0.626041232E+04  -0.149731219E+02  -0.157703799E+02  -0.161960001E+02  -0.163089050E+02  -0.163124197E+02  -0.158048940E+02  -0.155301177E+02  -0.160764469E+02  -0.167697753E+02  -0.164351076E+02  -0.126323662E+02  -0.861094052E+01  -0.124463418E+02  -0.132130419E+02  -0.118664327E+02
