   0.000000000E+00   0.500000000E+04  -0.363518901E+01  -0.484327801E+01  -0.556897371E+01  -0.584401301E+01  -0.596719101E+01  -0.448902901E+01  -0.451699901E+01  -0.533001501E+01  -0.635610101E+01  -0.585080101E+01  -0.503089008E+00   0.483012099E+01  -0.209309008E+00  -0.131561901E+01   0.271060992E+00
   0.100000899E+05   0.500000000E+04  -0.414829675E+01  -0.535638575E+01  -0.608208145E+01  -0.635712075E+01  -0.648029875E+01  -0.500213675E+01  -0.503010675E+01  -0.584312275E+01  -0.686920875E+01  -0.636390875E+01  -0.101619675E+01   0.431701325E+01  -0.722416747E+00  -0.182872675E+01  -0.242046747E+00
   0.200039640E+05   0.500000000E+04  -0.408500680E+01  -0.529309580E+01  -0.601879150E+01  -0.629383080E+01  -0.641700880E+01  -0.493884680E+01  -0.496681680E+01  -0.577983280E+01  -0.680591880E+01  -0.630061880E+01  -0.952906803E+00   0.438030320E+01  -0.659126803E+00  -0.176543680E+01  -0.178756803E+00
   0.300033796E+05   0.500000000E+04  -0.403716536E+01  -0.524525436E+01  -0.597095006E+01  -0.624598936E+01  -0.636916736E+01  -0.489100536E+01  -0.491897536E+01  -0.573199136E+01  -0.675807736E+01  -0.625277736E+01  -0.905065356E+00   0.442814464E+01  -0.611285356E+00  -0.171759536E+01  -0.130915356E+00
   0.400147293E+05   0.500000000E+04  -0.401393686E+01  -0.522202586E+01  -0.594772156E+01  -0.622276086E+01  -0.634593886E+01  -0.486777686E+01  -0.489574686E+01  -0.570876286E+01  -0.673484886E+01  -0.622954886E+01  -0.881836865E+00   0.445137314E+01  -0.588056865E+00  -0.169436686E+01  -0.107686865E+00
   0.500053111E+05   0.500000000E+04  -0.400137676E+01  -0.520946576E+01  -0.593516146E+01  -0.621020076E+01  -0.633337876E+01  -0.485521676E+01  -0.488318676E+01  -0.569620276E+01  -0.672228876E+01  -0.621698876E+01  -0.869276760E+00   0.446393324E+01  -0.575496760E+00  -0.168180676E+01  -0.951267598E-01
   0.600217594E+05   0.500000000E+04  -0.399259760E+01  -0.520068660E+01  -0.592638230E+01  -0.620142160E+01  -0.632459960E+01  -0.484643760E+01  -0.487440760E+01  -0.568742360E+01  -0.671350960E+01  -0.620820960E+01  -0.860497597E+00   0.447271240E+01  -0.566717597E+00  -0.167302760E+01  -0.863475969E-01
   0.700240145E+05   0.500000000E+04  -0.398519965E+01  -0.519328865E+01  -0.591898435E+01  -0.619402365E+01  -0.631720165E+01  -0.483903965E+01  -0.486700965E+01  -0.568002565E+01  -0.670611165E+01  -0.620081165E+01  -0.853099653E+00   0.448011035E+01  -0.559319653E+00  -0.166562965E+01  -0.789496527E-01
   0.800134815E+05   0.500000000E+04  -0.397847895E+01  -0.518656795E+01  -0.591226365E+01  -0.618730295E+01  -0.631048095E+01  -0.483231895E+01  -0.486028895E+01  -0.567330495E+01  -0.669939095E+01  -0.619409095E+01  -0.846378952E+00   0.448683105E+01  -0.552598952E+00  -0.165890895E+01  -0.722289518E-01
   0.900229190E+05   0.500000000E+04  -0.397209284E+01  -0.518018184E+01  -0.590587754E+01  -0.618091684E+01  -0.630409484E+01  -0.482593284E+01  -0.485390284E+01  -0.566691884E+01  -0.669300484E+01  -0.618770484E+01  -0.839992838E+00   0.449321716E+01  -0.546212838E+00  -0.165252284E+01  -0.658428378E-01
   0.100001692E+06   0.500000000E+04  -0.396601784E+01  -0.517410684E+01  -0.589980254E+01  -0.617484184E+01  -0.629801984E+01  -0.481985784E+01  -0.484782784E+01  -0.566084384E+01  -0.668692984E+01  -0.618162984E+01  -0.833917841E+00   0.449929216E+01  -0.540137841E+00  -0.164644784E+01  -0.597678413E-01
   0.110007835E+06   0.500000000E+04  -0.396011266E+01  -0.516820166E+01  -0.589389736E+01  -0.616893666E+01  -0.629211466E+01  -0.481395266E+01  -0.484192266E+01  -0.565493866E+01  -0.668102466E+01  -0.617572466E+01  -0.828012657E+00   0.450519734E+01  -0.534232657E+00  -0.164054266E+01  -0.538626567E-01
   0.120004487E+06   0.500000000E+04  -0.395434289E+01  -0.516243189E+01  -0.588812759E+01  -0.616316689E+01  -0.628634489E+01  -0.480818289E+01  -0.483615289E+01  -0.564916889E+01  -0.667525489E+01  -0.616995489E+01  -0.822242895E+00   0.451096711E+01  -0.528462895E+00  -0.163477289E+01  -0.480928949E-01
   0.130000686E+06   0.500000000E+04  -0.394865858E+01  -0.515674758E+01  -0.588244328E+01  -0.615748258E+01  -0.628066058E+01  -0.480249858E+01  -0.483046858E+01  -0.564348458E+01  -0.666957058E+01  -0.616427058E+01  -0.816558576E+00   0.451665142E+01  -0.522778576E+00  -0.162908858E+01  -0.424085759E-01
   0.140006117E+06   0.576467677E+04  -0.900278906E+01  -0.994535323E+01  -0.104774595E+02  -0.106475072E+02  -0.106930950E+02  -0.984226690E+01  -0.967462188E+01  -0.103156710E+02  -0.111263639E+02  -0.107313471E+02  -0.637735624E+01  -0.188985582E+01  -0.615401062E+01  -0.703701206E+01  -0.559808291E+01
   0.150009100E+06   0.500000000E+04  -0.806108955E+01  -0.926917855E+01  -0.999487425E+01  -0.102699135E+02  -0.103930915E+02  -0.891492955E+01  -0.894289955E+01  -0.975591555E+01  -0.107820015E+02  -0.102767015E+02  -0.492898955E+01   0.404220452E+00  -0.463520955E+01  -0.574151955E+01  -0.415483955E+01
   0.160003295E+06   0.500000000E+04  -0.830156424E+01  -0.950965324E+01  -0.102353489E+02  -0.105103882E+02  -0.106335662E+02  -0.915540424E+01  -0.918337424E+01  -0.999639024E+01  -0.110224762E+02  -0.105171762E+02  -0.516946424E+01   0.163745763E+00  -0.487568424E+01  -0.598199424E+01  -0.439531424E+01
   0.170037556E+06   0.500000000E+04  -0.860997790E+01  -0.981806690E+01  -0.105437626E+02  -0.108188019E+02  -0.109419799E+02  -0.946381790E+01  -0.949178790E+01  -0.103048039E+02  -0.113308899E+02  -0.108255899E+02  -0.547787790E+01  -0.144667897E+00  -0.518409790E+01  -0.629040790E+01  -0.470372790E+01
   0.180011475E+06   0.500000000E+04  -0.893593862E+01  -0.101440276E+02  -0.108697233E+02  -0.111447626E+02  -0.112679406E+02  -0.978977862E+01  -0.981774862E+01  -0.106307646E+02  -0.116568506E+02  -0.111515506E+02  -0.580383862E+01  -0.470628624E+00  -0.551005862E+01  -0.661636862E+01  -0.502968862E+01
   0.190001982E+06   0.500000000E+04  -0.927290022E+01  -0.104809892E+02  -0.112066849E+02  -0.114817242E+02  -0.116049022E+02  -0.101267402E+02  -0.101547102E+02  -0.109677262E+02  -0.119938122E+02  -0.114885122E+02  -0.614080022E+01  -0.807590216E+00  -0.584702022E+01  -0.695333022E+01  -0.536665022E+01
   0.200032831E+06   0.522371705E+04  -0.977823111E+01  -0.109086371E+02  -0.115776954E+02  -0.118220179E+02  -0.119224958E+02  -0.106278693E+02  -0.105986093E+02  -0.113613140E+02  -0.123243836E+02  -0.118513486E+02  -0.679436379E+01  -0.170857813E+01  -0.652119037E+01  -0.756216828E+01  -0.601871489E+01
   0.210004922E+06   0.552082941E+04  -0.103661276E+02  -0.113933648E+02  -0.119872047E+02  -0.121907331E+02  -0.122610636E+02  -0.112101854E+02  -0.111049199E+02  -0.118008075E+02  -0.126801869E+02  -0.122500020E+02  -0.757912393E+01  -0.282193564E+01  -0.733331753E+01  -0.828752971E+01  -0.680148437E+01
   0.220034260E+06   0.596315032E+04  -0.111349283E+02  -0.120085750E+02  -0.124904346E+02  -0.126332315E+02  -0.126586806E+02  -0.119706785E+02  -0.117522611E+02  -0.123486759E+02  -0.131034630E+02  -0.127370704E+02  -0.864100212E+01  -0.437300748E+01  -0.843593789E+01  -0.926097910E+01  -0.786039901E+01
   0.230036163E+06   0.905236789E+04  -0.137459345E+02  -0.140398899E+02  -0.140924982E+02  -0.140108181E+02  -0.138729149E+02  -0.145524931E+02  -0.139055045E+02  -0.141186621E+02  -0.144113668E+02  -0.142850089E+02  -0.124719217E+02  -0.101052820E+02  -0.123994754E+02  -0.128008158E+02  -0.118995357E+02
   0.240003990E+06   0.138356502E+05  -0.154793776E+02  -0.154162116E+02  -0.152026596E+02  -0.149850344E+02  -0.147487917E+02  -0.162694856E+02  -0.153566118E+02  -0.153299241E+02  -0.153443290E+02  -0.153647617E+02  -0.150661521E+02  -0.139483712E+02  -0.150506448E+02  -0.152168819E+02  -0.147799834E+02
   0.250009549E+06   0.190326395E+05  -0.164317214E+02  -0.162008730E+02  -0.158612611E+02  -0.155797370E+02  -0.152970276E+02  -0.172145463E+02  -0.161762060E+02  -0.160357959E+02  -0.159196061E+02  -0.160096653E+02  -0.164610981E+02  -0.159693297E+02  -0.164626917E+02  -0.164885596E+02  -0.163490084E+02
   0.260006740E+06   0.246528764E+05  -0.170613134E+02  -0.167371828E+02  -0.163266118E+02  -0.160090892E+02  -0.157035759E+02  -0.178402259E+02  -0.167319303E+02  -0.165276491E+02  -0.163378899E+02  -0.164674558E+02  -0.173475953E+02  -0.172167871E+02  -0.173555854E+02  -0.173024326E+02  -0.173415622E+02
   0.270029646E+06   0.304224926E+05  -0.175032078E+02  -0.171228000E+02  -0.166689130E+02  -0.163293813E+02  -0.160077749E+02  -0.182798126E+02  -0.171292817E+02  -0.168861467E+02  -0.166513542E+02  -0.168052253E+02  -0.179471629E+02  -0.180366312E+02  -0.179579239E+02  -0.178610653E+02  -0.180083226E+02
   0.280033952E+06   0.362744898E+05  -0.178393056E+02  -0.174219657E+02  -0.169393704E+02  -0.165852005E+02  -0.162528215E+02  -0.186144179E+02  -0.174361594E+02  -0.171673494E+02  -0.169026076E+02  -0.170727079E+02  -0.183873582E+02  -0.186211251E+02  -0.183994649E+02  -0.182760214E+02  -0.184934110E+02
   0.290025239E+06   0.428257091E+05  -0.181369791E+02  -0.176914052E+02  -0.171866937E+02  -0.168211917E+02  -0.164804534E+02  -0.189109552E+02  -0.177115110E+02  -0.174229572E+02  -0.171350618E+02  -0.173177360E+02  -0.187646391E+02  -0.191077738E+02  -0.187775269E+02  -0.186348922E+02  -0.189051753E+02
   0.300004418E+06   0.493964430E+05  -0.183856208E+02  -0.179199261E+02  -0.173993395E+02  -0.170256853E+02  -0.166789400E+02  -0.191587972E+02  -0.179442542E+02  -0.176415647E+02  -0.173369944E+02  -0.175287422E+02  -0.190699128E+02  -0.194901055E+02  -0.190832287E+02  -0.189273645E+02  -0.192350035E+02
   0.310001153E+06   0.506957947E+05  -0.184524406E+02  -0.179834381E+02  -0.174602374E+02  -0.170852277E+02  -0.167374958E+02  -0.192254880E+02  -0.180084599E+02  -0.177034353E+02  -0.173961150E+02  -0.175893613E+02  -0.191460281E+02  -0.195787973E+02  -0.191594029E+02  -0.190014436E+02  -0.193151464E+02
   0.320000138E+06   0.440709304E+05  -0.182617589E+02  -0.178118649E+02  -0.173037412E+02  -0.169364968E+02  -0.165944473E+02  -0.190355697E+02  -0.178328745E+02  -0.175412900E+02  -0.172498170E+02  -0.174344327E+02  -0.189016165E+02  -0.192614130E+02  -0.189146114E+02  -0.187690654E+02  -0.190474516E+02
   0.330000066E+06   0.386738276E+05  -0.180801880E+02  -0.176512789E+02  -0.171596368E+02  -0.168008404E+02  -0.164650742E+02  -0.188548300E+02  -0.176678890E+02  -0.173910030E+02  -0.171168063E+02  -0.172920374E+02  -0.186608595E+02  -0.189395889E+02  -0.186733171E+02  -0.185419818E+02  -0.187810426E+02
   0.340000060E+06   0.344410546E+05  -0.179209242E+02  -0.175136505E+02  -0.170389057E+02  -0.166887469E+02  -0.163593015E+02  -0.186964327E+02  -0.175257386E+02  -0.172639467E+02  -0.170074093E+02  -0.171730540E+02  -0.184405666E+02  -0.186350900E+02  -0.184523504E+02  -0.183359365E+02  -0.185343404E+02
   0.350000188E+06   0.318805616E+05  -0.178413455E+02  -0.174502735E+02  -0.169881304E+02  -0.166443860E+02  -0.163196633E+02  -0.186175189E+02  -0.174589855E+02  -0.172084544E+02  -0.169650587E+02  -0.171235885E+02  -0.183153167E+02  -0.184465175E+02  -0.183265033E+02  -0.182218055E+02  -0.183893883E+02
   0.360000120E+06   0.308787266E+05  -0.178493630E+02  -0.174654696E+02  -0.170088863E+02  -0.166679813E+02  -0.163453530E+02  -0.186258218E+02  -0.174726767E+02  -0.172271283E+02  -0.169895253E+02  -0.171449203E+02  -0.183031181E+02  -0.184062232E+02  -0.183140205E+02  -0.182145933E+02  -0.183684887E+02
   0.370000595E+06   0.295112673E+05  -0.178302927E+02  -0.174571301E+02  -0.170088533E+02  -0.166721719E+02  -0.163526849E+02  -0.186071940E+02  -0.174620995E+02  -0.172239901E+02  -0.169950307E+02  -0.171457459E+02  -0.182538634E+02  -0.183149467E+02  -0.182643175E+02  -0.181728432E+02  -0.183062752E+02
   0.380001874E+06   0.281654246E+05  -0.178056357E+02  -0.174441034E+02  -0.170048086E+02  -0.166726913E+02  -0.163565845E+02  -0.185830062E+02  -0.174466411E+02  -0.172165838E+02  -0.169969626E+02  -0.171426395E+02  -0.181965280E+02  -0.182120431E+02  -0.182064558E+02  -0.181237759E+02  -0.182349464E+02
   0.390002855E+06   0.268907383E+05  -0.177784377E+02  -0.174291739E+02  -0.169993246E+02  -0.166719925E+02  -0.163594469E+02  -0.185563151E+02  -0.174291557E+02  -0.172075557E+02  -0.169977613E+02  -0.171381363E+02  -0.181349509E+02  -0.181024457E+02  -0.181442819E+02  -0.180711033E+02  -0.181586962E+02
   0.400004944E+06   0.257023611E+05  -0.177500340E+02  -0.174135190E+02  -0.169934593E+02  -0.166711068E+02  -0.163622184E+02  -0.185284363E+02  -0.174108477E+02  -0.171980360E+02  -0.169984175E+02  -0.171332961E+02  -0.180708885E+02  -0.179884992E+02  -0.180795570E+02  -0.180164474E+02  -0.180794785E+02
   0.410002332E+06   0.246074898E+05  -0.177213311E+02  -0.173977692E+02  -0.169876334E+02  -0.166703328E+02  -0.163649734E+02  -0.185002674E+02  -0.173923987E+02  -0.171885082E+02  -0.169992016E+02  -0.171285238E+02  -0.180060286E+02  -0.178729991E+02  -0.180139860E+02  -0.179612956E+02  -0.179993269E+02
   0.420005840E+06   0.236016856E+05  -0.176927857E+02  -0.173823244E+02  -0.169822087E+02  -0.166700057E+02  -0.163680679E+02  -0.184722687E+02  -0.173742313E+02  -0.171793433E+02  -0.170004389E+02  -0.171241608E+02  -0.179410282E+02  -0.177568907E+02  -0.179482176E+02  -0.179062663E+02  -0.179189813E+02
   0.430004892E+06   0.226824666E+05  -0.176649748E+02  -0.173676377E+02  -0.169775379E+02  -0.166704150E+02  -0.163717003E+02  -0.184450058E+02  -0.173568111E+02  -0.171709330E+02  -0.170024161E+02  -0.171205516E+02  -0.178768167E+02  -0.176416109E+02  -0.178831955E+02  -0.178521862E+02  -0.178395276E+02
   0.440003242E+06   0.218428553E+05  -0.176381442E+02  -0.173538468E+02  -0.169736730E+02  -0.166715876E+02  -0.163760014E+02  -0.184187198E+02  -0.173403037E+02  -0.171633602E+02  -0.170051503E+02  -0.171177483E+02  -0.178139438E+02  -0.175281144E+02  -0.178194731E+02  -0.177994697E+02  -0.177616796E+02
   0.450007937E+06   0.210712883E+05  -0.176120127E+02  -0.173407393E+02  -0.169704647E+02  -0.166734099E+02  -0.163808869E+02  -0.183931315E+02  -0.173244803E+02  -0.171564562E+02  -0.170085080E+02  -0.171155970E+02  -0.177519190E+02  -0.174156677E+02  -0.177565610E+02  -0.177476373E+02  -0.176850028E+02
   0.460001461E+06   0.203632480E+05  -0.175867866E+02  -0.173287002E+02  -0.169684331E+02  -0.166764532E+02  -0.163870849E+02  -0.183684612E+02  -0.173096942E+02  -0.171506828E+02  -0.170131131E+02  -0.171146309E+02  -0.176905265E+02  -0.173034075E+02  -0.176942078E+02  -0.176966359E+02  -0.176088911E+02
   0.470006565E+06   0.197094174E+05  -0.175621389E+02  -0.173170173E+02  -0.169665837E+02  -0.166795845E+02  -0.163933627E+02  -0.183443608E+02  -0.172953146E+02  -0.171451589E+02  -0.170177752E+02  -0.171138306E+02  -0.176304304E+02  -0.171934336E+02  -0.176331339E+02  -0.176467250E+02  -0.175343127E+02
   0.480006456E+06   0.191057064E+05  -0.175382574E+02  -0.173058681E+02  -0.169650879E+02  -0.166829727E+02  -0.163998841E+02  -0.183210173E+02  -0.172815211E+02  -0.171400589E+02  -0.170226605E+02  -0.171133671E+02  -0.175718356E+02  -0.170859804E+02  -0.175735489E+02  -0.175980914E+02  -0.174614702E+02
   0.490016038E+06   0.185481154E+05  -0.175152234E+02  -0.172958182E+02  -0.169648531E+02  -0.166877053E+02  -0.164081567E+02  -0.182985360E+02  -0.172687669E+02  -0.171361519E+02  -0.170289206E+02  -0.171141853E+02  -0.175136265E+02  -0.169782125E+02  -0.175142628E+02  -0.175501491E+02  -0.173888774E+02
   0.500009797E+06   0.180312272E+05  -0.174930316E+02  -0.172859284E+02  -0.169642569E+02  -0.166918128E+02  -0.164156860E+02  -0.182768689E+02  -0.172563133E+02  -0.171320771E+02  -0.170344753E+02  -0.171145867E+02  -0.174581523E+02  -0.168758359E+02  -0.174577548E+02  -0.175044234E+02  -0.173198039E+02
   0.510007515E+06   0.175492866E+05  -0.174710063E+02  -0.172768318E+02  -0.169649073E+02  -0.166973897E+02  -0.164260264E+02  -0.182553995E+02  -0.172445243E+02  -0.171290784E+02  -0.170415684E+02  -0.171162889E+02  -0.174014333E+02  -0.167701843E+02  -0.173998870E+02  -0.174581783E+02  -0.172491069E+02
   0.520024081E+06   0.170979515E+05  -0.174496764E+02  -0.172677042E+02  -0.169649779E+02  -0.167021090E+02  -0.164353087E+02  -0.182345945E+02  -0.172328556E+02  -0.171257053E+02  -0.170477185E+02  -0.171173524E+02  -0.173473752E+02  -0.166699637E+02  -0.173447413E+02  -0.174140190E+02  -0.171818744E+02
   0.530024250E+06   0.166744873E+05  -0.174281147E+02  -0.172588552E+02  -0.169656999E+02  -0.167076777E+02  -0.164442602E+02  -0.182135822E+02  -0.172213621E+02  -0.171228414E+02  -0.170547630E+02  -0.171191102E+02  -0.172919727E+02  -0.165667702E+02  -0.172881262E+02  -0.173684455E+02  -0.171130401E+02
   0.540008288E+06   0.162784716E+05  -0.174073147E+02  -0.172502996E+02  -0.169663596E+02  -0.167130064E+02  -0.164524996E+02  -0.181933121E+02  -0.172102602E+02  -0.171200479E+02  -0.170615095E+02  -0.171207678E+02  -0.172386436E+02  -0.164674875E+02  -0.172336090E+02  -0.173244608E+02  -0.170468484E+02
   0.550003234E+06   0.159040356E+05  -0.173866276E+02  -0.172416459E+02  -0.169667567E+02  -0.167179908E+02  -0.164603005E+02  -0.181731467E+02  -0.171991024E+02  -0.171170522E+02  -0.170678843E+02  -0.171221455E+02  -0.171860947E+02  -0.163699037E+02  -0.171798601E+02  -0.172810019E+02  -0.169817568E+02
   0.560005699E+06   0.155503051E+05  -0.173655370E+02  -0.172331739E+02  -0.169677608E+02  -0.167238022E+02  -0.164689487E+02  -0.181526057E+02  -0.171880005E+02  -0.171145014E+02  -0.170751459E+02  -0.171241772E+02  -0.171318745E+02  -0.162687929E+02  -0.171242956E+02  -0.172360674E+02  -0.169146431E+02
   0.570003079E+06   0.152161093E+05  -0.173451518E+02  -0.172247105E+02  -0.169682501E+02  -0.167288332E+02  -0.164766600E+02  -0.181327398E+02  -0.171770523E+02  -0.171116320E+02  -0.170815472E+02  -0.171256373E+02  -0.170801891E+02  -0.161728066E+02  -0.170713403E+02  -0.171931550E+02  -0.168507763E+02
   0.580031586E+06   0.148981215E+05  -0.173246908E+02  -0.172161903E+02  -0.169686894E+02  -0.167338191E+02  -0.164845894E+02  -0.181128008E+02  -0.171660432E+02  -0.171087086E+02  -0.170879053E+02  -0.171270527E+02  -0.170285299E+02  -0.160769522E+02  -0.170183688E+02  -0.171499934E+02  -0.167870404E+02
   0.590016777E+06   0.145980484E+05  -0.173037828E+02  -0.172077459E+02  -0.169695820E+02  -0.167394528E+02  -0.164937880E+02  -0.180924411E+02  -0.171550004E+02  -0.171060940E+02  -0.170949713E+02  -0.171289712E+02  -0.169753463E+02  -0.159779745E+02  -0.169637389E+02  -0.171051294E+02  -0.167214878E+02
   0.600023105E+06   0.143135193E+05  -0.172837732E+02  -0.171995542E+02  -0.169702437E+02  -0.167446101E+02  -0.165023255E+02  -0.180729514E+02  -0.171443450E+02  -0.171034301E+02  -0.171014867E+02  -0.171306058E+02  -0.169247330E+02  -0.158839392E+02  -0.169117542E+02  -0.170624047E+02  -0.166591463E+02
   0.610015601E+06   0.140442886E+05  -0.172647375E+02  -0.171917010E+02  -0.169707679E+02  -0.167493882E+02  -0.165103020E+02  -0.180544076E+02  -0.171341605E+02  -0.171008076E+02  -0.171075498E+02  -0.171320505E+02  -0.168767392E+02  -0.157948581E+02  -0.168624626E+02  -0.170218753E+02  -0.166000547E+02
   0.620032109E+06   0.137879493E+05  -0.172445665E+02  -0.171837314E+02  -0.169719217E+02  -0.167551831E+02  -0.165196130E+02  -0.180347781E+02  -0.171236453E+02  -0.170985310E+02  -0.171147453E+02  -0.171342177E+02  -0.168254017E+02  -0.156991629E+02  -0.168095991E+02  -0.169773986E+02  -0.165370101E+02
   0.630017821E+06   0.135449723E+05  -0.172249112E+02  -0.171759491E+02  -0.169730145E+02  -0.167607921E+02  -0.165286480E+02  -0.180156505E+02  -0.171133857E+02  -0.170962862E+02  -0.171217169E+02  -0.171362982E+02  -0.167754928E+02  -0.156061718E+02  -0.167581862E+02  -0.169339442E+02  -0.164757785E+02
   0.640013015E+06   0.133124811E+05  -0.172058805E+02  -0.171682792E+02  -0.169738365E+02  -0.167659354E+02  -0.165370694E+02  -0.179971248E+02  -0.171033452E+02  -0.170939147E+02  -0.171281640E+02  -0.171380652E+02  -0.167275142E+02  -0.155169702E+02  -0.167087685E+02  -0.168921414E+02  -0.164169658E+02
   0.650034647E+06   0.130907393E+05  -0.171877948E+02  -0.171610288E+02  -0.169746855E+02  -0.167709059E+02  -0.165451665E+02  -0.179795207E+02  -0.170938340E+02  -0.170917179E+02  -0.171343781E+02  -0.171398157E+02  -0.166818190E+02  -0.154319579E+02  -0.166617006E+02  -0.168523366E+02  -0.163609374E+02
   0.660003130E+06   0.128792214E+05  -0.171686158E+02  -0.171533103E+02  -0.169755262E+02  -0.167761028E+02  -0.165536563E+02  -0.179608549E+02  -0.170837225E+02  -0.170893334E+02  -0.171408911E+02  -0.171416132E+02  -0.166337766E+02  -0.153426889E+02  -0.166121243E+02  -0.168102110E+02  -0.163022955E+02
   0.670002835E+06   0.126751976E+05  -0.171486627E+02  -0.171452268E+02  -0.169763026E+02  -0.167813888E+02  -0.165623435E+02  -0.179414358E+02  -0.170731595E+02  -0.170867671E+02  -0.171475407E+02  -0.171433828E+02  -0.165841518E+02  -0.152506006E+02  -0.165608571E+02  -0.167665094E+02  -0.162419084E+02
   0.680010944E+06   0.124803972E+05  -0.171297110E+02  -0.171376080E+02  -0.169771432E+02  -0.167865350E+02  -0.165707373E+02  -0.179229938E+02  -0.170631732E+02  -0.170844161E+02  -0.171539890E+02  -0.171451717E+02  -0.165368696E+02  -0.151627747E+02  -0.165120068E+02  -0.167248828E+02  -0.161843506E+02
   0.690022323E+06   0.122942819E+05  -0.171116112E+02  -0.171303358E+02  -0.169779533E+02  -0.167914588E+02  -0.165787638E+02  -0.179053811E+02  -0.170536392E+02  -0.170821768E+02  -0.171601568E+02  -0.171468877E+02  -0.164917025E+02  -0.150788714E+02  -0.164653415E+02  -0.166851189E+02  -0.161293659E+02
   0.700026006E+06   0.121145971E+05  -0.170938468E+02  -0.171230249E+02  -0.169784454E+02  -0.167959224E+02  -0.165862230E+02  -0.178880869E+02  -0.170441446E+02  -0.170797249E+02  -0.171658215E+02  -0.171482545E+02  -0.164478060E+02  -0.149975771E+02  -0.164199985E+02  -0.166464390E+02  -0.160759910E+02
   0.710030524E+06   0.119412848E+05  -0.170753802E+02  -0.171153476E+02  -0.169788177E+02  -0.168003942E+02  -0.165937213E+02  -0.178701084E+02  -0.170342120E+02  -0.170770558E+02  -0.171715338E+02  -0.171495328E+02  -0.164025987E+02  -0.149139943E+02  -0.163732434E+02  -0.166063918E+02  -0.160212563E+02
   0.720024846E+06   0.117758615E+05  -0.170557085E+02  -0.171072903E+02  -0.169794187E+02  -0.168054087E+02  -0.166018801E+02  -0.178509669E+02  -0.170237247E+02  -0.170743776E+02  -0.171778852E+02  -0.171511144E+02  -0.163545434E+02  -0.148250183E+02  -0.163234263E+02  -0.165635010E+02  -0.159633897E+02
   0.730034734E+06   0.116176304E+05  -0.170371150E+02  -0.170998062E+02  -0.169802164E+02  -0.168104280E+02  -0.166099071E+02  -0.178328805E+02  -0.170139162E+02  -0.170720387E+02  -0.171841833E+02  -0.171528501E+02  -0.163088002E+02  -0.147401335E+02  -0.162759980E+02  -0.165226978E+02  -0.159082619E+02
   0.740009201E+06   0.114649763E+05  -0.170190080E+02  -0.170924171E+02  -0.169808172E+02  -0.168151016E+02  -0.166174824E+02  -0.178152628E+02  -0.170042846E+02  -0.170696134E+02  -0.171900907E+02  -0.171543558E+02  -0.162645006E+02  -0.146580718E+02  -0.162300726E+02  -0.164831640E+02  -0.158549083E+02
   0.750009759E+06   0.113168846E+05  -0.170012554E+02  -0.170850619E+02  -0.169812132E+02  -0.168194487E+02  -0.166246443E+02  -0.177979848E+02  -0.169947539E+02  -0.170670738E+02  -0.171956346E+02  -0.171556297E+02  -0.162213381E+02  -0.145782758E+02  -0.161853329E+02  -0.164446249E+02  -0.158029625E+02
   0.760019346E+06   0.111738495E+05  -0.169840552E+02  -0.170779042E+02  -0.169815419E+02  -0.168235936E+02  -0.166315081E+02  -0.177812430E+02  -0.169854951E+02  -0.170645671E+02  -0.172009356E+02  -0.171568063E+02  -0.161795956E+02  -0.145011508E+02  -0.161420671E+02  -0.164073481E+02  -0.157527367E+02
   0.770012619E+06   0.110378095E+05  -0.169681420E+02  -0.170715424E+02  -0.169823005E+02  -0.168279817E+02  -0.166384820E+02  -0.177657658E+02  -0.169771348E+02  -0.170626290E+02  -0.172064231E+02  -0.171583713E+02  -0.161403404E+02  -0.144282434E+02  -0.161013631E+02  -0.163723400E+02  -0.157054129E+02
   0.780030959E+06   0.109070264E+05  -0.169503490E+02  -0.170644058E+02  -0.169831017E+02  -0.168328373E+02  -0.166462106E+02  -0.177484653E+02  -0.169677656E+02  -0.170604130E+02  -0.172125092E+02  -0.171600813E+02  -0.160970171E+02  -0.143478341E+02  -0.160563020E+02  -0.163342071E+02  -0.156536756E+02
   0.790018927E+06   0.107803407E+05  -0.169318732E+02  -0.170568331E+02  -0.169836488E+02  -0.168375344E+02  -0.166538431E+02  -0.177304955E+02  -0.169579077E+02  -0.170578700E+02  -0.172184665E+02  -0.171615611E+02  -0.160525935E+02  -0.142656213E+02  -0.160100592E+02  -0.162952474E+02  -0.156008425E+02
   0.800017541E+06   0.106570841E+05  -0.169137940E+02  -0.170493621E+02  -0.169840776E+02  -0.168420008E+02  -0.166611655E+02  -0.177129086E+02  -0.169482132E+02  -0.170552925E+02  -0.172241591E+02  -0.171628975E+02  -0.160092690E+02  -0.141855306E+02  -0.159649647E+02  -0.162572389E+02  -0.155493362E+02
   0.810017733E+06   0.105379686E+05  -0.168964036E+02  -0.170422233E+02  -0.169845733E+02  -0.168463985E+02  -0.166683233E+02  -0.176959939E+02  -0.169389257E+02  -0.170528829E+02  -0.172297418E+02  -0.171642702E+02  -0.159674813E+02  -0.141082120E+02  -0.159214665E+02  -0.162205887E+02  -0.154996417E+02
   0.820015821E+06   0.104244034E+05  -0.168802558E+02  -0.170358495E+02  -0.169854782E+02  -0.168510236E+02  -0.166755798E+02  -0.176802997E+02  -0.169305033E+02  -0.170510178E+02  -0.172354966E+02  -0.171660113E+02  -0.159280731E+02  -0.140349284E+02  -0.158804275E+02  -0.161860786E+02  -0.154526950E+02
   0.830023923E+06   0.103154450E+05  -0.168651003E+02  -0.170300715E+02  -0.169866837E+02  -0.168557983E+02  -0.166828792E+02  -0.176655794E+02  -0.169227598E+02  -0.170495657E+02  -0.172413553E+02  -0.171680191E+02  -0.158906007E+02  -0.139649548E+02  -0.158413905E+02  -0.161533056E+02  -0.154079899E+02
   0.840037168E+06   0.102092600E+05  -0.168502747E+02  -0.170243847E+02  -0.169878026E+02  -0.168603957E+02  -0.166899369E+02  -0.176511779E+02  -0.169151576E+02  -0.170480947E+02  -0.172470090E+02  -0.171699199E+02  -0.158540263E+02  -0.138967065E+02  -0.158032913E+02  -0.161213109E+02  -0.153643670E+02
   0.850023821E+06   0.101059858E+05  -0.168357599E+02  -0.170187583E+02  -0.169887953E+02  -0.168647714E+02  -0.166967056E+02  -0.176370756E+02  -0.169076681E+02  -0.170465684E+02  -0.172524121E+02  -0.171716729E+02  -0.158183589E+02  -0.138302335E+02  -0.157661409E+02  -0.160900978E+02  -0.153218443E+02
   0.860030525E+06   0.100053696E+05  -0.168215714E+02  -0.170132293E+02  -0.169897151E+02  -0.168689872E+02  -0.167032528E+02  -0.176232890E+02  -0.169003242E+02  -0.170450341E+02  -0.172576288E+02  -0.171733336E+02  -0.157835622E+02  -0.137654239E+02  -0.157298993E+02  -0.160596406E+02  -0.152803687E+02
   0.870013123E+06   0.990868152E+04  -0.168042120E+02  -0.170061453E+02  -0.169902777E+02  -0.168734716E+02  -0.167105316E+02  -0.176064154E+02  -0.168910827E+02  -0.170426688E+02  -0.172633089E+02  -0.171747888E+02  -0.157424665E+02  -0.136892975E+02  -0.156869239E+02  -0.160238438E+02  -0.152322831E+02
   0.880007885E+06   0.981627237E+04  -0.167879491E+02  -0.169998131E+02  -0.169913350E+02  -0.168783195E+02  -0.167180814E+02  -0.175906226E+02  -0.168826653E+02  -0.170408958E+02  -0.172693128E+02  -0.171767094E+02  -0.157032968E+02  -0.136162997E+02  -0.156459300E+02  -0.159898019E+02  -0.151864008E+02
   0.890022185E+06   0.972681456E+04  -0.167724708E+02  -0.169939481E+02  -0.169926237E+02  -0.168832778E+02  -0.167256552E+02  -0.175755992E+02  -0.168747817E+02  -0.170394446E+02  -0.172753900E+02  -0.171788338E+02  -0.156656432E+02  -0.135458983E+02  -0.156065106E+02  -0.159571123E+02  -0.151422491E+02
   0.900005134E+06   0.963966178E+04  -0.167572965E+02  -0.169881395E+02  -0.169937843E+02  -0.168880134E+02  -0.167329390E+02  -0.175608682E+02  -0.168670065E+02  -0.170379359E+02  -0.172812158E+02  -0.171808086E+02  -0.156288651E+02  -0.134772160E+02  -0.155680120E+02  -0.159251702E+02  -0.150991401E+02
   0.910041010E+06   0.955393948E+04  -0.167422341E+02  -0.169822891E+02  -0.169947888E+02  -0.168925342E+02  -0.167399661E+02  -0.175462418E+02  -0.168592218E+02  -0.170363149E+02  -0.172868089E+02  -0.171826139E+02  -0.155925534E+02  -0.134095240E+02  -0.155300082E+02  -0.158936153E+02  -0.150566016E+02
   0.920009052E+06   0.947092903E+04  -0.167276460E+02  -0.169766215E+02  -0.169957592E+02  -0.168969097E+02  -0.167467687E+02  -0.175320758E+02  -0.168516810E+02  -0.170347428E+02  -0.172922227E+02  -0.171843597E+02  -0.155573882E+02  -0.133439712E+02  -0.154932044E+02  -0.158630564E+02  -0.150154065E+02
   0.930009163E+06   0.939079203E+04  -0.167139489E+02  -0.169715362E+02  -0.169970822E+02  -0.169015199E+02  -0.167537219E+02  -0.175187864E+02  -0.168447875E+02  -0.170336113E+02  -0.172978353E+02  -0.171864313E+02  -0.155238264E+02  -0.132810736E+02  -0.154580606E+02  -0.158339414E+02  -0.149760235E+02
   0.940043067E+06   0.931415615E+04  -0.167015072E+02  -0.169673300E+02  -0.169990042E+02  -0.169065855E+02  -0.167610282E+02  -0.175067344E+02  -0.168388519E+02  -0.170331862E+02  -0.173038596E+02  -0.171890693E+02  -0.154923878E+02  -0.132215809E+02  -0.154251092E+02  -0.158067553E+02  -0.149390181E+02
   0.950036116E+06   0.924020736E+04  -0.166896984E+02  -0.169634680E+02  -0.170010556E+02  -0.169116703E+02  -0.167682751E+02  -0.174953017E+02  -0.168333213E+02  -0.170329726E+02  -0.173098694E+02  -0.171918115E+02  -0.154622482E+02  -0.131643709E+02  -0.153935099E+02  -0.157807191E+02  -0.149035069E+02
   0.960007505E+06   0.916763264E+04  -0.166779209E+02  -0.169594896E+02  -0.170028807E+02  -0.169164724E+02  -0.167751991E+02  -0.174838933E+02  -0.168277052E+02  -0.170325749E+02  -0.173155793E+02  -0.171943146E+02  -0.154324805E+02  -0.131080358E+02  -0.153623096E+02  -0.157549786E+02  -0.148684673E+02
   0.970039146E+06   0.909571149E+04  -0.166660548E+02  -0.169553523E+02  -0.170044947E+02  -0.169210366E+02  -0.167818662E+02  -0.174723930E+02  -0.168219451E+02  -0.170319861E+02  -0.173210432E+02  -0.171966005E+02  -0.154027862E+02  -0.130520133E+02  -0.153311956E+02  -0.157292752E+02  -0.148335487E+02
   0.980016137E+06   0.902557971E+04  -0.166544441E+02  -0.169512783E+02  -0.170060288E+02  -0.169254475E+02  -0.167883276E+02  -0.174611390E+02  -0.168162885E+02  -0.170313722E+02  -0.173263313E+02  -0.171987897E+02  -0.153737910E+02  -0.129973449E+02  -0.153008159E+02  -0.157041715E+02  -0.147994591E+02
   0.990017288E+06   0.895783187E+04  -0.166408286E+02  -0.169461960E+02  -0.170072937E+02  -0.169299781E+02  -0.167951988E+02  -0.174479339E+02  -0.168094127E+02  -0.170301912E+02  -0.173318624E+02  -0.172008059E+02  -0.153409740E+02  -0.129358008E+02  -0.152663204E+02  -0.156757017E+02  -0.147615265E+02
   0.100001928E+07   0.889318364E+04  -0.166268263E+02  -0.169410617E+02  -0.170087544E+02  -0.169348368E+02  -0.168024992E+02  -0.174343612E+02  -0.168024136E+02  -0.170291030E+02  -0.173377642E+02  -0.172030519E+02  -0.153072548E+02  -0.128723958E+02  -0.152308021E+02  -0.156464710E+02  -0.147228132E+02
   0.101000886E+07   0.883023258E+04  -0.166132915E+02  -0.169361622E+02  -0.170102767E+02  -0.169396680E+02  -0.168097080E+02  -0.174212448E+02  -0.167956983E+02  -0.170281434E+02  -0.173436112E+02  -0.172053389E+02  -0.152745209E+02  -0.128107554E+02  -0.151963162E+02  -0.156181078E+02  -0.146852163E+02
   0.102002615E+07   0.876759690E+04  -0.165995191E+02  -0.169309818E+02  -0.170114859E+02  -0.169441695E+02  -0.168165751E+02  -0.174078886E+02  -0.167887111E+02  -0.170268832E+02  -0.173491234E+02  -0.172073091E+02  -0.152416454E+02  -0.127491182E+02  -0.151616976E+02  -0.155895812E+02  -0.146475023E+02
   0.103003999E+07   0.870538712E+04  -0.165855208E+02  -0.169255170E+02  -0.170123673E+02  -0.169483208E+02  -0.168230760E+02  -0.173943038E+02  -0.167814519E+02  -0.170253119E+02  -0.173542785E+02  -0.172089462E+02  -0.152086740E+02  -0.126875807E+02  -0.151269949E+02  -0.155609289E+02  -0.146097251E+02
   0.104002872E+07   0.864413267E+04  -0.165715645E+02  -0.169199633E+02  -0.170130623E+02  -0.169522354E+02  -0.168293042E+02  -0.173807546E+02  -0.167741313E+02  -0.170235919E+02  -0.173591816E+02  -0.172103854E+02  -0.151760360E+02  -0.126268152E+02  -0.150926522E+02  -0.155325438E+02  -0.145723552E+02
   0.105003354E+07   0.858465510E+04  -0.165582431E+02  -0.169148006E+02  -0.170139672E+02  -0.169562665E+02  -0.168355817E+02  -0.173678285E+02  -0.167672530E+02  -0.170221518E+02  -0.173641724E+02  -0.172120127E+02  -0.151445747E+02  -0.125680425E+02  -0.150595356E+02  -0.155052121E+02  -0.145362993E+02
   0.106003295E+07   0.852778476E+04  -0.165460570E+02  -0.169104156E+02  -0.170153837E+02  -0.169606723E+02  -0.168421354E+02  -0.173560203E+02  -0.167612276E+02  -0.170213262E+02  -0.173694959E+02  -0.172141201E+02  -0.151150439E+02  -0.125123974E+02  -0.150284222E+02  -0.154796299E+02  -0.145023753E+02
   0.107003840E+07   0.847223252E+04  -0.165342792E+02  -0.169062582E+02  -0.170168933E+02  -0.169651018E+02  -0.168486631E+02  -0.173446117E+02  -0.167554677E+02  -0.170206455E+02  -0.173748218E+02  -0.172163046E+02  -0.150863235E+02  -0.124581679E+02  -0.149981557E+02  -0.154547664E+02  -0.144693635E+02
   0.108000490E+07   0.841710156E+04  -0.165222591E+02  -0.169018006E+02  -0.170180598E+02  -0.169691661E+02  -0.168548096E+02  -0.173329580E+02  -0.167494199E+02  -0.170196385E+02  -0.173797757E+02  -0.172181408E+02  -0.150574892E+02  -0.124040181E+02  -0.149677872E+02  -0.154297599E+02  -0.144362703E+02
   0.109000366E+07   0.836191130E+04  -0.165098348E+02  -0.168969470E+02  -0.170188363E+02  -0.169728435E+02  -0.168605715E+02  -0.173209005E+02  -0.167429743E+02  -0.170182390E+02  -0.173843437E+02  -0.172195878E+02  -0.150282327E+02  -0.123494187E+02  -0.149369947E+02  -0.154043352E+02  -0.144027503E+02
   0.110003434E+07   0.830694097E+04  -0.164971736E+02  -0.168918262E+02  -0.170193233E+02  -0.169762198E+02  -0.168660240E+02  -0.173086046E+02  -0.167362680E+02  -0.170165587E+02  -0.173886070E+02  -0.172207425E+02  -0.149988063E+02  -0.122947505E+02  -0.149060384E+02  -0.153787254E+02  -0.143690775E+02
   0.111001353E+07   0.825356926E+04  -0.164849940E+02  -0.168869679E+02  -0.170199095E+02  -0.169796114E+02  -0.168714313E+02  -0.172967797E+02  -0.167298701E+02  -0.170150407E+02  -0.173928597E+02  -0.172219771E+02  -0.149703490E+02  -0.122417855E+02  -0.148760959E+02  -0.153539737E+02  -0.143364973E+02
   0.112002131E+07   0.820241568E+04  -0.164739091E+02  -0.168828999E+02  -0.170210599E+02  -0.169834505E+02  -0.168772025E+02  -0.172860348E+02  -0.167243266E+02  -0.170141743E+02  -0.173975243E+02  -0.172237489E+02  -0.149436630E+02  -0.121916103E+02  -0.148479863E+02  -0.153308393E+02  -0.143058596E+02
   0.113000009E+07   0.815306247E+04  -0.164635391E+02  -0.168792999E+02  -0.170224946E+02  -0.169874793E+02  -0.168830953E+02  -0.172759929E+02  -0.167193030E+02  -0.170136632E+02  -0.174023494E+02  -0.172257831E+02  -0.149182410E+02  -0.121435258E+02  -0.148211908E+02  -0.153088439E+02  -0.142766251E+02
   0.114002585E+07   0.810378625E+04  -0.164529155E+02  -0.168754358E+02  -0.170236572E+02  -0.169912320E+02  -0.168887091E+02  -0.172656968E+02  -0.167140175E+02  -0.170128831E+02  -0.174068973E+02  -0.172275444E+02  -0.148925889E+02  -0.120952465E+02  -0.147941673E+02  -0.152866130E+02  -0.142471664E+02
   0.115002657E+07   0.805453048E+04  -0.164418522E+02  -0.168711290E+02  -0.170243752E+02  -0.169945390E+02  -0.168938764E+02  -0.172549608E+02  -0.167082899E+02  -0.170116591E+02  -0.174109991E+02  -0.172288608E+02  -0.148665032E+02  -0.120465431E+02  -0.147667108E+02  -0.152639472E+02  -0.142172757E+02
   0.116002314E+07   0.800528839E+04  -0.164304262E+02  -0.168664578E+02  -0.170247273E+02  -0.169974793E+02  -0.168986766E+02  -0.172438621E+02  -0.167021983E+02  -0.170100698E+02  -0.174147340E+02  -0.172298111E+02  -0.148400591E+02  -0.119974875E+02  -0.147388963E+02  -0.152409219E+02  -0.141870276E+02
   0.117002617E+07   0.795675187E+04  -0.164146689E+02  -0.168592060E+02  -0.170237922E+02  -0.169998214E+02  -0.169033999E+02  -0.172285278E+02  -0.166931564E+02  -0.170066693E+02  -0.174180909E+02  -0.172296495E+02  -0.148061203E+02  -0.119355218E+02  -0.147030683E+02  -0.152111886E+02  -0.141496474E+02
   0.118001106E+07   0.791044190E+04  -0.163996530E+02  -0.168525209E+02  -0.170232933E+02  -0.170025340E+02  -0.169084485E+02  -0.172139272E+02  -0.166847177E+02  -0.170037538E+02  -0.174217989E+02  -0.172299102E+02  -0.147733628E+02  -0.118753534E+02  -0.146684454E+02  -0.151825411E+02  -0.141136421E+02
   0.119003644E+07   0.786603497E+04  -0.163857888E+02  -0.168466452E+02  -0.170233496E+02  -0.170056700E+02  -0.169138244E+02  -0.172004614E+02  -0.166771606E+02  -0.170014928E+02  -0.174258892E+02  -0.172306949E+02  -0.147424862E+02  -0.118181923E+02  -0.146357800E+02  -0.151556056E+02  -0.140796512E+02
   0.120003707E+07   0.782224027E+04  -0.163719944E+02  -0.168407291E+02  -0.170232837E+02  -0.170086412E+02  -0.169190047E+02  -0.171870597E+02  -0.166695862E+02  -0.169991415E+02  -0.174298016E+02  -0.172313474E+02  -0.147119137E+02  -0.117616977E+02  -0.146034436E+02  -0.151289199E+02  -0.140460074E+02
   0.121003177E+07   0.777812886E+04  -0.163576281E+02  -0.168342982E+02  -0.170227453E+02  -0.170111618E+02  -0.169237504E+02  -0.171730891E+02  -0.166614850E+02  -0.169963012E+02  -0.174332704E+02  -0.172315325E+02  -0.146806482E+02  -0.117043226E+02  -0.145704012E+02  -0.151015692E+02  -0.140116483E+02
   0.122003225E+07   0.773363693E+04  -0.163426495E+02  -0.168273233E+02  -0.170217138E+02  -0.170132158E+02  -0.169280487E+02  -0.171585095E+02  -0.166528255E+02  -0.169929479E+02  -0.174362806E+02  -0.172312308E+02  -0.146486245E+02  -0.116459642E+02  -0.145365854E+02  -0.150734942E+02  -0.139765044E+02
   0.123000923E+07   0.768935031E+04  -0.163274454E+02  -0.168200861E+02  -0.170203925E+02  -0.170149658E+02  -0.169320325E+02  -0.171437026E+02  -0.166439113E+02  -0.169893156E+02  -0.174389823E+02  -0.172306359E+02  -0.146164539E+02  -0.115875804E+02  -0.145026310E+02  -0.150452541E+02  -0.139412281E+02
   0.124000937E+07   0.764640525E+04  -0.163130006E+02  -0.168133669E+02  -0.170194100E+02  -0.170169615E+02  -0.169361944E+02  -0.171296430E+02  -0.166355660E+02  -0.169860920E+02  -0.174419010E+02  -0.172303578E+02  -0.145855567E+02  -0.115312640E+02  -0.144700039E+02  -0.150181683E+02  -0.139073191E+02
   0.125003537E+07   0.760580702E+04  -0.163001136E+02  -0.168077832E+02  -0.170192496E+02  -0.170196165E+02  -0.169408972E+02  -0.171171202E+02  -0.166284451E+02  -0.169838130E+02  -0.174454286E+02  -0.172308632E+02  -0.145571163E+02  -0.114787935E+02  -0.144399283E+02  -0.149933310E+02  -0.138760316E+02
   0.126003690E+07   0.756658177E+04  -0.162878954E+02  -0.168026213E+02  -0.170193275E+02  -0.170224146E+02  -0.169456740E+02  -0.171052537E+02  -0.166217979E+02  -0.169818440E+02  -0.174490698E+02  -0.172315846E+02  -0.145298707E+02  -0.114283305E+02  -0.144111026E+02  -0.149695666E+02  -0.138460351E+02
   0.127002523E+07   0.752723173E+04  -0.162752200E+02  -0.167970247E+02  -0.170189874E+02  -0.170248034E+02  -0.169500477E+02  -0.170929313E+02  -0.166147114E+02  -0.169794504E+02  -0.174523043E+02  -0.172318899E+02  -0.145021201E+02  -0.113772886E+02  -0.143817670E+02  -0.149453083E+02  -0.138155249E+02
   0.128001753E+07   0.748712066E+04  -0.162616858E+02  -0.167907062E+02  -0.170180270E+02  -0.170266247E+02  -0.169538922E+02  -0.170797568E+02  -0.166068740E+02  -0.169763969E+02  -0.174549876E+02  -0.172315874E+02  -0.144732191E+02  -0.113246459E+02  -0.143512504E+02  -0.149199672E+02  -0.137838109E+02
   0.129000880E+07   0.744644922E+04  -0.162474179E+02  -0.167837548E+02  -0.170165086E+02  -0.170279268E+02  -0.169572459E+02  -0.170658537E+02  -0.165983826E+02  -0.169727561E+02  -0.174571639E+02  -0.172307361E+02  -0.144433698E+02  -0.112707231E+02  -0.143197628E+02  -0.148937274E+02  -0.137511093E+02
   0.130001110E+07   0.740623745E+04  -0.162332339E+02  -0.167768046E+02  -0.170149300E+02  -0.170291369E+02  -0.169604843E+02  -0.170520304E+02  -0.165899098E+02  -0.169690791E+02  -0.174592382E+02  -0.172298171E+02  -0.144137805E+02  -0.112173325E+02  -0.142885538E+02  -0.148677069E+02  -0.137186999E+02
   0.131002623E+07   0.736840559E+04  -0.162206555E+02  -0.167710320E+02  -0.170142110E+02  -0.170310415E+02  -0.169642972E+02  -0.170397913E+02  -0.165827046E+02  -0.169663859E+02  -0.174619559E+02  -0.172297186E+02  -0.143867086E+02  -0.111678678E+02  -0.142599579E+02  -0.148439926E+02  -0.136889748E+02
   0.132001917E+07   0.733329553E+04  -0.162098236E+02  -0.167665161E+02  -0.170143852E+02  -0.170336505E+02  -0.169686773E+02  -0.170292743E+02  -0.165768593E+02  -0.169647279E+02  -0.174653195E+02  -0.172304687E+02  -0.143624258E+02  -0.111228034E+02  -0.142342609E+02  -0.148228258E+02  -0.136622298E+02
   0.133000966E+07   0.729883911E+04  -0.161991834E+02  -0.167620744E+02  -0.170145463E+02  -0.170362011E+02  -0.169729659E+02  -0.170189431E+02  -0.165711129E+02  -0.169630910E+02  -0.174686107E+02  -0.172311950E+02  -0.143385852E+02  -0.110785681E+02  -0.142090324E+02  -0.148020432E+02  -0.136359728E+02
   0.134001299E+07   0.726363582E+04  -0.161876722E+02  -0.167568959E+02  -0.170140705E+02  -0.170381666E+02  -0.169767071E+02  -0.170077476E+02  -0.165646015E+02  -0.169607780E+02  -0.174713327E+02  -0.172312965E+02  -0.143135874E+02  -0.110327334E+02  -0.141826166E+02  -0.147801697E+02  -0.136085062E+02
   0.135000849E+07   0.722725483E+04  -0.161749616E+02  -0.167507300E+02  -0.170127644E+02  -0.170393835E+02  -0.169797592E+02  -0.169953633E+02  -0.165570580E+02  -0.169575735E+02  -0.174733316E+02  -0.172305872E+02  -0.142869390E+02  -0.109845512E+02  -0.141545029E+02  -0.147567502E+02  -0.135793064E+02
   0.136002002E+07   0.719013362E+04  -0.161614461E+02  -0.167438924E+02  -0.170108855E+02  -0.170400789E+02  -0.169823270E+02  -0.169821808E+02  -0.165488148E+02  -0.169537574E+02  -0.174748248E+02  -0.172293172E+02  -0.142592022E+02  -0.109348423E+02  -0.141252708E+02  -0.147323078E+02  -0.135489663E+02
   0.137003520E+07   0.715433834E+04  -0.161487256E+02  -0.167376112E+02  -0.170093860E+02  -0.170410618E+02  -0.169851155E+02  -0.169697814E+02  -0.165411782E+02  -0.169503900E+02  -0.174765770E+02  -0.172284048E+02  -0.142327684E+02  -0.108872213E+02  -0.140973952E+02  -0.147090509E+02  -0.135200222E+02
   0.138001033E+07   0.712223852E+04  -0.161385528E+02  -0.167332130E+02  -0.170092757E+02  -0.170431776E+02  -0.169888504E+02  -0.169598965E+02  -0.165355645E+02  -0.169486046E+02  -0.174793827E+02  -0.172288210E+02  -0.142102980E+02  -0.108457510E+02  -0.140736318E+02  -0.146894293E+02  -0.134953006E+02
   0.139004111E+07   0.709255025E+04  -0.161300368E+02  -0.167300376E+02  -0.170100662E+02  -0.170460269E+02  -0.169931973E+02  -0.169516467E+02  -0.165312650E+02  -0.169478459E+02  -0.174828701E+02  -0.172300985E+02  -0.141904082E+02  -0.108082887E+02  -0.140525462E+02  -0.146721744E+02  -0.134733288E+02
   0.140000402E+07   0.706325512E+04  -0.161213793E+02  -0.167266502E+02  -0.170105921E+02  -0.170485844E+02  -0.169972325E+02  -0.169432520E+02  -0.165267683E+02  -0.169468430E+02  -0.174860572E+02  -0.172311048E+02  -0.141705277E+02  -0.107710684E+02  -0.140314856E+02  -0.146548938E+02  -0.134513937E+02
   0.141000189E+07   0.703256167E+04  -0.161113677E+02  -0.167221601E+02  -0.170102021E+02  -0.170503230E+02  -0.170005193E+02  -0.169335157E+02  -0.165211161E+02  -0.169448513E+02  -0.174884555E+02  -0.172312183E+02  -0.141487573E+02  -0.107311305E+02  -0.140084788E+02  -0.146358474E+02  -0.134274708E+02
   0.142000891E+07   0.700015438E+04  -0.160997682E+02  -0.167163904E+02  -0.170087615E+02  -0.170511298E+02  -0.170029608E+02  -0.169222068E+02  -0.165141193E+02  -0.169417195E+02  -0.174899588E+02  -0.172303093E+02  -0.141247423E+02  -0.106879337E+02  -0.139831585E+02  -0.146147086E+02  -0.134011832E+02
   0.143000796E+07   0.696710344E+04  -0.160818999E+02  -0.167065832E+02  -0.170049009E+02  -0.170504168E+02  -0.170045541E+02  -0.169047549E+02  -0.165026167E+02  -0.169355156E+02  -0.174902294E+02  -0.172272321E+02  -0.140905500E+02  -0.106276505E+02  -0.139469836E+02  -0.145845641E+02  -0.133650957E+02
   0.144001964E+07   0.693637231E+04  -0.160659956E+02  -0.166981836E+02  -0.170020371E+02  -0.170504835E+02  -0.170067680E+02  -0.168892385E+02  -0.164926386E+02  -0.169304702E+02  -0.174912118E+02  -0.172250978E+02  -0.140594515E+02  -0.105722640E+02  -0.139140387E+02  -0.145572342E+02  -0.133322369E+02
   0.145002858E+07   0.691001168E+04  -0.160539482E+02  -0.166925734E+02  -0.170011755E+02  -0.170521356E+02  -0.170102620E+02  -0.168775236E+02  -0.164856746E+02  -0.169277372E+02  -0.174936494E+02  -0.172248620E+02  -0.140343707E+02  -0.105263493E+02  -0.138873742E+02  -0.145353860E+02  -0.133056462E+02
   0.146002485E+07   0.688611250E+04  -0.160438676E+02  -0.166883291E+02  -0.170012363E+02  -0.170544755E+02  -0.170142717E+02  -0.168677447E+02  -0.164802028E+02  -0.169261015E+02  -0.174967013E+02  -0.172254902E+02  -0.140124738E+02  -0.104855639E+02  -0.138640414E+02  -0.145164198E+02  -0.132823803E+02
   0.147003665E+07   0.686179448E+04  -0.160330246E+02  -0.166834245E+02  -0.170007124E+02  -0.170562705E+02  -0.170177658E+02  -0.168572085E+02  -0.164740493E+02  -0.169238512E+02  -0.174992210E+02  -0.172255436E+02  -0.139896073E+02  -0.104434780E+02  -0.138397140E+02  -0.144965355E+02  -0.132581209E+02
   0.148001203E+07   0.683563166E+04  -0.160200348E+02  -0.166768237E+02  -0.169988245E+02  -0.170568774E+02  -0.170202008E+02  -0.168445488E+02  -0.164661048E+02  -0.169201060E+02  -0.175006075E+02  -0.172242768E+02  -0.139636820E+02  -0.103968751E+02  -0.138122167E+02  -0.144738185E+02  -0.132306970E+02
   0.149000686E+07   0.680735878E+04  -0.160047400E+02  -0.166684332E+02  -0.169955271E+02  -0.170562760E+02  -0.170215749E+02  -0.168296107E+02  -0.164562621E+02  -0.169148015E+02  -0.175008486E+02  -0.172216505E+02  -0.139344084E+02  -0.103452563E+02  -0.137812445E+02  -0.144480120E+02  -0.131998039E+02
   0.150001875E+07   0.677957700E+04  -0.159888671E+02  -0.166593446E+02  -0.169914430E+02  -0.170548412E+02  -0.170220812E+02  -0.168140884E+02  -0.164457467E+02  -0.169087452E+02  -0.175002416E+02  -0.172182260E+02  -0.139047994E+02  -0.102936903E+02  -0.137499664E+02  -0.144218099E+02  -0.131686036E+02
   0.151000605E+07   0.675668754E+04  -0.159762908E+02  -0.166523579E+02  -0.169885797E+02  -0.170541606E+02  -0.170229999E+02  -0.168018009E+02  -0.164375844E+02  -0.169042570E+02  -0.175002430E+02  -0.172159060E+02  -0.138809060E+02  -0.102517065E+02  -0.137246978E+02  -0.144007234E+02  -0.131433991E+02
   0.152003171E+07   0.673869807E+04  -0.159676790E+02  -0.166481392E+02  -0.169876015E+02  -0.170548978E+02  -0.170249941E+02  -0.167934161E+02  -0.164324417E+02  -0.169020017E+02  -0.175015163E+02  -0.172153549E+02  -0.138633998E+02  -0.102199824E+02  -0.137061107E+02  -0.143854232E+02  -0.131248624E+02
   0.153002728E+07   0.672318113E+04  -0.159606228E+02  -0.166448723E+02  -0.169871298E+02  -0.170559058E+02  -0.170270863E+02  -0.167865558E+02  -0.164283779E+02  -0.169004285E+02  -0.175029867E+02  -0.172152516E+02  -0.138486717E+02  -0.101929907E+02  -0.136904504E+02  -0.143725980E+02  -0.131092455E+02
   0.154001338E+07   0.670702966E+04  -0.159523841E+02  -0.166405777E+02  -0.169857448E+02  -0.170560609E+02  -0.170283699E+02  -0.167785208E+02  -0.164232537E+02  -0.168978968E+02  -0.175036231E+02  -0.172142499E+02  -0.138324472E+02  -0.101640010E+02  -0.136732555E+02  -0.143583541E+02  -0.130920959E+02
   0.155002550E+07   0.668860348E+04  -0.159416850E+02  -0.166343783E+02  -0.169828646E+02  -0.170549379E+02  -0.170285344E+02  -0.167680542E+02  -0.164161080E+02  -0.168937086E+02  -0.175030491E+02  -0.172118072E+02  -0.138126378E+02  -0.101296286E+02  -0.136523390E+02  -0.143408043E+02  -0.130712310E+02
   0.156000543E+07   0.666784449E+04  -0.159286169E+02  -0.166263796E+02  -0.169786055E+02  -0.170526583E+02  -0.170277052E+02  -0.167552481E+02  -0.164070431E+02  -0.168879758E+02  -0.175013881E+02  -0.172080409E+02  -0.137893059E+02  -0.100898902E+02  -0.136277600E+02  -0.143200182E+02  -0.130467101E+02
   0.157000788E+07   0.664636850E+04  -0.159147465E+02  -0.166177537E+02  -0.169738482E+02  -0.170499489E+02  -0.170264964E+02  -0.167416487E+02  -0.163973142E+02  -0.168816939E+02  -0.174993186E+02  -0.172037934E+02  -0.137648173E+02  -0.100484282E+02  -0.136019811E+02  -0.142981631E+02  -0.130209913E+02
   0.158000408E+07   0.662770554E+04  -0.159031572E+02  -0.166107219E+02  -0.169701783E+02  -0.170480587E+02  -0.170259102E+02  -0.167302948E+02  -0.163893239E+02  -0.168766992E+02  -0.174979845E+02  -0.172005666E+02  -0.137440005E+02  -0.100128613E+02  -0.135800431E+02  -0.142796350E+02  -0.129991055E+02
   0.159003724E+07   0.661300862E+04  -0.158947410E+02  -0.166058947E+02  -0.169679986E+02  -0.170472805E+02  -0.170261589E+02  -0.167220641E+02  -0.163837419E+02  -0.168734762E+02  -0.174976443E+02  -0.171987358E+02  -0.137283178E+02  -0.998556306E+01  -0.135634774E+02  -0.142657546E+02  -0.129825810E+02
   0.160000362E+07   0.660017097E+04  -0.158874815E+02  -0.166017702E+02  -0.169661867E+02  -0.170466927E+02  -0.170264680E+02  -0.167149666E+02  -0.163789580E+02  -0.168707528E+02  -0.174974390E+02  -0.171972285E+02  -0.137147111E+02  -0.996181020E+01  -0.135490994E+02  -0.142537221E+02  -0.129682389E+02
   0.161003328E+07   0.658650363E+04  -0.158791032E+02  -0.165967294E+02  -0.169636079E+02  -0.170454173E+02  -0.170261476E+02  -0.167067607E+02  -0.163732153E+02  -0.168672039E+02  -0.174965708E+02  -0.171949743E+02  -0.136995753E+02  -0.993587256E+01  -0.135331424E+02  -0.142402623E+02  -0.129523202E+02
   0.162001734E+07   0.657097837E+04  -0.158687953E+02  -0.165902128E+02  -0.169598879E+02  -0.170431778E+02  -0.170249928E+02  -0.166966486E+02  -0.163659012E+02  -0.168623817E+02  -0.174947939E+02  -0.171916228E+02  -0.136815912E+02  -0.990561828E+01  -0.135142256E+02  -0.142241822E+02  -0.129334469E+02
   0.163002441E+07   0.655350161E+04  -0.158566288E+02  -0.165823141E+02  -0.169551376E+02  -0.170400939E+02  -0.170231301E+02  -0.166847027E+02  -0.163571050E+02  -0.168563907E+02  -0.174922309E+02  -0.171872873E+02  -0.136607838E+02  -0.987099828E+01  -0.134923682E+02  -0.142055179E+02  -0.129116384E+02
   0.164003331E+07   0.653559090E+04  -0.158439818E+02  -0.165740410E+02  -0.169500908E+02  -0.170367551E+02  -0.170210428E+02  -0.166722817E+02  -0.163479119E+02  -0.168500725E+02  -0.174894258E+02  -0.171826658E+02  -0.136392813E+02  -0.983534026E+01  -0.134697896E+02  -0.141862118E+02  -0.128891100E+02
   0.165003036E+07   0.652009728E+04  -0.158333044E+02  -0.165671471E+02  -0.169459880E+02  -0.170341297E+02  -0.170194999E+02  -0.166617998E+02  -0.163402223E+02  -0.168448697E+02  -0.174872620E+02  -0.171789307E+02  -0.136209435E+02  -0.980475718E+01  -0.134505209E+02  -0.141697740E+02  -0.128698847E+02
   0.166000369E+07   0.650808907E+04  -0.158254143E+02  -0.165621894E+02  -0.169431934E+02  -0.170324803E+02  -0.170186895E+02  -0.166540612E+02  -0.163346479E+02  -0.168412227E+02  -0.174859704E+02  -0.171764213E+02  -0.136071162E+02  -0.978143935E+01  -0.134359722E+02  -0.141574193E+02  -0.128553696E+02
   0.167003295E+07   0.649782070E+04  -0.158187037E+02  -0.165579864E+02  -0.169408401E+02  -0.170311061E+02  -0.170180328E+02  -0.166474802E+02  -0.163299175E+02  -0.168381405E+02  -0.174849022E+02  -0.171743117E+02  -0.135953287E+02  -0.976153632E+01  -0.134235678E+02  -0.141468910E+02  -0.128429939E+02
   0.168001026E+07   0.648742958E+04  -0.158115192E+02  -0.165533394E+02  -0.169380650E+02  -0.170293219E+02  -0.170169746E+02  -0.166404268E+02  -0.163247368E+02  -0.168346277E+02  -0.174834276E+02  -0.171717832E+02  -0.135830066E+02  -0.974100166E+01  -0.134106213E+02  -0.141358431E+02  -0.128300765E+02
   0.169003290E+07   0.647584338E+04  -0.158030190E+02  -0.165476685E+02  -0.169344812E+02  -0.170268430E+02  -0.170153052E+02  -0.166320728E+02  -0.163184709E+02  -0.168302214E+02  -0.174812939E+02  -0.171684745E+02  -0.135687778E+02  -0.971761588E+01  -0.133956965E+02  -0.141230352E+02  -0.128151841E+02
   0.170001618E+07   0.646306205E+04  -0.157932845E+02  -0.165410553E+02  -0.169301704E+02  -0.170237510E+02  -0.170131063E+02  -0.166224996E+02  -0.163112012E+02  -0.168250033E+02  -0.174785828E+02  -0.171644672E+02  -0.135527240E+02  -0.969146045E+01  -0.133788748E+02  -0.141085487E+02  -0.127983982E+02
   0.171001107E+07   0.644999088E+04  -0.157831409E+02  -0.165341037E+02  -0.169255734E+02  -0.170204004E+02  -0.170106690E+02  -0.166125209E+02  -0.163035782E+02  -0.168194783E+02  -0.174756217E+02  -0.171601804E+02  -0.135361176E+02  -0.966452342E+01  -0.133614831E+02  -0.140935452E+02  -0.127810431E+02
   0.172002985E+07   0.643870032E+04  -0.157743470E+02  -0.165280669E+02  -0.169215705E+02  -0.170174742E+02  -0.170085316E+02  -0.166038695E+02  -0.162969616E+02  -0.168146739E+02  -0.174730319E+02  -0.171564456E+02  -0.135217414E+02  -0.964122380E+01  -0.133464285E+02  -0.140805536E+02  -0.127660201E+02
   0.173001767E+07   0.643020169E+04  -0.157676854E+02  -0.165234807E+02  -0.169185153E+02  -0.170152293E+02  -0.170068806E+02  -0.165973151E+02  -0.162919389E+02  -0.168110153E+02  -0.174710403E+02  -0.171535921E+02  -0.135108779E+02  -0.962364350E+01  -0.133350544E+02  -0.140707323E+02  -0.127546698E+02
   0.174002586E+07   0.642331039E+04  -0.157620291E+02  -0.165195072E+02  -0.169157832E+02  -0.170131544E+02  -0.170052872E+02  -0.165917457E+02  -0.162876115E+02  -0.168077940E+02  -0.174691707E+02  -0.171510236E+02  -0.135018143E+02  -0.960913344E+01  -0.133255768E+02  -0.140625137E+02  -0.127452115E+02
   0.175000744E+07   0.641655022E+04  -0.157560840E+02  -0.165152130E+02  -0.169127067E+02  -0.170107225E+02  -0.170033276E+02  -0.165858859E+02  -0.162829700E+02  -0.168042376E+02  -0.174669403E+02  -0.171481075E+02  -0.134925268E+02  -0.959450311E+01  -0.133158831E+02  -0.140540552E+02  -0.127355368E+02
   0.176003069E+07   0.640915474E+04  -0.157492334E+02  -0.165101684E+02  -0.169089943E+02  -0.170077154E+02  -0.170008373E+02  -0.165791287E+02  -0.162775456E+02  -0.168000003E+02  -0.174641535E+02  -0.171445708E+02  -0.134820197E+02  -0.957815110E+01  -0.133049318E+02  -0.140444551E+02  -0.127246061E+02
   0.177002315E+07   0.640106574E+04  -0.157415210E+02  -0.165044313E+02  -0.169047144E+02  -0.170042068E+02  -0.169978938E+02  -0.165715183E+02  -0.162713931E+02  -0.167951461E+02  -0.174608860E+02  -0.171404828E+02  -0.134703079E+02  -0.956004620E+01  -0.132927339E+02  -0.140337352E+02  -0.127124309E+02
   0.178000483E+07   0.639278862E+04  -0.157334107E+02  -0.164983423E+02  -0.169001164E+02  -0.170003981E+02  -0.169946635E+02  -0.165635125E+02  -0.162648790E+02  -0.167899606E+02  -0.174573239E+02  -0.171360814E+02  -0.134581052E+02  -0.954130178E+01  -0.132800340E+02  -0.140225476E+02  -0.126997542E+02
   0.179001100E+07   0.638560788E+04  -0.157259741E+02  -0.164926593E+02  -0.168957269E+02  -0.169966933E+02  -0.169914604E+02  -0.165561665E+02  -0.162588271E+02  -0.167850612E+02  -0.174538331E+02  -0.171318623E+02  -0.134471183E+02  -0.952463960E+01  -0.132686156E+02  -0.140124412E+02  -0.126883559E+02
   0.180000044E+07   0.638028320E+04  -0.157198358E+02  -0.164878212E+02  -0.168918480E+02  -0.169933222E+02  -0.169884614E+02  -0.165500954E+02  -0.162537156E+02  -0.167808044E+02  -0.174506207E+02  -0.171281099E+02  -0.134383473E+02  -0.951166033E+01  -0.132595247E+02  -0.140043232E+02  -0.126792799E+02
   0.181002862E+07   0.637606423E+04  -0.157143154E+02  -0.164833311E+02  -0.168881179E+02  -0.169899945E+02  -0.169854284E+02  -0.165446282E+02  -0.162490088E+02  -0.167767748E+02  -0.174474186E+02  -0.171244799E+02  -0.134307410E+02  -0.950071956E+01  -0.132516649E+02  -0.139972342E+02  -0.126714319E+02
   0.182002225E+07   0.637205305E+04  -0.157085963E+02  -0.164785916E+02  -0.168841010E+02  -0.169863600E+02  -0.169820742E+02  -0.165389597E+02  -0.162440632E+02  -0.167724731E+02  -0.174439036E+02  -0.171205581E+02  -0.134230386E+02  -0.948984705E+01  -0.132437216E+02  -0.139900238E+02  -0.126634998E+02
   0.183003168E+07   0.636809896E+04  -0.157023232E+02  -0.164732841E+02  -0.168795058E+02  -0.169821418E+02  -0.169781323E+02  -0.165327366E+02  -0.162385527E+02  -0.167675972E+02  -0.174398033E+02  -0.171160568E+02  -0.134148106E+02  -0.947849391E+01  -0.132352560E+02  -0.139822806E+02  -0.126550453E+02
   0.184002331E+07   0.636487335E+04  -0.156955905E+02  -0.164673391E+02  -0.168741418E+02  -0.169770854E+02  -0.169733013E+02  -0.165260445E+02  -0.162324420E+02  -0.167620042E+02  -0.174348431E+02  -0.171107694E+02  -0.134064830E+02  -0.946761701E+01  -0.132267346E+02  -0.139743486E+02  -0.126465330E+02
   0.185003337E+07   0.636377072E+04  -0.156886752E+02  -0.164606930E+02  -0.168676944E+02  -0.169707432E+02  -0.169670361E+02  -0.165191432E+02  -0.162257393E+02  -0.167554785E+02  -0.174285337E+02  -0.171043482E+02  -0.133990226E+02  -0.945928511E+01  -0.132192079E+02  -0.139670234E+02  -0.126390093E+02
   0.186002327E+07   0.636186449E+04  -0.156818940E+02  -0.164543774E+02  -0.168617221E+02  -0.169649527E+02  -0.169613788E+02  -0.165123860E+02  -0.162193257E+02  -0.167493709E+02  -0.174227999E+02  -0.170984212E+02  -0.133912989E+02  -0.945005486E+01  -0.132113697E+02  -0.139595334E+02  -0.126311765E+02
   0.187003940E+07   0.635434693E+04  -0.156754879E+02  -0.164498070E+02  -0.168585060E+02  -0.169624534E+02  -0.169594048E+02  -0.165060748E+02  -0.162143693E+02  -0.167456211E+02  -0.174205247E+02  -0.170953835E+02  -0.133811759E+02  -0.943399044E+01  -0.132007950E+02  -0.139503323E+02  -0.126206229E+02
   0.188000583E+07   0.634490444E+04  -0.156698354E+02  -0.164464604E+02  -0.168568603E+02  -0.169617082E+02  -0.169593193E+02  -0.165005414E+02  -0.162105377E+02  -0.167433051E+02  -0.174200608E+02  -0.170939620E+02  -0.133708548E+02  -0.941620657E+01  -0.131899067E+02  -0.139411692E+02  -0.126097609E+02
   0.189002688E+07   0.633465550E+04  -0.156648745E+02  -0.164440023E+02  -0.168562484E+02  -0.169620736E+02  -0.169604008E+02  -0.164957098E+02  -0.162075532E+02  -0.167419656E+02  -0.174207316E+02  -0.170935934E+02  -0.133608265E+02  -0.939807815E+01  -0.131792626E+02  -0.139323977E+02  -0.125991456E+02
   0.190002398E+07   0.632425213E+04  -0.156605787E+02  -0.164422470E+02  -0.168563672E+02  -0.169631844E+02  -0.169622385E+02  -0.164915453E+02  -0.162052636E+02  -0.167413459E+02  -0.174221524E+02  -0.170939591E+02  -0.133513870E+02  -0.938041647E+01  -0.131691981E+02  -0.139242340E+02  -0.125891102E+02
   0.191002384E+07   0.631388421E+04  -0.156568103E+02  -0.164410105E+02  -0.168569983E+02  -0.169648042E+02  -0.169645828E+02  -0.164879077E+02  -0.162034946E+02  -0.167412410E+02  -0.174240812E+02  -0.170948364E+02  -0.133424925E+02  -0.936332778E+01  -0.131596807E+02  -0.139166109E+02  -0.125796218E+02
   0.192001859E+07   0.630356994E+04  -0.156533756E+02  -0.164400945E+02  -0.168579403E+02  -0.169667298E+02  -0.169672290E+02  -0.164846031E+02  -0.162020488E+02  -0.167414508E+02  -0.174263141E+02  -0.170960232E+02  -0.133339581E+02  -0.934664160E+01  -0.131505266E+02  -0.139093413E+02  -0.125704966E+02
   0.193002700E+07   0.629337214E+04  -0.156502200E+02  -0.164394293E+02  -0.168591121E+02  -0.169688740E+02  -0.169700858E+02  -0.164815763E+02  -0.162008598E+02  -0.167418987E+02  -0.174287622E+02  -0.170974371E+02  -0.133257605E+02  -0.933038429E+01  -0.131417163E+02  -0.139023943E+02  -0.125617149E+02
   0.194002048E+07   0.628347388E+04  -0.156474354E+02  -0.164390618E+02  -0.168605277E+02  -0.169712335E+02  -0.169731368E+02  -0.164789165E+02  -0.161999840E+02  -0.167426116E+02  -0.174314166E+02  -0.170990877E+02  -0.133180820E+02  -0.931488272E+01  -0.131334431E+02  -0.138959296E+02  -0.125534694E+02
   0.195001352E+07   0.627385249E+04  -0.156449582E+02  -0.164389342E+02  -0.168621333E+02  -0.169737566E+02  -0.169763322E+02  -0.164765608E+02  -0.161993623E+02  -0.167435342E+02  -0.174342264E+02  -0.171009217E+02  -0.133108478E+02  -0.930004433E+01  -0.131256308E+02  -0.138898752E+02  -0.125456840E+02
   0.196000929E+07   0.626433786E+04  -0.156425822E+02  -0.164388816E+02  -0.168637947E+02  -0.169763252E+02  -0.169795656E+02  -0.164743048E+02  -0.161988210E+02  -0.167445201E+02  -0.174370786E+02  -0.171028089E+02  -0.133037674E+02  -0.928544420E+01  -0.131179788E+02  -0.138839617E+02  -0.125380587E+02
   0.197001501E+07   0.625480161E+04  -0.156401649E+02  -0.164387931E+02  -0.168654240E+02  -0.169788640E+02  -0.169827707E+02  -0.164720078E+02  -0.161982427E+02  -0.167454725E+02  -0.174399015E+02  -0.171046647E+02  -0.132966352E+02  -0.927077511E+01  -0.131102737E+02  -0.138779989E+02  -0.125303802E+02
   0.198003019E+07   0.624523176E+04  -0.156376812E+02  -0.164386464E+02  -0.168670012E+02  -0.169813537E+02  -0.169859290E+02  -0.164696449E+02  -0.161976045E+02  -0.167463703E+02  -0.174426763E+02  -0.171064690E+02  -0.132894199E+02  -0.925599639E+01  -0.131024834E+02  -0.138719571E+02  -0.125226168E+02
