  0.0000000000E+000  0.0000000000E+000
  1.0000531315E+004 -3.2337449386E+033
  2.0000124747E+004  2.4756808255E+037
  3.0000239552E+004  1.3530635915E+038
  4.0000256344E+004  1.3579256500E+038
  5.0000276135E+004  1.2527008300E+038
  6.0000544417E+004  1.0610125143E+038
  7.0000282620E+004  9.4088267376E+037
  8.0000398861E+004  8.3870630654E+037
  9.0000435131E+004  7.6335606316E+037
  1.0000035683E+005  7.0184032684E+037
  1.1000058425E+005  6.5250152512E+037
  1.2000023728E+005  6.1166823509E+037
  1.3000039028E+005  5.7717492040E+037
  1.4000035321E+005  5.4744318186E+037
  1.5000024946E+005  5.2149181319E+037
  1.6000051473E+005  4.9860390599E+037
  1.7000030344E+005  4.7817642333E+037
  1.8000041732E+005  4.5967437300E+037
  1.9000038515E+005  4.4282033976E+037
  2.0000027971E+005  4.2746914992E+037
  2.1000051659E+005  4.1338342526E+037
  2.2000057767E+005  4.0040991999E+037
  2.3000049985E+005  3.8843122190E+037
  2.4000034163E+005  3.7732013101E+037
  2.5000041412E+005  3.6698305916E+037
  2.6000039735E+005  3.5732539670E+037
  2.7000041318E+005  3.4827635060E+037
  2.8000055161E+005  3.3977383862E+037
  2.9000057406E+005  3.3177412979E+037
  3.0000055485E+005  3.2423111206E+037
  3.1000054173E+005  3.1709583599E+037
  3.2000034179E+005  3.1032806587E+037
  3.3000046880E+005  3.0388644016E+037
  3.4000039352E+005  2.9775536118E+037
  3.5000047723E+005  2.9189501692E+037
  3.6000052066E+005  2.8628800960E+037
  3.7000044843E+005  2.8091445583E+037
  3.8000042934E+005  2.7578722088E+037
  3.9000037405E+005  2.7095412676E+037
  4.0000052233E+005  2.6744096560E+037
  4.1000037646E+005  2.8205526275E+037
  4.2000032941E+005  7.6554897439E+037
  4.3000048640E+005  4.4844292187E+038
  4.4000041366E+005  1.9320368356E+039
  4.5000037385E+005  2.3013491034E+039
  4.6000055568E+005  2.8173085410E+039
  4.7000045880E+005  3.5187123291E+039
  4.8000033076E+005  4.5048617165E+039
  4.9000056982E+005  5.9854542650E+039
  5.0000034031E+005  8.4544651983E+039
  5.1000045489E+005  1.3414829135E+040
  5.2000045781E+005  2.8987324000E+040
  5.3000036729E+005  8.4096863211E+041
  5.4000057946E+005  5.4937854176E+042
  5.5000042150E+005  2.3495662839E+043
  5.6000039730E+005  7.8039769687E+043
  5.7000063052E+005  1.6047154836E+044
  5.8000057093E+005  8.5094090514E+043
  5.9000020330E+005  3.7041414468E+043
  6.0000053017E+005  2.8198209837E+043
  6.1000042854E+005  2.2583971230E+043
  6.2000058728E+005  1.8920460460E+043
  6.3000037773E+005  1.6408109066E+043
  6.4000045673E+005  1.4586157577E+043
  6.5000041071E+005  1.3202572716E+043
  6.6000051961E+005  1.2115171698E+043
  6.7000056651E+005  1.1239565957E+043
  6.8000067547E+005  1.0520028506E+043
  6.9000053365E+005  9.9201928851E+042
  7.0000046169E+005  9.4118649821E+042
  7.1000039291E+005  8.9752758808E+042
  7.2000035055E+005  8.5973967663E+042
  7.3000044141E+005  8.2662095740E+042
  7.4000037028E+005  7.9735310759E+042
  7.5000039673E+005  7.7151514204E+042
  7.6000041520E+005  7.4850739298E+042
  7.7000035814E+005  7.2776497172E+042
  7.8000059113E+005  7.0908228043E+042
  7.9000054994E+005  6.9229900194E+042
  8.0000042363E+005  6.7696872799E+042
  8.1000051454E+005  6.6282533513E+042
  8.2000036070E+005  6.4984777293E+042
  8.3000066717E+005  6.3794091702E+042
  8.4000046573E+005  6.2679105226E+042
  8.5000047790E+005  6.1625039417E+042
  8.6000038757E+005  6.0638120992E+042
  8.7000062009E+005  5.9714752133E+042
  8.8000059460E+005  5.8831480045E+042
  8.9000056462E+005  5.7977371584E+042
  9.0000047054E+005  5.7158908360E+042
  9.1000046196E+005  5.6378852724E+042
  9.2000038063E+005  5.5623243091E+042
  9.3000042481E+005  5.4878312344E+042
  9.4000047038E+005  5.4147020182E+042
  9.5000057548E+005  5.3439166782E+042
  9.6000068175E+005  5.2752077329E+042
  9.7000053524E+005  5.2070259580E+042
  9.8000049672E+005  5.1390360358E+042
  9.9000068461E+005  5.0722905655E+042
  1.0000007054E+006  5.0074877322E+042
  1.0100005195E+006  4.9436342086E+042
  1.0200005637E+006  4.8797789039E+042
  1.0300005210E+006  4.8162791294E+042
  1.0400005576E+006  4.7540375404E+042
  1.0500007209E+006  4.6934462417E+042
  1.0600005821E+006  4.6336365087E+042
  1.0700005042E+006  4.5738592723E+042
  1.0800004435E+006  4.5144571742E+042
  1.0900005863E+006  4.4563366199E+042
  1.1000006641E+006  4.3999099189E+042
  1.1100006796E+006  4.3442962254E+042
  1.1200004116E+006  4.2888458529E+042
  1.1300006149E+006  4.2338989285E+042
  1.1400006116E+006  4.1801927033E+042
  1.1500007304E+006  4.1282143000E+042
  1.1600007141E+006  4.0771902275E+042
  1.1700006753E+006  4.0264064930E+042
  1.1800004827E+006  3.9762716091E+042
  1.1900005058E+006  3.9270719230E+042
  1.2000004382E+006  3.8792961170E+042
  1.2100004101E+006  3.8326052219E+042
  1.2200005228E+006  3.7863815236E+042
  1.2300004436E+006  3.7408046269E+042
  1.2400005489E+006  3.6960793237E+042
  1.2500007535E+006  3.6521866468E+042
  1.2600007149E+006  3.6092789712E+042
  1.2700004441E+006  3.5672862371E+042
  1.2800007110E+006  3.5259161362E+042
  1.2900004129E+006  3.4853020133E+042
  1.3000007276E+006  3.4455242710E+042
  1.3100004247E+006  3.4063644955E+042
  1.3200005922E+006  3.3679504448E+042
  1.3300005884E+006  3.3304063855E+042
  1.3400004342E+006  3.2935273463E+042
  1.3500005692E+006  3.2572256795E+042
  1.3600007899E+006  3.2217420313E+042
  1.3700004465E+006  3.1869764968E+042
  1.3800007042E+006  3.1527471835E+042
  1.3900004233E+006  3.1191552987E+042
  1.4000006338E+006  3.0862204599E+042
  1.4100004617E+006  3.0537669283E+042
  1.4200004990E+006  3.0218485642E+042
  1.4300006242E+006  2.9906981002E+042
  1.4400007465E+006  2.9603277665E+042
  1.4500006358E+006  2.9304247134E+042
  1.4600005042E+006  2.9009503408E+042
  1.4700004806E+006  2.8719206278E+042
  1.4800007137E+006  2.8432936256E+042
  1.4900007674E+006  2.8150505417E+042
  1.5000006023E+006  2.7874203885E+042
  1.5100004546E+006  2.7606051536E+042
  1.5200007655E+006  2.7343921994E+042
  1.5300007014E+006  2.7084543998E+042
  1.5400006671E+006  2.6827484981E+042
  1.5500006974E+006  2.6573527832E+042
  1.5600006465E+006  2.6322330914E+042
  1.5700008144E+006  2.6074590713E+042
  1.5800006044E+006  2.5832953356E+042
  1.5900007517E+006  2.5599307027E+042
  1.6000006329E+006  2.5370730328E+042
  1.6100008340E+006  2.5143545083E+042
  1.6200006284E+006  2.4917556129E+042
  1.6300007752E+006  2.4693510381E+042
  1.6400007137E+006  2.4471539685E+042
  1.6500008233E+006  2.4252072515E+042
  1.6600004800E+006  2.4037872482E+042
  1.6700005715E+006  2.3831334154E+042
  1.6800007963E+006  2.3630556962E+042
  1.6900007393E+006  2.3430995046E+042
  1.7000006193E+006  2.3231424838E+042
  1.7100007257E+006  2.3032760803E+042
  1.7200008235E+006  2.2835474033E+042
  1.7300004815E+006  2.2639648854E+042
  1.7400005122E+006  2.2447130526E+042
  1.7500006687E+006  2.2261270561E+042
  1.7600007601E+006  2.2082914514E+042
  1.7700008240E+006  2.1907911658E+042
  1.7800005607E+006  2.1732464944E+042
  1.7900005877E+006  2.1556449884E+042
  1.8000005450E+006  2.1380951348E+042
  1.8100008657E+006  2.1206146476E+042
  1.8200006091E+006  2.1032467832E+042
  1.8300007619E+006  2.0862314377E+042
  1.8400006878E+006  2.0699433981E+042
  1.8500006390E+006  2.0544328389E+042
  1.8600008742E+006  2.0392438131E+042
  1.8700007697E+006  2.0239574486E+042
  1.8800008762E+006  2.0085339103E+042
  1.8900007949E+006  1.9930930519E+042
  1.9000008706E+006  1.9776540372E+042
  1.9100009077E+006  1.9622034914E+042
  1.9200006197E+006  1.9469606388E+042
  1.9300006948E+006  1.9324248596E+042
  1.9400008553E+006  1.9189526840E+042
  1.9500007533E+006  1.9062409630E+042
  1.9600008824E+006  1.8935917741E+042
  1.9700007555E+006  1.8806543464E+042
  1.9800007483E+006  1.8675070582E+042
  1.9872000000E+006  1.8579653844E+042
