   0.000000000E+00   0.500000000E+04  -0.365658958E+01  -0.486467858E+01  -0.559037428E+01  -0.586541358E+01  -0.598859158E+01  -0.451042958E+01  -0.453839958E+01  -0.535141558E+01  -0.637750158E+01  -0.587220158E+01  -0.524489575E+00   0.480872042E+01  -0.230709575E+00  -0.133701958E+01   0.249660425E+00
   0.100001229E+05   0.500000000E+04  -0.415604316E+01  -0.536413216E+01  -0.608982786E+01  -0.636486716E+01  -0.648804516E+01  -0.500988316E+01  -0.503785316E+01  -0.585086916E+01  -0.687695516E+01  -0.637165516E+01  -0.102394316E+01   0.430926684E+01  -0.730163157E+00  -0.183647316E+01  -0.249793157E+00
   0.200000023E+05   0.500000000E+04  -0.409399057E+01  -0.530207957E+01  -0.602777527E+01  -0.630281457E+01  -0.642599257E+01  -0.494783057E+01  -0.497580057E+01  -0.578881657E+01  -0.681490257E+01  -0.630960257E+01  -0.961890575E+00   0.437131943E+01  -0.668110575E+00  -0.177442057E+01  -0.187740575E+00
   0.300001183E+05   0.500000000E+04  -0.405402939E+01  -0.526211839E+01  -0.598781409E+01  -0.626285339E+01  -0.638603139E+01  -0.490786939E+01  -0.493583939E+01  -0.574885539E+01  -0.677494139E+01  -0.626964139E+01  -0.921929394E+00   0.441128061E+01  -0.628149394E+00  -0.173445939E+01  -0.147779394E+00
   0.400001394E+05   0.500000000E+04  -0.403889340E+01  -0.524698240E+01  -0.597267810E+01  -0.624771740E+01  -0.637089540E+01  -0.489273340E+01  -0.492070340E+01  -0.573371940E+01  -0.675980540E+01  -0.625450540E+01  -0.906793397E+00   0.442641660E+01  -0.613013397E+00  -0.171932340E+01  -0.132643397E+00
   0.500000927E+05   0.500000000E+04  -0.403291596E+01  -0.524100496E+01  -0.596670066E+01  -0.624173996E+01  -0.636491796E+01  -0.488675596E+01  -0.491472596E+01  -0.572774196E+01  -0.675382796E+01  -0.624852796E+01  -0.900815964E+00   0.443239404E+01  -0.607035964E+00  -0.171334596E+01  -0.126665964E+00
   0.600001306E+05   0.500000000E+04  -0.402923449E+01  -0.523732349E+01  -0.596301919E+01  -0.623805849E+01  -0.636123649E+01  -0.488307449E+01  -0.491104449E+01  -0.572406049E+01  -0.675014649E+01  -0.624484649E+01  -0.897134494E+00   0.443607551E+01  -0.603354494E+00  -0.170966449E+01  -0.122984494E+00
   0.700000849E+05   0.500000000E+04  -0.402575279E+01  -0.523384179E+01  -0.595953749E+01  -0.623457679E+01  -0.635775479E+01  -0.487959279E+01  -0.490756279E+01  -0.572057879E+01  -0.674666479E+01  -0.624136479E+01  -0.893652794E+00   0.443955721E+01  -0.599872794E+00  -0.170618279E+01  -0.119502794E+00
   0.800001213E+05   0.500000000E+04  -0.402183356E+01  -0.522992256E+01  -0.595561826E+01  -0.623065756E+01  -0.635383556E+01  -0.487567356E+01  -0.490364356E+01  -0.571665956E+01  -0.674274556E+01  -0.623744556E+01  -0.889733565E+00   0.444347644E+01  -0.595953565E+00  -0.170226356E+01  -0.115583565E+00
   0.900001535E+05   0.500000000E+04  -0.401732289E+01  -0.522541189E+01  -0.595110759E+01  -0.622614689E+01  -0.634932489E+01  -0.487116289E+01  -0.489913289E+01  -0.571214889E+01  -0.673823489E+01  -0.623293489E+01  -0.885222892E+00   0.444798711E+01  -0.591442892E+00  -0.169775289E+01  -0.111072892E+00
   0.100000085E+06   0.500000000E+04  -0.401216747E+01  -0.522025647E+01  -0.594595217E+01  -0.622099147E+01  -0.634416947E+01  -0.486600747E+01  -0.489397747E+01  -0.570699347E+01  -0.673307947E+01  -0.622777947E+01  -0.880067466E+00   0.445314253E+01  -0.586287466E+00  -0.169259747E+01  -0.105917466E+00
   0.110000063E+06   0.500000000E+04  -0.400645577E+01  -0.521454477E+01  -0.594024047E+01  -0.621527977E+01  -0.633845777E+01  -0.486029577E+01  -0.488826577E+01  -0.570128177E+01  -0.672736777E+01  -0.622206777E+01  -0.874355769E+00   0.445885423E+01  -0.580575769E+00  -0.168688577E+01  -0.100205769E+00
   0.120000061E+06   0.500000000E+04  -0.400028104E+01  -0.520837004E+01  -0.593406574E+01  -0.620910504E+01  -0.633228304E+01  -0.485412104E+01  -0.488209104E+01  -0.569510704E+01  -0.672119304E+01  -0.621589304E+01  -0.868181035E+00   0.446502896E+01  -0.574401035E+00  -0.168071104E+01  -0.940310353E-01
   0.130000179E+06   0.500000000E+04  -0.399378461E+01  -0.520187361E+01  -0.592756931E+01  -0.620260861E+01  -0.632578661E+01  -0.484762461E+01  -0.487559461E+01  -0.568861061E+01  -0.671469661E+01  -0.620939661E+01  -0.861684610E+00   0.447152539E+01  -0.567904610E+00  -0.167421461E+01  -0.875346098E-01
   0.140000072E+06   0.500000000E+04  -0.398710333E+01  -0.519519233E+01  -0.592088803E+01  -0.619592733E+01  -0.631910533E+01  -0.484094333E+01  -0.486891333E+01  -0.568192933E+01  -0.670801533E+01  -0.620271533E+01  -0.855003333E+00   0.447820667E+01  -0.561223333E+00  -0.166753333E+01  -0.808533333E-01
   0.150000123E+06   0.500000000E+04  -0.398031464E+01  -0.518840364E+01  -0.591409934E+01  -0.618913864E+01  -0.631231664E+01  -0.483415464E+01  -0.486212464E+01  -0.567514064E+01  -0.670122664E+01  -0.619592664E+01  -0.848214637E+00   0.448499536E+01  -0.554434637E+00  -0.166074464E+01  -0.740646373E-01
   0.160000094E+06   0.500000000E+04  -0.397346681E+01  -0.518155581E+01  -0.590725151E+01  -0.618229081E+01  -0.630546881E+01  -0.482730681E+01  -0.485527681E+01  -0.566829281E+01  -0.669437881E+01  -0.618907881E+01  -0.841366810E+00   0.449184319E+01  -0.547586810E+00  -0.165389681E+01  -0.672168103E-01
   0.170000120E+06   0.500000000E+04  -0.396662770E+01  -0.517471670E+01  -0.590041240E+01  -0.617545170E+01  -0.629862970E+01  -0.482046770E+01  -0.484843770E+01  -0.566145370E+01  -0.668753970E+01  -0.618223970E+01  -0.834527705E+00   0.449868230E+01  -0.540747705E+00  -0.164705770E+01  -0.603777045E-01
   0.180000172E+06   0.500000000E+04  -0.395980495E+01  -0.516789395E+01  -0.589358965E+01  -0.616862895E+01  -0.629180695E+01  -0.481364495E+01  -0.484161495E+01  -0.565463095E+01  -0.668071695E+01  -0.617541695E+01  -0.827704950E+00   0.450550505E+01  -0.533924950E+00  -0.164023495E+01  -0.535549500E-01
   0.190000130E+06   0.500000000E+04  -0.395306900E+01  -0.516115800E+01  -0.588685370E+01  -0.616189300E+01  -0.628507100E+01  -0.480690900E+01  -0.483487900E+01  -0.564789500E+01  -0.667398100E+01  -0.616868100E+01  -0.820968996E+00   0.451224100E+01  -0.527188996E+00  -0.163349900E+01  -0.468189959E-01
   0.200000202E+06   0.500000000E+04  -0.394643518E+01  -0.515452418E+01  -0.588021988E+01  -0.615525918E+01  -0.627843718E+01  -0.480027518E+01  -0.482824518E+01  -0.564126118E+01  -0.666734718E+01  -0.616204718E+01  -0.814335184E+00   0.451887482E+01  -0.520555184E+00  -0.162686518E+01  -0.401851839E-01
   0.210000133E+06   0.500000000E+04  -0.393990245E+01  -0.514799145E+01  -0.587368715E+01  -0.614872645E+01  -0.627190445E+01  -0.479374245E+01  -0.482171245E+01  -0.563472845E+01  -0.666081445E+01  -0.615551445E+01  -0.807802449E+00   0.452540755E+01  -0.514022449E+00  -0.162033245E+01  -0.336524486E-01
   0.220000199E+06   0.500000000E+04  -0.393350819E+01  -0.514159719E+01  -0.586729289E+01  -0.614233219E+01  -0.626551019E+01  -0.478734819E+01  -0.481531819E+01  -0.562833419E+01  -0.665442019E+01  -0.614912019E+01  -0.801408187E+00   0.453180181E+01  -0.507628187E+00  -0.161393819E+01  -0.272581866E-01
   0.230000159E+06   0.544303025E+04  -0.860751943E+01  -0.966177149E+01  -0.102753074E+02  -0.104895178E+02  -0.105677424E+02  -0.945303844E+01  -0.936767510E+01  -0.100810588E+02  -0.109823526E+02  -0.105409473E+02  -0.576896684E+01  -0.925735012E+00  -0.551599436E+01  -0.649292624E+01  -0.499184854E+01
   0.240000081E+06   0.500000000E+04  -0.829377125E+01  -0.950186025E+01  -0.102275560E+02  -0.105025953E+02  -0.106257733E+02  -0.914761125E+01  -0.917558125E+01  -0.998859725E+01  -0.110146833E+02  -0.105093833E+02  -0.516167125E+01   0.171538749E+00  -0.486789125E+01  -0.597420125E+01  -0.438752125E+01
   0.250000218E+06   0.500000000E+04  -0.855376080E+01  -0.976184980E+01  -0.104875455E+02  -0.107625848E+02  -0.108857628E+02  -0.940760080E+01  -0.943557080E+01  -0.102485868E+02  -0.112746728E+02  -0.107693728E+02  -0.542166080E+01  -0.884508000E-01  -0.512788080E+01  -0.623419080E+01  -0.464751080E+01
   0.260000217E+06   0.500000000E+04  -0.882809306E+01  -0.100361821E+02  -0.107618778E+02  -0.110369171E+02  -0.111600951E+02  -0.968193306E+01  -0.970990306E+01  -0.105229191E+02  -0.115490051E+02  -0.110437051E+02  -0.569599306E+01  -0.362783064E+00  -0.540221306E+01  -0.650852306E+01  -0.492184306E+01
   0.270000269E+06   0.500000000E+04  -0.909676259E+01  -0.103048516E+02  -0.110305473E+02  -0.113055866E+02  -0.114287646E+02  -0.995060259E+01  -0.997857259E+01  -0.107915886E+02  -0.118176746E+02  -0.113123746E+02  -0.596466259E+01  -0.631452594E+00  -0.567088259E+01  -0.677719259E+01  -0.519051259E+01
   0.280000231E+06   0.510439138E+04  -0.942537063E+01  -0.105972110E+02  -0.112964784E+02  -0.115571846E+02  -0.116697702E+02  -0.102772500E+02  -0.102785152E+02  -0.110680548E+02  -0.120647359E+02  -0.115744915E+02  -0.636243931E+01  -0.114468305E+01  -0.607827480E+01  -0.715409939E+01  -0.558758989E+01
   0.290000090E+06   0.523140533E+04  -0.976382810E+01  -0.108915644E+02  -0.115586763E+02  -0.118019432E+02  -0.119016410E+02  -0.106133218E+02  -0.105820951E+02  -0.113430708E+02  -0.123039748E+02  -0.118320486E+02  -0.678505495E+01  -0.170777230E+01  -0.651258970E+01  -0.755132240E+01  -0.600935454E+01
   0.300000099E+06   0.537519157E+04  -0.101129671E+02  -0.111907753E+02  -0.118214856E+02  -0.120450104E+02  -0.121301185E+02  -0.109597603E+02  -0.108917510E+02  -0.116203908E+02  -0.125407933E+02  -0.120896042E+02  -0.722946529E+01  -0.231120591E+01  -0.697024419E+01  -0.796698699E+01  -0.645280151E+01
   0.310000076E+06   0.554258339E+04  -0.104834638E+02  -0.115031473E+02  -0.120914798E+02  -0.122920214E+02  -0.123601445E+02  -0.113271130E+02  -0.112162826E+02  -0.119072780E+02  -0.127805298E+02  -0.123534822E+02  -0.771087417E+01  -0.297774512E+01  -0.746707153E+01  -0.841493090E+01  -0.693308886E+01
   0.320000180E+06   0.574668831E+04  -0.108935827E+02  -0.118423932E+02  -0.123790535E+02  -0.125515710E+02  -0.125989841E+02  -0.117333984E+02  -0.115703551E+02  -0.122154497E+02  -0.130312095E+02  -0.126335983E+02  -0.825623095E+01  -0.374883581E+01  -0.803122841E+01  -0.891948302E+01  -0.747707813E+01
   0.330000112E+06   0.601623119E+04  -0.113762949E+02  -0.122331823E+02  -0.127027890E+02  -0.128389786E+02  -0.128595545E+02  -0.122111481E+02  -0.119803789E+02  -0.125659013E+02  -0.133071250E+02  -0.129476931E+02  -0.891481004E+01  -0.470039820E+01  -0.871411521E+01  -0.952542961E+01  -0.813488977E+01
   0.340000035E+06   0.695082594E+04  -0.124391934E+02  -0.130678518E+02  -0.133691016E+02  -0.134161698E+02  -0.133714444E+02  -0.132622539E+02  -0.128630492E+02  -0.132985608E+02  -0.138564673E+02  -0.135918193E+02  -0.104397955E+02  -0.696403128E+01  -0.102952511E+02  -0.109358057E+02  -0.971340882E+01
   0.350000012E+06   0.922261941E+04  -0.140127498E+02  -0.142884094E+02  -0.143274034E+02  -0.142387396E+02  -0.140958586E+02  -0.148184425E+02  -0.141578658E+02  -0.143587818E+02  -0.146371587E+02  -0.145183236E+02  -0.127809398E+02  -0.104766241E+02  -0.127118543E+02  -0.131003866E+02  -0.122209208E+02
   0.360000213E+06   0.111424004E+05  -0.148548943E+02  -0.149509514E+02  -0.148562352E+02  -0.146991259E+02  -0.145076382E+02  -0.156521829E+02  -0.148580803E+02  -0.149386370E+02  -0.150767221E+02  -0.150316860E+02  -0.140450387E+02  -0.123588143E+02  -0.140071752E+02  -0.142737729E+02  -0.136163144E+02
   0.370000003E+06   0.130100069E+05  -0.154462872E+02  -0.154234662E+02  -0.152400717E+02  -0.150377927E+02  -0.148131916E+02  -0.162381884E+02  -0.153554482E+02  -0.153559951E+02  -0.154017176E+02  -0.154055300E+02  -0.149302592E+02  -0.136660835E+02  -0.149096411E+02  -0.151029213E+02  -0.146056155E+02
   0.380000271E+06   0.148763635E+05  -0.158972852E+02  -0.157896884E+02  -0.155428645E+02  -0.153083380E+02  -0.150593668E+02  -0.166854349E+02  -0.157393529E+02  -0.156826294E+02  -0.156625281E+02  -0.157013022E+02  -0.155987840E+02  -0.146438858E+02  -0.155885180E+02  -0.157208508E+02  -0.153563977E+02
   0.390000241E+06   0.167226774E+05  -0.162545615E+02  -0.160838121E+02  -0.157895354E+02  -0.155309450E+02  -0.152671733E+02  -0.170399646E+02  -0.160466289E+02  -0.159470971E+02  -0.158778578E+02  -0.159428242E+02  -0.161223780E+02  -0.154027675E+02  -0.161186760E+02  -0.161977137E+02  -0.159450105E+02
   0.400000155E+06   0.185534413E+05  -0.165481910E+02  -0.163286591E+02  -0.159975982E+02  -0.157204019E+02  -0.154408181E+02  -0.173314983E+02  -0.163016342E+02  -0.161689329E+02  -0.160616023E+02  -0.161469201E+02  -0.165469371E+02  -0.160120064E+02  -0.165475840E+02  -0.165833592E+02  -0.164223281E+02
   0.410000214E+06   0.203628295E+05  -0.167900961E+02  -0.165320177E+02  -0.161717565E+02  -0.158797796E+02  -0.155904132E+02  -0.175717711E+02  -0.165130100E+02  -0.163540040E+02  -0.162164405E+02  -0.163179550E+02  -0.168938145E+02  -0.165066651E+02  -0.168974952E+02  -0.168999301E+02  -0.168121703E+02
   0.420000257E+06   0.220721968E+05  -0.169886944E+02  -0.167006455E+02  -0.163176188E+02  -0.160140843E+02  -0.157176093E+02  -0.177691135E+02  -0.166878844E+02  -0.165083714E+02  -0.163472021E+02  -0.164613893E+02  -0.171748439E+02  -0.169035529E+02  -0.171806246E+02  -0.171574391E+02  -0.171268324E+02
   0.430000182E+06   0.236767562E+05  -0.171538783E+02  -0.168423826E+02  -0.164414764E+02  -0.161288725E+02  -0.158266780E+02  -0.179333182E+02  -0.168345049E+02  -0.166389060E+02  -0.164591826E+02  -0.165833452E+02  -0.174049945E+02  -0.172248861E+02  -0.174122463E+02  -0.173694377E+02  -0.173841533E+02
   0.440000084E+06   0.251713281E+05  -0.172928736E+02  -0.169624337E+02  -0.165470311E+02  -0.162270470E+02  -0.159198207E+02  -0.180715245E+02  -0.169584931E+02  -0.167498713E+02  -0.165550905E+02  -0.166873618E+02  -0.175967510E+02  -0.174905979E+02  -0.176050955E+02  -0.175468396E+02  -0.175981508E+02
   0.450000098E+06   0.265342647E+05  -0.174098272E+02  -0.170643028E+02  -0.166373266E+02  -0.163114561E+02  -0.160000013E+02  -0.181878589E+02  -0.170635075E+02  -0.168444847E+02  -0.166376776E+02  -0.167764378E+02  -0.177558779E+02  -0.177087394E+02  -0.177650164E+02  -0.176947787E+02  -0.177751708E+02
   0.460000059E+06   0.277532219E+05  -0.175079455E+02  -0.171502669E+02  -0.167139404E+02  -0.163833283E+02  -0.160683393E+02  -0.182854742E+02  -0.171520008E+02  -0.169246019E+02  -0.167080695E+02  -0.168520805E+02  -0.178880326E+02  -0.178884618E+02  -0.178977766E+02  -0.178180625E+02  -0.179218348E+02
   0.470000072E+06   0.288103837E+05  -0.175895030E+02  -0.172222305E+02  -0.167785113E+02  -0.164441431E+02  -0.161263723E+02  -0.183666412E+02  -0.172259679E+02  -0.169919440E+02  -0.167677179E+02  -0.169158778E+02  -0.179965063E+02  -0.180344982E+02  -0.180066986E+02  -0.179196523E+02  -0.180418193E+02
   0.480000164E+06   0.296765309E+05  -0.176554297E+02  -0.172809086E+02  -0.168315791E+02  -0.164943639E+02  -0.161744802E+02  -0.184322764E+02  -0.172861622E+02  -0.170471092E+02  -0.168170574E+02  -0.169683626E+02  -0.180828246E+02  -0.181492360E+02  -0.180933382E+02  -0.180008475E+02  -0.181368758E+02
   0.490000184E+06   0.303302474E+05  -0.177062208E+02  -0.173265177E+02  -0.168731759E+02  -0.165339219E+02  -0.162125221E+02  -0.184828551E+02  -0.173328528E+02  -0.170902058E+02  -0.168559815E+02  -0.170095445E+02  -0.181481945E+02  -0.182349056E+02  -0.181589269E+02  -0.180625876E+02  -0.182085027E+02
   0.500000191E+06   0.307345242E+05  -0.177412570E+02  -0.173584653E+02  -0.169027342E+02  -0.165622633E+02  -0.162399580E+02  -0.185177620E+02  -0.173654432E+02  -0.171206575E+02  -0.168839429E+02  -0.170388562E+02  -0.181919146E+02  -0.182907095E+02  -0.182027723E+02  -0.181041569E+02  -0.182559543E+02
   0.510000267E+06   0.308390118E+05  -0.177583925E+02  -0.173748025E+02  -0.169184539E+02  -0.165776685E+02  -0.162551291E+02  -0.185348640E+02  -0.173819465E+02  -0.171366081E+02  -0.168992498E+02  -0.170545121E+02  -0.182112945E+02  -0.183132126E+02  -0.182221846E+02  -0.181229810E+02  -0.182762986E+02
   0.520000067E+06   0.305994666E+05  -0.177552199E+02  -0.173734600E+02  -0.169185271E+02  -0.165784627E+02  -0.162564599E+02  -0.185317680E+02  -0.173802231E+02  -0.171361519E+02  -0.169002692E+02  -0.170547314E+02  -0.182029764E+02  -0.182977345E+02  -0.182137923E+02  -0.181159373E+02  -0.182657695E+02
   0.530000220E+06   0.300505869E+05  -0.177328564E+02  -0.173552899E+02  -0.169036009E+02  -0.165651886E+02  -0.162444153E+02  -0.185095802E+02  -0.173611803E+02  -0.171200127E+02  -0.168875111E+02  -0.170401400E+02  -0.181688230E+02  -0.182471750E+02  -0.181794686E+02  -0.180847038E+02  -0.182265499E+02
   0.540000192E+06   0.292180727E+05  -0.176916000E+02  -0.173208475E+02  -0.168744384E+02  -0.165387040E+02  -0.162199206E+02  -0.184685981E+02  -0.173253126E+02  -0.170888774E+02  -0.168618559E+02  -0.170115244E+02  -0.181083862E+02  -0.181600169E+02  -0.181187347E+02  -0.180290636E+02  -0.181578895E+02
   0.550000070E+06   0.281173010E+05  -0.176292877E+02  -0.172681837E+02  -0.168292190E+02  -0.164972696E+02  -0.161812870E+02  -0.184066754E+02  -0.172706319E+02  -0.170408705E+02  -0.168215929E+02  -0.169670845E+02  -0.180189778E+02  -0.180328158E+02  -0.180288859E+02  -0.179465318E+02  -0.180568818E+02
   0.560000095E+06   0.267814071E+05  -0.175445164E+02  -0.171963995E+02  -0.167674313E+02  -0.164405476E+02  -0.161283364E+02  -0.183224411E+02  -0.171961429E+02  -0.169753334E+02  -0.167664552E+02  -0.169063349E+02  -0.178978207E+02  -0.178608275E+02  -0.179070927E+02  -0.178348161E+02  -0.179202005E+02
   0.570000030E+06   0.252647502E+05  -0.174363376E+02  -0.171048288E+02  -0.166886070E+02  -0.163682062E+02  -0.160606875E+02  -0.182149446E+02  -0.171011116E+02  -0.168917527E+02  -0.166961208E+02  -0.168288507E+02  -0.177432016E+02  -0.176412292E+02  -0.177516031E+02  -0.176924933E+02  -0.177458663E+02
   0.580000023E+06   0.236429685E+05  -0.173056804E+02  -0.169946503E+02  -0.165940998E+02  -0.162816764E+02  -0.159795974E+02  -0.180851397E+02  -0.169866756E+02  -0.167913967E+02  -0.166120419E+02  -0.167360061E+02  -0.175555032E+02  -0.173735813E+02  -0.175627269E+02  -0.175203042E+02  -0.175341193E+02
   0.590000037E+06   0.220323043E+05  -0.171590826E+02  -0.168716409E+02  -0.164890765E+02  -0.161857765E+02  -0.158894480E+02  -0.179395270E+02  -0.168587533E+02  -0.166796564E+02  -0.165189674E+02  -0.166328964E+02  -0.173435526E+02  -0.170699027E+02  -0.173492942E+02  -0.173266201E+02  -0.172948402E+02
   0.600000077E+06   0.206288069E+05  -0.170170185E+02  -0.167539344E+02  -0.163898750E+02  -0.160959724E+02  -0.158054065E+02  -0.177984822E+02  -0.167359693E+02  -0.165735428E+02  -0.164320402E+02  -0.165356692E+02  -0.171344587E+02  -0.167666112E+02  -0.171385064E+02  -0.171366272E+02  -0.170583973E+02
   0.610000060E+06   0.193792086E+05  -0.168762929E+02  -0.166381354E+02  -0.162929818E+02  -0.160086540E+02  -0.157241459E+02  -0.176588090E+02  -0.166149863E+02  -0.164695857E+02  -0.163476636E+02  -0.164407934E+02  -0.169255974E+02  -0.164618767E+02  -0.169277593E+02  -0.169473404E+02  -0.168216867E+02
   0.620000062E+06   0.185565860E+05  -0.167800681E+02  -0.165604614E+02  -0.162293440E+02  -0.159521190E+02  -0.156725144E+02  -0.175633722E+02  -0.165334521E+02  -0.164006998E+02  -0.162933106E+02  -0.163786598E+02  -0.167790167E+02  -0.162443713E+02  -0.167796699E+02  -0.168153795E+02  -0.166544905E+02
   0.630000045E+06   0.179400710E+05  -0.167068894E+02  -0.165021497E+02  -0.161822610E+02  -0.159107183E+02  -0.156354042E+02  -0.174908281E+02  -0.164720423E+02  -0.163494138E+02  -0.162536583E+02  -0.163327829E+02  -0.166656537E+02  -0.160743742E+02  -0.166650493E+02  -0.167138281E+02  -0.165247344E+02
   0.640000070E+06   0.174212288E+05  -0.166437236E+02  -0.164530113E+02  -0.161436966E+02  -0.158774980E+02  -0.156074293E+02  -0.174282657E+02  -0.164199828E+02  -0.163068906E+02  -0.162220827E+02  -0.162953599E+02  -0.165648646E+02  -0.159205179E+02  -0.165630098E+02  -0.166244182E+02  -0.164088003E+02
   0.650000020E+06   0.169579226E+05  -0.165859097E+02  -0.164078867E+02  -0.161081358E+02  -0.158467719E+02  -0.155812712E+02  -0.173709980E+02  -0.163722161E+02  -0.162677489E+02  -0.161928426E+02  -0.162608319E+02  -0.164730494E+02  -0.157807368E+02  -0.164700532E+02  -0.165428343E+02  -0.163033227E+02
   0.660000073E+06   0.165153716E+05  -0.165274742E+02  -0.163631345E+02  -0.160736818E+02  -0.158175355E+02  -0.155552875E+02  -0.173131547E+02  -0.163246183E+02  -0.162294358E+02  -0.161651905E+02  -0.162274930E+02  -0.163782624E+02  -0.156345961E+02  -0.163739385E+02  -0.164584897E+02  -0.161941616E+02
   0.670000016E+06   0.160846735E+05  -0.164680463E+02  -0.163170233E+02  -0.160375929E+02  -0.157865246E+02  -0.155274423E+02  -0.172543030E+02  -0.162757377E+02  -0.161895913E+02  -0.161357215E+02  -0.161924896E+02  -0.162834565E+02  -0.154898120E+02  -0.162778405E+02  -0.163738465E+02  -0.160853667E+02
   0.680000015E+06   0.154256386E+05  -0.163588422E+02  -0.162309264E+02  -0.159688530E+02  -0.157265885E+02  -0.154727349E+02  -0.171461047E+02  -0.161848260E+02  -0.161143406E+02  -0.160784434E+02  -0.161256315E+02  -0.161135037E+02  -0.152338963E+02  -0.161054511E+02  -0.162209692E+02  -0.158917282E+02
   0.690000079E+06   0.148663220E+05  -0.162619825E+02  -0.161548028E+02  -0.159082914E+02  -0.156739235E+02  -0.154250716E+02  -0.170501506E+02  -0.161043803E+02  -0.160479389E+02  -0.160281615E+02  -0.160667634E+02  -0.159624013E+02  -0.150059707E+02  -0.159520869E+02  -0.160847465E+02  -0.157196011E+02
   0.700000115E+06   0.141202678E+05  -0.161238622E+02  -0.160476698E+02  -0.158243726E+02  -0.156017924E+02  -0.153618036E+02  -0.169133934E+02  -0.159907872E+02  -0.159553003E+02  -0.159595913E+02  -0.159853954E+02  -0.157440360E+02  -0.146737501E+02  -0.157301257E+02  -0.158870656E+02  -0.154704835E+02
   0.710000182E+06   0.141377040E+05  -0.161603497E+02  -0.160834332E+02  -0.158595934E+02  -0.156367376E+02  -0.153965417E+02  -0.169498491E+02  -0.160267015E+02  -0.159907248E+02  -0.159944534E+02  -0.160205565E+02  -0.157823990E+02  -0.147147740E+02  -0.157685727E+02  -0.159249452E+02  -0.155095652E+02
   0.720000239E+06   0.140293857E+05  -0.161673181E+02  -0.160949005E+02  -0.158744312E+02  -0.156532869E+02  -0.154143778E+02  -0.169570154E+02  -0.160372310E+02  -0.160042966E+02  -0.160115196E+02  -0.160357647E+02  -0.157777167E+02  -0.146935613E+02  -0.157633684E+02  -0.159232660E+02  -0.155004180E+02
   0.730000093E+06   0.138623319E+05  -0.161585643E+02  -0.160940945E+02  -0.158795680E+02  -0.156614468E+02  -0.154248279E+02  -0.169486144E+02  -0.160347668E+02  -0.160071989E+02  -0.160205918E+02  -0.160415616E+02  -0.157486610E+02  -0.146356111E+02  -0.157333188E+02  -0.158986820E+02  -0.154637357E+02
   0.740000298E+06   0.136651613E+05  -0.161410656E+02  -0.160862305E+02  -0.158789058E+02  -0.156644495E+02  -0.154306107E+02  -0.169315439E+02  -0.160248925E+02  -0.160038285E+02  -0.160247002E+02  -0.160417009E+02  -0.157066122E+02  -0.145586019E+02  -0.156900495E+02  -0.158618708E+02  -0.154124987E+02
   0.750000093E+06   0.134562650E+05  -0.161193204E+02  -0.160746930E+02  -0.158749985E+02  -0.156644249E+02  -0.154335315E+02  -0.169102524E+02  -0.160112251E+02  -0.159970517E+02  -0.160258471E+02  -0.160386427E+02  -0.156588568E+02  -0.144738072E+02  -0.156410011E+02  -0.158196646E+02  -0.153550088E+02
   0.760000226E+06   0.132455172E+05  -0.160957025E+02  -0.160613733E+02  -0.158693765E+02  -0.156627201E+02  -0.154347983E+02  -0.168870922E+02  -0.159957566E+02  -0.159885349E+02  -0.160253242E+02  -0.160338775E+02  -0.156089983E+02  -0.143865810E+02  -0.155898381E+02  -0.157754044E+02  -0.152953294E+02
   0.770000127E+06   0.130380720E+05  -0.160715420E+02  -0.160473496E+02  -0.158629300E+02  -0.156601294E+02  -0.154351326E+02  -0.168633823E+02  -0.159796178E+02  -0.159792390E+02  -0.160238969E+02  -0.160282743E+02  -0.155590085E+02  -0.142998090E+02  -0.155385641E+02  -0.157309251E+02  -0.152356726E+02
   0.780000219E+06   0.128410287E+05  -0.160466541E+02  -0.160335706E+02  -0.158574451E+02  -0.156588658E+02  -0.154370561E+02  -0.168389932E+02  -0.159635186E+02  -0.159706265E+02  -0.160239094E+02  -0.160237180E+02  -0.155062605E+02  -0.142072238E+02  -0.154843007E+02  -0.156838037E+02  -0.151727647E+02
   0.790000262E+06   0.126474452E+05  -0.160209163E+02  -0.160190949E+02  -0.158513759E+02  -0.156570754E+02  -0.154384929E+02  -0.168137619E+02  -0.159466903E+02  -0.159613857E+02  -0.160234129E+02  -0.160185912E+02  -0.154523692E+02  -0.141130420E+02  -0.154288511E+02  -0.156355326E+02  -0.151086619E+02
   0.800000237E+06   0.124621323E+05  -0.159962726E+02  -0.160052321E+02  -0.158455606E+02  -0.156553561E+02  -0.154398629E+02  -0.167896032E+02  -0.159305754E+02  -0.159525341E+02  -0.160229322E+02  -0.160136779E+02  -0.154007749E+02  -0.140228785E+02  -0.153757650E+02  -0.155893183E+02  -0.150472924E+02
   0.810000281E+06   0.122847917E+05  -0.159727275E+02  -0.159920042E+02  -0.158400338E+02  -0.156537491E+02  -0.154412123E+02  -0.167665222E+02  -0.159151923E+02  -0.159441019E+02  -0.160225105E+02  -0.160090145E+02  -0.153514386E+02  -0.139366323E+02  -0.153250012E+02  -0.155451306E+02  -0.149886014E+02
   0.820000239E+06   0.121150327E+05  -0.159502580E+02  -0.159794108E+02  -0.158348123E+02  -0.156522798E+02  -0.154425731E+02  -0.167444970E+02  -0.159005357E+02  -0.159360990E+02  -0.160221759E+02  -0.160046194E+02  -0.153042805E+02  -0.138541423E+02  -0.152764766E+02  -0.155029009E+02  -0.149324885E+02
   0.830000243E+06   0.119528329E+05  -0.159280172E+02  -0.159671738E+02  -0.158300396E+02  -0.156513080E+02  -0.154444155E+02  -0.167227084E+02  -0.158862080E+02  -0.159285066E+02  -0.160223542E+02  -0.160006862E+02  -0.152572172E+02  -0.137714695E+02  -0.152279849E+02  -0.154606498E+02  -0.148765597E+02
   0.840000236E+06   0.117975555E+05  -0.159046969E+02  -0.159547556E+02  -0.158257485E+02  -0.156511597E+02  -0.154472188E+02  -0.166998858E+02  -0.158715086E+02  -0.159211374E+02  -0.160234609E+02  -0.159973156E+02  -0.152072541E+02  -0.136830954E+02  -0.151763681E+02  -0.154155344E+02  -0.148173871E+02
   0.850000118E+06   0.116488770E+05  -0.158825555E+02  -0.159430529E+02  -0.158218276E+02  -0.156512056E+02  -0.154500908E+02  -0.166782209E+02  -0.158576219E+02  -0.159142693E+02  -0.160247084E+02  -0.159942761E+02  -0.151596021E+02  -0.135986648E+02  -0.151271327E+02  -0.153725242E+02  -0.147609170E+02
   0.860000032E+06   0.115066696E+05  -0.158616375E+02  -0.159321192E+02  -0.158183372E+02  -0.156515092E+02  -0.154530974E+02  -0.166577586E+02  -0.158445992E+02  -0.159079599E+02  -0.160261613E+02  -0.159916286E+02  -0.151142839E+02  -0.135181687E+02  -0.150802999E+02  -0.153316457E+02  -0.147071645E+02
   0.870000037E+06   0.113706038E+05  -0.158418704E+02  -0.159219053E+02  -0.158152449E+02  -0.156520472E+02  -0.154562217E+02  -0.166384276E+02  -0.158323864E+02  -0.159021703E+02  -0.160277989E+02  -0.159893429E+02  -0.150711703E+02  -0.134413966E+02  -0.150357372E+02  -0.152927800E+02  -0.146559808E+02
   0.880000080E+06   0.112401163E+05  -0.158231320E+02  -0.159123284E+02  -0.158124977E+02  -0.156527814E+02  -0.154594363E+02  -0.166201074E+02  -0.158208927E+02  -0.158968366E+02  -0.160295878E+02  -0.159873693E+02  -0.150300426E+02  -0.133679902E+02  -0.149932199E+02  -0.152557262E+02  -0.146071139E+02
   0.890000331E+06   0.111149785E+05  -0.158054203E+02  -0.159034027E+02  -0.158101217E+02  -0.156537441E+02  -0.154627775E+02  -0.166027968E+02  -0.158101287E+02  -0.158919799E+02  -0.160315618E+02  -0.159857351E+02  -0.149908595E+02  -0.132978517E+02  -0.149527040E+02  -0.152204499E+02  -0.145605089E+02
   0.900000086E+06   0.109949369E+05  -0.157885525E+02  -0.158950432E+02  -0.158081047E+02  -0.156549606E+02  -0.154662969E+02  -0.165863177E+02  -0.157999889E+02  -0.158875602E+02  -0.160337579E+02  -0.159844370E+02  -0.149532264E+02  -0.132302661E+02  -0.149137737E+02  -0.151866248E+02  -0.145157203E+02
   0.910000239E+06   0.108796576E+05  -0.157694065E+02  -0.158858188E+02  -0.158062689E+02  -0.156569010E+02  -0.154709085E+02  -0.165676321E+02  -0.157886849E+02  -0.158829126E+02  -0.160368452E+02  -0.159834500E+02  -0.149104690E+02  -0.131531220E+02  -0.148693609E+02  -0.151488393E+02  -0.144653106E+02
   0.920000190E+06   0.107687525E+05  -0.157512236E+02  -0.158771809E+02  -0.158047392E+02  -0.156590044E+02  -0.154755817E+02  -0.165498922E+02  -0.157780464E+02  -0.158786779E+02  -0.160400519E+02  -0.159827369E+02  -0.148695705E+02  -0.130791416E+02  -0.148268697E+02  -0.151127242E+02  -0.144170502E+02
   0.930000335E+06   0.106617028E+05  -0.157338447E+02  -0.158690153E+02  -0.158034347E+02  -0.156612067E+02  -0.154802644E+02  -0.165329409E+02  -0.157679497E+02  -0.158747623E+02  -0.160433191E+02  -0.159822206E+02  -0.148302657E+02  -0.130079050E+02  -0.147860277E+02  -0.150780364E+02  -0.143706395E+02
   0.940000293E+06   0.105580189E+05  -0.157171092E+02  -0.158612033E+02  -0.158022682E+02  -0.156634366E+02  -0.154848967E+02  -0.165166195E+02  -0.157582674E+02  -0.158710668E+02  -0.160465804E+02  -0.159818175E+02  -0.147922936E+02  -0.129390051E+02  -0.147465668E+02  -0.150445363E+02  -0.143257849E+02
   0.950000169E+06   0.104571196E+05  -0.157008215E+02  -0.158535995E+02  -0.158011313E+02  -0.156656050E+02  -0.154894031E+02  -0.165007347E+02  -0.157488435E+02  -0.158674689E+02  -0.160497526E+02  -0.159814235E+02  -0.147553397E+02  -0.128719539E+02  -0.147081639E+02  -0.150119341E+02  -0.142821333E+02
   0.960000064E+06   0.103584762E+05  -0.156847912E+02  -0.158460589E+02  -0.157999131E+02  -0.156676181E+02  -0.154937019E+02  -0.164850984E+02  -0.157395235E+02  -0.158638447E+02  -0.160527470E+02  -0.159809316E+02  -0.147191053E+02  -0.128062951E+02  -0.146705130E+02  -0.149799542E+02  -0.142393509E+02
   0.970000269E+06   0.102617130E+05  -0.156688937E+02  -0.158384894E+02  -0.157985454E+02  -0.156694202E+02  -0.154977461E+02  -0.164695874E+02  -0.157302084E+02  -0.158601168E+02  -0.160555117E+02  -0.159802764E+02  -0.146833888E+02  -0.127417152E+02  -0.146334070E+02  -0.149484111E+02  -0.141972113E+02
   0.980000227E+06   0.101666291E+05  -0.156530648E+02  -0.158308439E+02  -0.157969941E+02  -0.156709837E+02  -0.155015127E+02  -0.164541383E+02  -0.157208477E+02  -0.158562464E+02  -0.160580210E+02  -0.159794252E+02  -0.146480848E+02  -0.126780486E+02  -0.145967376E+02  -0.149172081E+02  -0.141555956E+02
   0.990000082E+06   0.100731636E+05  -0.156373139E+02  -0.158231370E+02  -0.157952778E+02  -0.156723291E+02  -0.155050238E+02  -0.164387607E+02  -0.157114548E+02  -0.158522503E+02  -0.160602963E+02  -0.159783971E+02  -0.146131902E+02  -0.126152742E+02  -0.145605009E+02  -0.148863447E+02  -0.141144968E+02
   0.100000031E+07   0.998146474E+04  -0.156209242E+02  -0.158150360E+02  -0.157933482E+02  -0.156735565E+02  -0.155084884E+02  -0.164227574E+02  -0.157016158E+02  -0.158479685E+02  -0.160624834E+02  -0.159771794E+02  -0.145772205E+02  -0.125506953E+02  -0.145231147E+02  -0.148545591E+02  -0.140723241E+02
   0.101000029E+07   0.989172767E+04  -0.156016956E+02  -0.158054509E+02  -0.157909390E+02  -0.156748283E+02  -0.155123840E+02  -0.164039853E+02  -0.156900057E+02  -0.158428108E+02  -0.160648777E+02  -0.159756084E+02  -0.145357475E+02  -0.124763723E+02  -0.144798702E+02  -0.148180655E+02  -0.140243326E+02
   0.102000034E+07   0.980414404E+04  -0.155828995E+02  -0.157960667E+02  -0.157885586E+02  -0.156760406E+02  -0.155161570E+02  -0.163856346E+02  -0.156786452E+02  -0.158377479E+02  -0.160671855E+02  -0.159740462E+02  -0.144952407E+02  -0.124038037E+02  -0.144376345E+02  -0.147824188E+02  -0.139774637E+02
   0.103000000E+07   0.971875160E+04  -0.155645701E+02  -0.157869139E+02  -0.157862342E+02  -0.156772191E+02  -0.155198322E+02  -0.163677396E+02  -0.156675656E+02  -0.158328082E+02  -0.160694321E+02  -0.159725196E+02  -0.144557439E+02  -0.123330473E+02  -0.143964520E+02  -0.147476604E+02  -0.139317640E+02
   0.104000012E+07   0.963549396E+04  -0.155467166E+02  -0.157780075E+02  -0.157839856E+02  -0.156783856E+02  -0.155234331E+02  -0.163503095E+02  -0.156567804E+02  -0.158280095E+02  -0.160716402E+02  -0.159710488E+02  -0.144172520E+02  -0.122640773E+02  -0.143563167E+02  -0.147137885E+02  -0.138872243E+02
   0.105000003E+07   0.955431089E+04  -0.155293400E+02  -0.157693551E+02  -0.157818251E+02  -0.156795552E+02  -0.155269763E+02  -0.163333458E+02  -0.156462961E+02  -0.158233625E+02  -0.160738253E+02  -0.159696467E+02  -0.143797514E+02  -0.121968580E+02  -0.143172135E+02  -0.146807927E+02  -0.138438265E+02
   0.106000011E+07   0.947513392E+04  -0.155124413E+02  -0.157609650E+02  -0.157797664E+02  -0.156807444E+02  -0.155304804E+02  -0.163168497E+02  -0.156361194E+02  -0.158188788E+02  -0.160760049E+02  -0.159683276E+02  -0.143432258E+02  -0.121313481E+02  -0.142791250E+02  -0.146486607E+02  -0.138015496E+02
   0.107000013E+07   0.939791152E+04  -0.154960058E+02  -0.157528280E+02  -0.157778046E+02  -0.156819503E+02  -0.155339441E+02  -0.163008070E+02  -0.156262399E+02  -0.158145518E+02  -0.160781767E+02  -0.159670873E+02  -0.143076481E+02  -0.120675015E+02  -0.142420228E+02  -0.146173680E+02  -0.137603624E+02
   0.108000011E+07   0.932256360E+04  -0.154800157E+02  -0.157449351E+02  -0.157759369E+02  -0.156831734E+02  -0.155373703E+02  -0.162852002E+02  -0.156166467E+02  -0.158103764E+02  -0.160803423E+02  -0.159659235E+02  -0.142729804E+02  -0.120052513E+02  -0.142058678E+02  -0.145868813E+02  -0.137202214E+02
   0.109000031E+07   0.924904511E+04  -0.154644725E+02  -0.157372924E+02  -0.157741733E+02  -0.156844254E+02  -0.155407719E+02  -0.162700309E+02  -0.156073451E+02  -0.158063610E+02  -0.160825140E+02  -0.159648466E+02  -0.142392131E+02  -0.119445710E+02  -0.141706492E+02  -0.145571936E+02  -0.136811137E+02
   0.110000023E+07   0.917732382E+04  -0.154493622E+02  -0.157298894E+02  -0.157725056E+02  -0.156856997E+02  -0.155441431E+02  -0.162552853E+02  -0.155983237E+02  -0.158024966E+02  -0.160846854E+02  -0.159638489E+02  -0.142063241E+02  -0.118854270E+02  -0.141363445E+02  -0.145282844E+02  -0.136430149E+02
   0.111000024E+07   0.910731610E+04  -0.154346551E+02  -0.157227056E+02  -0.157709199E+02  -0.156869858E+02  -0.155474761E+02  -0.162409343E+02  -0.155895602E+02  -0.157987668E+02  -0.160868472E+02  -0.159629173E+02  -0.141742631E+02  -0.118277384E+02  -0.141029016E+02  -0.145001082E+02  -0.136058686E+02
   0.112000030E+07   0.903895744E+04  -0.154203354E+02  -0.157157319E+02  -0.157694126E+02  -0.156882826E+02  -0.155507716E+02  -0.162269622E+02  -0.155810440E+02  -0.157951658E+02  -0.160889991E+02  -0.159620486E+02  -0.141429983E+02  -0.117714495E+02  -0.140702874E+02  -0.144726366E+02  -0.135696382E+02
   0.113000006E+07   0.897215778E+04  -0.154045490E+02  -0.157079512E+02  -0.157675875E+02  -0.156895189E+02  -0.155541985E+02  -0.162115590E+02  -0.155715811E+02  -0.157910498E+02  -0.160911720E+02  -0.159609256E+02  -0.141090635E+02  -0.117104687E+02  -0.140348087E+02  -0.144427966E+02  -0.135307227E+02
   0.114000001E+07   0.890687041E+04  -0.153866634E+02  -0.156990214E+02  -0.157653178E+02  -0.156906809E+02  -0.155578263E+02  -0.161941074E+02  -0.155607681E+02  -0.157862061E+02  -0.160933875E+02  -0.159594491E+02  -0.140712662E+02  -0.116426920E+02  -0.139951944E+02  -0.144095322E+02  -0.134878820E+02
   0.115000019E+07   0.884301848E+04  -0.153692298E+02  -0.156903466E+02  -0.157631567E+02  -0.156918760E+02  -0.155614330E+02  -0.161770981E+02  -0.155502515E+02  -0.157815276E+02  -0.160956129E+02  -0.159580637E+02  -0.140343586E+02  -0.115764643E+02  -0.139565099E+02  -0.143770579E+02  -0.134460418E+02
   0.116000017E+07   0.878055941E+04  -0.153522297E+02  -0.156819142E+02  -0.157610960E+02  -0.156930983E+02  -0.155650143E+02  -0.161605131E+02  -0.155400175E+02  -0.157770044E+02  -0.160978430E+02  -0.159567617E+02  -0.139983094E+02  -0.115117345E+02  -0.139187223E+02  -0.143453451E+02  -0.134051676E+02
   0.117000033E+07   0.871944707E+04  -0.153356421E+02  -0.156737097E+02  -0.157591257E+02  -0.156943402E+02  -0.155685644E+02  -0.161443317E+02  -0.155300501E+02  -0.157726247E+02  -0.161000710E+02  -0.159555338E+02  -0.139630834E+02  -0.114484463E+02  -0.138817956E+02  -0.143143622E+02  -0.133652207E+02
   0.118000017E+07   0.865962708E+04  -0.153194400E+02  -0.156657133E+02  -0.157572318E+02  -0.156955905E+02  -0.155720740E+02  -0.161285271E+02  -0.155203283E+02  -0.157683722E+02  -0.161022866E+02  -0.159543666E+02  -0.139286370E+02  -0.113865312E+02  -0.138456844E+02  -0.142840691E+02  -0.133261532E+02
   0.119000013E+07   0.860104198E+04  -0.153035952E+02  -0.156579049E+02  -0.157553998E+02  -0.156968378E+02  -0.155755341E+02  -0.161130717E+02  -0.155108300E+02  -0.157642305E+02  -0.161044793E+02  -0.159532463E+02  -0.138949246E+02  -0.113259171E+02  -0.138103416E+02  -0.142544243E+02  -0.132879151E+02
   0.120000016E+07   0.854362725E+04  -0.152880819E+02  -0.156502674E+02  -0.157536193E+02  -0.156980752E+02  -0.155789399E+02  -0.160979400E+02  -0.155015363E+02  -0.157601864E+02  -0.161066431E+02  -0.159521633E+02  -0.138619006E+02  -0.112665288E+02  -0.137757198E+02  -0.142253866E+02  -0.132504558E+02
   0.121000012E+07   0.848731207E+04  -0.152728685E+02  -0.156427790E+02  -0.157518758E+02  -0.156992917E+02  -0.155822834E+02  -0.160831009E+02  -0.154924235E+02  -0.157562226E+02  -0.161087684E+02  -0.159511039E+02  -0.138295119E+02  -0.112082807E+02  -0.137417638E+02  -0.141969078E+02  -0.132137167E+02
   0.122000002E+07   0.843203653E+04  -0.152579345E+02  -0.156354273E+02  -0.157501630E+02  -0.157004843E+02  -0.155855637E+02  -0.160685342E+02  -0.154834774E+02  -0.157523304E+02  -0.161108528E+02  -0.159500625E+02  -0.137977196E+02  -0.111511064E+02  -0.137084332E+02  -0.141689533E+02  -0.131776544E+02
   0.123000004E+07   0.837776736E+04  -0.152432739E+02  -0.156282110E+02  -0.157484828E+02  -0.157016566E+02  -0.155887857E+02  -0.160542342E+02  -0.154746957E+02  -0.157485107E+02  -0.161129009E+02  -0.159490417E+02  -0.137665076E+02  -0.110949746E+02  -0.136757109E+02  -0.141415092E+02  -0.131422501E+02
   0.124000011E+07   0.832445810E+04  -0.152288742E+02  -0.156211240E+02  -0.157468341E+02  -0.157028099E+02  -0.155919524E+02  -0.160401889E+02  -0.154660710E+02  -0.157447601E+02  -0.161149144E+02  -0.159480405E+02  -0.137358494E+02  -0.110398373E+02  -0.136435691E+02  -0.141145523E+02  -0.131074738E+02
   0.125000012E+07   0.827210277E+04  -0.152147331E+02  -0.156141647E+02  -0.157452156E+02  -0.157039434E+02  -0.155950633E+02  -0.160263957E+02  -0.154576015E+02  -0.157410776E+02  -0.161168927E+02  -0.159470581E+02  -0.137057406E+02  -0.109856875E+02  -0.136120032E+02  -0.140880785E+02  -0.130733206E+02
   0.126000029E+07   0.822068132E+04  -0.152008459E+02  -0.156073312E+02  -0.157436278E+02  -0.157050584E+02  -0.155981205E+02  -0.160128503E+02  -0.154492848E+02  -0.157374624E+02  -0.161188374E+02  -0.159460950E+02  -0.136761707E+02  -0.109325053E+02  -0.135810022E+02  -0.140620788E+02  -0.130397783E+02
   0.127000009E+07   0.817017211E+04  -0.151872070E+02  -0.156006208E+02  -0.157420700E+02  -0.157061554E+02  -0.156011252E+02  -0.159995470E+02  -0.154411174E+02  -0.157339132E+02  -0.161207495E+02  -0.159451508E+02  -0.136471271E+02  -0.108802684E+02  -0.135505530E+02  -0.140365421E+02  -0.130068329E+02
   0.128000030E+07   0.812054644E+04  -0.151738103E+02  -0.155940315E+02  -0.157405432E+02  -0.157072370E+02  -0.156040811E+02  -0.159864802E+02  -0.154330967E+02  -0.157304299E+02  -0.161226319E+02  -0.159442268E+02  -0.136185953E+02  -0.108289490E+02  -0.135206401E+02  -0.140114558E+02  -0.129744675E+02
   0.129000036E+07   0.807179831E+04  -0.151606613E+02  -0.155875695E+02  -0.157390541E+02  -0.157083103E+02  -0.156069955E+02  -0.159736552E+02  -0.154252285E+02  -0.157270188E+02  -0.161244917E+02  -0.159433299E+02  -0.135905788E+02  -0.107785479E+02  -0.134912670E+02  -0.139868239E+02  -0.129426852E+02
   0.130000028E+07   0.802390352E+04  -0.151477549E+02  -0.155812330E+02  -0.157376035E+02  -0.157093771E+02  -0.156098713E+02  -0.159610671E+02  -0.154175105E+02  -0.157236799E+02  -0.161263314E+02  -0.159424611E+02  -0.135630652E+02  -0.107290414E+02  -0.134624204E+02  -0.139626356E+02  -0.129114717E+02
   0.131000006E+07   0.797682869E+04  -0.151326890E+02  -0.155736144E+02  -0.157355187E+02  -0.157101556E+02  -0.156127214E+02  -0.159463679E+02  -0.154083250E+02  -0.157194435E+02  -0.161279936E+02  -0.159410467E+02  -0.135318320E+02  -0.106731169E+02  -0.134295886E+02  -0.139351184E+02  -0.128767670E+02
   0.132000034E+07   0.793055026E+04  -0.151154707E+02  -0.155647212E+02  -0.157328075E+02  -0.157106538E+02  -0.156155539E+02  -0.159295646E+02  -0.153976795E+02  -0.157143173E+02  -0.161294864E+02  -0.159390946E+02  -0.134968841E+02  -0.106107769E+02  -0.133927767E+02  -0.139042778E+02  -0.128385736E+02
   0.133000011E+07   0.788508130E+04  -0.150985831E+02  -0.155560132E+02  -0.157301734E+02  -0.157111729E+02  -0.156183666E+02  -0.159130849E+02  -0.153872498E+02  -0.157093104E+02  -0.161309827E+02  -0.159372063E+02  -0.134625772E+02  -0.105495568E+02  -0.133566383E+02  -0.138740063E+02  -0.128010780E+02
   0.134000017E+07   0.784044709E+04  -0.150820489E+02  -0.155475083E+02  -0.157276308E+02  -0.157117257E+02  -0.156211708E+02  -0.158969509E+02  -0.153770549E+02  -0.157044387E+02  -0.161324948E+02  -0.159353959E+02  -0.134289434E+02  -0.104895040E+02  -0.133212066E+02  -0.138443337E+02  -0.127643139E+02
   0.135000031E+07   0.779664968E+04  -0.150658645E+02  -0.155392028E+02  -0.157251759E+02  -0.157123080E+02  -0.156239624E+02  -0.158811593E+02  -0.153670909E+02  -0.156996982E+02  -0.161340185E+02  -0.159336593E+02  -0.133959800E+02  -0.104306169E+02  -0.132864790E+02  -0.138152573E+02  -0.127282790E+02
   0.136000031E+07   0.775368633E+04  -0.150500255E+02  -0.155310926E+02  -0.157228048E+02  -0.157129165E+02  -0.156267380E+02  -0.158657057E+02  -0.153573539E+02  -0.156950852E+02  -0.161355503E+02  -0.159319930E+02  -0.133636815E+02  -0.103728884E+02  -0.132524500E+02  -0.137867718E+02  -0.126929675E+02
   0.137000025E+07   0.771152401E+04  -0.150345234E+02  -0.155231752E+02  -0.157205196E+02  -0.157135552E+02  -0.156295034E+02  -0.158505818E+02  -0.153478401E+02  -0.156905998E+02  -0.161370952E+02  -0.159303993E+02  -0.133320268E+02  -0.103162779E+02  -0.132190970E+02  -0.137588591E+02  -0.126583560E+02
   0.138000010E+07   0.767012545E+04  -0.150193404E+02  -0.155154395E+02  -0.157183141E+02  -0.157142205E+02  -0.156322570E+02  -0.158357701E+02  -0.153385368E+02  -0.156862339E+02  -0.161386503E+02  -0.159288728E+02  -0.133009838E+02  -0.102607311E+02  -0.131863865E+02  -0.137314902E+02  -0.126244097E+02
   0.139000005E+07   0.762945473E+04  -0.150044584E+02  -0.155078739E+02  -0.157161814E+02  -0.157149083E+02  -0.156349963E+02  -0.158212528E+02  -0.153294312E+02  -0.156819788E+02  -0.161402122E+02  -0.159274072E+02  -0.132705207E+02  -0.102061949E+02  -0.131542851E+02  -0.137046366E+02  -0.125910943E+02
   0.140000002E+07   0.758949749E+04  -0.149898703E+02  -0.155004738E+02  -0.157141189E+02  -0.157156168E+02  -0.156377203E+02  -0.158070231E+02  -0.153205181E+02  -0.156778312E+02  -0.161417794E+02  -0.159260000E+02  -0.132406247E+02  -0.101526483E+02  -0.131227797E+02  -0.136782868E+02  -0.125583962E+02
   0.141000011E+07   0.755023307E+04  -0.149755642E+02  -0.154932311E+02  -0.157121212E+02  -0.157163421E+02  -0.156404261E+02  -0.157930691E+02  -0.153117887E+02  -0.156737845E+02  -0.161433486E+02  -0.159246464E+02  -0.132112762E+02  -0.101000592E+02  -0.130918496E+02  -0.136524230E+02  -0.125262941E+02
   0.142000028E+07   0.751164044E+04  -0.149615318E+02  -0.154861413E+02  -0.157101867E+02  -0.157170839E+02  -0.156431146E+02  -0.157793829E+02  -0.153032375E+02  -0.156698361E+02  -0.161449199E+02  -0.159233449E+02  -0.131824588E+02  -0.100483988E+02  -0.130614777E+02  -0.136270307E+02  -0.124947702E+02
   0.143000008E+07   0.747371032E+04  -0.149477720E+02  -0.154792048E+02  -0.157083170E+02  -0.157178447E+02  -0.156457887E+02  -0.157659633E+02  -0.152948649E+02  -0.156659871E+02  -0.161464959E+02  -0.159220974E+02  -0.131541678E+02  -0.999765693E+01  -0.130316588E+02  -0.136021060E+02  -0.124638191E+02
   0.144000039E+07   0.743642961E+04  -0.149342812E+02  -0.154724205E+02  -0.157065128E+02  -0.157186258E+02  -0.156484503E+02  -0.157528068E+02  -0.152866689E+02  -0.156622374E+02  -0.161480783E+02  -0.159209046E+02  -0.131263945E+02  -0.994781722E+01  -0.130023839E+02  -0.135776414E+02  -0.124334313E+02
   0.145000006E+07   0.739978078E+04  -0.149210494E+02  -0.154657816E+02  -0.157047695E+02  -0.157194241E+02  -0.156510972E+02  -0.157399037E+02  -0.152786423E+02  -0.156585817E+02  -0.161496642E+02  -0.159197625E+02  -0.130991224E+02  -0.989885264E+01  -0.129736356E+02  -0.135536219E+02  -0.124035890E+02
   0.146000021E+07   0.736372736E+04  -0.149080560E+02  -0.154592740E+02  -0.157030780E+02  -0.157202329E+02  -0.156537246E+02  -0.157272337E+02  -0.152707695E+02  -0.156550087E+02  -0.161512478E+02  -0.159186623E+02  -0.130723168E+02  -0.985070698E+01  -0.129453777E+02  -0.135300159E+02  -0.123742550E+02
   0.147000010E+07   0.732823955E+04  -0.148952831E+02  -0.154528851E+02  -0.157014297E+02  -0.157210456E+02  -0.156563274E+02  -0.157147791E+02  -0.152630369E+02  -0.156515086E+02  -0.161528233E+02  -0.159175961E+02  -0.130459483E+02  -0.980333333E+01  -0.129175798E+02  -0.135067971E+02  -0.123453978E+02
   0.148000020E+07   0.729330684E+04  -0.148827315E+02  -0.154466176E+02  -0.156998286E+02  -0.157218671E+02  -0.156589109E+02  -0.157025408E+02  -0.152554467E+02  -0.156480845E+02  -0.161543955E+02  -0.159165680E+02  -0.130200138E+02  -0.975672211E+01  -0.128902382E+02  -0.134839628E+02  -0.123170134E+02
   0.149000027E+07   0.725895559E+04  -0.148704285E+02  -0.154404942E+02  -0.156982939E+02  -0.157227146E+02  -0.156614912E+02  -0.156905460E+02  -0.152480226E+02  -0.156447573E+02  -0.161559814E+02  -0.159155968E+02  -0.129945507E+02  -0.971092652E+01  -0.128633914E+02  -0.134615484E+02  -0.122891413E+02
   0.150000030E+07   0.722521420E+04  -0.148584093E+02  -0.154345448E+02  -0.156968518E+02  -0.157236124E+02  -0.156640910E+02  -0.156788293E+02  -0.152407955E+02  -0.156415544E+02  -0.161576043E+02  -0.159147080E+02  -0.129696049E+02  -0.966600922E+01  -0.128370866E+02  -0.134395972E+02  -0.122618292E+02
   0.151000019E+07   0.719212718E+04  -0.148467218E+02  -0.154288095E+02  -0.156955363E+02  -0.157245915E+02  -0.156667390E+02  -0.156674386E+02  -0.152338074E+02  -0.156385123E+02  -0.161592945E+02  -0.159139353E+02  -0.129452417E+02  -0.962206175E+01  -0.128113906E+02  -0.134181704E+02  -0.122351456E+02
   0.152000029E+07   0.715979085E+04  -0.148354228E+02  -0.154233275E+02  -0.156943739E+02  -0.157256716E+02  -0.156694502E+02  -0.156564296E+02  -0.152271010E+02  -0.156356624E+02  -0.161610696E+02  -0.159133033E+02  -0.129215544E+02  -0.957923464E+01  -0.127864008E+02  -0.133973530E+02  -0.122091906E+02
   0.153000027E+07   0.712820585E+04  -0.148244913E+02  -0.154180779E+02  -0.156933436E+02  -0.157268316E+02  -0.156722035E+02  -0.156457814E+02  -0.152206555E+02  -0.156329839E+02  -0.161629085E+02  -0.159127910E+02  -0.128985226E+02  -0.953750762E+01  -0.127620967E+02  -0.133771243E+02  -0.121839437E+02
   0.154000019E+07   0.709731182E+04  -0.148138938E+02  -0.154130381E+02  -0.156924306E+02  -0.157280611E+02  -0.156749913E+02  -0.156354610E+02  -0.152144458E+02  -0.156304587E+02  -0.161648020E+02  -0.159123848E+02  -0.128760894E+02  -0.949678831E+01  -0.127384192E+02  -0.133574330E+02  -0.121593439E+02
   0.155000022E+07   0.706703038E+04  -0.148035742E+02  -0.154081659E+02  -0.156916035E+02  -0.157293340E+02  -0.156777917E+02  -0.156254130E+02  -0.152084270E+02  -0.156280514E+02  -0.161667257E+02  -0.159120544E+02  -0.128541689E+02  -0.945694417E+01  -0.127152789E+02  -0.133381999E+02  -0.121352997E+02
   0.156000001E+07   0.703726813E+04  -0.147934651E+02  -0.154034108E+02  -0.156908241E+02  -0.157306186E+02  -0.156805775E+02  -0.156155708E+02  -0.152025450E+02  -0.156257189E+02  -0.161686500E+02  -0.159117632E+02  -0.128326577E+02  -0.941781670E+01  -0.126925689E+02  -0.133193301E+02  -0.121117013E+02
   0.157000028E+07   0.700795678E+04  -0.147835218E+02  -0.153987404E+02  -0.156900692E+02  -0.157318964E+02  -0.156833339E+02  -0.156058904E+02  -0.151967647E+02  -0.156234344E+02  -0.161705577E+02  -0.159114890E+02  -0.128114851E+02  -0.937929468E+01  -0.126702156E+02  -0.133007589E+02  -0.120884731E+02
   0.158000028E+07   0.697906770E+04  -0.147702134E+02  -0.153919751E+02  -0.156881375E+02  -0.157325125E+02  -0.156858139E+02  -0.155929175E+02  -0.151886230E+02  -0.156196015E+02  -0.161719686E+02  -0.159101847E+02  -0.127847789E+02  -0.933133528E+01  -0.126419313E+02  -0.132773258E+02  -0.120600099E+02
   0.159000022E+07   0.695056283E+04  -0.147557761E+02  -0.153844987E+02  -0.156857959E+02  -0.157328892E+02  -0.156881822E+02  -0.155788399E+02  -0.151796826E+02  -0.156152364E+02  -0.161731946E+02  -0.159085198E+02  -0.127562481E+02  -0.928027591E+01  -0.126116879E+02  -0.132522906E+02  -0.120298463E+02
   0.160000018E+07   0.692240573E+04  -0.147415573E+02  -0.153771559E+02  -0.156835253E+02  -0.157333036E+02  -0.156905640E+02  -0.155649764E+02  -0.151708937E+02  -0.156109669E+02  -0.161744480E+02  -0.159069177E+02  -0.127281078E+02  -0.922988190E+01  -0.125818559E+02  -0.132276031E+02  -0.120000932E+02
   0.161000019E+07   0.689470879E+04  -0.147275907E+02  -0.153699529E+02  -0.156813116E+02  -0.157337310E+02  -0.156929266E+02  -0.155513592E+02  -0.151622681E+02  -0.156067870E+02  -0.161757008E+02  -0.159053614E+02  -0.127004470E+02  -0.918033118E+01  -0.125525311E+02  -0.132033389E+02  -0.119708460E+02
   0.162000038E+07   0.686735509E+04  -0.147137784E+02  -0.153628204E+02  -0.156791066E+02  -0.157341344E+02  -0.156952413E+02  -0.155378921E+02  -0.151537308E+02  -0.156026402E+02  -0.161769192E+02  -0.159038058E+02  -0.126731104E+02  -0.913137587E+01  -0.125235511E+02  -0.131793567E+02  -0.119419425E+02
   0.163000036E+07   0.684031747E+04  -0.147001092E+02  -0.153557538E+02  -0.156769106E+02  -0.157345166E+02  -0.156975126E+02  -0.155245641E+02  -0.151452755E+02  -0.155985247E+02  -0.161781071E+02  -0.159022516E+02  -0.126460732E+02  -0.908296966E+01  -0.124948894E+02  -0.131556350E+02  -0.119133565E+02
   0.164000026E+07   0.681362342E+04  -0.146866182E+02  -0.153487816E+02  -0.156747469E+02  -0.157348985E+02  -0.156997597E+02  -0.155114099E+02  -0.151369323E+02  -0.155944661E+02  -0.161792844E+02  -0.159007217E+02  -0.126193840E+02  -0.903518311E+01  -0.124665965E+02  -0.131322193E+02  -0.118851383E+02
   0.165000027E+07   0.678738430E+04  -0.146734198E+02  -0.153419907E+02  -0.156726828E+02  -0.157353365E+02  -0.157020310E+02  -0.154985426E+02  -0.151287938E+02  -0.155905392E+02  -0.161805042E+02  -0.158992804E+02  -0.125932123E+02  -0.898827357E+01  -0.124388483E+02  -0.131092653E+02  -0.118574636E+02
   0.166000008E+07   0.676175701E+04  -0.146606755E+02  -0.153355047E+02  -0.156708132E+02  -0.157359107E+02  -0.157043958E+02  -0.154861217E+02  -0.151209915E+02  -0.155868504E+02  -0.161818421E+02  -0.158980192E+02  -0.125677972E+02  -0.894260426E+01  -0.124118936E+02  -0.130869930E+02  -0.118305807E+02
   0.167000013E+07   0.673685880E+04  -0.146485292E+02  -0.153294385E+02  -0.156692322E+02  -0.157367039E+02  -0.157069287E+02  -0.154742895E+02  -0.151136466E+02  -0.155835018E+02  -0.161833772E+02  -0.158970292E+02  -0.125433406E+02  -0.889846959E+01  -0.123859411E+02  -0.130655896E+02  -0.118046979E+02
   0.168000033E+07   0.671289209E+04  -0.146371486E+02  -0.153239107E+02  -0.156680217E+02  -0.157377788E+02  -0.157096782E+02  -0.154632114E+02  -0.151068878E+02  -0.155805899E+02  -0.161851663E+02  -0.158963877E+02  -0.125201103E+02  -0.885629744E+01  -0.123612709E+02  -0.130452984E+02  -0.117800948E+02
   0.169000009E+07   0.668987143E+04  -0.146265066E+02  -0.153188903E+02  -0.156671482E+02  -0.157391005E+02  -0.157126084E+02  -0.154528598E+02  -0.151006851E+02  -0.155780822E+02  -0.161871740E+02  -0.158960607E+02  -0.124980862E+02  -0.881607922E+01  -0.123378637E+02  -0.130260973E+02  -0.117567521E+02
   0.170000038E+07   0.666768902E+04  -0.146165201E+02  -0.153143207E+02  -0.156665746E+02  -0.157406422E+02  -0.157157000E+02  -0.154431532E+02  -0.150949763E+02  -0.155759339E+02  -0.161893766E+02  -0.158960136E+02  -0.124771322E+02  -0.877759356E+01  -0.123155770E+02  -0.130078635E+02  -0.117345274E+02
   0.171000035E+07   0.664608934E+04  -0.146070069E+02  -0.153100823E+02  -0.156662270E+02  -0.157423544E+02  -0.157189213E+02  -0.154339126E+02  -0.150896284E+02  -0.155740529E+02  -0.161917324E+02  -0.158961788E+02  -0.124569396E+02  -0.874032988E+01  -0.122940867E+02  -0.129903197E+02  -0.117130976E+02
   0.172000037E+07   0.662503904E+04  -0.145978624E+02  -0.153060783E+02  -0.156660150E+02  -0.157441497E+02  -0.157221875E+02  -0.154250337E+02  -0.150845433E+02  -0.155723466E+02  -0.161941550E+02  -0.158964666E+02  -0.124373874E+02  -0.870414072E+01  -0.122732697E+02  -0.129733488E+02  -0.116923396E+02
   0.173000021E+07   0.660420530E+04  -0.145888249E+02  -0.153021284E+02  -0.156658181E+02  -0.157459395E+02  -0.157254329E+02  -0.154162591E+02  -0.150795234E+02  -0.155706707E+02  -0.161965655E+02  -0.158967642E+02  -0.124180491E+02  -0.866833676E+01  -0.122526798E+02  -0.129565654E+02  -0.116718080E+02
   0.174000036E+07   0.658368697E+04  -0.145799484E+02  -0.152982625E+02  -0.156656484E+02  -0.157477263E+02  -0.157286534E+02  -0.154076415E+02  -0.150746037E+02  -0.155690444E+02  -0.161989638E+02  -0.158970816E+02  -0.123990279E+02  -0.863309902E+01  -0.122324258E+02  -0.129400603E+02  -0.116516115E+02
   0.175000014E+07   0.656333094E+04  -0.145711459E+02  -0.152944309E+02  -0.156654837E+02  -0.157495027E+02  -0.157318521E+02  -0.153990957E+02  -0.150697266E+02  -0.155674346E+02  -0.162013468E+02  -0.158974001E+02  -0.123801608E+02  -0.859814373E+01  -0.122123357E+02  -0.129236895E+02  -0.116315784E+02
   0.176000009E+07   0.654329405E+04  -0.145625585E+02  -0.152907365E+02  -0.156653988E+02  -0.157513285E+02  -0.157350779E+02  -0.153907612E+02  -0.150650031E+02  -0.155659272E+02  -0.162037696E+02  -0.158977908E+02  -0.123616667E+02  -0.856381368E+01  -0.121926378E+02  -0.129076525E+02  -0.116119365E+02
   0.177000021E+07   0.652348984E+04  -0.145541590E+02  -0.152871733E+02  -0.156654030E+02  -0.157532213E+02  -0.157383544E+02  -0.153826116E+02  -0.150604227E+02  -0.155645256E+02  -0.162062525E+02  -0.158982652E+02  -0.123434755E+02  -0.852997046E+01  -0.121732568E+02  -0.128918899E+02  -0.115926110E+02
   0.178000036E+07   0.650394344E+04  -0.145459443E+02  -0.152837318E+02  -0.156654826E+02  -0.157551647E+02  -0.157416636E+02  -0.153746435E+02  -0.150559773E+02  -0.155632176E+02  -0.162087784E+02  -0.158988088E+02  -0.123255965E+02  -0.849664319E+01  -0.121542034E+02  -0.128764079E+02  -0.115736124E+02
   0.179000040E+07   0.648460830E+04  -0.145378870E+02  -0.152803962E+02  -0.156656300E+02  -0.157571559E+02  -0.157450057E+02  -0.153668302E+02  -0.150516487E+02  -0.155619924E+02  -0.162113457E+02  -0.158994152E+02  -0.123079795E+02  -0.846374479E+01  -0.121354247E+02  -0.128611620E+02  -0.115548878E+02
   0.180000016E+07   0.646552546E+04  -0.145300315E+02  -0.152772007E+02  -0.156658720E+02  -0.157592177E+02  -0.157484008E+02  -0.153592155E+02  -0.150474731E+02  -0.155608798E+02  -0.162139761E+02  -0.159001103E+02  -0.122906889E+02  -0.843137230E+01  -0.121169877E+02  -0.128462115E+02  -0.115365042E+02
   0.181000000E+07   0.644682757E+04  -0.145225001E+02  -0.152742353E+02  -0.156662749E+02  -0.157614035E+02  -0.157518931E+02  -0.153519200E+02  -0.150435474E+02  -0.155599552E+02  -0.162167191E+02  -0.159009570E+02  -0.122739128E+02  -0.839981848E+01  -0.120990882E+02  -0.128317283E+02  -0.115186571E+02
   0.182000021E+07   0.642877007E+04  -0.145155446E+02  -0.152716895E+02  -0.156669819E+02  -0.157638325E+02  -0.157555838E+02  -0.153451924E+02  -0.150400741E+02  -0.155593804E+02  -0.162196861E+02  -0.159020927E+02  -0.122580292E+02  -0.836966335E+01  -0.120821197E+02  -0.128180591E+02  -0.115017392E+02
   0.183000029E+07   0.641164407E+04  -0.145094584E+02  -0.152697855E+02  -0.156681630E+02  -0.157666467E+02  -0.157595946E+02  -0.153393223E+02  -0.150372906E+02  -0.155593457E+02  -0.162230107E+02  -0.159036804E+02  -0.122434756E+02  -0.834157433E+01  -0.120665371E+02  -0.128056056E+02  -0.114862045E+02
   0.184000034E+07   0.639567746E+04  -0.145044721E+02  -0.152686982E+02  -0.156699519E+02  -0.157699581E+02  -0.157640217E+02  -0.153345374E+02  -0.150353832E+02  -0.155600011E+02  -0.162267979E+02  -0.159058483E+02  -0.122305949E+02  -0.831607460E+01  -0.120526972E+02  -0.127946830E+02  -0.114724093E+02
   0.185000023E+07   0.638096776E+04  -0.145006864E+02  -0.152685047E+02  -0.156724082E+02  -0.157738171E+02  -0.157689084E+02  -0.153309374E+02  -0.150344342E+02  -0.155614132E+02  -0.162310952E+02  -0.159086538E+02  -0.122195364E+02  -0.829339046E+01  -0.120407549E+02  -0.127854283E+02  -0.114605082E+02
   0.186000014E+07   0.636742414E+04  -0.144980099E+02  -0.152691355E+02  -0.156754788E+02  -0.157781792E+02  -0.157742168E+02  -0.153284317E+02  -0.150343694E+02  -0.155635223E+02  -0.162358608E+02  -0.159120458E+02  -0.122101636E+02  -0.827331356E+01  -0.120305684E+02  -0.127777163E+02  -0.114503596E+02
   0.187000004E+07   0.635476038E+04  -0.144961394E+02  -0.152703576E+02  -0.156789821E+02  -0.157828901E+02  -0.157798125E+02  -0.153267211E+02  -0.150349411E+02  -0.155661266E+02  -0.162409490E+02  -0.159158498E+02  -0.122020318E+02  -0.825517316E+01  -0.120216758E+02  -0.127711376E+02  -0.114415025E+02
   0.188000042E+07   0.634255087E+04  -0.144946300E+02  -0.152718298E+02  -0.156826536E+02  -0.157877259E+02  -0.157855015E+02  -0.153253657E+02  -0.150357862E+02  -0.155689314E+02  -0.162461487E+02  -0.159198112E+02  -0.121944857E+02  -0.823797739E+01  -0.120133962E+02  -0.127650887E+02  -0.114332570E+02
   0.189000028E+07   0.633038088E+04  -0.144930551E+02  -0.152732267E+02  -0.156862429E+02  -0.157924757E+02  -0.157911016E+02  -0.153239443E+02  -0.150365581E+02  -0.155716567E+02  -0.162512611E+02  -0.159236894E+02  -0.121868936E+02  -0.822076687E+01  -0.120050729E+02  -0.127589890E+02  -0.114249679E+02
   0.190000033E+07   0.631797088E+04  -0.144911323E+02  -0.152743345E+02  -0.156895862E+02  -0.157970024E+02  -0.157964954E+02  -0.153221782E+02  -0.150370285E+02  -0.155741190E+02  -0.162561576E+02  -0.159273273E+02  -0.121788351E+02  -0.820290020E+01  -0.119962688E+02  -0.127524523E+02  -0.114161985E+02
   0.191000028E+07   0.630518635E+04  -0.144887274E+02  -0.152750516E+02  -0.156926063E+02  -0.158012416E+02  -0.158016278E+02  -0.153199346E+02  -0.150370890E+02  -0.155762315E+02  -0.162607777E+02  -0.159306508E+02  -0.121701092E+02  -0.818407015E+01  -0.119867748E+02  -0.127452942E+02  -0.114067402E+02
   0.192000019E+07   0.629199006E+04  -0.144858019E+02  -0.152753486E+02  -0.156952804E+02  -0.158051741E+02  -0.158064824E+02  -0.153171755E+02  -0.150367082E+02  -0.155779689E+02  -0.162651035E+02  -0.159336383E+02  -0.121606591E+02  -0.816419047E+01  -0.119765318E+02  -0.127374623E+02  -0.113965342E+02
   0.193000001E+07   0.627837597E+04  -0.144823530E+02  -0.152752243E+02  -0.156976086E+02  -0.158088005E+02  -0.158110600E+02  -0.153138985E+02  -0.150358847E+02  -0.155793306E+02  -0.162691355E+02  -0.159362896E+02  -0.121504791E+02  -0.814325074E+01  -0.119655339E+02  -0.127289518E+02  -0.113855744E+02
   0.194000025E+07   0.626436003E+04  -0.144783999E+02  -0.152746939E+02  -0.156996030E+02  -0.158121315E+02  -0.158153703E+02  -0.153101222E+02  -0.150346345E+02  -0.155803300E+02  -0.162728841E+02  -0.159386167E+02  -0.121395961E+02  -0.812129043E+01  -0.119538089E+02  -0.127197877E+02  -0.113738887E+02
   0.195000041E+07   0.625001117E+04  -0.144740152E+02  -0.152738132E+02  -0.157013071E+02  -0.158152038E+02  -0.158194452E+02  -0.153059186E+02  -0.150330168E+02  -0.155810155E+02  -0.162763841E+02  -0.159406614E+02  -0.121281170E+02  -0.809847080E+01  -0.119414676E+02  -0.127100681E+02  -0.113615876E+02
   0.196000030E+07   0.623550997E+04  -0.144693889E+02  -0.152727281E+02  -0.157028342E+02  -0.158181137E+02  -0.158233684E+02  -0.153014752E+02  -0.150311869E+02  -0.155815131E+02  -0.162797261E+02  -0.159425328E+02  -0.121163209E+02  -0.807521383E+01  -0.119288003E+02  -0.127000503E+02  -0.113489609E+02
   0.197000030E+07   0.622117279E+04  -0.144648586E+02  -0.152716990E+02  -0.157043877E+02  -0.158210344E+02  -0.158272908E+02  -0.152971258E+02  -0.150294214E+02  -0.155820489E+02  -0.162830740E+02  -0.159444267E+02  -0.121047019E+02  -0.805226363E+01  -0.119163200E+02  -0.126901895E+02  -0.113365207E+02
   0.198000026E+07   0.620743320E+04  -0.144608792E+02  -0.152710748E+02  -0.157062386E+02  -0.158241955E+02  -0.158314119E+02  -0.152933198E+02  -0.150280915E+02  -0.155829243E+02  -0.162866444E+02  -0.159466037E+02  -0.120939293E+02  -0.803063208E+01  -0.119047219E+02  -0.126811018E+02  -0.113249611E+02
