   0.000000000E+00   0.500000000E+04   0.148782921E+02   0.136702031E+02   0.129445074E+02   0.126694681E+02   0.125462901E+02   0.140244521E+02   0.139964821E+02   0.131834661E+02   0.121573801E+02   0.126626801E+02   0.180103921E+02   0.233436021E+02   0.183041721E+02   0.171978621E+02   0.187845421E+02
   0.100004473E+05   0.500000000E+04               NaN               NaN               NaN               NaN               NaN               NaN               NaN               NaN               NaN               NaN               NaN               NaN               NaN               NaN               NaN
   0.200005527E+05   0.500000000E+04               NaN               NaN               NaN               NaN               NaN               NaN               NaN               NaN               NaN               NaN               NaN               NaN               NaN               NaN               NaN
   0.300081613E+05   0.500000000E+04  -0.338130581E+01  -0.458939481E+01  -0.531509051E+01  -0.559012981E+01  -0.571330781E+01  -0.423514581E+01  -0.426311581E+01  -0.507613181E+01  -0.610221781E+01  -0.559691781E+01  -0.249205812E+00   0.508400419E+01   0.445741885E-01  -0.106173581E+01   0.524944188E+00
   0.400042145E+05   0.500000000E+04  -0.440068636E+01  -0.560877536E+01  -0.633447106E+01  -0.660951036E+01  -0.673268836E+01  -0.525452636E+01  -0.528249636E+01  -0.609551236E+01  -0.712159836E+01  -0.661629836E+01  -0.126858636E+01   0.406462364E+01  -0.974806356E+00  -0.208111636E+01  -0.494436356E+00
   0.500186200E+05   0.500000000E+04  -0.439615102E+01  -0.560424002E+01  -0.632993572E+01  -0.660497502E+01  -0.672815302E+01  -0.524999102E+01  -0.527796102E+01  -0.609097702E+01  -0.711706302E+01  -0.661176302E+01  -0.126405102E+01   0.406915898E+01  -0.970271018E+00  -0.207658102E+01  -0.489901018E+00
   0.600014559E+05   0.500000000E+04  -0.435373053E+01  -0.556181953E+01  -0.628751523E+01  -0.656255453E+01  -0.668573253E+01  -0.520757053E+01  -0.523554053E+01  -0.604855653E+01  -0.707464253E+01  -0.656934253E+01  -0.122163053E+01   0.411157947E+01  -0.927850534E+00  -0.203416053E+01  -0.447480534E+00
   0.700096613E+05   0.500000000E+04  -0.423271542E+01  -0.544080442E+01  -0.616650012E+01  -0.644153942E+01  -0.656471742E+01  -0.508655542E+01  -0.511452542E+01  -0.592754142E+01  -0.695362742E+01  -0.644832742E+01  -0.110061542E+01   0.423259458E+01  -0.806835418E+00  -0.191314542E+01  -0.326465418E+00
   0.800192943E+05   0.500000000E+04  -0.409172922E+01  -0.529981822E+01  -0.602551392E+01  -0.630055322E+01  -0.642373122E+01  -0.494556922E+01  -0.497353922E+01  -0.578655522E+01  -0.681264122E+01  -0.630734122E+01  -0.959629222E+00   0.437358078E+01  -0.665849222E+00  -0.177215922E+01  -0.185479222E+00
   0.900377159E+05   0.500000000E+04  -0.397907352E+01  -0.518716252E+01  -0.591285822E+01  -0.618789752E+01  -0.631107552E+01  -0.483291352E+01  -0.486088352E+01  -0.567389952E+01  -0.669998552E+01  -0.619468552E+01  -0.846973520E+00   0.448623648E+01  -0.553193520E+00  -0.165950352E+01  -0.728235200E-01
   0.100011384E+06   0.500000000E+04  -0.388481625E+01  -0.509290525E+01  -0.581860095E+01  -0.609364025E+01  -0.621681825E+01  -0.473865625E+01  -0.476662625E+01  -0.557964225E+01  -0.660572825E+01  -0.610042825E+01  -0.752716247E+00   0.458049375E+01  -0.458936247E+00  -0.156524625E+01   0.214337528E-01
   0.110009114E+06   0.500000000E+04  -0.378534404E+01  -0.499343304E+01  -0.571912874E+01  -0.599416804E+01  -0.611734604E+01  -0.463918404E+01  -0.466715404E+01  -0.548017004E+01  -0.650625604E+01  -0.600095604E+01  -0.653244041E+00   0.467996596E+01  -0.359464041E+00  -0.146577404E+01   0.120905959E+00
   0.120008210E+06   0.500000000E+04  -0.370363254E+01  -0.491172154E+01  -0.563741724E+01  -0.591245654E+01  -0.603563454E+01  -0.455747254E+01  -0.458544254E+01  -0.539845854E+01  -0.642454454E+01  -0.591924454E+01  -0.571532536E+00   0.476167746E+01  -0.277752536E+00  -0.138406254E+01   0.202617464E+00
   0.130001231E+06   0.500000000E+04  -0.362838983E+01  -0.483647883E+01  -0.556217453E+01  -0.583721383E+01  -0.596039183E+01  -0.448222983E+01  -0.451019983E+01  -0.532321583E+01  -0.634930183E+01  -0.584400183E+01  -0.496289829E+00   0.483692017E+01  -0.202509829E+00  -0.130881983E+01   0.277860171E+00
   0.140018004E+06   0.500000000E+04  -0.356103198E+01  -0.476912098E+01  -0.549481668E+01  -0.576985598E+01  -0.589303398E+01  -0.441487198E+01  -0.444284198E+01  -0.525585798E+01  -0.628194398E+01  -0.577664398E+01  -0.428931980E+00   0.490427802E+01  -0.135151980E+00  -0.124146198E+01   0.345218020E+00
   0.150013959E+06   0.500000000E+04  -0.350055063E+01  -0.470863963E+01  -0.543433533E+01  -0.570937463E+01  -0.583255263E+01  -0.435439063E+01  -0.438236063E+01  -0.519537663E+01  -0.622146263E+01  -0.571616263E+01  -0.368450631E+00   0.496475937E+01  -0.746706314E-01  -0.118098063E+01   0.405699369E+00
   0.160038146E+06   0.500000000E+04  -0.344499624E+01  -0.465308524E+01  -0.537878094E+01  -0.565382024E+01  -0.577699824E+01  -0.429883624E+01  -0.432680624E+01  -0.513982224E+01  -0.616590824E+01  -0.566060824E+01  -0.312896240E+00   0.502031376E+01  -0.191162397E-01  -0.112542624E+01   0.461253760E+00
   0.170062720E+06   0.500000000E+04  -0.339265872E+01  -0.460074772E+01  -0.532644342E+01  -0.560148272E+01  -0.572466072E+01  -0.424649872E+01  -0.427446872E+01  -0.508748472E+01  -0.611357072E+01  -0.560827072E+01  -0.260558721E+00   0.507265128E+01   0.332212789E-01  -0.107308872E+01   0.513591279E+00
   0.180058470E+06   0.500000000E+04  -0.334394297E+01  -0.455203197E+01  -0.527772767E+01  -0.555276697E+01  -0.567594497E+01  -0.419778297E+01  -0.422575297E+01  -0.503876897E+01  -0.606485497E+01  -0.555955497E+01  -0.211842971E+00   0.512136703E+01   0.819370288E-01  -0.102437297E+01   0.562307029E+00
   0.190065406E+06   0.500000000E+04  -0.329845245E+01  -0.450654145E+01  -0.523223715E+01  -0.550727645E+01  -0.563045445E+01  -0.415229245E+01  -0.418026245E+01  -0.499327845E+01  -0.601936445E+01  -0.551406445E+01  -0.166352454E+00   0.516685755E+01   0.127427546E+00  -0.978882454E+00   0.607797546E+00
   0.200032293E+06   0.500000000E+04  -0.325582637E+01  -0.446391537E+01  -0.518961107E+01  -0.546465037E+01  -0.558782837E+01  -0.410966637E+01  -0.413763637E+01  -0.495065237E+01  -0.597673837E+01  -0.547143837E+01  -0.123726367E+00   0.520948363E+01   0.170053633E+00  -0.936256367E+00   0.650423633E+00
   0.210068288E+06   0.500000000E+04  -0.321531337E+01  -0.442340237E+01  -0.514909807E+01  -0.542413737E+01  -0.554731537E+01  -0.406915337E+01  -0.409712337E+01  -0.491013937E+01  -0.593622537E+01  -0.543092537E+01  -0.832133723E-01   0.524999663E+01   0.210566628E+00  -0.895743372E+00   0.690936628E+00
   0.220018849E+06   0.500000000E+04  -0.317728110E+01  -0.438537010E+01  -0.511106580E+01  -0.538610510E+01  -0.550928310E+01  -0.403112110E+01  -0.405909110E+01  -0.487210710E+01  -0.589819310E+01  -0.539289310E+01  -0.451811037E-01   0.528802890E+01   0.248598896E+00  -0.857711104E+00   0.728968896E+00
   0.230013875E+06   0.500000000E+04  -0.314092593E+01  -0.434901493E+01  -0.507471063E+01  -0.534974993E+01  -0.547292793E+01  -0.399476593E+01  -0.402273593E+01  -0.483575193E+01  -0.586183793E+01  -0.535653793E+01  -0.882593318E-02   0.532438407E+01   0.284954067E+00  -0.821355933E+00   0.765324067E+00
   0.240048894E+06   0.500000000E+04  -0.310640598E+01  -0.431449498E+01  -0.504019068E+01  -0.531522998E+01  -0.543840798E+01  -0.396024598E+01  -0.398821598E+01  -0.480123198E+01  -0.582731798E+01  -0.532201798E+01   0.256940161E-01   0.535890402E+01   0.319474016E+00  -0.786835984E+00   0.799844016E+00
   0.250048207E+06   0.500000000E+04  -0.308878718E+01  -0.429687618E+01  -0.502257188E+01  -0.529761118E+01  -0.542078918E+01  -0.394262718E+01  -0.397059718E+01  -0.478361318E+01  -0.580969918E+01  -0.530439918E+01   0.433128247E-01   0.537652282E+01   0.337092825E+00  -0.769217175E+00   0.817462825E+00
   0.260007091E+06   0.500000000E+04  -0.371405279E+01  -0.492214179E+01  -0.564783749E+01  -0.592287679E+01  -0.604605479E+01  -0.456789279E+01  -0.459586279E+01  -0.540887879E+01  -0.643496479E+01  -0.592966479E+01  -0.581952790E+00   0.475125721E+01  -0.288172790E+00  -0.139448279E+01   0.192197210E+00
   0.270067125E+06   0.500000000E+04  -0.745583093E+01  -0.866391993E+01  -0.938961563E+01  -0.966465493E+01  -0.978783293E+01  -0.830967093E+01  -0.833764093E+01  -0.915065693E+01  -0.101767429E+02  -0.967144293E+01  -0.432373093E+01   0.100947907E+01  -0.402995093E+01  -0.513626093E+01  -0.354958093E+01
   0.280074936E+06   0.500000000E+04  -0.785961017E+01  -0.906769917E+01  -0.979339487E+01  -0.100684342E+02  -0.101916122E+02  -0.871345017E+01  -0.874142017E+01  -0.955443617E+01  -0.105805222E+02  -0.100752222E+02  -0.472751017E+01   0.605699828E+00  -0.443373017E+01  -0.554004017E+01  -0.395336017E+01
   0.290026268E+06   0.500000000E+04  -0.811204227E+01  -0.932013127E+01  -0.100458270E+02  -0.103208663E+02  -0.104440443E+02  -0.896588227E+01  -0.899385227E+01  -0.980686827E+01  -0.108329543E+02  -0.103276543E+02  -0.497994227E+01   0.353267727E+00  -0.468616227E+01  -0.579247227E+01  -0.420579227E+01
   0.300038978E+06   0.500000000E+04  -0.844255455E+01  -0.965064355E+01  -0.103763392E+02  -0.106513785E+02  -0.107745565E+02  -0.929639455E+01  -0.932436455E+01  -0.101373805E+02  -0.111634665E+02  -0.106581665E+02  -0.531045455E+01   0.227554532E-01  -0.501667455E+01  -0.612298455E+01  -0.453630455E+01
   0.310026092E+06   0.500000000E+04  -0.884304583E+01  -0.100511348E+02  -0.107768305E+02  -0.110518698E+02  -0.111750478E+02  -0.969688583E+01  -0.972485583E+01  -0.105378718E+02  -0.115639578E+02  -0.110586578E+02  -0.571094583E+01  -0.377735830E+00  -0.541716583E+01  -0.652347583E+01  -0.493679583E+01
   0.320044495E+06   0.500000000E+04  -0.936700470E+01  -0.105750937E+02  -0.113007894E+02  -0.115758287E+02  -0.116990067E+02  -0.102208447E+02  -0.102488147E+02  -0.110618307E+02  -0.120879167E+02  -0.115826167E+02  -0.623490470E+01  -0.901694703E+00  -0.594112470E+01  -0.704743470E+01  -0.546075470E+01
   0.330004256E+06   0.547254709E+04  -0.105101547E+02  -0.115541574E+02  -0.121602207E+02  -0.123703783E+02  -0.124456079E+02  -0.113551193E+02  -0.112622052E+02  -0.119689508E+02  -0.128619304E+02  -0.124247821E+02  -0.769115967E+01  -0.288057257E+01  -0.744090598E+01  -0.840921806E+01  -0.691384360E+01
   0.340010425E+06   0.163096144E+05  -0.160097494E+02  -0.158517714E+02  -0.155671067E+02  -0.153133863E+02  -0.150526506E+02  -0.167957051E+02  -0.158119322E+02  -0.157210665E+02  -0.156617779E+02  -0.157214364E+02  -0.158436364E+02  -0.150760940E+02  -0.158386952E+02  -0.159287187E+02  -0.156528527E+02
   0.350003246E+06   0.343172060E+05  -0.177394554E+02  -0.173328988E+02  -0.168587113E+02  -0.165088386E+02  -0.161796025E+02  -0.185149924E+02  -0.173448357E+02  -0.170835442E+02  -0.168275902E+02  -0.169929191E+02  -0.182570754E+02  -0.184488010E+02  -0.182688356E+02  -0.181529283E+02  -0.183499748E+02
   0.360016662E+06   0.613601374E+05  -0.187052543E+02  -0.182148136E+02  -0.176745591E+02  -0.172907478E+02  -0.169365141E+02  -0.194774591E+02  -0.182443397E+02  -0.179241619E+02  -0.175988621E+02  -0.178019222E+02  -0.194589393E+02  -0.199724081E+02  -0.194726265E+02  -0.193017744E+02  -0.196540452E+02
   0.370000050E+06   0.520319007E+05  -0.184837323E+02  -0.180115192E+02  -0.174857515E+02  -0.171094312E+02  -0.167607295E+02  -0.192566594E+02  -0.180372145E+02  -0.177299132E+02  -0.174199019E+02  -0.176146251E+02  -0.191863677E+02  -0.196313543E+02  -0.191997987E+02  -0.190398437E+02  -0.193594064E+02
   0.380001184E+06   0.420767195E+05  -0.182031657E+02  -0.177603257E+02  -0.172577563E+02  -0.168933628E+02  -0.165534484E+02  -0.189772542E+02  -0.177798548E+02  -0.174932184E+02  -0.172075775E+02  -0.173890233E+02  -0.188231337E+02  -0.191557600E+02  -0.188359690E+02  -0.186951618E+02  -0.189603443E+02
   0.390001389E+06   0.371878647E+05  -0.180615592E+02  -0.176396156E+02  -0.171534192E+02  -0.167974085E+02  -0.164636836E+02  -0.188364835E+02  -0.176547734E+02  -0.173827441E+02  -0.171142458E+02  -0.172863859E+02  -0.186226066E+02  -0.188743059E+02  -0.186348629E+02  -0.185082586E+02  -0.187342894E+02
   0.400002835E+06   0.342085658E+05  -0.179847558E+02  -0.175788282E+02  -0.171051297E+02  -0.167555079E+02  -0.164264554E+02  -0.187603178E+02  -0.175906327E+02  -0.173297801E+02  -0.170743377E+02  -0.172393896E+02  -0.185006017E+02  -0.186898732E+02  -0.185123413E+02  -0.183968783E+02  -0.185927342E+02
   0.410000499E+06   0.320920510E+05  -0.179397479E+02  -0.175472185E+02  -0.170839454E+02  -0.167396242E+02  -0.164144765E+02  -0.187158621E+02  -0.175562355E+02  -0.173046921E+02  -0.170601187E+02  -0.172192856E+02  -0.184178246E+02  -0.185547260E+02  -0.184290676E+02  -0.183233021E+02  -0.184936638E+02
   0.420001126E+06   0.304565963E+05  -0.179133473E+02  -0.175326789E+02  -0.170785904E+02  -0.167389561E+02  -0.164172733E+02  -0.186899412E+02  -0.175392149E+02  -0.172958995E+02  -0.170608969E+02  -0.172148819E+02  -0.183580350E+02  -0.184485227E+02  -0.183688065E+02  -0.182717559E+02  -0.184195094E+02
   0.430011831E+06   0.291264426E+05  -0.178985280E+02  -0.175285286E+02  -0.170827032E+02  -0.167472648E+02  -0.164287013E+02  -0.186755562E+02  -0.175328361E+02  -0.172969241E+02  -0.170705083E+02  -0.172198497E+02  -0.183131938E+02  -0.183618704E+02  -0.183235094E+02  -0.182344017E+02  -0.183617882E+02
   0.440011938E+06   0.280082558E+05  -0.178915689E+02  -0.175314355E+02  -0.170932188E+02  -0.167616500E+02  -0.164459487E+02  -0.186689960E+02  -0.175336808E+02  -0.173045900E+02  -0.170860911E+02  -0.172311629E+02  -0.182785352E+02  -0.182885729E+02  -0.182883985E+02  -0.182067827E+02  -0.183152734E+02
   0.450014446E+06   0.270435462E+05  -0.178900948E+02  -0.175392646E+02  -0.171082111E+02  -0.167802673E+02  -0.164672654E+02  -0.186679074E+02  -0.175395721E+02  -0.173168926E+02  -0.171058459E+02  -0.172468975E+02  -0.182509923E+02  -0.182246171E+02  -0.182604028E+02  -0.181859971E+02  -0.182766048E+02
   0.460004406E+06   0.261981793E+05  -0.178926339E+02  -0.175506350E+02  -0.171263677E+02  -0.168018752E+02  -0.164914487E+02  -0.186708111E+02  -0.175491071E+02  -0.173325142E+02  -0.171285235E+02  -0.172657612E+02  -0.182288205E+02  -0.181678858E+02  -0.182377775E+02  -0.181703125E+02  -0.182439158E+02
   0.470016690E+06   0.254438839E+05  -0.178980515E+02  -0.175644935E+02  -0.171467007E+02  -0.168255009E+02  -0.165174216E+02  -0.186765748E+02  -0.175612044E+02  -0.173504322E+02  -0.171531684E+02  -0.172867778E+02  -0.182106425E+02  -0.181166863E+02  -0.182191533E+02  -0.181584062E+02  -0.182157327E+02
   0.480015251E+06   0.247610680E+05  -0.179050250E+02  -0.175795388E+02  -0.171679302E+02  -0.168498785E+02  -0.165439985E+02  -0.186838810E+02  -0.175745676E+02  -0.173693548E+02  -0.171785169E+02  -0.173086639E+02  -0.181950839E+02  -0.180695705E+02  -0.182031518E+02  -0.181488966E+02  -0.181906444E+02
   0.490019838E+06   0.241391871E+05  -0.179135201E+02  -0.175958261E+02  -0.171901813E+02  -0.168751707E+02  -0.165713988E+02  -0.186927013E+02  -0.175892380E+02  -0.173893796E+02  -0.172047419E+02  -0.173315493E+02  -0.181818691E+02  -0.180259209E+02  -0.181894893E+02  -0.181415710E+02  -0.181682693E+02
   0.500031347E+06   0.235651969E+05  -0.179228887E+02  -0.176129303E+02  -0.172131988E+02  -0.169011906E+02  -0.165993777E+02  -0.187023927E+02  -0.176047324E+02  -0.174101900E+02  -0.172316837E+02  -0.173551914E+02  -0.181697345E+02  -0.179836386E+02  -0.181768936E+02  -0.181353590E+02  -0.181471015E+02
   0.510021085E+06   0.230339163E+05  -0.179325867E+02  -0.176299493E+02  -0.172358122E+02  -0.169266411E+02  -0.166266451E+02  -0.187123962E+02  -0.176202267E+02  -0.174307155E+02  -0.172580055E+02  -0.173783946E+02  -0.181590950E+02  -0.179444853E+02  -0.181658132E+02  -0.181303459E+02  -0.181279297E+02
   0.520002267E+06   0.225414982E+05  -0.179430583E+02  -0.176478667E+02  -0.172594007E+02  -0.169531067E+02  -0.166549094E+02  -0.187231789E+02  -0.176365932E+02  -0.174521854E+02  -0.172853658E+02  -0.174025893E+02  -0.181489653E+02  -0.179054241E+02  -0.181552060E+02  -0.181260040E+02  -0.181091995E+02
   0.530021328E+06   0.220784148E+05  -0.179534069E+02  -0.176652634E+02  -0.172821646E+02  -0.169785935E+02  -0.166820957E+02  -0.187338220E+02  -0.176525220E+02  -0.174729441E+02  -0.173117000E+02  -0.174259274E+02  -0.181398182E+02  -0.178688948E+02  -0.181456050E+02  -0.181223397E+02  -0.180919159E+02
   0.540023067E+06   0.216460164E+05  -0.179642112E+02  -0.176832365E+02  -0.173055881E+02  -0.170047861E+02  -0.167099814E+02  -0.187449254E+02  -0.176690004E+02  -0.174943325E+02  -0.173387405E+02  -0.174499330E+02  -0.181308539E+02  -0.178321611E+02  -0.181361568E+02  -0.181189800E+02  -0.180748518E+02
   0.550024899E+06   0.212364328E+05  -0.179746754E+02  -0.177006144E+02  -0.173282210E+02  -0.170300894E+02  -0.167369108E+02  -0.187556779E+02  -0.176849366E+02  -0.175150035E+02  -0.173648589E+02  -0.174731271E+02  -0.181222642E+02  -0.177968051E+02  -0.181270961E+02  -0.181158010E+02  -0.180584841E+02
   0.560030632E+06   0.208516052E+05  -0.179851906E+02  -0.177179134E+02  -0.173506725E+02  -0.170551569E+02  -0.167635861E+02  -0.187664774E+02  -0.177008217E+02  -0.175355301E+02  -0.173907278E+02  -0.174961280E+02  -0.181141249E+02  -0.177624459E+02  -0.181184801E+02  -0.181129871E+02  -0.180427401E+02
   0.570034244E+06   0.204820095E+05  -0.179951140E+02  -0.177347926E+02  -0.173728295E+02  -0.170799897E+02  -0.167900859E+02  -0.187766943E+02  -0.177162520E+02  -0.175557134E+02  -0.174163848E+02  -0.175188468E+02  -0.181049808E+02  -0.177264803E+02  -0.181088260E+02  -0.181093278E+02  -0.180258382E+02
   0.580027674E+06   0.201325698E+05  -0.180048477E+02  -0.177511027E+02  -0.173941296E+02  -0.171038198E+02  -0.168154919E+02  -0.187867054E+02  -0.177311924E+02  -0.175751475E+02  -0.174409942E+02  -0.175406781E+02  -0.180966869E+02  -0.176928275E+02  -0.181000499E+02  -0.181062196E+02  -0.180102096E+02
   0.590029741E+06   0.197949099E+05  -0.180136891E+02  -0.177667644E+02  -0.174149638E+02  -0.171272730E+02  -0.168406074E+02  -0.187958348E+02  -0.177454361E+02  -0.175940494E+02  -0.174652516E+02  -0.175620645E+02  -0.180868964E+02  -0.176568185E+02  -0.180897400E+02  -0.181017804E+02  -0.179927963E+02
   0.600008778E+06   0.194723224E+05  -0.180221076E+02  -0.177819863E+02  -0.174353439E+02  -0.171502628E+02  -0.168652715E+02  -0.188045408E+02  -0.177592451E+02  -0.176125037E+02  -0.174890415E+02  -0.175829962E+02  -0.180767662E+02  -0.176205812E+02  -0.180790808E+02  -0.180969728E+02  -0.179750530E+02
   0.610031109E+06   0.191589078E+05  -0.180297954E+02  -0.177962840E+02  -0.174546531E+02  -0.171721075E+02  -0.168887428E+02  -0.188125078E+02  -0.177721700E+02  -0.176299417E+02  -0.175116634E+02  -0.176028413E+02  -0.180664325E+02  -0.175848830E+02  -0.180682332E+02  -0.180918106E+02  -0.179573228E+02
   0.620007465E+06   0.188588071E+05  -0.180367088E+02  -0.178099092E+02  -0.174733579E+02  -0.171933827E+02  -0.169117774E+02  -0.188197061E+02  -0.177843989E+02  -0.176467476E+02  -0.175337281E+02  -0.176220904E+02  -0.180551174E+02  -0.175478956E+02  -0.180563750E+02  -0.180857803E+02  -0.179385426E+02
   0.630031308E+06   0.185657309E+05  -0.180427866E+02  -0.178229622E+02  -0.174916804E+02  -0.172143723E+02  -0.169347071E+02  -0.188260814E+02  -0.177959983E+02  -0.176630978E+02  -0.175555382E+02  -0.176409785E+02  -0.180423241E+02  -0.175085085E+02  -0.180429955E+02  -0.180785144E+02  -0.179180384E+02
   0.640008272E+06   0.182833921E+05  -0.180482393E+02  -0.178351346E+02  -0.175089292E+02  -0.172341903E+02  -0.169563943E+02  -0.188318207E+02  -0.178067702E+02  -0.176784464E+02  -0.175761468E+02  -0.176587722E+02  -0.180295969E+02  -0.174701619E+02  -0.180297037E+02  -0.180711121E+02  -0.178978830E+02
   0.650019240E+06   0.180084062E+05  -0.180529595E+02  -0.178463995E+02  -0.175251383E+02  -0.172529018E+02  -0.169769262E+02  -0.188368200E+02  -0.178166712E+02  -0.176928049E+02  -0.175956283E+02  -0.176755121E+02  -0.180166108E+02  -0.174322236E+02  -0.180161676E+02  -0.180633123E+02  -0.178776620E+02
   0.660017132E+06   0.177430244E+05  -0.180567808E+02  -0.178573684E+02  -0.175414956E+02  -0.172719824E+02  -0.169986604E+02  -0.188409487E+02  -0.178261516E+02  -0.177071448E+02  -0.176155470E+02  -0.176924509E+02  -0.180012565E+02  -0.173898230E+02  -0.180001772E+02  -0.180537525E+02  -0.178545854E+02
   0.670010918E+06   0.174843574E+05  -0.180598905E+02  -0.178674714E+02  -0.175568702E+02  -0.172900213E+02  -0.170193145E+02  -0.188443592E+02  -0.178347984E+02  -0.177205459E+02  -0.176344059E+02  -0.177083946E+02  -0.179856092E+02  -0.173477193E+02  -0.179839065E+02  -0.180437783E+02  -0.178313876E+02
   0.680033121E+06   0.172336261E+05  -0.180627322E+02  -0.178770918E+02  -0.175716005E+02  -0.173073342E+02  -0.170391622E+02  -0.188474925E+02  -0.178430072E+02  -0.177333631E+02  -0.176525136E+02  -0.177236766E+02  -0.179702693E+02  -0.173067346E+02  -0.179679624E+02  -0.180339374E+02  -0.178087289E+02
   0.690016264E+06   0.169904974E+05  -0.180647814E+02  -0.178857512E+02  -0.175852424E+02  -0.173234944E+02  -0.170577543E+02  -0.188498261E+02  -0.178502901E+02  -0.177451395E+02  -0.176694484E+02  -0.177378563E+02  -0.179545969E+02  -0.172660642E+02  -0.179516984E+02  -0.180236131E+02  -0.177859282E+02
   0.700005801E+06   0.167551308E+05  -0.180659752E+02  -0.178942223E+02  -0.175991904E+02  -0.173402174E+02  -0.170762072E+02  -0.188513349E+02  -0.178572478E+02  -0.177570352E+02  -0.176870141E+02  -0.177523975E+02  -0.179364574E+02  -0.172206128E+02  -0.179328528E+02  -0.180110274E+02  -0.177601441E+02
   0.710016693E+06   0.165250116E+05  -0.180666323E+02  -0.179019944E+02  -0.176123174E+02  -0.173560575E+02  -0.170937387E+02  -0.188522998E+02  -0.178635403E+02  -0.177681555E+02  -0.177036780E+02  -0.177661044E+02  -0.179182122E+02  -0.171756646E+02  -0.179139173E+02  -0.179982121E+02  -0.177344246E+02
   0.720012869E+06   0.163011952E+05  -0.180668425E+02  -0.179091248E+02  -0.176246560E+02  -0.173710349E+02  -0.171103611E+02  -0.188528095E+02  -0.178692315E+02  -0.177785424E+02  -0.177194566E+02  -0.177790070E+02  -0.179000379E+02  -0.171315186E+02  -0.178950715E+02  -0.179853189E+02  -0.177089808E+02
   0.730004516E+06   0.160859975E+05  -0.180670428E+02  -0.179159789E+02  -0.176365177E+02  -0.173854338E+02  -0.171263417E+02  -0.188532978E+02  -0.178747019E+02  -0.177885276E+02  -0.177346259E+02  -0.177914110E+02  -0.178825618E+02  -0.170890709E+02  -0.178769498E+02  -0.179729206E+02  -0.176845150E+02
   0.740018663E+06   0.158739349E+05  -0.180658766E+02  -0.179219687E+02  -0.176478859E+02  -0.173995291E+02  -0.171420802E+02  -0.188524425E+02  -0.178792015E+02  -0.177978790E+02  -0.177495460E+02  -0.178033621E+02  -0.178625246E+02  -0.170423434E+02  -0.178561756E+02  -0.179582220E+02  -0.176570895E+02
   0.750007831E+06   0.156703296E+05  -0.180645915E+02  -0.179279468E+02  -0.176593183E+02  -0.174137286E+02  -0.171579125E+02  -0.188514737E+02  -0.178836657E+02  -0.178072652E+02  -0.177645802E+02  -0.178153860E+02  -0.178421702E+02  -0.169949991E+02  -0.178350475E+02  -0.179432124E+02  -0.176293137E+02
   0.760024041E+06   0.154706265E+05  -0.180628087E+02  -0.179332881E+02  -0.176700095E+02  -0.174271337E+02  -0.171729192E+02  -0.188500013E+02  -0.178875222E+02  -0.178159493E+02  -0.177788041E+02  -0.178266573E+02  -0.178216837E+02  -0.169480399E+02  -0.178138021E+02  -0.179279683E+02  -0.176015480E+02
   0.770014633E+06   0.152758945E+05  -0.180605508E+02  -0.179379768E+02  -0.176799149E+02  -0.174396855E+02  -0.171870328E+02  -0.188480459E+02  -0.178907631E+02  -0.178238976E+02  -0.177921543E+02  -0.178371284E+02  -0.178011875E+02  -0.169017301E+02  -0.177925659E+02  -0.179125840E+02  -0.175739539E+02
   0.780023281E+06   0.150889540E+05  -0.180586267E+02  -0.179427214E+02  -0.176896674E+02  -0.174519785E+02  -0.172008251E+02  -0.188464123E+02  -0.178941178E+02  -0.178317714E+02  -0.178052138E+02  -0.178474240E+02  -0.177817549E+02  -0.168575167E+02  -0.177724229E+02  -0.178980588E+02  -0.175477073E+02
   0.790011021E+06   0.149038845E+05  -0.180551685E+02  -0.179464287E+02  -0.176987484E+02  -0.174637870E+02  -0.172144889E+02  -0.188432680E+02  -0.178963314E+02  -0.178388350E+02  -0.178178458E+02  -0.178570920E+02  -0.177596274E+02  -0.168089292E+02  -0.177494941E+02  -0.178809312E+02  -0.175183755E+02
   0.800014357E+06   0.147245472E+05  -0.180513326E+02  -0.179500415E+02  -0.177079415E+02  -0.174758137E+02  -0.172286461E+02  -0.188397598E+02  -0.178983914E+02  -0.178459320E+02  -0.178307284E+02  -0.178668983E+02  -0.177365022E+02  -0.167584353E+02  -0.177255045E+02  -0.178627781E+02  -0.174878580E+02
   0.810001834E+06   0.145510674E+05  -0.180474676E+02  -0.179533820E+02  -0.177166800E+02  -0.174872932E+02  -0.172421865E+02  -0.188362117E+02  -0.179002297E+02  -0.178526429E+02  -0.178430359E+02  -0.178762299E+02  -0.177139779E+02  -0.167094363E+02  -0.177021440E+02  -0.178450635E+02  -0.174581829E+02
   0.820010103E+06   0.143782018E+05  -0.180426154E+02  -0.179557098E+02  -0.177243866E+02  -0.174977311E+02  -0.172546780E+02  -0.188316754E+02  -0.179010606E+02  -0.178583291E+02  -0.178542989E+02  -0.178845276E+02  -0.176905324E+02  -0.166596098E+02  -0.176778653E+02  -0.178264107E+02  -0.174276119E+02
   0.830000839E+06   0.142130210E+05  -0.180383926E+02  -0.179583477E+02  -0.177321644E+02  -0.175081186E+02  -0.172670280E+02  -0.188277543E+02  -0.179022683E+02  -0.178641762E+02  -0.178654749E+02  -0.178928701E+02  -0.176685429E+02  -0.166124120E+02  -0.176550797E+02  -0.178090009E+02  -0.173988136E+02
   0.840005558E+06   0.140503865E+05  -0.180336962E+02  -0.179604064E+02  -0.177392836E+02  -0.175178075E+02  -0.172786489E+02  -0.188233552E+02  -0.179029187E+02  -0.178693945E+02  -0.178759400E+02  -0.179005453E+02  -0.176463538E+02  -0.165654032E+02  -0.176321066E+02  -0.177913208E+02  -0.173699207E+02
   0.850015609E+06   0.138895048E+05  -0.180273060E+02  -0.179615083E+02  -0.177459893E+02  -0.175273631E+02  -0.172903610E+02  -0.188172970E+02  -0.179024577E+02  -0.178739935E+02  -0.178863557E+02  -0.179078725E+02  -0.176207860E+02  -0.165125541E+02  -0.176056121E+02  -0.177700852E+02  -0.173371269E+02
   0.860021975E+06   0.137358680E+05  -0.180211925E+02  -0.179629023E+02  -0.177529950E+02  -0.175372244E+02  -0.173023886E+02  -0.188115172E+02  -0.179022852E+02  -0.178788888E+02  -0.178970786E+02  -0.179155027E+02  -0.175955429E+02  -0.164600696E+02  -0.175794179E+02  -0.177489233E+02  -0.173047243E+02
   0.870020602E+06   0.135836686E+05  -0.180144132E+02  -0.179635602E+02  -0.177592122E+02  -0.175462705E+02  -0.173135808E+02  -0.188050685E+02  -0.179013913E+02  -0.178830154E+02  -0.179069783E+02  -0.179223386E+02  -0.175698130E+02  -0.164073532E+02  -0.175527459E+02  -0.177272364E+02  -0.172719019E+02
   0.880013097E+06   0.134336935E+05  -0.180072031E+02  -0.179636786E+02  -0.177648085E+02  -0.175546545E+02  -0.173240794E+02  -0.187981841E+02  -0.178999806E+02  -0.178865518E+02  -0.179162033E+02  -0.179285446E+02  -0.175439291E+02  -0.163548773E+02  -0.175259337E+02  -0.177053365E+02  -0.172390292E+02
   0.890012113E+06   0.132904227E+05  -0.180007211E+02  -0.179641976E+02  -0.177705606E+02  -0.175630695E+02  -0.173345145E+02  -0.187920133E+02  -0.178990387E+02  -0.178903358E+02  -0.179254218E+02  -0.179348790E+02  -0.175196082E+02  -0.163051530E+02  -0.175007259E+02  -0.176848214E+02  -0.172080319E+02
   0.900001127E+06   0.131481193E+05  -0.179935270E+02  -0.179639572E+02  -0.177755180E+02  -0.175706719E+02  -0.173441234E+02  -0.187851283E+02  -0.178973474E+02  -0.178933385E+02  -0.179338222E+02  -0.179404149E+02  -0.174946956E+02  -0.162550087E+02  -0.174749325E+02  -0.176636890E+02  -0.171764880E+02
   0.910011505E+06   0.130074202E+05  -0.179859427E+02  -0.179632481E+02  -0.177799481E+02  -0.175777172E+02  -0.173531525E+02  -0.187778496E+02  -0.178952038E+02  -0.178958360E+02  -0.179416565E+02  -0.179454169E+02  -0.174695926E+02  -0.162049583E+02  -0.174489585E+02  -0.176423235E+02  -0.171448284E+02
   0.920005016E+06   0.128732652E+05  -0.179774038E+02  -0.179624448E+02  -0.177849194E+02  -0.175856277E+02  -0.173632804E+02  -0.187696585E+02  -0.178927846E+02  -0.178986290E+02  -0.179504557E+02  -0.179510354E+02  -0.174416984E+02  -0.161493711E+02  -0.174199982E+02  -0.176183057E+02  -0.171099031E+02
   0.930010275E+06   0.127399256E+05  -0.179681501E+02  -0.179609484E+02  -0.177892134E+02  -0.175928689E+02  -0.173727446E+02  -0.187607537E+02  -0.178896678E+02  -0.179007384E+02  -0.179585882E+02  -0.179559785E+02  -0.174130527E+02  -0.160929734E+02  -0.173902791E+02  -0.175935312E+02  -0.170742238E+02
   0.940024744E+06   0.126077969E+05  -0.179584491E+02  -0.179589343E+02  -0.177929371E+02  -0.175995130E+02  -0.173815914E+02  -0.187513985E+02  -0.178860479E+02  -0.179022973E+02  -0.179661155E+02  -0.179603454E+02  -0.173841358E+02  -0.160365566E+02  -0.173602986E+02  -0.175684503E+02  -0.170383371E+02
   0.950012747E+06   0.124815523E+05  -0.179495136E+02  -0.179573434E+02  -0.177968285E+02  -0.176061947E+02  -0.173903778E+02  -0.187427934E+02  -0.178829227E+02  -0.179041202E+02  -0.179736410E+02  -0.179648513E+02  -0.173568402E+02  -0.159829857E+02  -0.173319867E+02  -0.175448198E+02  -0.170043821E+02
   0.960003173E+06   0.123571842E+05  -0.179403064E+02  -0.179553715E+02  -0.178002574E+02  -0.176123726E+02  -0.173986290E+02  -0.187339117E+02  -0.178794394E+02  -0.179055115E+02  -0.179806502E+02  -0.179688857E+02  -0.173295458E+02  -0.159298065E+02  -0.173036911E+02  -0.175211360E+02  -0.169705273E+02
   0.970021930E+06   0.122330276E+05  -0.179304699E+02  -0.179527580E+02  -0.178030356E+02  -0.176178950E+02  -0.174062212E+02  -0.187244000E+02  -0.178753170E+02  -0.179062555E+02  -0.179870024E+02  -0.179722682E+02  -0.173016528E+02  -0.158760728E+02  -0.172747986E+02  -0.174968475E+02  -0.169360850E+02
   0.980008543E+06   0.121140060E+05  -0.179212599E+02  -0.179504723E+02  -0.178059185E+02  -0.176234086E+02  -0.174137191E+02  -0.187155015E+02  -0.178715849E+02  -0.179071884E+02  -0.179933116E+02  -0.179757305E+02  -0.172751331E+02  -0.158247812E+02  -0.172473209E+02  -0.174737833E+02  -0.169032869E+02
   0.990008642E+06   0.119974935E+05  -0.179120421E+02  -0.179480631E+02  -0.178085913E+02  -0.176286682E+02  -0.174209268E+02  -0.187065901E+02  -0.178677533E+02  -0.179079436E+02  -0.179993534E+02  -0.179789731E+02  -0.172489051E+02  -0.157742050E+02  -0.172201484E+02  -0.174509433E+02  -0.168708964E+02
   0.100000515E+07   0.118812904E+05  -0.178999651E+02  -0.179441447E+02  -0.178107550E+02  -0.176339322E+02  -0.174283996E+02  -0.186948856E+02  -0.178621279E+02  -0.179078038E+02  -0.180055566E+02  -0.179818257E+02  -0.172168897E+02  -0.157134445E+02  -0.171868955E+02  -0.174225558E+02  -0.168319891E+02
   0.101001251E+07   0.117679780E+05  -0.178880692E+02  -0.179402045E+02  -0.178127455E+02  -0.176389459E+02  -0.174355672E+02  -0.186833529E+02  -0.178565231E+02  -0.179075482E+02  -0.180114861E+02  -0.179844880E+02  -0.171855515E+02  -0.156540762E+02  -0.171543504E+02  -0.173947552E+02  -0.167939302E+02
   0.102003165E+07   0.116583840E+05  -0.178767307E+02  -0.179365605E+02  -0.178148377E+02  -0.176439620E+02  -0.174426665E+02  -0.186723656E+02  -0.178512692E+02  -0.179074679E+02  -0.180173880E+02  -0.179872298E+02  -0.171554085E+02  -0.155968230E+02  -0.171230403E+02  -0.173680338E+02  -0.167572873E+02
   0.103000472E+07   0.115499598E+05  -0.178650364E+02  -0.179324787E+02  -0.178164308E+02  -0.176484479E+02  -0.174492133E+02  -0.186610188E+02  -0.178455946E+02  -0.179069117E+02  -0.180227501E+02  -0.179894657E+02  -0.171251106E+02  -0.155397042E+02  -0.170915877E+02  -0.173411209E+02  -0.167205587E+02
   0.104002683E+07   0.114422880E+05  -0.178529707E+02  -0.179279727E+02  -0.178175603E+02  -0.176524501E+02  -0.174552621E+02  -0.186492982E+02  -0.178395069E+02  -0.179059068E+02  -0.180276225E+02  -0.179912334E+02  -0.170945704E+02  -0.154825292E+02  -0.170599008E+02  -0.173139422E+02  -0.166836325E+02
   0.105002840E+07   0.113384411E+05  -0.178414800E+02  -0.179237731E+02  -0.178187960E+02  -0.176564564E+02  -0.174612424E+02  -0.186381403E+02  -0.178337818E+02  -0.179050840E+02  -0.180324682E+02  -0.179930848E+02  -0.170652614E+02  -0.154275316E+02  -0.170294858E+02  -0.172878753E+02  -0.166481644E+02
   0.106000280E+07   0.112370864E+05  -0.178301629E+02  -0.179195720E+02  -0.178198999E+02  -0.176602645E+02  -0.174669769E+02  -0.186271480E+02  -0.178280918E+02  -0.179041787E+02  -0.180370953E+02  -0.179947895E+02  -0.170365536E+02  -0.153737517E+02  -0.169996986E+02  -0.172623318E+02  -0.166134452E+02
   0.107002618E+07   0.111357683E+05  -0.178183571E+02  -0.179148798E+02  -0.178205107E+02  -0.176635784E+02  -0.174722167E+02  -0.186156670E+02  -0.178219112E+02  -0.179027810E+02  -0.180412281E+02  -0.179960009E+02  -0.170073635E+02  -0.153194985E+02  -0.169694294E+02  -0.172363048E+02  -0.165782459E+02
   0.108001467E+07   0.110366228E+05  -0.178065600E+02  -0.179100437E+02  -0.178208639E+02  -0.176665768E+02  -0.174770996E+02  -0.186041876E+02  -0.178156187E+02  -0.179011688E+02  -0.180450278E+02  -0.179969418E+02  -0.169785548E+02  -0.152661642E+02  -0.169395648E+02  -0.172105914E+02  -0.165435569E+02
   0.109000128E+07   0.109406842E+05  -0.177935432E+02  -0.179047032E+02  -0.178212419E+02  -0.176698750E+02  -0.174824684E+02  -0.185915251E+02  -0.178086702E+02  -0.178993742E+02  -0.180492121E+02  -0.179979737E+02  -0.169471051E+02  -0.152079618E+02  -0.169068733E+02  -0.171828434E+02  -0.165059977E+02
   0.110000096E+07   0.108460073E+05  -0.177794418E+02  -0.178987502E+02  -0.178213570E+02  -0.176730915E+02  -0.174878787E+02  -0.185778018E+02  -0.178010093E+02  -0.178971800E+02  -0.180533704E+02  -0.179987859E+02  -0.169136120E+02  -0.151462275E+02  -0.168720207E+02  -0.171534337E+02  -0.164662200E+02
   0.111002427E+07   0.107518876E+05  -0.177650061E+02  -0.178924149E+02  -0.178210542E+02  -0.176758718E+02  -0.174928399E+02  -0.185637421E+02  -0.177929762E+02  -0.178945815E+02  -0.180570871E+02  -0.179991760E+02  -0.168798987E+02  -0.150844393E+02  -0.168369558E+02  -0.171237798E+02  -0.164262590E+02
   0.112001019E+07   0.106598942E+05  -0.177507158E+02  -0.178860420E+02  -0.178205774E+02  -0.176784086E+02  -0.174975082E+02  -0.185498192E+02  -0.177849439E+02  -0.178918609E+02  -0.180605390E+02  -0.179993766E+02  -0.168467664E+02  -0.150238662E+02  -0.168025024E+02  -0.170946151E+02  -0.163870201E+02
   0.113002321E+07   0.105703099E+05  -0.177368748E+02  -0.178799111E+02  -0.178201882E+02  -0.176809540E+02  -0.175021293E+02  -0.185363360E+02  -0.177771969E+02  -0.178892866E+02  -0.180639755E+02  -0.179996470E+02  -0.168145767E+02  -0.149649544E+02  -0.167690263E+02  -0.170662892E+02  -0.163488838E+02
   0.114000326E+07   0.104822245E+05  -0.177230516E+02  -0.178736690E+02  -0.178195918E+02  -0.176832431E+02  -0.175064594E+02  -0.185228646E+02  -0.177693658E+02  -0.178865417E+02  -0.180671409E+02  -0.179996992E+02  -0.167827119E+02  -0.149068146E+02  -0.167358966E+02  -0.170382235E+02  -0.163111719E+02
   0.115002593E+07   0.103946203E+05  -0.177089613E+02  -0.178671183E+02  -0.178186559E+02  -0.176851769E+02  -0.175104231E+02  -0.185091241E+02  -0.177612348E+02  -0.178834690E+02  -0.180699462E+02  -0.179994083E+02  -0.167506784E+02  -0.148486497E+02  -0.167026051E+02  -0.170099684E+02  -0.162733233E+02
   0.116000136E+07   0.103089567E+05  -0.176949999E+02  -0.178605295E+02  -0.178175576E+02  -0.176868847E+02  -0.175141159E+02  -0.184955049E+02  -0.177531008E+02  -0.178802813E+02  -0.180725062E+02  -0.179989407E+02  -0.167191714E+02  -0.147915901E+02  -0.166698680E+02  -0.169821561E+02  -0.162361299E+02
   0.117000865E+07   0.102252414E+05  -0.176813898E+02  -0.178541244E+02  -0.178165180E+02  -0.176885876E+02  -0.175177585E+02  -0.184822292E+02  -0.177451855E+02  -0.178771999E+02  -0.180750419E+02  -0.179985176E+02  -0.166884148E+02  -0.147358620E+02  -0.166379092E+02  -0.169550101E+02  -0.161998163E+02
   0.118001675E+07   0.101427773E+05  -0.176678141E+02  -0.178476460E+02  -0.178153249E+02  -0.176900958E+02  -0.175211776E+02  -0.184689828E+02  -0.177372195E+02  -0.178739954E+02  -0.180773705E+02  -0.179979317E+02  -0.166579488E+02  -0.146807978E+02  -0.166062590E+02  -0.169281008E+02  -0.161638763E+02
   0.119001819E+07   0.100612449E+05  -0.176541060E+02  -0.178409550E+02  -0.178138596E+02  -0.176913014E+02  -0.175242723E+02  -0.184556004E+02  -0.177290578E+02  -0.178705414E+02  -0.180793871E+02  -0.179970667E+02  -0.166275412E+02  -0.146260699E+02  -0.165746807E+02  -0.169012097E+02  -0.161280566E+02
   0.120002987E+07   0.998087090E+04  -0.176395677E+02  -0.178337434E+02  -0.178121031E+02  -0.176923357E+02  -0.175272850E+02  -0.184414040E+02  -0.177203097E+02  -0.178667052E+02  -0.180812700E+02  -0.179959398E+02  -0.165957169E+02  -0.145689743E+02  -0.165415993E+02  -0.168730884E+02  -0.160907774E+02
   0.121000407E+07   0.990263916E+04  -0.176228161E+02  -0.178253988E+02  -0.178100144E+02  -0.176934561E+02  -0.175306927E+02  -0.184250503E+02  -0.177101999E+02  -0.178622204E+02  -0.180833690E+02  -0.179945819E+02  -0.165595728E+02  -0.145041919E+02  -0.165039109E+02  -0.168412854E+02  -0.160489505E+02
   0.122003179E+07   0.982535824E+04  -0.176061634E+02  -0.178170509E+02  -0.178078463E+02  -0.176944581E+02  -0.175339543E+02  -0.184087906E+02  -0.177001081E+02  -0.178576854E+02  -0.180853377E+02  -0.179931358E+02  -0.165237633E+02  -0.144400922E+02  -0.164665759E+02  -0.168097642E+02  -0.160075273E+02
   0.123000822E+07   0.974930765E+04  -0.175895374E+02  -0.178085976E+02  -0.178054744E+02  -0.176952058E+02  -0.175369256E+02  -0.183925515E+02  -0.176899387E+02  -0.178529842E+02  -0.180870367E+02  -0.179914744E+02  -0.164882856E+02  -0.143767746E+02  -0.164295969E+02  -0.167785065E+02  -0.159665253E+02
   0.124000003E+07   0.967417837E+04  -0.175729086E+02  -0.178000423E+02  -0.178029270E+02  -0.176957402E+02  -0.175396566E+02  -0.183763047E+02  -0.176796882E+02  -0.178481357E+02  -0.180885108E+02  -0.179896288E+02  -0.164530333E+02  -0.143140198E+02  -0.163928616E+02  -0.167474231E+02  -0.159258156E+02
   0.125001561E+07   0.960034164E+04  -0.175565038E+02  -0.177915722E+02  -0.178003613E+02  -0.176962033E+02  -0.175422785E+02  -0.183602754E+02  -0.176695520E+02  -0.178433086E+02  -0.180898976E+02  -0.179877529E+02  -0.164183255E+02  -0.142522825E+02  -0.163566962E+02  -0.167168125E+02  -0.158857443E+02
   0.126001317E+07   0.952805633E+04  -0.175403804E+02  -0.177832169E+02  -0.177977864E+02  -0.176965935E+02  -0.175447822E+02  -0.183445198E+02  -0.176595655E+02  -0.178385197E+02  -0.180911920E+02  -0.179858532E+02  -0.163842837E+02  -0.141917793E+02  -0.163212275E+02  -0.166867818E+02  -0.158464517E+02
   0.127001773E+07   0.945664511E+04  -0.175242704E+02  -0.177747810E+02  -0.177950609E+02  -0.176967973E+02  -0.175470739E+02  -0.183287729E+02  -0.176495182E+02  -0.178336070E+02  -0.180922890E+02  -0.179837949E+02  -0.163504719E+02  -0.141318260E+02  -0.162860061E+02  -0.166569327E+02  -0.158074526E+02
   0.128000970E+07   0.938622243E+04  -0.175081953E+02  -0.177662737E+02  -0.177921850E+02  -0.176968102E+02  -0.175491458E+02  -0.183130560E+02  -0.176394218E+02  -0.178285742E+02  -0.180931828E+02  -0.179815769E+02  -0.163169400E+02  -0.140725145E+02  -0.162510841E+02  -0.166273086E+02  -0.157688052E+02
   0.129001179E+07   0.931680294E+04  -0.174922163E+02  -0.177577547E+02  -0.177892172E+02  -0.176966900E+02  -0.175510553E+02  -0.182974300E+02  -0.176293364E+02  -0.178234803E+02  -0.180939309E+02  -0.179792576E+02  -0.162837530E+02  -0.140139150E+02  -0.162165267E+02  -0.165979736E+02  -0.157305755E+02
   0.130002653E+07   0.924856801E+04  -0.174764422E+02  -0.177493133E+02  -0.177862323E+02  -0.176965040E+02  -0.175528644E+02  -0.182820029E+02  -0.176193552E+02  -0.178184054E+02  -0.180945986E+02  -0.179769101E+02  -0.162510644E+02  -0.139562477E+02  -0.161824912E+02  -0.165690714E+02  -0.156929304E+02
   0.131000905E+07   0.918159512E+04  -0.174608251E+02  -0.177408933E+02  -0.177831679E+02  -0.176961869E+02  -0.175545054E+02  -0.182667265E+02  -0.176094240E+02  -0.178132898E+02  -0.180951191E+02  -0.179744714E+02  -0.162188458E+02  -0.138995123E+02  -0.161489505E+02  -0.165405691E+02  -0.156558469E+02
   0.132000840E+07   0.911538163E+04  -0.174452162E+02  -0.177324000E+02  -0.177799694E+02  -0.176957044E+02  -0.175559589E+02  -0.182514544E+02  -0.175994366E+02  -0.178080633E+02  -0.180954649E+02  -0.179718914E+02  -0.161868236E+02  -0.138432514E+02  -0.161156213E+02  -0.165122211E+02  -0.156190149E+02
   0.133001235E+07   0.905005516E+04  -0.174296563E+02  -0.177238603E+02  -0.177766535E+02  -0.176950683E+02  -0.175572328E+02  -0.182362268E+02  -0.175894228E+02  -0.178027466E+02  -0.180956460E+02  -0.179691858E+02  -0.161550703E+02  -0.137875840E+02  -0.160825783E+02  -0.164840927E+02  -0.155825163E+02
   0.134000067E+07   0.898584388E+04  -0.174133102E+02  -0.177148350E+02  -0.177730751E+02  -0.176942872E+02  -0.175584499E+02  -0.182202293E+02  -0.175788597E+02  -0.177970770E+02  -0.180957194E+02  -0.179662470E+02  -0.161219988E+02  -0.137296884E+02  -0.160481248E+02  -0.164547816E+02  -0.155447152E+02
   0.135000974E+07   0.892258583E+04  -0.173938536E+02  -0.177040558E+02  -0.177687490E+02  -0.176932861E+02  -0.175598379E+02  -0.182011931E+02  -0.175662558E+02  -0.177902569E+02  -0.180957390E+02  -0.179626894E+02  -0.160832493E+02  -0.136618915E+02  -0.160076149E+02  -0.164204242E+02  -0.155010791E+02
   0.136000724E+07   0.886027486E+04  -0.173745422E+02  -0.176932919E+02  -0.177643417E+02  -0.176921539E+02  -0.175610592E+02  -0.181822958E+02  -0.175536945E+02  -0.177833929E+02  -0.180956123E+02  -0.179590390E+02  -0.160449340E+02  -0.135949636E+02  -0.159675655E+02  -0.163864351E+02  -0.154579502E+02
   0.137000330E+07   0.879883927E+04  -0.173553551E+02  -0.176825321E+02  -0.177598491E+02  -0.176908905E+02  -0.175621162E+02  -0.181635170E+02  -0.175411626E+02  -0.177764782E+02  -0.180953403E+02  -0.179552928E+02  -0.160070099E+02  -0.135288289E+02  -0.159279316E+02  -0.163527765E+02  -0.154152802E+02
   0.138001869E+07   0.873810136E+04  -0.173362571E+02  -0.176717658E+02  -0.177552788E+02  -0.176895127E+02  -0.175630324E+02  -0.181448227E+02  -0.175286443E+02  -0.177695132E+02  -0.180949426E+02  -0.179514603E+02  -0.159693877E+02  -0.134633164E+02  -0.158886190E+02  -0.163193713E+02  -0.153729660E+02
   0.139003066E+07   0.867826891E+04  -0.173173340E+02  -0.176610501E+02  -0.177506669E+02  -0.176880457E+02  -0.175638252E+02  -0.181262972E+02  -0.175162028E+02  -0.177625423E+02  -0.180944410E+02  -0.179475752E+02  -0.159322165E+02  -0.133986708E+02  -0.158497827E+02  -0.162863543E+02  -0.153311728E+02
   0.140001845E+07   0.861936168E+04  -0.172986174E+02  -0.176504141E+02  -0.177460401E+02  -0.176865152E+02  -0.175645196E+02  -0.181079721E+02  -0.175038676E+02  -0.177555931E+02  -0.180938611E+02  -0.179436641E+02  -0.158955340E+02  -0.133349387E+02  -0.158114609E+02  -0.162537618E+02  -0.152899397E+02
   0.141000742E+07   0.856122766E+04  -0.172800193E+02  -0.176397905E+02  -0.177413469E+02  -0.176848777E+02  -0.175650777E+02  -0.180897604E+02  -0.174915671E+02  -0.177486079E+02  -0.180931616E+02  -0.179396771E+02  -0.158592059E+02  -0.132719160E+02  -0.157735148E+02  -0.162214698E+02  -0.152491207E+02
   0.142002593E+07   0.850368034E+04  -0.172615229E+02  -0.176291880E+02  -0.177366151E+02  -0.176831706E+02  -0.175655441E+02  -0.180716464E+02  -0.174793047E+02  -0.177416072E+02  -0.180923831E+02  -0.179356443E+02  -0.158231583E+02  -0.132094433E+02  -0.157358657E+02  -0.161894178E+02  -0.152086276E+02
   0.143000260E+07   0.844705913E+04  -0.172432240E+02  -0.176186561E+02  -0.177318592E+02  -0.176813909E+02  -0.175659029E+02  -0.180537238E+02  -0.174671395E+02  -0.177346190E+02  -0.180915171E+02  -0.179315763E+02  -0.157875907E+02  -0.131478758E+02  -0.156987224E+02  -0.161577814E+02  -0.151686861E+02
   0.144000167E+07   0.839112181E+04  -0.172250160E+02  -0.176081212E+02  -0.177270307E+02  -0.176795026E+02  -0.175661273E+02  -0.180358876E+02  -0.174549912E+02  -0.177275851E+02  -0.180905314E+02  -0.179274273E+02  -0.157523227E+02  -0.130869219E+02  -0.156618976E+02  -0.161263971E+02  -0.151290968E+02
   0.145000524E+07   0.833602246E+04  -0.172069607E+02  -0.175976242E+02  -0.177221545E+02  -0.176775225E+02  -0.175662283E+02  -0.180181985E+02  -0.174429047E+02  -0.177205365E+02  -0.180894404E+02  -0.179232205E+02  -0.157174629E+02  -0.130267610E+02  -0.156255044E+02  -0.160953628E+02  -0.150899806E+02
   0.146001387E+07   0.828167582E+04  -0.171890373E+02  -0.175871557E+02  -0.177172302E+02  -0.176754547E+02  -0.175662131E+02  -0.180006363E+02  -0.174308687E+02  -0.177134695E+02  -0.180882495E+02  -0.179189563E+02  -0.156829645E+02  -0.129673072E+02  -0.155894936E+02  -0.160646378E+02  -0.150512840E+02
   0.147002609E+07   0.822806705E+04  -0.171712626E+02  -0.175767347E+02  -0.177122779E+02  -0.176733202E+02  -0.175661034E+02  -0.179832178E+02  -0.174189013E+02  -0.177064037E+02  -0.180869801E+02  -0.179146553E+02  -0.156488398E+02  -0.129085659E+02  -0.155538769E+02  -0.160342351E+02  -0.150130180E+02
   0.148002871E+07   0.817523434E+04  -0.171536514E+02  -0.175663708E+02  -0.177073036E+02  -0.176711230E+02  -0.175659015E+02  -0.179659578E+02  -0.174070135E+02  -0.176993464E+02  -0.180856354E+02  -0.179103229E+02  -0.156151154E+02  -0.128505813E+02  -0.155186822E+02  -0.160041789E+02  -0.149752123E+02
   0.149003087E+07   0.812309205E+04  -0.171361651E+02  -0.175560370E+02  -0.177022890E+02  -0.176688491E+02  -0.175655970E+02  -0.179488180E+02  -0.173951756E+02  -0.176922761E+02  -0.180842028E+02  -0.179059417E+02  -0.155817264E+02  -0.127932490E+02  -0.154838421E+02  -0.159744101E+02  -0.149377953E+02
   0.150003603E+07   0.807164898E+04  -0.171188119E+02  -0.175457405E+02  -0.176972404E+02  -0.176665044E+02  -0.175651953E+02  -0.179318067E+02  -0.173833952E+02  -0.176851992E+02  -0.180826882E+02  -0.179015180E+02  -0.155486838E+02  -0.127365843E+02  -0.154493678E+02  -0.159449392E+02  -0.149007787E+02
   0.151002863E+07   0.802098493E+04  -0.171016224E+02  -0.175355008E+02  -0.176921691E+02  -0.176640961E+02  -0.175647005E+02  -0.179149539E+02  -0.173716941E+02  -0.176781304E+02  -0.180810975E+02  -0.178970622E+02  -0.155160425E+02  -0.126806786E+02  -0.154153165E+02  -0.159158155E+02  -0.148642236E+02
   0.152002502E+07   0.797103543E+04  -0.170816033E+02  -0.175235708E+02  -0.176862489E+02  -0.176612876E+02  -0.175641456E+02  -0.178953340E+02  -0.173580620E+02  -0.176698715E+02  -0.180792501E+02  -0.178918720E+02  -0.154785268E+02  -0.126163827E+02  -0.153760501E+02  -0.158823274E+02  -0.148230555E+02
   0.153002032E+07   0.792182642E+04  -0.170596736E+02  -0.175104935E+02  -0.176797451E+02  -0.176581964E+02  -0.175635366E+02  -0.178738458E+02  -0.173431215E+02  -0.176607997E+02  -0.180772165E+02  -0.178861754E+02  -0.154377449E+02  -0.125464740E+02  -0.153332861E+02  -0.158459128E+02  -0.147788226E+02
   0.154002030E+07   0.787326408E+04  -0.170379400E+02  -0.174974959E+02  -0.176732347E+02  -0.176550537E+02  -0.175628435E+02  -0.178525477E+02  -0.173282851E+02  -0.176517551E+02  -0.180751175E+02  -0.178804614E+02  -0.153974069E+02  -0.124773919E+02  -0.152909920E+02  -0.158098847E+02  -0.147350789E+02
   0.155002670E+07   0.782533995E+04  -0.170163946E+02  -0.174845717E+02  -0.176667123E+02  -0.176518548E+02  -0.175620619E+02  -0.178314321E+02  -0.173135462E+02  -0.176427318E+02  -0.180729486E+02  -0.178747251E+02  -0.153575014E+02  -0.124091202E+02  -0.152491561E+02  -0.157742325E+02  -0.146918125E+02
   0.156001378E+07   0.777820499E+04  -0.169951125E+02  -0.174717689E+02  -0.176602059E+02  -0.176486171E+02  -0.175612019E+02  -0.178105728E+02  -0.172989586E+02  -0.176337657E+02  -0.180707240E+02  -0.178689918E+02  -0.153181617E+02  -0.123418813E+02  -0.152079178E+02  -0.157390760E+02  -0.146491673E+02
   0.157001491E+07   0.773172956E+04  -0.169740513E+02  -0.174590683E+02  -0.176537136E+02  -0.176453479E+02  -0.175602769E+02  -0.177899285E+02  -0.172844983E+02  -0.176248482E+02  -0.180684536E+02  -0.178632619E+02  -0.152792956E+02  -0.122755063E+02  -0.151671797E+02  -0.157043346E+02  -0.146070418E+02
   0.158002612E+07   0.768598467E+04  -0.169532650E+02  -0.174465111E+02  -0.176472671E+02  -0.176420738E+02  -0.175593103E+02  -0.177695524E+02  -0.172702089E+02  -0.176160146E+02  -0.180661627E+02  -0.178575657E+02  -0.152409841E+02  -0.122101184E+02  -0.151270256E+02  -0.156700830E+02  -0.145655222E+02
   0.159002626E+07   0.764103010E+04  -0.169327736E+02  -0.174341067E+02  -0.176408679E+02  -0.176387921E+02  -0.175582962E+02  -0.177494642E+02  -0.172561024E+02  -0.176072694E+02  -0.180638472E+02  -0.178519038E+02  -0.152032704E+02  -0.121457961E+02  -0.150875011E+02  -0.156363590E+02  -0.145246558E+02
   0.160001951E+07   0.759676881E+04  -0.169125130E+02  -0.174218085E+02  -0.176344822E+02  -0.176354759E+02  -0.175572126E+02  -0.177296006E+02  -0.172421281E+02  -0.175985740E+02  -0.180614822E+02  -0.178462441E+02  -0.151660531E+02  -0.120823806E+02  -0.150485010E+02  -0.156030699E+02  -0.144843345E+02
   0.161000199E+07   0.755321184E+04  -0.168924877E+02  -0.174096188E+02  -0.176281110E+02  -0.176321253E+02  -0.175560591E+02  -0.177099660E+02  -0.172282891E+02  -0.175899298E+02  -0.180590678E+02  -0.178405873E+02  -0.151293409E+02  -0.120198870E+02  -0.150100343E+02  -0.155702234E+02  -0.144445677E+02
   0.162001913E+07   0.751032348E+04  -0.168727075E+02  -0.173975539E+02  -0.176217752E+02  -0.176287638E+02  -0.175548609E+02  -0.176905704E+02  -0.172146003E+02  -0.175813559E+02  -0.180566280E+02  -0.178349550E+02  -0.150931300E+02  -0.119582904E+02  -0.149720958E+02  -0.155378188E+02  -0.144053490E+02
   0.163002201E+07   0.746813939E+04  -0.168531842E+02  -0.173856193E+02  -0.176154756E+02  -0.176253896E+02  -0.175536146E+02  -0.176714255E+02  -0.172010683E+02  -0.175728550E+02  -0.180541605E+02  -0.178293474E+02  -0.150574458E+02  -0.118976375E+02  -0.149347124E+02  -0.155058784E+02  -0.143667064E+02
   0.164002215E+07   0.742677462E+04  -0.168340053E+02  -0.173738816E+02  -0.176092636E+02  -0.176220462E+02  -0.175523577E+02  -0.176526176E+02  -0.171877644E+02  -0.175644844E+02  -0.180517061E+02  -0.178238138E+02  -0.150224198E+02  -0.118381277E+02  -0.148980203E+02  -0.154745236E+02  -0.143287795E+02
   0.165002300E+07   0.738615647E+04  -0.168151213E+02  -0.173623044E+02  -0.176031123E+02  -0.176187117E+02  -0.175510721E+02  -0.176340978E+02  -0.171746492E+02  -0.175562135E+02  -0.180492446E+02  -0.178183287E+02  -0.149879747E+02  -0.117796408E+02  -0.148619391E+02  -0.154436834E+02  -0.142914859E+02
   0.166001305E+07   0.734624162E+04  -0.167964891E+02  -0.173508526E+02  -0.175969925E+02  -0.176153599E+02  -0.175497337E+02  -0.176158236E+02  -0.171616861E+02  -0.175480107E+02  -0.180467507E+02  -0.178128636E+02  -0.149540510E+02  -0.117220914E+02  -0.148264076E+02  -0.154133020E+02  -0.142547629E+02
   0.167001778E+07   0.730693164E+04  -0.167780646E+02  -0.173394997E+02  -0.175908907E+02  -0.176119843E+02  -0.175483409E+02  -0.175977517E+02  -0.171488447E+02  -0.175398576E+02  -0.180442199E+02  -0.178074066E+02  -0.149205666E+02  -0.116653395E+02  -0.147913399E+02  -0.153833065E+02  -0.142185218E+02
   0.168002136E+07   0.726833192E+04  -0.167599133E+02  -0.173282922E+02  -0.175848394E+02  -0.176086099E+02  -0.175469135E+02  -0.175799466E+02  -0.171361756E+02  -0.175317921E+02  -0.180416751E+02  -0.178019885E+02  -0.148876276E+02  -0.116095532E+02  -0.147568460E+02  -0.153537931E+02  -0.141828757E+02
   0.169001722E+07   0.723055687E+04  -0.167421173E+02  -0.173172918E+02  -0.175788850E+02  -0.176052752E+02  -0.175454842E+02  -0.175624895E+02  -0.171237448E+02  -0.175238664E+02  -0.180391523E+02  -0.177966537E+02  -0.148553598E+02  -0.115549264E+02  -0.147230566E+02  -0.153248779E+02  -0.141479588E+02
   0.170002652E+07   0.719360380E+04  -0.167246956E+02  -0.173065177E+02  -0.175730473E+02  -0.176020000E+02  -0.175440731E+02  -0.175453992E+02  -0.171115715E+02  -0.175161003E+02  -0.180366713E+02  -0.177914220E+02  -0.148237812E+02  -0.115014753E+02  -0.146899896E+02  -0.152965789E+02  -0.141137887E+02
   0.171002587E+07   0.715748805E+04  -0.167076346E+02  -0.172959536E+02  -0.175673076E+02  -0.175987650E+02  -0.175426598E+02  -0.175286621E+02  -0.170996399E+02  -0.175084759E+02  -0.180342125E+02  -0.177862747E+02  -0.147928840E+02  -0.114492012E+02  -0.146576376E+02  -0.152688870E+02  -0.140803587E+02
   0.172002434E+07   0.712205534E+04  -0.166908306E+02  -0.172855237E+02  -0.175616109E+02  -0.175955255E+02  -0.175412076E+02  -0.175121759E+02  -0.170878683E+02  -0.175009303E+02  -0.180317346E+02  -0.177811592E+02  -0.147625056E+02  -0.113978502E+02  -0.146258320E+02  -0.152416532E+02  -0.140474954E+02
   0.173002562E+07   0.708726674E+04  -0.166742620E+02  -0.172752133E+02  -0.175559476E+02  -0.175922748E+02  -0.175397117E+02  -0.174959193E+02  -0.170762406E+02  -0.174934516E+02  -0.180292315E+02  -0.177760666E+02  -0.147326093E+02  -0.113473625E+02  -0.145945344E+02  -0.152148444E+02  -0.140151593E+02
   0.174002067E+07   0.705319486E+04  -0.166579791E+02  -0.172650597E+02  -0.175503455E+02  -0.175890355E+02  -0.175381910E+02  -0.174799420E+02  -0.170647970E+02  -0.174860714E+02  -0.180267245E+02  -0.177710233E+02  -0.147032733E+02  -0.112978594E+02  -0.145638260E+02  -0.151885323E+02  -0.139834339E+02
   0.175002308E+07   0.701989773E+04  -0.166420398E+02  -0.172551104E+02  -0.175448441E+02  -0.175858432E+02  -0.175366783E+02  -0.174643014E+02  -0.170535868E+02  -0.174788324E+02  -0.180242478E+02  -0.177660680E+02  -0.146745777E+02  -0.112494552E+02  -0.145337892E+02  -0.151627918E+02  -0.139524032E+02
   0.176001562E+07   0.698755282E+04  -0.166244660E+02  -0.172441556E+02  -0.175387895E+02  -0.175823555E+02  -0.175350640E+02  -0.174470631E+02  -0.170412393E+02  -0.174708559E+02  -0.180215587E+02  -0.177606353E+02  -0.146432268E+02  -0.111964893E+02  -0.145008890E+02  -0.151347332E+02  -0.139189438E+02
   0.177002095E+07   0.695605040E+04  -0.166040819E+02  -0.172314645E+02  -0.175317732E+02  -0.175783432E+02  -0.175332528E+02  -0.174270765E+02  -0.170269302E+02  -0.174616032E+02  -0.180184851E+02  -0.177543668E+02  -0.146072671E+02  -0.111356320E+02  -0.144630367E+02  -0.151026367E+02  -0.138811797E+02
   0.178003101E+07   0.692525525E+04  -0.165841043E+02  -0.172190070E+02  -0.175248632E+02  -0.175743697E+02  -0.175314310E+02  -0.174074874E+02  -0.170128912E+02  -0.174525071E+02  -0.180154292E+02  -0.177481879E+02  -0.145720636E+02  -0.110760899E+02  -0.144259830E+02  -0.150712096E+02  -0.138442122E+02
   0.179001201E+07   0.689518083E+04  -0.165645253E+02  -0.172067722E+02  -0.175180459E+02  -0.175704203E+02  -0.175295829E+02  -0.173882879E+02  -0.169991117E+02  -0.174435548E+02  -0.180123760E+02  -0.177420846E+02  -0.145376151E+02  -0.110178723E+02  -0.143897275E+02  -0.150404490E+02  -0.138080410E+02
   0.180000352E+07   0.686571761E+04  -0.165452845E+02  -0.171947264E+02  -0.175113076E+02  -0.175664915E+02  -0.175277128E+02  -0.173694189E+02  -0.169855526E+02  -0.174347249E+02  -0.180093251E+02  -0.177360456E+02  -0.145038069E+02  -0.109607782E+02  -0.143541492E+02  -0.150102540E+02  -0.137725452E+02
   0.181000174E+07   0.683697160E+04  -0.165264774E+02  -0.171829391E+02  -0.175046986E+02  -0.175626237E+02  -0.175258535E+02  -0.173509745E+02  -0.169722890E+02  -0.174260752E+02  -0.180063139E+02  -0.177301190E+02  -0.144707871E+02  -0.109050393E+02  -0.143194024E+02  -0.149807593E+02  -0.137378789E+02
   0.182002890E+07   0.680903236E+04  -0.165081979E+02  -0.171714823E+02  -0.174982747E+02  -0.175588641E+02  -0.175240460E+02  -0.173330475E+02  -0.169593973E+02  -0.174176680E+02  -0.180033868E+02  -0.177243584E+02  -0.144386937E+02  -0.108508643E+02  -0.142856303E+02  -0.149520920E+02  -0.137041851E+02
   0.183001066E+07   0.678215340E+04  -0.164906215E+02  -0.171604698E+02  -0.174921042E+02  -0.175552567E+02  -0.175223167E+02  -0.173158103E+02  -0.169470042E+02  -0.174095893E+02  -0.180005803E+02  -0.177188260E+02  -0.144078277E+02  -0.107987548E+02  -0.142531494E+02  -0.149245222E+02  -0.136717794E+02
   0.184001626E+07   0.675600373E+04  -0.164734985E+02  -0.171497326E+02  -0.174860775E+02  -0.175517236E+02  -0.175206107E+02  -0.172990172E+02  -0.169349239E+02  -0.174017062E+02  -0.179978264E+02  -0.177134201E+02  -0.143777756E+02  -0.107480356E+02  -0.142215263E+02  -0.148976769E+02  -0.136402295E+02
   0.185002871E+07   0.673046563E+04  -0.164567181E+02  -0.171391887E+02  -0.174801340E+02  -0.175482153E+02  -0.175188868E+02  -0.172825591E+02  -0.169230684E+02  -0.173939498E+02  -0.179950791E+02  -0.177080828E+02  -0.143483686E+02  -0.106984448E+02  -0.141905849E+02  -0.148714016E+02  -0.136093596E+02
   0.186001568E+07   0.670556623E+04  -0.164402928E+02  -0.171288438E+02  -0.174742745E+02  -0.175447302E+02  -0.175171414E+02  -0.172664480E+02  -0.169114447E+02  -0.173863227E+02  -0.179923360E+02  -0.177028144E+02  -0.143196324E+02  -0.106500296E+02  -0.141603528E+02  -0.148457188E+02  -0.135791972E+02
   0.187001618E+07   0.668124765E+04  -0.164242017E+02  -0.171186914E+02  -0.174685028E+02  -0.175412775E+02  -0.175153879E+02  -0.172506638E+02  -0.169000433E+02  -0.173788246E+02  -0.179896079E+02  -0.176976200E+02  -0.142915176E+02  -0.106026949E+02  -0.141307770E+02  -0.148205862E+02  -0.135496895E+02
   0.188002730E+07   0.665763846E+04  -0.164085632E+02  -0.171088182E+02  -0.174628826E+02  -0.175379086E+02  -0.175136686E+02  -0.172353231E+02  -0.168889576E+02  -0.173715284E+02  -0.179869425E+02  -0.176925602E+02  -0.142642061E+02  -0.105567241E+02  -0.141020470E+02  -0.147961699E+02  -0.135210256E+02
   0.189001966E+07   0.663494058E+04  -0.163935388E+02  -0.170993367E+02  -0.174574898E+02  -0.175346803E+02  -0.175120262E+02  -0.172205851E+02  -0.168783102E+02  -0.173645243E+02  -0.179843905E+02  -0.176877063E+02  -0.142379593E+02  -0.105125383E+02  -0.140744366E+02  -0.147727066E+02  -0.134934787E+02
   0.190002180E+07   0.661306219E+04  -0.163790640E+02  -0.170902046E+02  -0.174522989E+02  -0.175315756E+02  -0.175104502E+02  -0.172063864E+02  -0.168680545E+02  -0.173577802E+02  -0.179819378E+02  -0.176830347E+02  -0.142126673E+02  -0.104699549E+02  -0.140478301E+02  -0.147500975E+02  -0.134669335E+02
   0.191000077E+07   0.659191314E+04  -0.163650430E+02  -0.170813482E+02  -0.174472522E+02  -0.175285457E+02  -0.175088980E+02  -0.171926322E+02  -0.168581119E+02  -0.173512322E+02  -0.179795381E+02  -0.176784901E+02  -0.141881896E+02  -0.104287623E+02  -0.140220818E+02  -0.147282133E+02  -0.134412444E+02
   0.192000746E+07   0.657125427E+04  -0.163512930E+02  -0.170726431E+02  -0.174422686E+02  -0.175255321E+02  -0.175073279E+02  -0.171791429E+02  -0.168483458E+02  -0.173447820E+02  -0.179771401E+02  -0.176739970E+02  -0.141642254E+02  -0.103884705E+02  -0.139968764E+02  -0.147067825E+02  -0.134160968E+02
   0.193000543E+07   0.655113001E+04  -0.163378451E+02  -0.170641096E+02  -0.174373602E+02  -0.175225427E+02  -0.175057446E+02  -0.171659489E+02  -0.168387786E+02  -0.173384450E+02  -0.179747503E+02  -0.176695663E+02  -0.141408275E+02  -0.103491676E+02  -0.139722694E+02  -0.146858524E+02  -0.133915462E+02
   0.194003250E+07   0.653151224E+04  -0.163246991E+02  -0.170557542E+02  -0.174325388E+02  -0.175195921E+02  -0.175041646E+02  -0.171530504E+02  -0.168294157E+02  -0.173322309E+02  -0.179723842E+02  -0.176652106E+02  -0.141179820E+02  -0.103108174E+02  -0.139482452E+02  -0.146654126E+02  -0.133675770E+02
   0.195000808E+07   0.651266999E+04  -0.163120640E+02  -0.170477204E+02  -0.174278992E+02  -0.175167492E+02  -0.175026384E+02  -0.171406531E+02  -0.168204142E+02  -0.173262537E+02  -0.179701029E+02  -0.176610183E+02  -0.140960308E+02  -0.102739744E+02  -0.139251620E+02  -0.146457721E+02  -0.133445466E+02
   0.196000191E+07   0.649455819E+04  -0.162999318E+02  -0.170400112E+02  -0.174234526E+02  -0.175140298E+02  -0.175011844E+02  -0.171287495E+02  -0.168117747E+02  -0.173205214E+02  -0.179679231E+02  -0.176570017E+02  -0.140749438E+02  -0.102385729E+02  -0.139029868E+02  -0.146269061E+02  -0.133224220E+02
   0.197000150E+07   0.647715425E+04  -0.162882788E+02  -0.170326082E+02  -0.174191848E+02  -0.175114215E+02  -0.174997922E+02  -0.171173160E+02  -0.168034779E+02  -0.173150180E+02  -0.179658334E+02  -0.176531470E+02  -0.140546858E+02  -0.102045599E+02  -0.138816832E+02  -0.146087823E+02  -0.133011672E+02
   0.198000330E+07   0.646032379E+04  -0.162769862E+02  -0.170254257E+02  -0.174150341E+02  -0.175088757E+02  -0.174984224E+02  -0.171062359E+02  -0.167954309E+02  -0.173096725E+02  -0.179637891E+02  -0.176493958E+02  -0.140350718E+02  -0.101716441E+02  -0.138610581E+02  -0.145912323E+02  -0.132805892E+02
