  0.0000000000E+000  0.0000000000E+000
  1.0000427230E+004  9.4340565795E+037
  2.0000357728E+004  9.8338044039E+037
  3.0000426101E+004  9.5691491502E+037
  4.0000253236E+004  9.3230050769E+037
  5.0000540654E+004  9.1063630598E+037
  6.0000306158E+004  8.8834944454E+037
  7.0000247187E+004  8.6190231712E+037
  8.0000345262E+004  7.3955031844E+037
  9.0000259982E+004  3.9454331975E+037
  1.0000034147E+005  4.8854951840E+037
  1.1000024642E+005  5.3123444568E+037
  1.2000045854E+005  5.6625268587E+037
  1.3000044188E+005  6.0130159610E+037
  1.4000043279E+005  6.3514590100E+037
  1.5000033023E+005  6.6649034250E+037
  1.6000040180E+005  6.9245391766E+037
  1.7000033380E+005  7.1263862310E+037
  1.8000043327E+005  7.2862755827E+037
  1.9000035065E+005  7.3587994385E+037
  2.0000032217E+005  7.3243964027E+037
  2.1000041688E+005  7.3423555894E+037
  2.2000027800E+005  7.3831013437E+037
  2.3000044935E+005  7.4280098524E+037
  2.4000045035E+005  7.7826939635E+037
  2.5000031548E+005  1.5081598916E+039
  2.6000029304E+005  1.8148934967E+039
  2.7000028704E+005  2.2271328167E+039
  2.8000031180E+005  2.9331399767E+039
  2.9000028781E+005  4.0593994311E+039
  3.0000047314E+005  6.0492124117E+039
  3.1000049937E+005  1.0447311991E+040
  3.2000026894E+005  7.7873744387E+040
  3.3000051267E+005  9.4721361301E+041
  3.4000043337E+005  5.2655420039E+042
  3.5000050884E+005  1.9799597727E+043
  3.6000051454E+005  5.5456118626E+043
  3.7000029220E+005  9.3204504462E+043
  3.8000038976E+005  5.4193159955E+043
  3.9000015862E+005  2.1093244938E+043
  4.0000041699E+005  1.7714319932E+043
  4.1000037875E+005  1.4731796511E+043
  4.2000037843E+005  1.2621975563E+043
  4.3000051168E+005  1.1186822699E+043
  4.4000042565E+005  1.0092235728E+043
  4.5000047249E+005  9.2026580454E+042
  4.6000055168E+005  8.4378707381E+042
  4.7000052352E+005  7.7734917728E+042
  4.8000051829E+005  7.1831932275E+042
  4.9000038286E+005  6.6554788073E+042
  5.0000051980E+005  6.1844526830E+042
  5.1000034561E+005  5.7664845901E+042
  5.2000035180E+005  5.3951896374E+042
  5.3000039544E+005  5.0656309946E+042
  5.4000028926E+005  4.7722446568E+042
  5.5000040209E+005  4.5098285108E+042
  5.6000057354E+005  4.2745172878E+042
  5.7000042955E+005  4.0627451136E+042
  5.8000048198E+005  3.8720618570E+042
  5.9000038201E+005  3.6998580380E+042
  6.0000043455E+005  3.5434512165E+042
  6.1000056173E+005  3.4005876099E+042
  6.2000053799E+005  3.2695635716E+042
  6.3000050721E+005  3.1489273771E+042
  6.4000061913E+005  3.0376807549E+042
  6.5000043900E+005  2.9349391733E+042
  6.6000047273E+005  2.8396525089E+042
  6.7000045781E+005  2.7506991139E+042
  6.8000063864E+005  2.6672164324E+042
  6.9000034376E+005  2.5886245227E+042
  7.0000047465E+005  2.5145319610E+042
  7.1000051728E+005  2.4446640964E+042
  7.2000046858E+005  2.3789031024E+042
  7.3000049975E+005  2.3171323409E+042
  7.4000032874E+005  2.2589859035E+042
  7.5000056518E+005  2.2040116369E+042
  7.6000050995E+005  2.1518050159E+042
  7.7000063208E+005  2.1020002831E+042
  7.8000055776E+005  2.0542786968E+042
  7.9000051692E+005  2.0085082577E+042
  8.0000041329E+005  1.9647079456E+042
  8.1000070743E+005  1.9228659354E+042
  8.2000056819E+005  1.8829126650E+042
  8.3000068069E+005  1.8446802537E+042
  8.4000045839E+005  1.8080464264E+042
  8.5000068099E+005  1.7729053392E+042
  8.6000044738E+005  1.7389660706E+042
  8.7000067513E+005  1.7060622629E+042
  8.8000055759E+005  1.6741384759E+042
  8.9000052896E+005  1.6431997585E+042
  9.0000051033E+005  1.6132938785E+042
  9.1000065946E+005  1.5843677679E+042
  9.2000042346E+005  1.5563523643E+042
  9.3000066292E+005  1.5294820748E+042
  9.4000046803E+005  1.5036381404E+042
  9.5000053686E+005  1.4788128357E+042
  9.6000067144E+005  1.4549085442E+042
  9.7000053413E+005  1.4318798466E+042
  9.8000070007E+005  1.4096594162E+042
  9.9000041414E+005  1.3882278426E+042
  1.0000005279E+006  1.3675576697E+042
  1.0100004189E+006  1.3476047634E+042
  1.0200005094E+006  1.3283346523E+042
  1.0300006671E+006  1.3097052254E+042
  1.0400005379E+006  1.2917117026E+042
  1.0500005952E+006  1.2743495080E+042
  1.0600005570E+006  1.2576294819E+042
  1.0700005108E+006  1.2415671045E+042
  1.0800004614E+006  1.2261399576E+042
  1.0900007080E+006  1.2113319951E+042
  1.1000005607E+006  1.1971102294E+042
  1.1100005598E+006  1.1834587205E+042
  1.1200005505E+006  1.1703507766E+042
  1.1300005521E+006  1.1577742148E+042
  1.1400004844E+006  1.1456940065E+042
  1.1500007412E+006  1.1340648263E+042
  1.1600006904E+006  1.1228405755E+042
  1.1700005977E+006  1.1119899970E+042
  1.1800004611E+006  1.1014872185E+042
  1.1900006900E+006  1.0913255820E+042
  1.2000006673E+006  1.0815016333E+042
  1.2100004511E+006  1.0720005941E+042
  1.2200004001E+006  1.0628155373E+042
  1.2300005040E+006  1.0539563159E+042
  1.2400007150E+006  1.0454498066E+042
  1.2500005638E+006  1.0373248572E+042
  1.2600006416E+006  1.0295841523E+042
  1.2700007378E+006  1.0222271709E+042
  1.2800005068E+006  1.0152667045E+042
  1.2900007618E+006  1.0087275120E+042
  1.3000006518E+006  1.0025689546E+042
  1.3100006729E+006  9.9675756396E+041
  1.3200005744E+006  9.9128053601E+041
  1.3300006817E+006  9.8605990447E+041
  1.3400004511E+006  9.8105609180E+041
  1.3500007274E+006  9.7621952831E+041
  1.3600005161E+006  9.7149717454E+041
  1.3700006839E+006  9.6687761311E+041
  1.3800006162E+006  9.6233240393E+041
  1.3900007897E+006  9.5789478704E+041
  1.4000006650E+006  9.5359586499E+041
  1.4100006956E+006  9.4949762767E+041
  1.4200006859E+006  9.4567360844E+041
  1.4300006675E+006  9.4217224525E+041
  1.4400007810E+006  9.3905463964E+041
  1.4500005128E+006  9.3634644919E+041
  1.4600007769E+006  9.3404659377E+041
  1.4700008228E+006  9.3212249889E+041
  1.4800006083E+006  9.3051353236E+041
  1.4900005179E+006  9.2912604284E+041
  1.5000007270E+006  9.2785773568E+041
  1.5100006054E+006  9.2660266276E+041
  1.5200008498E+006  9.2526190000E+041
  1.5300005424E+006  9.2376233931E+041
  1.5400007928E+006  9.2205863294E+041
  1.5500005091E+006  9.2014458503E+041
  1.5600006310E+006  9.1802562140E+041
  1.5700005222E+006  9.1565783998E+041
  1.5800006043E+006  9.1299609106E+041
  1.5900007154E+006  9.1034635003E+041
  1.6000006662E+006  9.0779674631E+041
  1.6100007261E+006  9.0544340784E+041
  1.6200006420E+006  9.0337034497E+041
  1.6300008017E+006  9.0163206374E+041
  1.6400005087E+006  9.0024873908E+041
  1.6500006436E+006  8.9918957506E+041
  1.6600007623E+006  8.9838613674E+041
  1.6700005377E+006  8.9774624067E+041
  1.6800007797E+006  8.9716257718E+041
  1.6900006860E+006  8.9653826226E+041
  1.7000008156E+006  8.9579324277E+041
  1.7100006552E+006  8.9488214633E+041
  1.7200006346E+006  8.9378417694E+041
  1.7300008382E+006  8.9250224025E+041
  1.7400006016E+006  8.9105263468E+041
  1.7500004706E+006  8.8941292370E+041
  1.7600007324E+006  8.8755129583E+041
  1.7700005545E+006  8.8548467160E+041
  1.7800005474E+006  8.8335042818E+041
  1.7900007523E+006  8.8122413879E+041
  1.8000004751E+006  8.7914741702E+041
  1.8100006780E+006  8.7711737731E+041
  1.8200006132E+006  8.7512693510E+041
  1.8300006289E+006  8.7313469974E+041
  1.8400004867E+006  8.7107464752E+041
  1.8500005412E+006  8.6889953732E+041
  1.8600004459E+006  8.6656196138E+041
  1.8700005516E+006  8.6401561934E+041
  1.8800006899E+006  8.6136173669E+041
  1.8900006783E+006  8.5863353821E+041
  1.9000008056E+006  8.5574695387E+041
  1.9100005203E+006  8.5262829790E+041
  1.9200006424E+006  8.4927741010E+041
  1.9300006764E+006  8.4568053712E+041
  1.9400005389E+006  8.4181418209E+041
  1.9500004925E+006  8.3764115284E+041
  1.9600006280E+006  8.3310193433E+041
  1.9700008134E+006  8.2811792285E+041
  1.9800007126E+006  8.2258571770E+041
  1.9872000000E+006  8.1820353629E+041
