6007.15051961     0.0             
6011.3666137      1.68446e-16     
6015.58270778     1.62532e-16     
6019.79880187     1.74774e-16     
6024.01489596     1.59398e-16     
6028.23099005     1.71829e-16     
6032.44708413     1.63419e-16     
6036.66317822     1.73103e-16     
6040.87927231     1.72401e-16     
6045.0953664      1.62066e-16     
6049.31146048     1.62768e-16     
6053.52755457     1.62704e-16     
6057.74364866     1.65146e-16     
6061.95974275     1.67618e-16     
6066.17583683     1.55979e-16     
6070.39193092     1.60014e-16     
6074.60802501     1.6222e-16      
6078.82411909     1.65512e-16     
6083.04021318     1.68901e-16     
6087.25630727     1.61931e-16     
6091.47240136     1.53859e-16     
6095.68849544     1.69417e-16     
6099.90458953     1.61166e-16     
6104.12068362     1.60815e-16     
6108.33677771     1.62907e-16     
6112.55287179     1.64925e-16     
6116.76896588     1.66529e-16     
6120.98505997     1.57432e-16     
6125.20115406     1.61929e-16     
6129.41724814     1.64468e-16     
6133.63334223     1.58494e-16     
6137.84943632     1.55896e-16     
6142.06553041     1.6248e-16      
6146.28162449     1.57037e-16     
6150.49771858     1.55152e-16     
6154.71381267     1.55656e-16     
6158.92990675     1.53112e-16     
6163.14600084     1.53532e-16     
6167.36209493     1.57663e-16     
6171.57818902     1.60393e-16     
6175.7942831      1.63855e-16     
6180.01037719     1.60021e-16     
6184.22647128     1.56474e-16     
6188.44256537     1.57662e-16     
6192.65865945     1.55077e-16     
6196.87475354     1.60917e-16     
6201.09084763     1.59194e-16     
6205.30694172     1.53286e-16     
6209.5230358      1.53915e-16     
6213.73912989     1.57016e-16     
6217.95522398     1.5569e-16      
6222.17131806     1.60697e-16     
6226.38741215     1.49249e-16     
6230.60350624     1.50086e-16     
6234.81960033     1.48932e-16     
6239.03569441     1.54521e-16     
6243.2517885      1.56187e-16     
6247.46788259     1.57752e-16     
6251.68397668     1.45175e-16     
6255.90007076     1.54022e-16     
6260.11616485     1.53063e-16     
6264.33225894     1.459e-16       
6268.54835303     1.51301e-16     
6272.76444711     1.46141e-16     
6276.9805412      1.44102e-16     
6281.19663529     1.4484e-16      
6285.41272937     1.49785e-16     
6289.62882346     1.55252e-16     
6293.84491755     1.54865e-16     
6298.06101164     1.49948e-16     
6302.27710572     1.52424e-16     
6306.49319981     1.54881e-16     
6310.7092939      1.48785e-16     
6314.92538799     1.57489e-16     
6319.14148207     1.56653e-16     
6323.35757616     1.45319e-16     
6327.57367025     1.49215e-16     
6331.78976434     1.49909e-16     
6336.00585842     1.52429e-16     
6340.22195251     1.5098e-16      
6344.4380466      1.48704e-16     
6348.65414068     1.40941e-16     
6352.87023477     1.38055e-16     
6357.08632886     1.45771e-16     
6361.30242295     1.44708e-16     
6365.51851703     1.41217e-16     
6369.73461112     1.42428e-16     
6373.95070521     1.51357e-16     
6378.1667993      1.40862e-16     
6382.38289338     1.43982e-16     
6386.59898747     1.42218e-16     
6390.81508156     1.47208e-16     
6395.03117565     1.36209e-16     
6399.24726973     1.3e-16         
6403.46336382     1.36699e-16     
6407.67945791     1.34737e-16     
6411.895552       1.32158e-16     
6416.11164608     1.2395e-16      
6420.32774017     1.18994e-16     
6424.54383426     1.20979e-16     
6428.75992834     1.12203e-16     
6432.97602243     1.04771e-16     
6437.19211652     1.07544e-16     
6441.40821061     1.03665e-16     
6445.62430469     9.51508e-17     
6449.84039878     1.00368e-16     
6454.05649287     9.69968e-17     
6458.27258696     9.0395e-17      
6462.48868104     9.67734e-17     
6466.70477513     8.53694e-17     
6470.92086922     8.54171e-17     
6475.13696331     9.18233e-17     
6479.35305739     9.1402e-17      
6483.56915148     9.051e-17       
6487.78524557     9.48819e-17     
6492.00133965     1.03422e-16     
6496.21743374     1.02306e-16     
6500.43352783     1.05259e-16     
6504.64962192     1.04683e-16     
6508.865716       1.13547e-16     
6513.08181009     1.29673e-16     
6517.29790418     1.43359e-16     
6521.51399827     1.43042e-16     
6525.73009235     1.52624e-16     
6529.94618644     1.70351e-16     
6534.16228053     1.82861e-16     
6538.37837462     1.96284e-16     
6542.5944687      2.13058e-16     
6546.81056279     2.41715e-16     
6551.02665688     2.31947e-16     
6555.24275096     2.56626e-16     
6559.45884505     2.65778e-16     
6563.67493914     2.73745e-16     
6567.89103323     2.92797e-16     
6572.10712731     2.92635e-16     
6576.3232214      3.03579e-16     
6580.53931549     3.22549e-16     
6584.75540958     3.20275e-16     
6588.97150366     3.31475e-16     
6593.18759775     3.34936e-16     
6597.40369184     3.24994e-16     
6601.61978593     3.23028e-16     
6605.83588001     3.28281e-16     
6610.0519741      3.26138e-16     
6614.26806819     3.2532e-16      
6618.48416227     3.33495e-16     
6622.70025636     3.286e-16       
6626.91635045     3.29964e-16     
6631.13244454     3.29131e-16     
6635.34853862     3.44811e-16     
6639.56463271     3.39105e-16     
6643.7807268      3.25397e-16     
6647.99682089     3.16205e-16     
6652.21291497     3.12824e-16     
6656.42900906     3.00608e-16     
6660.64510315     2.90144e-16     
6664.86119724     2.92278e-16     
6669.07729132     2.86323e-16     
6673.29338541     2.86044e-16     
6677.5094795      2.75603e-16     
6681.72557359     2.75265e-16     
6685.94166767     2.71977e-16     
6690.15776176     2.67036e-16     
6694.37385585     2.51186e-16     
6698.58994993     2.49897e-16     
6702.80604402     2.52162e-16     
6707.02213811     2.40798e-16     
6711.2382322      2.40904e-16     
6715.45432628     2.36612e-16     
6719.67042037     2.32114e-16     
6723.88651446     2.32293e-16     
6728.10260855     2.22828e-16     
6732.31870263     2.1781e-16      
6736.53479672     2.12272e-16     
6740.75089081     2.1184e-16      
6744.9669849      2.0898e-16      
6749.18307898     2.05402e-16     
6753.39917307     2.01642e-16     
6757.61526716     1.90742e-16     
6761.83136124     1.9554e-16      
6766.04745533     1.94091e-16     
6770.26354942     1.86228e-16     
6774.47964351     1.81413e-16     
6778.69573759     1.79061e-16     
6782.91183168     1.78584e-16     
6787.12792577     1.77237e-16     
6791.34401986     1.63652e-16     
6795.56011394     1.68612e-16     
6799.77620803     1.65117e-16     
6803.99230212     1.61954e-16     
6808.20839621     1.63021e-16     
6812.42449029     1.54287e-16     
6816.64058438     1.59037e-16     
6820.85667847     1.53965e-16     
6825.07277255     1.43348e-16     
6829.28886664     1.47028e-16     
6833.50496073     1.48318e-16     
6837.72105482     1.49101e-16     
6841.9371489      1.41187e-16     
6846.15324299     1.41772e-16     
6850.36933708     1.44025e-16     
6854.58543117     1.46545e-16     
6858.80152525     1.45841e-16     
6863.01761934     1.382e-16       
6867.23371343     1.24117e-16     
6871.44980752     1.28e-16        
6875.6659016      1.41614e-16     
6879.88199569     1.43319e-16     
6884.09808978     1.41867e-16     
6888.31418387     1.3238e-16      
6892.53027795     1.35669e-16     
6896.74637204     1.38603e-16     
6900.96246613     1.34254e-16     
6905.17856021     1.36952e-16     
6909.3946543      1.35074e-16     
6913.61074839     1.33918e-16     
6917.82684248     1.35524e-16     
6922.04293656     1.36928e-16     
6926.25903065     1.36988e-16     
6930.47512474     1.31199e-16     
6934.69121883     1.30241e-16     
6938.90731291     1.23392e-16     
6943.123407       1.30573e-16     
6947.33950109     1.2842e-16      
6951.55559518     1.23518e-16     
6955.77168926     1.25144e-16     
6959.98778335     1.26883e-16     
6964.20387744     1.29888e-16     
6968.41997152     1.25819e-16     
6972.63606561     1.24626e-16     
6976.8521597      1.23392e-16     
6981.06825379     1.25823e-16     
6985.28434787     1.2835e-16      
6989.50044196     1.21264e-16     
6993.71653605     1.16385e-16     
6997.93263014     1.23499e-16     
7002.14872422     1.21606e-16     
7006.36481831     1.19291e-16     
7010.5809124      1.23338e-16     
7014.79700649     1.23371e-16     
7019.01310057     1.22748e-16     
7023.22919466     1.26762e-16     
7027.44528875     1.27837e-16     
7031.66138283     1.21772e-16     
7035.87747692     1.21139e-16     
7040.09357101     1.21629e-16     
7044.3096651      1.28263e-16     
7048.52575918     1.25552e-16     
7052.74185327     1.27717e-16     
7056.95794736     1.19648e-16     
7061.17404145     1.20712e-16     
7065.39013553     1.20203e-16     
7069.60622962     1.2137e-16      
7073.82232371     1.23638e-16     
7078.0384178      1.2664e-16      
7082.25451188     1.19023e-16     
7086.47060597     1.21166e-16     
7090.68670006     1.17617e-16     
7094.90279414     1.18502e-16     
7099.11888823     1.27727e-16     
7103.33498232     1.21228e-16     
7107.55107641     1.24084e-16     
7111.76717049     1.21743e-16     
7115.98326458     1.20622e-16     
7120.19935867     1.19475e-16     
7124.41545276     1.16951e-16     
7128.63154684     1.20605e-16     
7132.84764093     1.20581e-16     
7137.06373502     1.23591e-16     
7141.27982911     1.16864e-16     
7145.49592319     1.17717e-16     
7149.71201728     1.15525e-16     
7153.92811137     1.11476e-16     
7158.14420546     1.18439e-16     
7162.36029954     1.17405e-16     
7166.57639363     1.19798e-16     
7170.79248772     1.1166e-16      
7175.0085818      1.17965e-16     
7179.22467589     1.17667e-16     
7183.44076998     1.14372e-16     
7187.65686407     1.17068e-16     
7191.87295815     1.19851e-16     
7196.08905224     1.20419e-16     
7200.30514633     1.15943e-16     
7204.52124042     1.13171e-16     
7208.7373345      1.12864e-16     
7212.95342859     1.14869e-16     
7217.16952268     1.18545e-16     
7221.38561677     1.16159e-16     
7225.60171085     1.10961e-16     
7229.81780494     1.09177e-16     
7234.03389903     1.1196e-16      
7238.24999311     1.18826e-16     
7242.4660872      1.20379e-16     
7246.68218129     1.21372e-16     
7250.89827538     1.20844e-16     
7255.11436946     1.16589e-16     
7259.33046355     1.19931e-16     
7263.54655764     1.14879e-16     
7267.76265173     1.15851e-16     
7271.97874581     1.2058e-16      
7276.1948399      1.21779e-16     
7280.41093399     1.19409e-16     
7284.62702808     1.21745e-16     
7288.84312216     1.15927e-16     
7293.05921625     1.13282e-16     
7297.27531034     1.15512e-16     
7301.49140442     1.18749e-16     
7305.70749851     1.2407e-16      
7309.9235926      1.08981e-16     
7314.13968669     1.18397e-16     
7318.35578077     1.20587e-16     
7322.57187486     1.10026e-16     
7326.78796895     1.15626e-16     
7331.00406304     1.15937e-16     
7335.22015712     1.15885e-16     
7339.43625121     1.17385e-16     
7343.6523453      1.19549e-16     
7347.86843939     1.15576e-16     
7352.08453347     1.20751e-16     
7356.30062756     1.04152e-16     
7360.51672165     1.14565e-16     
7364.73281573     1.17077e-16     
7368.94890982     1.21051e-16     
7373.16500391     1.14524e-16     
7377.381098       1.21606e-16     
7381.59719208     1.13356e-16     
7385.81328617     1.11838e-16     
7390.02938026     1.0773e-16      
7394.24547435     1.17243e-16     
7398.46156843     1.10287e-16     
7402.67766252     1.23438e-16     
7406.89375661     1.16279e-16     
7411.1098507      1.09341e-16     
7415.32594478     1.16309e-16     
7419.54203887     1.09824e-16     
7423.75813296     1.0436e-16      
7427.97422705     1.14113e-16     
7432.19032113     1.19967e-16     
7436.40641522     1.08599e-16     
7440.62250931     1.07109e-16     
7444.83860339     1.06552e-16     
7449.05469748     1.10118e-16     
7453.27079157     1.08529e-16     
7457.48688566     1.22323e-16     
7461.70297974     1.09659e-16     
7465.91907383     1.06896e-16     
7470.13516792     1.08635e-16     
7474.35126201     1.07369e-16     
7478.56735609     1.02318e-16     
7482.78345018     1.1656e-16      
7486.99954427     1.0749e-16      
7491.21563836     1.0647e-16      
7495.43173244     1.07308e-16     
7499.64782653     1.02584e-16     
7503.86392062     1.0854e-16      
7508.0800147      1.05626e-16     
7512.29610879     1.09454e-16     
7516.51220288     1.08137e-16     
7520.72829697     1.07278e-16     
7524.94439105     9.22788e-17     
7529.16048514     1.04602e-16     
7533.37657923     9.81666e-17     
7537.59267332     1.02747e-16     
7541.8087674      1.11081e-16     
7546.02486149     1.06151e-16     
7550.24095558     1.08198e-16     
7554.45704967     1.05415e-16     
7558.67314375     1.05248e-16     
7562.88923784     1.0924e-16      
7567.10533193     1.04982e-16     
7571.32142601     1.00587e-16     
7575.5375201      1.05214e-16     
7579.75361419     1.11012e-16     
7583.96970828     1.1162e-16      
7588.18580236     1.07724e-16     
7592.40189645     9.98322e-17     
7596.61799054     9.47984e-17     
7600.83408463     7.62134e-17     
7605.05017871     9.88514e-17     
7609.2662728      1.18953e-16     
7613.48236689     1.34029e-16     
7617.69846098     1.35252e-16     
7621.91455506     1.20855e-16     
7626.13064915     1.08117e-16     
7630.34674324     9.7462e-17      
7634.56283733     1.05433e-16     
7638.77893141     1.07719e-16     
7642.9950255      1.0212e-16      
7647.21111959     1.08984e-16     
7651.42721367     1.13562e-16     
7655.64330776     1.01707e-16     
7659.85940185     1.00738e-16     
7664.07549594     1.00765e-16     
7668.29159002     1.01654e-16     
7672.50768411     1.02267e-16     
7676.7237782      9.93319e-17     
7680.93987229     9.8206e-17      
7685.15596637     1.02972e-16     
7689.37206046     9.75777e-17     
7693.58815455     1.00845e-16     
7697.80424864     1.02274e-16     
7702.02034272     9.64569e-17     
7706.23643681     9.52408e-17     
7710.4525309      9.67548e-17     
7714.66862498     8.12413e-17     
7718.88471907     8.89718e-17     
7723.10081316     8.87031e-17     
7727.31690725     9.53947e-17     
7731.53300133     9.86005e-17     
7735.74909542     8.68975e-17     
7739.96518951     9.86873e-17     
7744.1812836      9.02218e-17     
7748.39737768     8.13438e-17     
7752.61347177     7.60488e-17     
7756.82956586     8.31734e-17     
7761.04565995     7.99929e-17     
7765.26175403     8.38373e-17     
7769.47784812     8.83244e-17     
7773.69394221     8.88713e-17     
7777.91003629     8.85883e-17     
7782.12613038     9.30044e-17     
7786.34222447     9.38492e-17     
7790.55831856     1.02466e-16     
7794.77441264     9.25103e-17     
7798.99050673     1.08353e-16     
7803.20660082     9.90345e-17     
7807.42269491     9.84728e-17     
7811.63878899     9.44376e-17     
7815.85488308     9.062e-17       
7820.07097717     9.0081e-17      
7824.28707126     9.39585e-17     
7828.50316534     1.05376e-16     
7832.71925943     1.02498e-16     
7836.93535352     1.03508e-16     
7841.1514476      9.78484e-17     
7845.36754169     9.66967e-17     
7849.58363578     9.66627e-17     
7853.79972987     9.30604e-17     
7858.01582395     9.13248e-17     
7862.23191804     9.73769e-17     
7866.44801213     1.01005e-16     
7870.66410622     1.02941e-16     
7874.8802003      9.69168e-17     
7879.09629439     9.55523e-17     
7883.31238848     9.62064e-17     
7887.52848257     1.01097e-16     
7891.74457665     9.47185e-17     
7895.96067074     1.03689e-16     
7900.17676483     9.73136e-17     
7904.39285892     9.69678e-17     
7908.608953       9.45238e-17     
7912.82504709     8.9879e-17      
7917.04114118     8.81743e-17     
7921.25723526     9.53203e-17     
7925.47332935     9.534e-17       
7929.68942344     9.83295e-17     
7933.90551753     9.59066e-17     
7938.12161161     9.33408e-17     
7942.3377057      9.66157e-17     
7946.55379979     9.87596e-17     
7950.76989388     9.36908e-17     
7954.98598796     8.28425e-17     
7959.20208205     8.71047e-17     
7963.41817614     9.07124e-17     
7967.63427023     9.0814e-17      
7971.85036431     9.42957e-17     
7976.0664584      9.36181e-17     
7980.28255249     9.04497e-17     
7984.49864657     9.22412e-17     
7988.71474066     9.37507e-17     
7992.93083475     8.87773e-17     
7997.14692884     8.999e-17       
8001.36302292     9.35419e-17     
8005.57911701     9.31021e-17     
8009.7952111      8.85671e-17     
8014.01130519     9.48499e-17     
8018.22739927     9.73767e-17     
8022.44349336     9.30558e-17     
8026.65958745     9.05375e-17     
8030.87568154     8.73483e-17     
8035.09177562     9.00783e-17     
8039.30786971     9.78195e-17     
8043.5239638      9.11211e-17     
8047.74005788     9.10013e-17     
8051.95615197     8.84723e-17     
8056.17224606     8.67214e-17     
8060.38834015     9.07982e-17     
8064.60443423     8.63216e-17     
8068.82052832     8.90186e-17     
8073.03662241     8.85563e-17     
8077.2527165      8.86678e-17     
8081.46881058     8.30106e-17     
8085.68490467     9.2399e-17      
8089.90099876     8.89453e-17     
8094.11709285     9.3548e-17      
8098.33318693     8.42792e-17     
8102.54928102     8.3844e-17      
8106.76537511     8.54256e-17     
8110.98146919     9.26926e-17     
8115.19756328     8.53213e-17     
8119.41365737     8.76831e-17     
8123.62975146     9.07804e-17     
8127.84584554     8.3026e-17      
8132.06193963     8.09321e-17     
8136.27803372     8.89169e-17     
8140.49412781     8.69478e-17     
8144.71022189     8.98505e-17     
8148.92631598     8.92264e-17     
8153.14241007     8.21503e-17     
8157.35850416     8.80759e-17     
8161.57459824     8.69306e-17     
8165.79069233     9.16092e-17     
8170.00678642     8.91099e-17     
8174.22288051     8.53826e-17     
8178.43897459     8.81941e-17     
8182.65506868     8.48288e-17     
8186.87116277     8.9903e-17      
8191.08725685     8.74966e-17     
8195.30335094     9.14229e-17     
8199.51944503     8.9612e-17      
8203.73553912     8.64822e-17     
8207.9516332      8.26366e-17     
8212.16772729     8.26298e-17     
8216.38382138     8.60172e-17     
8220.59991547     8.59291e-17     
8224.81600955     8.81937e-17     
8229.03210364     8.6711e-17      
8233.24819773     8.98014e-17     
8237.46429182     8.95309e-17     
8241.6803859      8.32704e-17     
8245.89647999     8.72081e-17     
8250.11257408     8.36013e-17     
8254.32866816     8.00781e-17     
8258.54476225     8.21327e-17     
8262.76085634     7.49769e-17     
8266.97695043     8.64784e-17     
8271.19304451     8.58946e-17     
8275.4091386      7.93646e-17     
8279.62523269     7.99776e-17     
8283.84132678     8.73967e-17     
8288.05742086     9.5643e-17      
8292.27351495     8.54778e-17     
8296.48960904     8.46197e-17     
8300.70570313     7.71976e-17     
8304.92179721     8.38944e-17     
8309.1378913      8.49598e-17     
8313.35398539     7.88548e-17     
8317.57007947     8.46538e-17     
8321.78617356     8.34108e-17     
8326.00226765     7.72323e-17     
8330.21836174     8.63717e-17     
8334.43445582     7.73903e-17     
8338.65054991     7.83129e-17     
8342.866644       6.5507e-17      
8347.08273809     7.28186e-17     
8351.29883217     7.54021e-17     
8355.51492626     7.65064e-17     
8359.73102035     7.61454e-17     
8363.94711444     7.88561e-17     
8368.16320852     8.02853e-17     
8372.37930261     8.4725e-17      
8376.5953967      8.66645e-17     
8380.81149078     8.22278e-17     
8385.02758487     6.80333e-17     
8389.24367896     7.667e-17       
8393.45977305     7.44623e-17     
8397.67586713     6.71085e-17     
8401.89196122     6.40042e-17     
8406.10805531     6.57396e-17     
8410.3241494      6.13529e-17     
8414.54024348     5.94559e-17     
8418.75633757     5.19292e-17     
8422.97243166     4.5219e-17      
8427.18852575     4.42137e-17     
8431.40461983     4.46693e-17     
8435.62071392     4.84286e-17     
8439.83680801     5.55026e-17     
8444.0529021      4.22491e-17     
8448.26899618     3.46369e-17     
8452.48509027     4.53913e-17     
8456.70118436     4.3206e-17      
8460.91727844     3.81594e-17     
8465.13337253     3.59543e-17     
8469.34946662     2.40792e-17     
8473.56556071     2.51042e-17     
8477.78165479     3.26582e-17     
8481.99774888     3.33452e-17     
8486.21384297     4.20748e-17     
8490.42993706     3.74569e-17     
8494.64603114     3.22004e-17     
8498.86212523     3.54238e-17     
8503.07821932     4.18306e-17     
8507.29431341     4.50933e-17     
8511.51040749     4.09472e-17     
8515.72650158     4.94485e-17     
8519.94259567     4.92535e-17     
8524.15868975     5.73967e-17     
8528.37478384     5.88732e-17     
8532.59087793     6.61025e-17     
8536.80697202     6.19704e-17     
8541.0230661      6.40236e-17     
8545.23916019     7.6007e-17      
8549.45525428     6.9781e-17      
8553.67134837     7.84746e-17     
8557.88744245     7.02774e-17     
8562.10353654     6.74198e-17     
8566.31963063     7.03392e-17     
8570.53572472     6.49845e-17     
8574.7518188      6.59611e-17     
8578.96791289     6.71737e-17     
8583.18400698     6.57474e-17     
8587.40010106     6.63695e-17     
8591.61619515     6.58864e-17     
8595.83228924     7.32108e-17     
8600.04838333     6.54731e-17     
8604.26447741     6.41096e-17     
8608.4805715      5.89527e-17     
8612.69666559     6.288e-17       
8616.91275968     6.66096e-17     
8621.12885376     6.3138e-17      
8625.34494785     6.75402e-17     
8629.56104194     7.53945e-17     
8633.77713603     6.45947e-17     
8637.99323011     6.6742e-17      
8642.2093242      7.90343e-17     
8646.42541829     7.18413e-17     
8650.64151238     7.51954e-17     
8654.85760646     7.95441e-17     
8659.07370055     7.23172e-17     
8663.28979464     7.27082e-17     
8667.50588872     8.25775e-17     
8671.72198281     8.8082e-17      
8675.9380769      9.20976e-17     
8680.15417099     1.00227e-16     
8684.37026507     9.15915e-17     
8688.58635916     8.99429e-17     
8692.80245325     9.90334e-17     
8697.01854734     9.62073e-17     
8701.23464142     9.30571e-17     
8705.45073551     9.34655e-17     
8709.6668296      1.01563e-16     
8713.88292369     1.07299e-16     
8718.09901777     1.05108e-16     
8722.31511186     1.07717e-16     
8726.53120595     1.09707e-16     
8730.74730003     1.02768e-16     
8734.96339412     1.06681e-16     
8739.17948821     1.07157e-16     
8743.3955823      9.46935e-17     
8747.61167638     1.04829e-16     
8751.82777047     1.09452e-16     
8756.04386456     1.06573e-16     
8760.25995865     1.16421e-16     
8764.47605273     1.12941e-16     
8768.69214682     1.14323e-16     
8772.90824091     1.07668e-16     
8777.124335       1.09973e-16     
8781.34042908     1.02561e-16     
8785.55652317     9.52419e-17     
8789.77261726     1.04152e-16     
8793.98871134     9.52693e-17     
8798.20480543     9.53589e-17     
8802.42089952     1.03454e-16     
8806.63699361     1.01879e-16     
8810.85308769     1.08595e-16     
8815.06918178     9.87963e-17     
8819.28527587     9.20593e-17     
8823.50136996     9.54151e-17     
8827.71746404     8.81301e-17     
8831.93355813     7.50929e-17     
8836.14965222     7.158e-17       
8840.36574631     8.35366e-17     
8844.58184039     9.01202e-17     
8848.79793448     9.21858e-17     
8853.01402857     8.99285e-17     
8857.23012265     8.09807e-17     
8861.44621674     9.33821e-17     
8865.66231083     9.20661e-17     
8869.87840492     6.98472e-17     
8874.094499       9.41317e-17     
8878.31059309     8.79209e-17     
8882.52668718     7.2583e-17      
8886.74278127     7.78629e-17     
8890.95887535     6.69878e-17     
8895.17496944     7.07669e-17     
8899.39106353     7.26021e-17     
8903.60715762     8.56084e-17     
8907.8232517      7.5472e-17      
8912.03934579     7.29774e-17     
8916.25543988     6.94987e-17     
8920.47153397     6.41527e-17     
8924.68762805     5.19721e-17     
8928.90372214     6.38042e-17     
8933.11981623     6.53083e-17     
8937.33591031     7.03392e-17     
8941.5520044      6.87841e-17     
8945.76809849     7.2703e-17      
8949.98419258     7.54967e-17     
8954.20028666     6.82535e-17     
8958.41638075     7.32201e-17     
8962.63247484     7.82994e-17     
8966.84856893     7.01008e-17     
8971.06466301     6.93269e-17     
8975.2807571      7.32421e-17     
8979.49685119     7.45891e-17     
8983.71294528     6.91186e-17     
8987.92903936     7.82396e-17     
8992.14513345     8.44899e-17     
8996.36122754     8.12375e-17     
9000.57732162     7.40843e-17     
9004.79341571     7.57348e-17     
9009.0095098      7.72458e-17     
9013.22560389     7.11559e-17     
9017.44169797     7.99113e-17     
9021.65779206     7.29782e-17     
9025.87388615     6.8122e-17      
9030.08998024     7.00992e-17     
9034.30607432     7.78426e-17     
9038.52216841     6.13572e-17     
9042.7382625      6.51809e-17     
9046.95435659     6.40232e-17     
9051.17045067     6.92585e-17     
9055.38654476     6.55834e-17     
9059.60263885     6.64877e-17     
9063.81873293     6.3972e-17      
9068.03482702     6.57373e-17     
9072.25092111     6.44616e-17     
9076.4670152      6.5835e-17      
9080.68310928     6.8277e-17      
9084.89920337     6.14201e-17     
9089.11529746     6.50313e-17     
9093.33139155     6.1964e-17      
9097.54748563     6.1986e-17      
9101.76357972     6.90379e-17     
9105.97967381     6.87209e-17     
9110.1957679      7.16007e-17     
9114.41186198     7.40038e-17     
9118.62795607     6.41042e-17     
9122.84405016     6.94229e-17     
9127.06014424     8.33682e-17     
9131.27623833     6.94161e-17     
9135.49233242     6.57353e-17     
9139.70842651     6.66518e-17     
9143.92452059     7.7861e-17      
9148.14061468     6.7147e-17      
9152.35670877     7.77039e-17     
9156.57280286     7.34623e-17     
9160.78889694     7.30788e-17     
9165.00499103     6.84914e-17     
9169.22108512     7.83407e-17     
9173.43717921     7.23703e-17     
9177.65327329     6.37471e-17     
9181.86936738     7.16624e-17     
9186.08546147     6.52426e-17     
9190.30155556     5.94391e-17     
9194.51764964     5.7194e-17      
9198.73374373     5.67288e-17     
9202.94983782     5.98231e-17     
9207.1659319      5.53269e-17     
9211.38202599     5.83532e-17     
9215.59812008     5.82348e-17     
9219.81421417     4.72634e-17     
9224.03030825     4.37807e-17     
9228.24640234     6.42446e-17     
9232.46249643     5.28795e-17     
9236.67859052     4.99256e-17     
9240.8946846      5.59281e-17     
9245.11077869     6.03542e-17     
9249.32687278     6.21324e-17     
9253.54296687     5.55172e-17     
9257.75906095     6.23045e-17     
9261.97515504     5.9703e-17      
9266.19124913     6.51576e-17     
9270.40734321     6.51039e-17     
9274.6234373      7.08942e-17     
9278.83953139     5.63361e-17     
9283.05562548     6.80724e-17     
9287.27171956     6.55785e-17     
9291.48781365     6.78048e-17     
9295.70390774     7.1953e-17      
9299.92000183     5.56877e-17     
9304.13609591     8.83089e-17     
9308.35219        6.61837e-17     
9312.56828409     4.82305e-17     
9316.78437818     8.17106e-17     
9321.00047226     7.44947e-17     
9325.21656635     9.14019e-17     
9329.43266044     8.29049e-17     
9333.64875452     7.56161e-17     
9337.86484861     7.59382e-17     
9342.0809427      8.09774e-17     
9346.29703679     7.31049e-17     
9350.51313087     7.97168e-17     
9354.72922496     6.46644e-17     
9358.94531905     7.62464e-17     
9363.16141314     9.11363e-17     
9367.37750722     7.70179e-17     
9371.59360131     8.1584e-17      
9375.8096954      6.66939e-17     
9380.02578949     7.72438e-17     
9384.24188357     7.27215e-17     
9388.45797766     8.36748e-17     
9392.67407175     7.84691e-17     
9396.89016584     6.91751e-17     
9401.10625992     6.64117e-17     
9405.32235401     5.47168e-17     
9409.5384481      6.23867e-17     
9413.75454218     5.11089e-17     
9417.97063627     6.11862e-17     
9422.18673036     7.91427e-17     
9426.40282445     6.24316e-17     
9430.61891853     5.92148e-17     
9434.83501262     3.63637e-17     
9439.05110671     5.89687e-17     
9443.2672008      9.07614e-17     
9447.48329488     7.75077e-17     
9451.69938897     1.01097e-16     
9455.91548306     5.28061e-17     
9460.13157715     5.2072e-17      
9464.34767123     6.77764e-17     
9468.56376532     7.25318e-17     
9472.77985941     5.96081e-17     
9476.99595349     8.27867e-17     
9481.21204758     7.37206e-17     
9485.42814167     5.93756e-17     
9489.64423576     7.17899e-17     
9493.86032984     7.28716e-17     
9498.07642393     8.11039e-17     
9502.29251802     5.98421e-17     
9506.50861211     3.96363e-17     
9510.72470619     4.97852e-17     
9514.94080028     8.38537e-17     
9519.15689437     6.38246e-17     
9523.37298846     6.48046e-17     
9527.58908254     5.51284e-17     
9531.80517663     4.84327e-17     
9536.02127072     4.65224e-17     
9540.2373648      4.86026e-17     
9544.45345889     5.75873e-17     
9548.66955298     5.96484e-17     
9552.88564707     5.07973e-17     
9557.10174115     5.91851e-17     
9561.31783524     4.51004e-17     
9565.53392933     7.3537e-17      
9569.75002342     6.2948e-17      
9573.9661175      5.46378e-17     
9578.18221159     7.89675e-17     
9582.39830568     5.5431e-17      
9586.61439977     5.35619e-17     
9590.83049385     6.46876e-17     
9595.04658794     5.3228e-17      
9599.26268203     6.28401e-17     
9603.47877611     6.71481e-17     
9607.6948702      6.32114e-17     
9611.91096429     6.29635e-17     
9616.12705838     5.74529e-17     
9620.34315246     6.11621e-17     
9624.55924655     6.29362e-17     
9628.77534064     6.26795e-17     
9632.99143473     8.21323e-17     
9637.20752881     9.44294e-17     
9641.4236229      7.20198e-17     
9645.63971699     5.78888e-17     
9649.85581108     5.89944e-17     
9654.07190516     6.76111e-17     
9658.28799925     4.59267e-17     
9662.50409334     6.55957e-17     
9666.72018743     6.12487e-17     
9670.93628151     9.65079e-17     
9675.1523756      7.87151e-17     
9679.36846969     6.97429e-17     
9683.58456377     6.85055e-17     
9687.80065786     6.71242e-17     
9692.01675195     5.71029e-17     
9696.23284604     4.82485e-17     
9700.44894012     6.11078e-17     
9704.66503421     5.80882e-17     
9708.8811283      5.44503e-17     
9713.09722239     5.63334e-17     
9717.31331647     6.81778e-17     
9721.52941056     7.65542e-17     
9725.74550465     6.50265e-17     
9729.96159874     5.16968e-17     
9734.17769282     5.03033e-17     
9738.39378691     5.17412e-17     
9742.609881       5.755e-17       
9746.82597508     5.71053e-17     
9751.04206917     5.61996e-17     
9755.25816326     3.61062e-17     
9759.47425735     7.93365e-17     
9763.69035143     5.96325e-17     
9767.90644552     4.7757e-17      
9772.12253961     6.72422e-17     
9776.3386337      6.75296e-17     
9780.55472778     7.1457e-17      
9784.77082187     6.86207e-17     
9788.98691596     7.12372e-17     
9793.20301005     6.44748e-17     
9797.41910413     7.05241e-17     
9801.63519822     4.09709e-17     
9805.85129231     6.89978e-17     
9810.06738639     5.79211e-17     
9814.28348048     7.173e-17       
9818.49957457     4.12197e-17     
9822.71566866     5.65476e-17     
9826.93176274     6.38517e-17     
9831.14785683     4.34807e-17     
9835.36395092     5.24777e-17     
9839.58004501     4.99943e-17     
9843.79613909     4.91962e-17     
9848.01223318     4.21678e-17     
9852.22832727     4.39648e-17     
9856.44442136     5.267e-17       
9860.66051544     1.96589e-17     
9864.87660953     6.12301e-17     
9869.09270362     9.53146e-17     
9873.3087977      7.62708e-17     
9877.52489179     8.7056e-17      
9881.74098588     5.1194e-17      
9885.95707997     4.22872e-17     
9890.17317405     4.96989e-17     
9894.38926814     3.69254e-17     
9898.60536223     6.54233e-17     
9902.82145632     3.71523e-17     
9907.0375504      4.87887e-17     
9911.25364449     6.14589e-17     
9915.46973858     1.0678e-17      
9919.68583267     4.00367e-17     
9923.90192675     6.51155e-17     
9928.11802084     3.31262e-17     
9932.33411493     3.96316e-17     
9936.55020902     3.80441e-17     
9940.7663031      2.15896e-17     
9944.98239719     1.7063e-17      
9949.19849128     6.48692e-17     
9953.41458536     9.80231e-17     
9957.63067945     1.57737e-17     
9961.84677354     4.37192e-17     
9966.06286763     7.38013e-17     
9970.27896171     3.26203e-17     
9974.4950558      4.54293e-17     
9978.71114989     7.17403e-17     
9982.92724398     6.44229e-17     
9987.14333806     4.88511e-17     
9991.35943215     3.76071e-17     
9995.57552624     9.70974e-18     
9999.79162033     1.4172e-17      
10004.0077144     5.70604e-17     
10008.2238085     5.66769e-17     
