   0.000000000E+00   0.500000000E+04  -0.365583832E+01  -0.486392732E+01  -0.558962302E+01  -0.586466232E+01  -0.598784032E+01  -0.450967832E+01  -0.453764832E+01  -0.535066432E+01  -0.637675032E+01  -0.587145032E+01  -0.523738321E+00   0.480947168E+01  -0.229958321E+00  -0.133626832E+01   0.250411679E+00
   0.100001222E+05   0.500000000E+04  -0.415339938E+01  -0.536148838E+01  -0.608718408E+01  -0.636222338E+01  -0.648540138E+01  -0.500723938E+01  -0.503520938E+01  -0.584822538E+01  -0.687431138E+01  -0.636901138E+01  -0.102129938E+01   0.431191062E+01  -0.727519383E+00  -0.183382938E+01  -0.247149383E+00
   0.200017675E+05   0.500000000E+04  -0.409202041E+01  -0.530010941E+01  -0.602580511E+01  -0.630084441E+01  -0.642402241E+01  -0.494586041E+01  -0.497383041E+01  -0.578684641E+01  -0.681293241E+01  -0.630763241E+01  -0.959920410E+00   0.437328959E+01  -0.666140410E+00  -0.177245041E+01  -0.185770410E+00
   0.300047267E+05   0.500000000E+04  -0.405237932E+01  -0.526046832E+01  -0.598616402E+01  -0.626120332E+01  -0.638438132E+01  -0.490621932E+01  -0.493418932E+01  -0.574720532E+01  -0.677329132E+01  -0.626799132E+01  -0.920279322E+00   0.441293068E+01  -0.626499322E+00  -0.173280932E+01  -0.146129322E+00
   0.400104909E+05   0.500000000E+04  -0.403793535E+01  -0.524602435E+01  -0.597172005E+01  -0.624675935E+01  -0.636993735E+01  -0.489177535E+01  -0.491974535E+01  -0.573276135E+01  -0.675884735E+01  -0.625354735E+01  -0.905835346E+00   0.442737465E+01  -0.612055346E+00  -0.171836535E+01  -0.131685346E+00
   0.500068754E+05   0.500000000E+04  -0.403305222E+01  -0.524114122E+01  -0.596683692E+01  -0.624187622E+01  -0.636505422E+01  -0.488689222E+01  -0.491486222E+01  -0.572787822E+01  -0.675396422E+01  -0.624866422E+01  -0.900952225E+00   0.443225778E+01  -0.607172225E+00  -0.171348222E+01  -0.126802225E+00
   0.600050844E+05   0.500000000E+04  -0.403055152E+01  -0.523864052E+01  -0.596433622E+01  -0.623937552E+01  -0.636255352E+01  -0.488439152E+01  -0.491236152E+01  -0.572537752E+01  -0.675146352E+01  -0.624616352E+01  -0.898451523E+00   0.443475848E+01  -0.604671523E+00  -0.171098152E+01  -0.124301523E+00
   0.700308803E+05   0.500000000E+04  -0.402808263E+01  -0.523617163E+01  -0.596186733E+01  -0.623690663E+01  -0.636008463E+01  -0.488192263E+01  -0.490989263E+01  -0.572290863E+01  -0.674899463E+01  -0.624369463E+01  -0.895982633E+00   0.443722737E+01  -0.602202633E+00  -0.170851263E+01  -0.121832633E+00
   0.800236050E+05   0.500000000E+04  -0.402493549E+01  -0.523302449E+01  -0.595872019E+01  -0.623375949E+01  -0.635693749E+01  -0.487877549E+01  -0.490674549E+01  -0.571976149E+01  -0.674584749E+01  -0.624054749E+01  -0.892835492E+00   0.444037451E+01  -0.599055492E+00  -0.170536549E+01  -0.118685492E+00
   0.900313671E+05   0.500000000E+04  -0.402090143E+01  -0.522899043E+01  -0.595468613E+01  -0.622972543E+01  -0.635290343E+01  -0.487474143E+01  -0.490271143E+01  -0.571572743E+01  -0.674181343E+01  -0.623651343E+01  -0.888801428E+00   0.444440857E+01  -0.595021428E+00  -0.170133143E+01  -0.114651428E+00
   0.100010701E+06   0.500000000E+04  -0.401604980E+01  -0.522413880E+01  -0.594983450E+01  -0.622487380E+01  -0.634805180E+01  -0.486988980E+01  -0.489785980E+01  -0.571087580E+01  -0.673696180E+01  -0.623166180E+01  -0.883949804E+00   0.444926020E+01  -0.590169804E+00  -0.169647980E+01  -0.109799804E+00
   0.110005463E+06   0.500000000E+04  -0.401047948E+01  -0.521856848E+01  -0.594426418E+01  -0.621930348E+01  -0.634248148E+01  -0.486431948E+01  -0.489228948E+01  -0.570530548E+01  -0.673139148E+01  -0.622609148E+01  -0.878379483E+00   0.445483052E+01  -0.584599483E+00  -0.169090948E+01  -0.104229483E+00
   0.120008148E+06   0.500000000E+04  -0.400438680E+01  -0.521247580E+01  -0.593817150E+01  -0.621321080E+01  -0.633638880E+01  -0.485822680E+01  -0.488619680E+01  -0.569921280E+01  -0.672529880E+01  -0.621999880E+01  -0.872286797E+00   0.446092320E+01  -0.578506797E+00  -0.168481680E+01  -0.981367971E-01
   0.130001620E+06   0.500000000E+04  -0.399793140E+01  -0.520602040E+01  -0.593171610E+01  -0.620675540E+01  -0.632993340E+01  -0.485177140E+01  -0.487974140E+01  -0.569275740E+01  -0.671884340E+01  -0.621354340E+01  -0.865831405E+00   0.446737860E+01  -0.572051405E+00  -0.167836140E+01  -0.916814046E-01
   0.140005544E+06   0.599898475E+04  -0.935687700E+01  -0.102180805E+02  -0.106908682E+02  -0.108287450E+02  -0.108505580E+02  -0.101919541E+02  -0.996436978E+01  -0.105527258E+02  -0.112974191E+02  -0.109361947E+02  -0.688669431E+01  -0.265833148E+01  -0.668493080E+01  -0.749950728E+01  -0.610585111E+01
   0.150003938E+06   0.500000000E+04  -0.841520238E+01  -0.962329138E+01  -0.103489871E+02  -0.106240264E+02  -0.107472044E+02  -0.926904238E+01  -0.929701238E+01  -0.101100284E+02  -0.111361144E+02  -0.106308144E+02  -0.528310238E+01   0.501076219E-01  -0.498932238E+01  -0.609563238E+01  -0.450895238E+01
   0.160017777E+06   0.505381205E+04  -0.884120641E+01  -0.100306098E+02  -0.107426822E+02  -0.110103330E+02  -0.111280508E+02  -0.969403571E+01  -0.970823983E+01  -0.105091541E+02  -0.115200824E+02  -0.110225433E+02  -0.574476173E+01  -0.471066246E+00  -0.545593836E+01  -0.654653363E+01  -0.497025119E+01
   0.170028719E+06   0.532331449E+04  -0.948500533E+01  -0.105808273E+02  -0.112246710E+02  -0.114553186E+02  -0.115456905E+02  -0.103327728E+02  -0.102780345E+02  -0.110183408E+02  -0.119533560E+02  -0.114946851E+02  -0.656713028E+01  -0.159149640E+01  -0.630313078E+01  -0.731502325E+01  -0.579081407E+01
   0.180011566E+06   0.572906229E+04  -0.102836331E+02  -0.112385639E+02  -0.117796865E+02  -0.119546242E+02  -0.120038257E+02  -0.111237798E+02  -0.109652455E+02  -0.116143039E+02  -0.124350286E+02  -0.120348754E+02  -0.763460246E+01  -0.310771348E+01  -0.740797639E+01  -0.830137833E+01  -0.685556774E+01
   0.190008347E+06   0.701077536E+04  -0.118997840E+02  -0.125144956E+02  -0.128054479E+02  -0.128470796E+02  -0.127983749E+02  -0.127221274E+02  -0.123126266E+02  -0.127389602E+02  -0.132856803E+02  -0.130268214E+02  -0.992882709E+01  -0.649830502E+01  -0.978767112E+01  -0.104178508E+02  -0.920601276E+01
   0.200007132E+06   0.141183271E+05  -0.151309552E+02  -0.150548435E+02  -0.148316066E+02  -0.146090570E+02  -0.143690913E+02  -0.159204900E+02  -0.149979441E+02  -0.149625116E+02  -0.149668652E+02  -0.149926360E+02  -0.147509203E+02  -0.136803382E+02  -0.147370007E+02  -0.148940037E+02  -0.144772878E+02
   0.210016476E+06   0.213406991E+05  -0.163055709E+02  -0.160297499E+02  -0.156560187E+02  -0.153572074E+02  -0.150636148E+02  -0.170865000E+02  -0.160144391E+02  -0.158433007E+02  -0.156917694E+02  -0.158007820E+02  -0.164580102E+02  -0.161393649E+02  -0.164629620E+02  -0.164501696E+02  -0.163962101E+02
   0.220018871E+06   0.290154023E+05  -0.169924293E+02  -0.166233427E+02  -0.161782245E+02  -0.158431448E+02  -0.155248478E+02  -0.177694942E+02  -0.166274591E+02  -0.163921812E+02  -0.161664994E+02  -0.163154444E+02  -0.174045257E+02  -0.174496222E+02  -0.174148012E+02  -0.173263765E+02  -0.174520185E+02
   0.230019540E+06   0.366377840E+05  -0.174409341E+02  -0.170217414E+02  -0.165376966E+02  -0.161827855E+02  -0.158498652E+02  -0.182159701E+02  -0.170363238E+02  -0.167662169E+02  -0.164999637E+02  -0.166708851E+02  -0.179942182E+02  -0.182352073E+02  -0.180063866E+02  -0.178816680E+02  -0.181025379E+02
   0.240017829E+06   0.451170867E+05  -0.178086879E+02  -0.173553614E+02  -0.168445422E+02  -0.164759123E+02  -0.161328434E+02  -0.185823627E+02  -0.173770975E+02  -0.170830999E+02  -0.167887967E+02  -0.169749606E+02  -0.184581917E+02  -0.188311380E+02  -0.184712588E+02  -0.183234264E+02  -0.186082090E+02
   0.250012331E+06   0.535045348E+05  -0.181005082E+02  -0.176249631E+02  -0.170965652E+02  -0.167188712E+02  -0.163691782E+02  -0.188733027E+02  -0.176513552E+02  -0.173417132E+02  -0.170289199E+02  -0.172251544E+02  -0.188124861E+02  -0.192700588E+02  -0.188259663E+02  -0.186639652E+02  -0.189895632E+02
   0.260000124E+06   0.522969167E+05  -0.181020989E+02  -0.176292790E+02  -0.171030316E+02  -0.167264595E+02  -0.163775776E+02  -0.188750022E+02  -0.176551015E+02  -0.173473735E+02  -0.170368534E+02  -0.172318522E+02  -0.188064411E+02  -0.192537254E+02  -0.188198800E+02  -0.186595513E+02  -0.189802165E+02
   0.270000129E+06   0.433533444E+05  -0.178509814E+02  -0.174035523E+02  -0.168973777E+02  -0.165311265E+02  -0.161898255E+02  -0.186248854E+02  -0.174240467E+02  -0.171341916E+02  -0.168447611E+02  -0.170282688E+02  -0.184838765E+02  -0.188341630E+02  -0.184968083E+02  -0.183529250E+02  -0.186266846E+02
   0.280000265E+06   0.377061583E+05  -0.176736040E+02  -0.172491674E+02  -0.167610223E+02  -0.164040164E+02  -0.160695607E+02  -0.184484299E+02  -0.172648436E+02  -0.169910779E+02  -0.167205427E+02  -0.168937869E+02  -0.182416795E+02  -0.185030606E+02  -0.182540084E+02  -0.181257093E+02  -0.183564047E+02
   0.290000142E+06   0.340388535E+05  -0.175730128E+02  -0.171680678E+02  -0.166951330E+02  -0.163459033E+02  -0.160171376E+02  -0.183486139E+02  -0.171796652E+02  -0.169194983E+02  -0.166648553E+02  -0.168294744E+02  -0.180860873E+02  -0.182715250E+02  -0.180977947E+02  -0.179830258E+02  -0.181770216E+02
   0.300000211E+06   0.322026418E+05  -0.175583226E+02  -0.171650611E+02  -0.167012195E+02  -0.163566086E+02  -0.160312475E+02  -0.183344058E+02  -0.171742307E+02  -0.169221786E+02  -0.166770124E+02  -0.168365001E+02  -0.180384619E+02  -0.181782242E+02  -0.180497325E+02  -0.179434317E+02  -0.181151891E+02
   0.310000261E+06   0.302557259E+05  -0.175271938E+02  -0.171480601E+02  -0.166951587E+02  -0.163561290E+02  -0.160348962E+02  -0.183038520E+02  -0.171542767E+02  -0.169120239E+02  -0.166782586E+02  -0.168315727E+02  -0.179675668E+02  -0.180520505E+02  -0.179782761E+02  -0.178823564E+02  -0.180271872E+02
   0.320000102E+06   0.284317158E+05  -0.174911328E+02  -0.171272305E+02  -0.166861090E+02  -0.163530623E+02  -0.160362684E+02  -0.182684074E+02  -0.171302635E+02  -0.168985685E+02  -0.166770460E+02  -0.168237481E+02  -0.178886771E+02  -0.179134724E+02  -0.178987141E+02  -0.178142314E+02  -0.179299421E+02
   0.330003514E+06   0.267710825E+05  -0.174529102E+02  -0.171049015E+02  -0.166760166E+02  -0.163491751E+02  -0.160369956E+02  -0.182308393E+02  -0.171046225E+02  -0.168838875E+02  -0.166750959E+02  -0.168149289E+02  -0.178059114E+02  -0.177684944E+02  -0.178151778E+02  -0.177429864E+02  -0.178281623E+02
   0.340000052E+06   0.252898477E+05  -0.174151879E+02  -0.170833920E+02  -0.166669501E+02  -0.163464374E+02  -0.160388401E+02  -0.181937833E+02  -0.170797348E+02  -0.168701779E+02  -0.166743174E+02  -0.168071705E+02  -0.177228543E+02  -0.176220050E+02  -0.177312711E+02  -0.176719319E+02  -0.177258589E+02
   0.350001950E+06   0.239773043E+05  -0.173789401E+02  -0.170633029E+02  -0.166592319E+02  -0.163450231E+02  -0.160418007E+02  -0.181582072E+02  -0.170562877E+02  -0.168578427E+02  -0.166748403E+02  -0.168007671E+02  -0.176415613E+02  -0.174775833E+02  -0.176490625E+02  -0.176028217E+02  -0.176255468E+02
   0.360009284E+06   0.228175065E+05  -0.173452139E+02  -0.170458215E+02  -0.166541566E+02  -0.163462396E+02  -0.160470294E+02  -0.181251590E+02  -0.170354230E+02  -0.168481364E+02  -0.166779936E+02  -0.167970029E+02  -0.175627409E+02  -0.173355201E+02  -0.175692521E+02  -0.175365117E+02  -0.175278245E+02
   0.370010493E+06   0.217913675E+05  -0.173138889E+02  -0.170304606E+02  -0.166509473E+02  -0.163491976E+02  -0.160538159E+02  -0.180945007E+02  -0.170167362E+02  -0.168403880E+02  -0.166828628E+02  -0.167950932E+02  -0.174872933E+02  -0.171980991E+02  -0.174927633E+02  -0.174734993E+02  -0.174340513E+02
   0.380006912E+06   0.208767589E+05  -0.172846162E+02  -0.170168656E+02  -0.166492655E+02  -0.163535678E+02  -0.160618836E+02  -0.180658831E+02  -0.169998725E+02  -0.168342574E+02  -0.166890826E+02  -0.167946828E+02  -0.174148482E+02  -0.170649946E+02  -0.174192381E+02  -0.174133371E+02  -0.173439914E+02
   0.390005696E+06   0.200581363E+05  -0.172573807E+02  -0.170050366E+02  -0.166491264E+02  -0.163593555E+02  -0.160713633E+02  -0.180392975E+02  -0.169848345E+02  -0.168297468E+02  -0.166966958E+02  -0.167957880E+02  -0.173453799E+02  -0.169361189E+02  -0.173486402E+02  -0.173560172E+02  -0.172573402E+02
   0.400013253E+06   0.193211062E+05  -0.172319305E+02  -0.169949983E+02  -0.166507738E+02  -0.163669161E+02  -0.160827095E+02  -0.180144984E+02  -0.169715948E+02  -0.168270308E+02  -0.167060697E+02  -0.167986847E+02  -0.172778941E+02  -0.168094712E+02  -0.172799607E+02  -0.173005958E+02  -0.171726122E+02
   0.410011187E+06   0.186543324E+05  -0.172079261E+02  -0.169859930E+02  -0.166531181E+02  -0.163750037E+02  -0.160947520E+02  -0.179911310E+02  -0.169594685E+02  -0.168251318E+02  -0.167159216E+02  -0.168022453E+02  -0.172131686E+02  -0.166873927E+02  -0.172140173E+02  -0.172476879E+02  -0.170912141E+02
   0.420000058E+06   0.180472256E+05  -0.171852385E+02  -0.169777546E+02  -0.166557955E+02  -0.163832057E+02  -0.161069731E+02  -0.179690596E+02  -0.169482188E+02  -0.168237233E+02  -0.167258235E+02  -0.168060943E+02  -0.171513894E+02  -0.165705247E+02  -0.171510239E+02  -0.171973587E+02  -0.170134619E+02
   0.430022753E+06   0.174881144E+05  -0.171629526E+02  -0.169704319E+02  -0.166597541E+02  -0.163928666E+02  -0.161221217E+02  -0.179474169E+02  -0.169377800E+02  -0.168234585E+02  -0.167372392E+02  -0.168112703E+02  -0.170889437E+02  -0.164514381E+02  -0.170872501E+02  -0.171470304E+02  -0.169348318E+02
   0.440026257E+06   0.169723340E+05  -0.171414623E+02  -0.169629937E+02  -0.166629075E+02  -0.164013737E+02  -0.161357670E+02  -0.179265313E+02  -0.169274158E+02  -0.168226463E+02  -0.167473927E+02  -0.168155672E+02  -0.170297858E+02  -0.163391454E+02  -0.170268328E+02  -0.170992306E+02  -0.168605272E+02
   0.450002729E+06   0.164956496E+05  -0.171198662E+02  -0.169561362E+02  -0.166671424E+02  -0.164112287E+02  -0.161491257E+02  -0.179055730E+02  -0.169174932E+02  -0.168227245E+02  -0.167589543E+02  -0.168210034E+02  -0.169690344E+02  -0.162230795E+02  -0.169646513E+02  -0.170497270E+02  -0.167842931E+02
   0.460004705E+06   0.160517479E+05  -0.170992495E+02  -0.169492445E+02  -0.166705803E+02  -0.164199002E+02  -0.161610598E+02  -0.178855502E+02  -0.169077472E+02  -0.168222915E+02  -0.167692149E+02  -0.168255599E+02  -0.169119551E+02  -0.161144899E+02  -0.169062403E+02  -0.170031221E+02  -0.167127959E+02
   0.470009390E+06   0.156370204E+05  -0.170779486E+02  -0.169424921E+02  -0.166747560E+02  -0.164296189E+02  -0.161740700E+02  -0.178648826E+02  -0.168979634E+02  -0.168223681E+02  -0.167806071E+02  -0.168309205E+02  -0.168524076E+02  -0.160008211E+02  -0.168451583E+02  -0.169543242E+02  -0.166383370E+02
   0.480020604E+06   0.152483859E+05  -0.170572518E+02  -0.169356591E+02  -0.166783341E+02  -0.164384785E+02  -0.161860465E+02  -0.178447897E+02  -0.168882408E+02  -0.168220404E+02  -0.167910601E+02  -0.168356275E+02  -0.167953121E+02  -0.158922081E+02  -0.167865859E+02  -0.169074307E+02  -0.165670757E+02
   0.490014928E+06   0.148862555E+05  -0.170371059E+02  -0.169290983E+02  -0.166819665E+02  -0.164472837E+02  -0.161981950E+02  -0.178252376E+02  -0.168788483E+02  -0.168218471E+02  -0.168014266E+02  -0.168403704E+02  -0.167396686E+02  -0.157862801E+02  -0.167294504E+02  -0.168614612E+02  -0.164976901E+02
   0.500034773E+06   0.145483818E+05  -0.170170740E+02  -0.169231000E+02  -0.166864816E+02  -0.164571371E+02  -0.162120623E+02  -0.178058231E+02  -0.168699244E+02  -0.168224130E+02  -0.168128927E+02  -0.168460406E+02  -0.166832954E+02  -0.156783440E+02  -0.166714487E+02  -0.168144556E+02  -0.164273897E+02
   0.510026697E+06   0.142337704E+05  -0.169986218E+02  -0.169177151E+02  -0.166908861E+02  -0.164665125E+02  -0.162251753E+02  -0.177879456E+02  -0.168618153E+02  -0.168231404E+02  -0.168237698E+02  -0.168515209E+02  -0.166310039E+02  -0.155780396E+02  -0.166176407E+02  -0.167708866E+02  -0.163621299E+02
   0.520036967E+06   0.139371730E+05  -0.169805568E+02  -0.169124298E+02  -0.166951697E+02  -0.164756574E+02  -0.162379833E+02  -0.177704443E+02  -0.168538653E+02  -0.168238287E+02  -0.168343828E+02  -0.168568591E+02  -0.165799721E+02  -0.154801922E+02  -0.165650932E+02  -0.167280050E+02  -0.162985344E+02
   0.530023527E+06   0.136573100E+05  -0.169613511E+02  -0.169068997E+02  -0.166998618E+02  -0.164855513E+02  -0.162518233E+02  -0.177518464E+02  -0.168454816E+02  -0.168246766E+02  -0.168458461E+02  -0.168626888E+02  -0.165259201E+02  -0.153765177E+02  -0.165093088E+02  -0.166813873E+02  -0.162314407E+02
   0.540045085E+06   0.133920291E+05  -0.169430950E+02  -0.169016065E+02  -0.167042582E+02  -0.164948786E+02  -0.162648910E+02  -0.177341665E+02  -0.168374836E+02  -0.168254291E+02  -0.168566611E+02  -0.168681636E+02  -0.164746333E+02  -0.152781940E+02  -0.164563800E+02  -0.166371475E+02  -0.161677919E+02
   0.550002641E+06   0.131435717E+05  -0.169262021E+02  -0.168968545E+02  -0.167085814E+02  -0.165038198E+02  -0.162773354E+02  -0.177178133E+02  -0.168301983E+02  -0.168263395E+02  -0.168669957E+02  -0.168734968E+02  -0.164268045E+02  -0.151863112E+02  -0.164070132E+02  -0.165959187E+02  -0.161083850E+02
   0.560020704E+06   0.129082008E+05  -0.169093238E+02  -0.168923324E+02  -0.167132899E+02  -0.165132259E+02  -0.162902963E+02  -0.177014871E+02  -0.168230968E+02  -0.168275719E+02  -0.168778205E+02  -0.168792358E+02  -0.163786992E+02  -0.150936430E+02  -0.163572802E+02  -0.165542923E+02  -0.160487468E+02
   0.570018640E+06   0.126860081E+05  -0.168917467E+02  -0.168876818E+02  -0.167182882E+02  -0.165231354E+02  -0.163039099E+02  -0.176844914E+02  -0.168157458E+02  -0.168289298E+02  -0.168892151E+02  -0.168853157E+02  -0.163288079E+02  -0.149975068E+02  -0.163056003E+02  -0.165108517E+02  -0.159871348E+02
   0.580002692E+06   0.124749204E+05  -0.168751420E+02  -0.168833575E+02  -0.167231306E+02  -0.165326435E+02  -0.163169371E+02  -0.176684391E+02  -0.168088562E+02  -0.168303137E+02  -0.169001341E+02  -0.168911857E+02  -0.162815041E+02  -0.149062693E+02  -0.162565972E+02  -0.164696762E+02  -0.159286961E+02
   0.590014379E+06   0.122738046E+05  -0.168594908E+02  -0.168794067E+02  -0.167279135E+02  -0.165418716E+02  -0.163295180E+02  -0.176533143E+02  -0.168024613E+02  -0.168318015E+02  -0.169107065E+02  -0.168969476E+02  -0.162366041E+02  -0.148195110E+02  -0.162100782E+02  -0.164306150E+02  -0.158731873E+02
   0.600020050E+06   0.120830945E+05  -0.168449009E+02  -0.168759117E+02  -0.167327003E+02  -0.165508737E+02  -0.163416994E+02  -0.176392235E+02  -0.167966486E+02  -0.168334637E+02  -0.169209832E+02  -0.169026628E+02  -0.161942786E+02  -0.147374931E+02  -0.161662175E+02  -0.163938262E+02  -0.158208018E+02
   0.610037990E+06   0.119021677E+05  -0.168295990E+02  -0.168723128E+02  -0.167378304E+02  -0.165604505E+02  -0.163545211E+02  -0.176244526E+02  -0.167906027E+02  -0.168352930E+02  -0.169319062E+02  -0.169087773E+02  -0.161501057E+02  -0.146518250E+02  -0.161203338E+02  -0.163551201E+02  -0.157664433E+02
   0.620054573E+06   0.117307184E+05  -0.168140112E+02  -0.168687625E+02  -0.167432537E+02  -0.165704481E+02  -0.163677776E+02  -0.176094143E+02  -0.167845337E+02  -0.168373177E+02  -0.169432894E+02  -0.169152170E+02  -0.161051003E+02  -0.145644081E+02  -0.160735025E+02  -0.163154673E+02  -0.157112692E+02
   0.630001529E+06   0.115682729E+05  -0.167994501E+02  -0.168656067E+02  -0.167486003E+02  -0.165801288E+02  -0.163805461E+02  -0.175953738E+02  -0.167789916E+02  -0.168394442E+02  -0.169542830E+02  -0.169215266E+02  -0.160626665E+02  -0.144817902E+02  -0.160293387E+02  -0.162781051E+02  -0.156592008E+02
   0.640044374E+06   0.114109854E+05  -0.167855039E+02  -0.168627037E+02  -0.167539297E+02  -0.165896546E+02  -0.163930616E+02  -0.175819317E+02  -0.167737780E+02  -0.168416556E+02  -0.169650800E+02  -0.169277884E+02  -0.160217326E+02  -0.144019481E+02  -0.159867296E+02  -0.162420817E+02  -0.156089382E+02
   0.650019687E+06   0.112614392E+05  -0.167724446E+02  -0.168601440E+02  -0.167591972E+02  -0.165989120E+02  -0.164051616E+02  -0.175693517E+02  -0.167690215E+02  -0.168439587E+02  -0.169755461E+02  -0.169339424E+02  -0.159830139E+02  -0.143262361E+02  -0.159464182E+02  -0.162080317E+02  -0.155613498E+02
   0.660032036E+06   0.111180066E+05  -0.167601824E+02  -0.168579522E+02  -0.167645127E+02  -0.166080543E+02  -0.164170302E+02  -0.175575492E+02  -0.167647227E+02  -0.168464310E+02  -0.169858476E+02  -0.169401082E+02  -0.159461412E+02  -0.142538825E+02  -0.159080180E+02  -0.161756371E+02  -0.155159702E+02
   0.670019481E+06   0.109813107E+05  -0.167483678E+02  -0.168560313E+02  -0.167699661E+02  -0.166172683E+02  -0.164289204E+02  -0.175461874E+02  -0.167607311E+02  -0.168490893E+02  -0.169962013E+02  -0.169463987E+02  -0.159102508E+02  -0.141832260E+02  -0.158706025E+02  -0.161442369E+02  -0.154718402E+02
   0.680019499E+06   0.108505667E+05  -0.167342154E+02  -0.168531314E+02  -0.167754460E+02  -0.166270312E+02  -0.164417127E+02  -0.175325572E+02  -0.167554728E+02  -0.168513802E+02  -0.170072647E+02  -0.169528413E+02  -0.158693195E+02  -0.141032950E+02  -0.158277936E+02  -0.161089445E+02  -0.154222301E+02
   0.690037634E+06   0.107246985E+05  -0.167207593E+02  -0.168505081E+02  -0.167808900E+02  -0.166365984E+02  -0.164541964E+02  -0.175196039E+02  -0.167505790E+02  -0.168537542E+02  -0.170180841E+02  -0.169592121E+02  -0.158300831E+02  -0.140265134E+02  -0.157867497E+02  -0.160751368E+02  -0.153746385E+02
   0.700056725E+06   0.106028757E+05  -0.167077463E+02  -0.168479798E+02  -0.167861697E+02  -0.166458687E+02  -0.164662895E+02  -0.175070774E+02  -0.167458531E+02  -0.168560625E+02  -0.170285663E+02  -0.169653887E+02  -0.157921183E+02  -0.139522101E+02  -0.157470356E+02  -0.160424263E+02  -0.153285872E+02
   0.710036938E+06   0.104853720E+05  -0.166952270E+02  -0.168455735E+02  -0.167912945E+02  -0.166548427E+02  -0.164779862E+02  -0.174950275E+02  -0.167413271E+02  -0.168583213E+02  -0.170387093E+02  -0.169713788E+02  -0.157555319E+02  -0.138805735E+02  -0.157087619E+02  -0.160109078E+02  -0.152842009E+02
   0.720068005E+06   0.103713670E+05  -0.166831644E+02  -0.168433227E+02  -0.167963507E+02  -0.166636334E+02  -0.164894185E+02  -0.174834202E+02  -0.167370198E+02  -0.168605967E+02  -0.170486341E+02  -0.169772743E+02  -0.157201188E+02  -0.138111539E+02  -0.156717116E+02  -0.159804117E+02  -0.152412201E+02
   0.730041006E+06   0.102621754E+05  -0.166718137E+02  -0.168413696E+02  -0.168013960E+02  -0.166722556E+02  -0.165005708E+02  -0.174725056E+02  -0.167330970E+02  -0.168629787E+02  -0.170583425E+02  -0.169831236E+02  -0.156864035E+02  -0.137448678E+02  -0.156364283E+02  -0.159514059E+02  -0.152002567E+02
   0.740017058E+06   0.101571370E+05  -0.166612520E+02  -0.168398480E+02  -0.168066066E+02  -0.166809071E+02  -0.165116561E+02  -0.174623634E+02  -0.167296806E+02  -0.168656273E+02  -0.170680389E+02  -0.169891076E+02  -0.156543278E+02  -0.136814602E+02  -0.156028443E+02  -0.159238605E+02  -0.151612085E+02
   0.750010912E+06   0.100560236E+05  -0.166514457E+02  -0.168387440E+02  -0.168119833E+02  -0.166895960E+02  -0.165226879E+02  -0.174529609E+02  -0.167267526E+02  -0.168685377E+02  -0.170777337E+02  -0.169952288E+02  -0.156238114E+02  -0.136207827E+02  -0.155708759E+02  -0.158977051E+02  -0.151239803E+02
   0.760007038E+06   0.995844468E+04  -0.166403783E+02  -0.168369639E+02  -0.168171169E+02  -0.166982695E+02  -0.165338745E+02  -0.174423286E+02  -0.167230242E+02  -0.168710322E+02  -0.170874844E+02  -0.170011632E+02  -0.155909683E+02  -0.135560162E+02  -0.155364080E+02  -0.158695842E+02  -0.150843998E+02
   0.770000298E+06   0.986375402E+04  -0.166273568E+02  -0.168341182E+02  -0.168218432E+02  -0.167068800E+02  -0.165452536E+02  -0.174297887E+02  -0.167180418E+02  -0.168728583E+02  -0.170972793E+02  -0.170067740E+02  -0.155544744E+02  -0.134848589E+02  -0.154980449E+02  -0.158383447E+02  -0.150410275E+02
   0.780078099E+06   0.977097842E+04  -0.166146761E+02  -0.168314074E+02  -0.168265513E+02  -0.167153938E+02  -0.165564799E+02  -0.174175799E+02  -0.167132375E+02  -0.168747249E+02  -0.171069536E+02  -0.170123488E+02  -0.155187960E+02  -0.134152181E+02  -0.154605352E+02  -0.158078145E+02  -0.149986099E+02
   0.790068094E+06   0.968184728E+04  -0.166026033E+02  -0.168289129E+02  -0.168311843E+02  -0.167236829E+02  -0.165673751E+02  -0.174059604E+02  -0.167087318E+02  -0.168766279E+02  -0.171163576E+02  -0.170178145E+02  -0.154846290E+02  -0.133484228E+02  -0.154246086E+02  -0.157785933E+02  -0.149579684E+02
   0.800021881E+06   0.959588884E+04  -0.165911312E+02  -0.168266782E+02  -0.168358234E+02  -0.167318480E+02  -0.165780534E+02  -0.173949255E+02  -0.167045575E+02  -0.168786343E+02  -0.171255980E+02  -0.170232565E+02  -0.154518491E+02  -0.132841762E+02  -0.153901320E+02  -0.157505833E+02  -0.149189445E+02
   0.810059568E+06   0.951216387E+04  -0.165802639E+02  -0.168248082E+02  -0.168406485E+02  -0.167401075E+02  -0.165887609E+02  -0.173844840E+02  -0.167007982E+02  -0.168808951E+02  -0.171349048E+02  -0.170288638E+02  -0.154202276E+02  -0.132219054E+02  -0.153568577E+02  -0.157236076E+02  -0.148812412E+02
   0.820063354E+06   0.943176618E+04  -0.165702054E+02  -0.168233895E+02  -0.168456589E+02  -0.167484158E+02  -0.165994199E+02  -0.173748344E+02  -0.166975653E+02  -0.168834430E+02  -0.171442188E+02  -0.170346253E+02  -0.153902397E+02  -0.131624864E+02  -0.153252828E+02  -0.156980810E+02  -0.148454132E+02
   0.830062851E+06   0.935417921E+04  -0.165607896E+02  -0.168223115E+02  -0.168507852E+02  -0.167567247E+02  -0.166099972E+02  -0.173658133E+02  -0.166947365E+02  -0.168861930E+02  -0.171534982E+02  -0.170404764E+02  -0.153615913E+02  -0.131054357E+02  -0.152951028E+02  -0.156737379E+02  -0.148111289E+02
   0.840016022E+06   0.927912354E+04  -0.165518101E+02  -0.168213977E+02  -0.168558733E+02  -0.167648916E+02  -0.166203586E+02  -0.173572155E+02  -0.166921291E+02  -0.168889823E+02  -0.171626039E+02  -0.170462656E+02  -0.153340066E+02  -0.130503754E+02  -0.152660365E+02  -0.156503181E+02  -0.147780922E+02
   0.850065757E+06   0.920511405E+04  -0.165429866E+02  -0.168205275E+02  -0.168609213E+02  -0.167729755E+02  -0.166306064E+02  -0.173487684E+02  -0.166895889E+02  -0.168917636E+02  -0.171716136E+02  -0.170520051E+02  -0.153068373E+02  -0.129961134E+02  -0.152374063E+02  -0.156272556E+02  -0.147455468E+02
   0.860003459E+06   0.913365622E+04  -0.165344891E+02  -0.168197090E+02  -0.168658171E+02  -0.167808025E+02  -0.166405227E+02  -0.173406344E+02  -0.166871580E+02  -0.168944707E+02  -0.171803344E+02  -0.170575684E+02  -0.152806265E+02  -0.129437440E+02  -0.152097849E+02  -0.156050099E+02  -0.147141453E+02
   0.870066163E+06   0.906308978E+04  -0.165261262E+02  -0.168189294E+02  -0.168706803E+02  -0.167885604E+02  -0.166503438E+02  -0.173326303E+02  -0.166847860E+02  -0.168971726E+02  -0.171889750E+02  -0.170630908E+02  -0.152547712E+02  -0.128920565E+02  -0.151825366E+02  -0.155830703E+02  -0.146831640E+02
   0.880001446E+06   0.899523031E+04  -0.165178805E+02  -0.168181178E+02  -0.168754004E+02  -0.167961191E+02  -0.166599272E+02  -0.173247372E+02  -0.166824132E+02  -0.168997723E+02  -0.171973998E+02  -0.170684582E+02  -0.152294318E+02  -0.128414316E+02  -0.151558191E+02  -0.155615630E+02  -0.146528734E+02
   0.890056044E+06   0.892860550E+04  -0.165059498E+02  -0.168153262E+02  -0.168794054E+02  -0.168036260E+02  -0.166699505E+02  -0.173132493E+02  -0.166776999E+02  -0.169011506E+02  -0.172059819E+02  -0.170732726E+02  -0.151971814E+02  -0.127785878E+02  -0.151217145E+02  -0.155339384E+02  -0.146154762E+02
   0.900081753E+06   0.886435312E+04  -0.164947494E+02  -0.168129396E+02  -0.168835734E+02  -0.168111713E+02  -0.166799225E+02  -0.173024759E+02  -0.166734599E+02  -0.169027854E+02  -0.172145639E+02  -0.170782211E+02  -0.151663850E+02  -0.127182873E+02  -0.150891300E+02  -0.155076030E+02  -0.145797163E+02
   0.910018498E+06   0.880253193E+04  -0.164841774E+02  -0.168108479E+02  -0.168877882E+02  -0.168186355E+02  -0.166897217E+02  -0.172923148E+02  -0.166695849E+02  -0.169045628E+02  -0.172230257E+02  -0.170831870E+02  -0.151369584E+02  -0.126604731E+02  -0.150579829E+02  -0.154824686E+02  -0.145455140E+02
   0.920030096E+06   0.874162662E+04  -0.164738176E+02  -0.168088428E+02  -0.168919962E+02  -0.168260448E+02  -0.166994313E+02  -0.172823598E+02  -0.166658230E+02  -0.169063696E+02  -0.172314178E+02  -0.170881348E+02  -0.151080234E+02  -0.126035709E+02  -0.150273529E+02  -0.154577622E+02  -0.145118740E+02
   0.930047528E+06   0.868188505E+04  -0.164636560E+02  -0.168068761E+02  -0.168961240E+02  -0.168333127E+02  -0.167089556E+02  -0.172725952E+02  -0.166621331E+02  -0.169081420E+02  -0.172396497E+02  -0.170929884E+02  -0.150796414E+02  -0.125477562E+02  -0.149973083E+02  -0.154335281E+02  -0.144788770E+02
   0.940072478E+06   0.862339586E+04  -0.164537257E+02  -0.168049690E+02  -0.169001835E+02  -0.168404466E+02  -0.167182985E+02  -0.172630536E+02  -0.166585388E+02  -0.169098955E+02  -0.172477273E+02  -0.170977584E+02  -0.150518727E+02  -0.124931298E+02  -0.149679118E+02  -0.154098203E+02  -0.144465900E+02
   0.950005796E+06   0.856671515E+04  -0.164441429E+02  -0.168031613E+02  -0.169041580E+02  -0.168474003E+02  -0.167273931E+02  -0.172538475E+02  -0.166550962E+02  -0.169116353E+02  -0.172555957E+02  -0.171024215E+02  -0.150250031E+02  -0.124402330E+02  -0.149394648E+02  -0.153868860E+02  -0.144153418E+02
   0.960075149E+06   0.851063940E+04  -0.164347958E+02  -0.168015063E+02  -0.169082235E+02  -0.168544132E+02  -0.167365239E+02  -0.172448731E+02  -0.166518237E+02  -0.169134899E+02  -0.172635134E+02  -0.171071682E+02  -0.149985536E+02  -0.123880341E+02  -0.149114547E+02  -0.153643299E+02  -0.143845605E+02
   0.970039644E+06   0.845681199E+04  -0.164260923E+02  -0.168001866E+02  -0.169123948E+02  -0.168614138E+02  -0.167455575E+02  -0.172365273E+02  -0.166489513E+02  -0.169155391E+02  -0.172713826E+02  -0.171119934E+02  -0.149734335E+02  -0.123381970E+02  -0.148848366E+02  -0.153429471E+02  -0.143552823E+02
   0.980065635E+06   0.840438072E+04  -0.164179110E+02  -0.167991974E+02  -0.169167544E+02  -0.168685293E+02  -0.167546532E+02  -0.172286945E+02  -0.166464498E+02  -0.169178315E+02  -0.172793441E+02  -0.171169899E+02  -0.149492614E+02  -0.122899490E+02  -0.148592053E+02  -0.153224153E+02  -0.143270598E+02
   0.990000806E+06   0.835369704E+04  -0.164101507E+02  -0.167983897E+02  -0.169211170E+02  -0.168755560E+02  -0.167635942E+02  -0.172212711E+02  -0.166441801E+02  -0.169201959E+02  -0.172871887E+02  -0.171219683E+02  -0.149260434E+02  -0.122434575E+02  -0.148345768E+02  -0.153027162E+02  -0.142999265E+02
   0.100004070E+07   0.830328781E+04  -0.164023874E+02  -0.167975412E+02  -0.169254109E+02  -0.168824995E+02  -0.167724416E+02  -0.172138428E+02  -0.166418775E+02  -0.169225023E+02  -0.172949456E+02  -0.171268745E+02  -0.149029059E+02  -0.121971727E+02  -0.148100364E+02  -0.152830787E+02  -0.142728949E+02
   0.101002149E+07   0.825387785E+04  -0.163946574E+02  -0.167965890E+02  -0.169294992E+02  -0.168891848E+02  -0.167809931E+02  -0.172064412E+02  -0.166395001E+02  -0.169246425E+02  -0.173024282E+02  -0.171315630E+02  -0.148801066E+02  -0.121516848E+02  -0.147858620E+02  -0.152637099E+02  -0.142462787E+02
   0.102007784E+07   0.820481302E+04  -0.163868831E+02  -0.167955451E+02  -0.169334605E+02  -0.168957251E+02  -0.167893865E+02  -0.171989929E+02  -0.166370409E+02  -0.169266695E+02  -0.173097602E+02  -0.171361204E+02  -0.148573682E+02  -0.121064163E+02  -0.147617582E+02  -0.152443780E+02  -0.142197500E+02
   0.103002926E+07   0.815692176E+04  -0.163792152E+02  -0.167944466E+02  -0.169372475E+02  -0.169020294E+02  -0.167974996E+02  -0.171916432E+02  -0.166345610E+02  -0.169285683E+02  -0.173168373E+02  -0.171404892E+02  -0.148350941E+02  -0.120621510E+02  -0.147381512E+02  -0.152254290E+02  -0.141937763E+02
   0.104003443E+07   0.810965906E+04  -0.163716447E+02  -0.167933594E+02  -0.169409817E+02  -0.169082478E+02  -0.168055031E+02  -0.171843869E+02  -0.166321105E+02  -0.169304391E+02  -0.173238183E+02  -0.171447976E+02  -0.148131092E+02  -0.120184636E+02  -0.147148510E+02  -0.152067256E+02  -0.141681404E+02
   0.105004314E+07   0.806355130E+04  -0.163643995E+02  -0.167924390E+02  -0.169447649E+02  -0.169144545E+02  -0.168134512E+02  -0.171774482E+02  -0.166298601E+02  -0.169324045E+02  -0.173307690E+02  -0.171491409E+02  -0.147918018E+02  -0.119759839E+02  -0.146922604E+02  -0.151886194E+02  -0.141432711E+02
   0.106008254E+07   0.801848874E+04  -0.163575133E+02  -0.167917342E+02  -0.169486571E+02  -0.169207153E+02  -0.168214140E+02  -0.171708615E+02  -0.166278555E+02  -0.169345200E+02  -0.173377569E+02  -0.171535805E+02  -0.147711722E+02  -0.119346620E+02  -0.146703767E+02  -0.151711185E+02  -0.141191604E+02
   0.107002013E+07   0.797467785E+04  -0.163481941E+02  -0.167895064E+02  -0.169516980E+02  -0.169264840E+02  -0.168291583E+02  -0.171618922E+02  -0.166241355E+02  -0.169355105E+02  -0.173443683E+02  -0.171572613E+02  -0.147465130E+02  -0.118865249E+02  -0.146441831E+02  -0.151499904E+02  -0.140912972E+02
   0.108003740E+07   0.793083179E+04  -0.163367216E+02  -0.167859214E+02  -0.169539701E+02  -0.169317969E+02  -0.168366828E+02  -0.171508129E+02  -0.166188904E+02  -0.169354946E+02  -0.173506234E+02  -0.171602526E+02  -0.147182429E+02  -0.118323022E+02  -0.146141468E+02  -0.151256116E+02  -0.140599521E+02
   0.109007192E+07   0.788726432E+04  -0.163251413E+02  -0.167821787E+02  -0.169560472E+02  -0.169368953E+02  -0.168439789E+02  -0.171396235E+02  -0.166134980E+02  -0.169352982E+02  -0.173566583E+02  -0.171630444E+02  -0.146899717E+02  -0.117782435E+02  -0.145841207E+02  -0.151012070E+02  -0.140286256E+02
   0.110007262E+07   0.784443881E+04  -0.163136528E+02  -0.167783941E+02  -0.169579834E+02  -0.169418014E+02  -0.168510452E+02  -0.171285190E+02  -0.166080918E+02  -0.169349996E+02  -0.173624848E+02  -0.171656830E+02  -0.146620765E+02  -0.117249998E+02  -0.145545005E+02  -0.150771125E+02  -0.139977270E+02
   0.111005299E+07   0.780210745E+04  -0.163021389E+02  -0.167744954E+02  -0.169597394E+02  -0.169464930E+02  -0.168578721E+02  -0.171173848E+02  -0.166025902E+02  -0.169345466E+02  -0.173680862E+02  -0.171681333E+02  -0.146343453E+02  -0.116722127E+02  -0.145250641E+02  -0.150531382E+02  -0.139670271E+02
   0.112006960E+07   0.776032371E+04  -0.162907559E+02  -0.167706290E+02  -0.169614546E+02  -0.169511059E+02  -0.168645926E+02  -0.171063766E+02  -0.165971417E+02  -0.169340814E+02  -0.173735971E+02  -0.171705339E+02  -0.146069548E+02  -0.116200904E+02  -0.144959906E+02  -0.150294560E+02  -0.139367063E+02
   0.113006291E+07   0.771981839E+04  -0.162799110E+02  -0.167670707E+02  -0.169633071E+02  -0.169557674E+02  -0.168712973E+02  -0.170958949E+02  -0.165920496E+02  -0.169338201E+02  -0.173791292E+02  -0.171730507E+02  -0.145805920E+02  -0.115697525E+02  -0.144679963E+02  -0.150066881E+02  -0.139075029E+02
   0.114002692E+07   0.768050668E+04  -0.162695756E+02  -0.167638072E+02  -0.169652950E+02  -0.169604816E+02  -0.168779944E+02  -0.170859122E+02  -0.165872976E+02  -0.169337566E+02  -0.173846882E+02  -0.171756834E+02  -0.145551961E+02  -0.115210881E+02  -0.144410170E+02  -0.149847812E+02  -0.138793501E+02
   0.115004252E+07   0.764150020E+04  -0.162591906E+02  -0.167604392E+02  -0.169671376E+02  -0.169650292E+02  -0.168845095E+02  -0.170758770E+02  -0.165824526E+02  -0.169335636E+02  -0.173900741E+02  -0.171781658E+02  -0.145298675E+02  -0.114726715E+02  -0.144141171E+02  -0.149629144E+02  -0.138512859E+02
   0.116000987E+07   0.760278644E+04  -0.162486136E+02  -0.167568265E+02  -0.169686964E+02  -0.169692727E+02  -0.168907059E+02  -0.170656472E+02  -0.165773740E+02  -0.169331022E+02  -0.173951498E+02  -0.171803596E+02  -0.145044591E+02  -0.114243484E+02  -0.143871493E+02  -0.149409418E+02  -0.138231625E+02
   0.117005536E+07   0.756435196E+04  -0.162380345E+02  -0.167531615E+02  -0.169701656E+02  -0.169734073E+02  -0.168967792E+02  -0.170554128E+02  -0.165722537E+02  -0.169325657E+02  -0.174001104E+02  -0.171824592E+02  -0.144791555E+02  -0.113762955E+02  -0.143602976E+02  -0.149190493E+02  -0.137951635E+02
   0.118007082E+07   0.752664211E+04  -0.162276268E+02  -0.167495376E+02  -0.169715790E+02  -0.169774359E+02  -0.169027099E+02  -0.170453434E+02  -0.165672019E+02  -0.169320113E+02  -0.174049495E+02  -0.171844912E+02  -0.144543011E+02  -0.113291205E+02  -0.143339242E+02  -0.148975416E+02  -0.137676645E+02
   0.119004407E+07   0.748934260E+04  -0.162171246E+02  -0.167457453E+02  -0.169727693E+02  -0.169812128E+02  -0.169083683E+02  -0.170351757E+02  -0.165619972E+02  -0.169312551E+02  -0.174095280E+02  -0.171862932E+02  -0.144295092E+02  -0.112822511E+02  -0.143076299E+02  -0.148760600E+02  -0.137402568E+02
   0.120006159E+07   0.745263162E+04  -0.162068074E+02  -0.167420321E+02  -0.169739601E+02  -0.169849495E+02  -0.169139567E+02  -0.170251877E+02  -0.165568940E+02  -0.169305302E+02  -0.174140537E+02  -0.171880862E+02  -0.144051278E+02  -0.112361405E+02  -0.142817698E+02  -0.148549368E+02  -0.137133009E+02
   0.121005829E+07   0.741735887E+04  -0.161972139E+02  -0.167387839E+02  -0.169754237E+02  -0.169888593E+02  -0.169196457E+02  -0.170159106E+02  -0.165523102E+02  -0.169301532E+02  -0.174187216E+02  -0.171901284E+02  -0.143820211E+02  -0.111921559E+02  -0.142572424E+02  -0.148349605E+02  -0.136877205E+02
   0.122002878E+07   0.738316566E+04  -0.161880441E+02  -0.167357653E+02  -0.169769727E+02  -0.169927796E+02  -0.169252908E+02  -0.170070475E+02  -0.165479969E+02  -0.169299178E+02  -0.174233768E+02  -0.171922382E+02  -0.143597518E+02  -0.111496476E+02  -0.142335957E+02  -0.148157259E+02  -0.136630532E+02
   0.123007015E+07   0.734876960E+04  -0.161784797E+02  -0.167323884E+02  -0.169781906E+02  -0.169963827E+02  -0.169306290E+02  -0.169977915E+02  -0.165433176E+02  -0.169293408E+02  -0.174277192E+02  -0.171940202E+02  -0.143370100E+02  -0.111065468E+02  -0.142094685E+02  -0.147960367E+02  -0.136378992E+02
   0.124001420E+07   0.731486260E+04  -0.161687792E+02  -0.167287877E+02  -0.169791192E+02  -0.169996628E+02  -0.169356193E+02  -0.169883952E+02  -0.165384329E+02  -0.169285000E+02  -0.174317279E+02  -0.171955050E+02  -0.143143197E+02  -0.110637868E+02  -0.141854123E+02  -0.147763556E+02  -0.136128310E+02
   0.125000255E+07   0.728189860E+04  -0.161594923E+02  -0.167254307E+02  -0.169801656E+02  -0.170029953E+02  -0.169406146E+02  -0.169794039E+02  -0.165338278E+02  -0.169278262E+02  -0.174357689E+02  -0.171970922E+02  -0.142924041E+02  -0.110223598E+02  -0.141621689E+02  -0.147573656E+02  -0.135886036E+02
   0.126002598E+07   0.725144296E+04  -0.161506651E+02  -0.167220823E+02  -0.169808856E+02  -0.170058273E+02  -0.169449828E+02  -0.169708499E+02  -0.165293262E+02  -0.169269569E+02  -0.174392555E+02  -0.171983116E+02  -0.142719092E+02  -0.109838383E+02  -0.141404473E+02  -0.147395736E+02  -0.135659729E+02
   0.127000775E+07   0.722196365E+04  -0.161417456E+02  -0.167184659E+02  -0.169812071E+02  -0.170081931E+02  -0.169488357E+02  -0.169621948E+02  -0.165245936E+02  -0.169257401E+02  -0.174422549E+02  -0.171991167E+02  -0.142516960E+02  -0.109461763E+02  -0.141190467E+02  -0.147219767E+02  -0.135436923E+02
   0.128005911E+07   0.719331581E+04  -0.161330865E+02  -0.167149603E+02  -0.169815284E+02  -0.170105011E+02  -0.169525887E+02  -0.169537926E+02  -0.165200032E+02  -0.169245663E+02  -0.174451786E+02  -0.171999078E+02  -0.142320617E+02  -0.109095853E+02  -0.140982585E+02  -0.147048849E+02  -0.135220490E+02
   0.129005298E+07   0.716660669E+04  -0.161252930E+02  -0.167119717E+02  -0.169821076E+02  -0.170129326E+02  -0.169563674E+02  -0.169462387E+02  -0.165160032E+02  -0.169237518E+02  -0.174481841E+02  -0.172009252E+02  -0.142140359E+02  -0.108757504E+02  -0.140791568E+02  -0.146892295E+02  -0.135021500E+02
   0.130003665E+07   0.714067348E+04  -0.161175826E+02  -0.167089265E+02  -0.169825266E+02  -0.170151501E+02  -0.169598930E+02  -0.169387609E+02  -0.165119761E+02  -0.169228175E+02  -0.174509590E+02  -0.172017696E+02  -0.141963904E+02  -0.108427550E+02  -0.140604667E+02  -0.146738856E+02  -0.134826858E+02
   0.131002956E+07   0.711432823E+04  -0.161091992E+02  -0.167052824E+02  -0.169824018E+02  -0.170168522E+02  -0.169629241E+02  -0.169306138E+02  -0.165073344E+02  -0.169213179E+02  -0.174532274E+02  -0.172020768E+02  -0.141779139E+02  -0.108086848E+02  -0.140409291E+02  -0.146577473E+02  -0.134623618E+02
   0.132001920E+07   0.708871692E+04  -0.161009646E+02  -0.167016550E+02  -0.169821957E+02  -0.170184223E+02  -0.169657860E+02  -0.169226089E+02  -0.165027373E+02  -0.169197753E+02  -0.174553478E+02  -0.172022908E+02  -0.141598675E+02  -0.107754790E+02  -0.140218510E+02  -0.146419739E+02  -0.134425192E+02
   0.133004944E+07   0.706517658E+04  -0.160937947E+02  -0.166987199E+02  -0.169824052E+02  -0.170202642E+02  -0.169688154E+02  -0.169156502E+02  -0.164989108E+02  -0.169187563E+02  -0.174576957E+02  -0.172028864E+02  -0.141436792E+02  -0.107453572E+02  -0.140047145E+02  -0.146278748E+02  -0.134246801E+02
   0.134006172E+07   0.704240570E+04  -0.160867085E+02  -0.166957300E+02  -0.169824570E+02  -0.170218952E+02  -0.169715950E+02  -0.169087681E+02  -0.164950587E+02  -0.169176199E+02  -0.174598161E+02  -0.172033118E+02  -0.141278693E+02  -0.107160692E+02  -0.139879874E+02  -0.146140858E+02  -0.134072732E+02
   0.135003688E+07   0.701933560E+04  -0.160790114E+02  -0.166921831E+02  -0.169819919E+02  -0.170230300E+02  -0.169738934E+02  -0.169012780E+02  -0.164906382E+02  -0.169159509E+02  -0.174614467E+02  -0.172032250E+02  -0.141113340E+02  -0.106858787E+02  -0.139705228E+02  -0.145995980E+02  -0.133891200E+02
   0.136004762E+07   0.699707901E+04  -0.160710525E+02  -0.166884158E+02  -0.169813337E+02  -0.170239912E+02  -0.169760341E+02  -0.168935293E+02  -0.164859888E+02  -0.169140763E+02  -0.174629105E+02  -0.172029533E+02  -0.140945233E+02  -0.106553147E+02  -0.139527578E+02  -0.145848615E+02  -0.133707859E+02
   0.137003089E+07   0.697624221E+04  -0.160606542E+02  -0.166831059E+02  -0.169797773E+02  -0.170244218E+02  -0.169779206E+02  -0.168833940E+02  -0.164796087E+02  -0.169110407E+02  -0.174639620E+02  -0.172018916E+02  -0.140738228E+02  -0.106181460E+02  -0.139308054E+02  -0.145667162E+02  -0.133488919E+02
   0.138005620E+07   0.695512903E+04  -0.160497117E+02  -0.166773192E+02  -0.169777939E+02  -0.170244518E+02  -0.169794257E+02  -0.168727179E+02  -0.164727377E+02  -0.169075585E+02  -0.174646211E+02  -0.172004094E+02  -0.140524414E+02  -0.105800780E+02  -0.139081555E+02  -0.145479239E+02  -0.133263012E+02
   0.139003807E+07   0.693329316E+04  -0.160378537E+02  -0.166707936E+02  -0.169752018E+02  -0.170239419E+02  -0.169804415E+02  -0.168611354E+02  -0.164650905E+02  -0.169034163E+02  -0.174647619E+02  -0.171983357E+02  -0.140297872E+02  -0.105401661E+02  -0.138841894E+02  -0.145279475E+02  -0.133023962E+02
   0.140003167E+07   0.691291617E+04  -0.160269268E+02  -0.166648428E+02  -0.169729217E+02  -0.170236048E+02  -0.169815283E+02  -0.168504656E+02  -0.164580931E+02  -0.168996896E+02  -0.174650320E+02  -0.171965393E+02  -0.140087854E+02  -0.105030596E+02  -0.138619634E+02  -0.145094445E+02  -0.132802272E+02
   0.141004579E+07   0.689517895E+04  -0.160178453E+02  -0.166600927E+02  -0.169713668E+02  -0.170237413E+02  -0.169829041E+02  -0.168416080E+02  -0.164524321E+02  -0.168968755E+02  -0.174656971E+02  -0.171954054E+02  -0.139909342E+02  -0.104711899E+02  -0.138430465E+02  -0.144937684E+02  -0.132613600E+02
   0.142006523E+07   0.687755329E+04  -0.160084835E+02  -0.166550351E+02  -0.169694842E+02  -0.170235396E+02  -0.169839338E+02  -0.168324685E+02  -0.164464693E+02  -0.168937418E+02  -0.174660205E+02  -0.171939413E+02  -0.139728578E+02  -0.104391833E+02  -0.138239112E+02  -0.144778534E+02  -0.132422741E+02
   0.143006692E+07   0.685901989E+04  -0.159980406E+02  -0.166491181E+02  -0.169669058E+02  -0.170227285E+02  -0.169844177E+02  -0.168222595E+02  -0.164396004E+02  -0.168898477E+02  -0.174657616E+02  -0.171918029E+02  -0.139532515E+02  -0.104049293E+02  -0.138031915E+02  -0.144605199E+02  -0.132216062E+02
   0.144003871E+07   0.684094609E+04  -0.159876872E+02  -0.166431783E+02  -0.169642218E+02  -0.170217679E+02  -0.169847200E+02  -0.168121341E+02  -0.164327323E+02  -0.168858806E+02  -0.174653397E+02  -0.171895479E+02  -0.139339619E+02  -0.103713553E+02  -0.137828160E+02  -0.144434467E+02  -0.132012813E+02
   0.145002904E+07   0.682332547E+04  -0.159774801E+02  -0.166372742E+02  -0.169614919E+02  -0.170207183E+02  -0.169849015E+02  -0.168021494E+02  -0.164259232E+02  -0.168818998E+02  -0.174648151E+02  -0.171872363E+02  -0.139150428E+02  -0.103385099E+02  -0.137628382E+02  -0.144266884E+02  -0.131813529E+02
   0.146004049E+07   0.680480662E+04  -0.159663730E+02  -0.166306894E+02  -0.169582430E+02  -0.170192354E+02  -0.169847125E+02  -0.167912759E+02  -0.164183873E+02  -0.168773363E+02  -0.174638840E+02  -0.171844270E+02  -0.138947795E+02  -0.103036104E+02  -0.137414623E+02  -0.144086961E+02  -0.131600288E+02
   0.147003851E+07   0.678573578E+04  -0.159546403E+02  -0.166236139E+02  -0.169546029E+02  -0.170174138E+02  -0.169842235E+02  -0.167797839E+02  -0.164103322E+02  -0.168723423E+02  -0.174626307E+02  -0.171812396E+02  -0.138736177E+02  -0.102673762E+02  -0.137191547E+02  -0.143898730E+02  -0.131377747E+02
   0.148003056E+07   0.676919863E+04  -0.159447259E+02  -0.166177378E+02  -0.169517058E+02  -0.170160937E+02  -0.169840588E+02  -0.167700781E+02  -0.164036069E+02  -0.168682713E+02  -0.174618033E+02  -0.171787351E+02  -0.138555269E+02  -0.102362154E+02  -0.137000704E+02  -0.143738101E+02  -0.131187366E+02
   0.149004519E+07   0.675565949E+04  -0.159369243E+02  -0.166132425E+02  -0.169496495E+02  -0.170153284E+02  -0.169842395E+02  -0.167624474E+02  -0.163984162E+02  -0.168652538E+02  -0.174614415E+02  -0.171770002E+02  -0.138410313E+02  -0.102110192E+02  -0.136847613E+02  -0.143609748E+02  -0.131034655E+02
   0.150002459E+07   0.674218727E+04  -0.159287985E+02  -0.166084066E+02  -0.169472404E+02  -0.170142040E+02  -0.169840565E+02  -0.167544916E+02  -0.163928884E+02  -0.168618883E+02  -0.174607186E+02  -0.171749110E+02  -0.138262444E+02  -0.101855847E+02  -0.136691650E+02  -0.143478400E+02  -0.130879069E+02
   0.151004178E+07   0.672797246E+04  -0.159197388E+02  -0.166028182E+02  -0.169442126E+02  -0.170125317E+02  -0.169833774E+02  -0.167456112E+02  -0.163865698E+02  -0.168578514E+02  -0.174594698E+02  -0.171722206E+02  -0.138101565E+02  -0.101582623E+02  -0.136522231E+02  -0.143334953E+02  -0.130710048E+02
   0.152003975E+07   0.671407001E+04  -0.159107039E+02  -0.165971783E+02  -0.169410771E+02  -0.170107219E+02  -0.169825390E+02  -0.167367517E+02  -0.163802159E+02  -0.168537289E+02  -0.174580743E+02  -0.171694151E+02  -0.137942479E+02  -0.101313660E+02  -0.136354793E+02  -0.143192915E+02  -0.130542999E+02
   0.153000189E+07   0.670006631E+04  -0.159015816E+02  -0.165914757E+02  -0.169378971E+02  -0.170088773E+02  -0.169816728E+02  -0.167278061E+02  -0.163737941E+02  -0.168495549E+02  -0.174566469E+02  -0.171665676E+02  -0.137782019E+02  -0.101042523E+02  -0.136185919E+02  -0.143049627E+02  -0.130374517E+02
   0.154001868E+07   0.668443725E+04  -0.158913658E+02  -0.165850765E+02  -0.169343133E+02  -0.170067839E+02  -0.169806714E+02  -0.167177876E+02  -0.163665922E+02  -0.168448616E+02  -0.174550193E+02  -0.171633548E+02  -0.137602587E+02  -0.100739568E+02  -0.135997097E+02  -0.142889361E+02  -0.130186132E+02
   0.155001523E+07   0.666815165E+04  -0.158807606E+02  -0.165784483E+02  -0.169306188E+02  -0.170046423E+02  -0.169796678E+02  -0.167073879E+02  -0.163591276E+02  -0.168400109E+02  -0.174533630E+02  -0.171600469E+02  -0.137416015E+02  -0.100424285E+02  -0.135800741E+02  -0.142722761E+02  -0.129990232E+02
   0.156001423E+07   0.665445380E+04  -0.158722244E+02  -0.165732571E+02  -0.169278951E+02  -0.170032248E+02  -0.169792074E+02  -0.166990245E+02  -0.163532328E+02  -0.168363148E+02  -0.174523536E+02  -0.171576484E+02  -0.137262927E+02  -0.100162937E+02  -0.135639423E+02  -0.142586470E+02  -0.129829298E+02
   0.157003726E+07   0.664353503E+04  -0.158656600E+02  -0.165693591E+02  -0.169259640E+02  -0.170023349E+02  -0.169790803E+02  -0.166925979E+02  -0.163487740E+02  -0.168336086E+02  -0.174517891E+02  -0.171559764E+02  -0.137143298E+02  -0.999570127E+01  -0.135513234E+02  -0.142480231E+02  -0.129703415E+02
   0.158002301E+07   0.663305461E+04  -0.158588323E+02  -0.165650908E+02  -0.169235836E+02  -0.170009539E+02  -0.169784316E+02  -0.166859024E+02  -0.163439674E+02  -0.168304842E+02  -0.174507203E+02  -0.171538448E+02  -0.137023203E+02  -0.997540872E+01  -0.135386843E+02  -0.142372989E+02  -0.129577317E+02
   0.159002918E+07   0.662314517E+04  -0.158515079E+02  -0.165601862E+02  -0.169204641E+02  -0.169987794E+02  -0.169769495E+02  -0.166787031E+02  -0.163385540E+02  -0.168266613E+02  -0.174488411E+02  -0.171509606E+02  -0.136900965E+02  -0.995535301E+01  -0.135258650E+02  -0.142262902E+02  -0.129449402E+02
   0.160005846E+07   0.661568735E+04  -0.158447104E+02  -0.165552100E+02  -0.169168313E+02  -0.169958578E+02  -0.169745489E+02  -0.166719997E+02  -0.163331947E+02  -0.168224990E+02  -0.174461417E+02  -0.171475049E+02  -0.136796117E+02  -0.993897400E+01  -0.135149322E+02  -0.142167199E+02  -0.129340282E+02
   0.161003845E+07   0.661165726E+04  -0.158386855E+02  -0.165501692E+02  -0.169125165E+02  -0.169919273E+02  -0.169709000E+02  -0.166660256E+02  -0.163279469E+02  -0.168178981E+02  -0.174423313E+02  -0.171432857E+02  -0.136715941E+02  -0.992777134E+01  -0.135066725E+02  -0.142091966E+02  -0.129257799E+02
   0.162000492E+07   0.661135246E+04  -0.158330887E+02  -0.165446468E+02  -0.169070490E+02  -0.169864888E+02  -0.169654829E+02  -0.166604326E+02  -0.163224088E+02  -0.168124090E+02  -0.174369019E+02  -0.171378255E+02  -0.136658466E+02  -0.992178291E+01  -0.135009067E+02  -0.142034865E+02  -0.129200149E+02
   0.163004853E+07   0.661776735E+04  -0.158291906E+02  -0.165391822E+02  -0.169004289E+02  -0.169792570E+02  -0.169578028E+02  -0.166564537E+02  -0.163172738E+02  -0.168062442E+02  -0.174294790E+02  -0.171310531E+02  -0.136651203E+02  -0.992612651E+01  -0.135005657E+02  -0.142019735E+02  -0.129196560E+02
   0.164005092E+07   0.661768309E+04  -0.158242884E+02  -0.165343006E+02  -0.168955625E+02  -0.169743986E+02  -0.169529503E+02  -0.166515525E+02  -0.163123878E+02  -0.168013718E+02  -0.174246231E+02  -0.171261886E+02  -0.136601764E+02  -0.992111606E+01  -0.134956168E+02  -0.141970399E+02  -0.129147073E+02
   0.165003648E+07   0.660770841E+04  -0.158174665E+02  -0.165299145E+02  -0.168929732E+02  -0.169727605E+02  -0.169520092E+02  -0.166448565E+02  -0.163074894E+02  -0.167980745E+02  -0.174232822E+02  -0.171238362E+02  -0.136484228E+02  -0.990147903E+01  -0.134832639E+02  -0.141865095E+02  -0.129023823E+02
   0.166005895E+07   0.659388898E+04  -0.158096197E+02  -0.165254424E+02  -0.168909905E+02  -0.169720956E+02  -0.169523098E+02  -0.166371840E+02  -0.163023075E+02  -0.167951107E+02  -0.174230291E+02  -0.171221815E+02  -0.136337432E+02  -0.987587745E+01  -0.134677541E+02  -0.141735246E+02  -0.128869112E+02
   0.167004964E+07   0.657800251E+04  -0.158010728E+02  -0.165207750E+02  -0.168891848E+02  -0.169718048E+02  -0.169531291E+02  -0.166288375E+02  -0.162968242E+02  -0.167921773E+02  -0.174232117E+02  -0.171207530E+02  -0.136173417E+02  -0.984692016E+01  -0.134503980E+02  -0.141590712E+02  -0.128695996E+02
   0.168002248E+07   0.656137780E+04  -0.157924506E+02  -0.165162126E+02  -0.168876172E+02  -0.169718225E+02  -0.169543083E+02  -0.166204251E+02  -0.162914079E+02  -0.167894294E+02  -0.174237247E+02  -0.171195800E+02  -0.136004998E+02  -0.981693914E+01  -0.134325574E+02  -0.141442680E+02  -0.128518055E+02
   0.169003072E+07   0.654443397E+04  -0.157839302E+02  -0.165118299E+02  -0.168862868E+02  -0.169721078E+02  -0.169557776E+02  -0.166121186E+02  -0.162861550E+02  -0.167868962E+02  -0.174245149E+02  -0.171186518E+02  -0.135836020E+02  -0.978664995E+01  -0.134146416E+02  -0.141294481E+02  -0.128339372E+02
   0.170000833E+07   0.652714659E+04  -0.157753076E+02  -0.165074289E+02  -0.168849998E+02  -0.169724694E+02  -0.169573470E+02  -0.166037140E+02  -0.162808661E+02  -0.167843820E+02  -0.174253916E+02  -0.171177753E+02  -0.135664320E+02  -0.975581707E+01  -0.133964330E+02  -0.141143980E+02  -0.128157770E+02
   0.171005289E+07   0.650978344E+04  -0.157667656E+02  -0.165031270E+02  -0.168838257E+02  -0.169729510E+02  -0.169590418E+02  -0.165953911E+02  -0.162756724E+02  -0.167819753E+02  -0.174263906E+02  -0.171170133E+02  -0.135493053E+02  -0.972496752E+01  -0.133782631E+02  -0.140994005E+02  -0.127976557E+02
   0.172002272E+07   0.649400577E+04  -0.157596483E+02  -0.164998626E+02  -0.168834035E+02  -0.169740333E+02  -0.169612266E+02  -0.165884729E+02  -0.162715977E+02  -0.167804331E+02  -0.174279431E+02  -0.171169657E+02  -0.135343871E+02  -0.969757964E+01  -0.133623970E+02  -0.140864172E+02  -0.127818338E+02
   0.173006901E+07   0.647989089E+04  -0.157541289E+02  -0.164977901E+02  -0.168838737E+02  -0.169758494E+02  -0.169640289E+02  -0.165831316E+02  -0.162688003E+02  -0.167799012E+02  -0.174301798E+02  -0.171177709E+02  -0.135218890E+02  -0.967392593E+01  -0.133490508E+02  -0.140756499E+02  -0.127685271E+02
   0.174005397E+07   0.646646891E+04  -0.157491709E+02  -0.164961098E+02  -0.168846112E+02  -0.169778668E+02  -0.169669841E+02  -0.165783430E+02  -0.162664306E+02  -0.167796858E+02  -0.174325971E+02  -0.171188270E+02  -0.135102948E+02  -0.965172386E+01  -0.133366503E+02  -0.140657017E+02  -0.127561642E+02
   0.175002133E+07   0.645295648E+04  -0.157440552E+02  -0.164942937E+02  -0.168852293E+02  -0.169797735E+02  -0.169698348E+02  -0.165733978E+02  -0.162639206E+02  -0.167793447E+02  -0.174349064E+02  -0.171197659E+02  -0.134984982E+02  -0.962924780E+01  -0.133240418E+02  -0.140555621E+02  -0.127435935E+02
   0.176004297E+07   0.643939664E+04  -0.157388832E+02  -0.164924331E+02  -0.168858112E+02  -0.169816485E+02  -0.169726573E+02  -0.165683969E+02  -0.162613635E+02  -0.167789641E+02  -0.174371855E+02  -0.171206697E+02  -0.134866218E+02  -0.960665458E+01  -0.133113508E+02  -0.140453486E+02  -0.127309405E+02
   0.177005681E+07   0.642584565E+04  -0.157336777E+02  -0.164905367E+02  -0.168863560E+02  -0.169834854E+02  -0.169754410E+02  -0.165633623E+02  -0.162587712E+02  -0.167785468E+02  -0.174394262E+02  -0.171215362E+02  -0.134747164E+02  -0.958403925E+01  -0.132986312E+02  -0.140351049E+02  -0.127182588E+02
   0.178003546E+07   0.641204338E+04  -0.157281601E+02  -0.164883897E+02  -0.168866952E+02  -0.169851408E+02  -0.169780609E+02  -0.165580189E+02  -0.162559152E+02  -0.167779063E+02  -0.174414929E+02  -0.171222031E+02  -0.134623746E+02  -0.956078900E+01  -0.132854602E+02  -0.140244558E+02  -0.127051265E+02
   0.179004569E+07   0.639803578E+04  -0.157224253E+02  -0.164860756E+02  -0.168869044E+02  -0.169866858E+02  -0.169805846E+02  -0.165524609E+02  -0.162528817E+02  -0.167771211E+02  -0.174434552E+02  -0.171227448E+02  -0.134497142E+02  -0.953705775E+01  -0.132719581E+02  -0.140135130E+02  -0.126916636E+02
   0.180001340E+07   0.638499254E+04  -0.157175203E+02  -0.164843557E+02  -0.168875342E+02  -0.169885593E+02  -0.169833694E+02  -0.165477205E+02  -0.162504920E+02  -0.167768249E+02  -0.174457175E+02  -0.171236842E+02  -0.134383602E+02  -0.951539525E+01  -0.132598206E+02  -0.140037586E+02  -0.126795626E+02
   0.181001348E+07   0.637313502E+04  -0.157137034E+02  -0.164834345E+02  -0.168887489E+02  -0.169909048E+02  -0.169865434E+02  -0.165440532E+02  -0.162489617E+02  -0.167771978E+02  -0.174484162E+02  -0.171251804E+02  -0.134286807E+02  -0.949634421E+01  -0.132494286E+02  -0.139955331E+02  -0.126692039E+02
   0.182003527E+07   0.636153168E+04  -0.157100514E+02  -0.164826160E+02  -0.168900207E+02  -0.169932830E+02  -0.169897323E+02  -0.165405476E+02  -0.162475473E+02  -0.167776459E+02  -0.174511402E+02  -0.171267276E+02  -0.134192917E+02  -0.947778463E+01  -0.132393425E+02  -0.139875671E+02  -0.126591502E+02
   0.183003196E+07   0.634968101E+04  -0.157060413E+02  -0.164814998E+02  -0.168910393E+02  -0.169954316E+02  -0.169927090E+02  -0.165366870E+02  -0.162458224E+02  -0.167778232E+02  -0.174536419E+02  -0.171280275E+02  -0.134094223E+02  -0.945854919E+01  -0.132287611E+02  -0.139791509E+02  -0.126486020E+02
   0.184005095E+07   0.633772531E+04  -0.157018589E+02  -0.164802371E+02  -0.168919302E+02  -0.169974627E+02  -0.169955754E+02  -0.165326555E+02  -0.162439456E+02  -0.167778654E+02  -0.174560292E+02  -0.171292023E+02  -0.133993288E+02  -0.943900658E+01  -0.132179493E+02  -0.139705235E+02  -0.126378237E+02
   0.185001982E+07   0.632589083E+04  -0.156976816E+02  -0.164789497E+02  -0.168927747E+02  -0.169994357E+02  -0.169983753E+02  -0.165286275E+02  -0.162420505E+02  -0.167778698E+02  -0.174583549E+02  -0.171303277E+02  -0.133893002E+02  -0.941962472E+01  -0.132072097E+02  -0.139619462E+02  -0.126271172E+02
   0.186001457E+07   0.631393459E+04  -0.156933292E+02  -0.164775170E+02  -0.168934958E+02  -0.170012969E+02  -0.170010719E+02  -0.165244260E+02  -0.162400037E+02  -0.167777421E+02  -0.174605724E+02  -0.171313327E+02  -0.133790363E+02  -0.939991135E+01  -0.131962275E+02  -0.139531485E+02  -0.126161685E+02
   0.187005725E+07   0.630179385E+04  -0.156887442E+02  -0.164758969E+02  -0.168940627E+02  -0.170030215E+02  -0.170036448E+02  -0.165199942E+02  -0.162377600E+02  -0.167774471E+02  -0.174626587E+02  -0.171321878E+02  -0.133684487E+02  -0.937972842E+01  -0.131849104E+02  -0.139440497E+02  -0.126048854E+02
   0.188000225E+07   0.629022173E+04  -0.156845513E+02  -0.164745298E+02  -0.168947802E+02  -0.170048425E+02  -0.170062744E+02  -0.165159472E+02  -0.162357986E+02  -0.167773431E+02  -0.174648246E+02  -0.171331800E+02  -0.133585341E+02  -0.936066799E+01  -0.131743007E+02  -0.139355543E+02  -0.125943080E+02
   0.189000987E+07   0.627937346E+04  -0.156810067E+02  -0.164736344E+02  -0.168958390E+02  -0.170069358E+02  -0.170091256E+02  -0.165125396E+02  -0.162343460E+02  -0.167776318E+02  -0.174672411E+02  -0.171344963E+02  -0.133496259E+02  -0.934318595E+01  -0.131647407E+02  -0.139279764E+02  -0.125847784E+02
   0.190000728E+07   0.626883931E+04  -0.156776451E+02  -0.164728452E+02  -0.168969474E+02  -0.170090487E+02  -0.170119746E+02  -0.165093109E+02  -0.162330158E+02  -0.167779924E+02  -0.174696679E+02  -0.171358548E+02  -0.133410559E+02  -0.932629041E+01  -0.131555378E+02  -0.139206982E+02  -0.125756051E+02
   0.191006330E+07   0.625809751E+04  -0.156740014E+02  -0.164718248E+02  -0.168978620E+02  -0.170109876E+02  -0.170146640E+02  -0.165058028E+02  -0.162314437E+02  -0.167781444E+02  -0.174719269E+02  -0.171370244E+02  -0.133321013E+02  -0.930884610E+01  -0.131459378E+02  -0.139130608E+02  -0.125660351E+02
   0.192005834E+07   0.624731462E+04  -0.156701705E+02  -0.164706270E+02  -0.168986067E+02  -0.170127605E+02  -0.170171904E+02  -0.165021079E+02  -0.162296921E+02  -0.167781236E+02  -0.174740211E+02  -0.171380250E+02  -0.133229390E+02  -0.929116169E+01  -0.131361277E+02  -0.139052209E+02  -0.125562552E+02
   0.193002623E+07   0.623658368E+04  -0.156662854E+02  -0.164693624E+02  -0.168992751E+02  -0.170144522E+02  -0.170196319E+02  -0.164983582E+02  -0.162278764E+02  -0.167780302E+02  -0.174760326E+02  -0.171389482E+02  -0.133137483E+02  -0.927348982E+01  -0.131262922E+02  -0.138973460E+02  -0.125464498E+02
   0.194003414E+07   0.622582266E+04  -0.156623202E+02  -0.164680251E+02  -0.168998762E+02  -0.170160795E+02  -0.170220110E+02  -0.164945288E+02  -0.162259863E+02  -0.167778675E+02  -0.174779805E+02  -0.171398048E+02  -0.133044626E+02  -0.925569924E+01  -0.131163600E+02  -0.138893799E+02  -0.125365477E+02
   0.195001813E+07   0.621509673E+04  -0.156582968E+02  -0.164666209E+02  -0.169004042E+02  -0.170176304E+02  -0.170243113E+02  -0.164906407E+02  -0.162240313E+02  -0.167776340E+02  -0.174798510E+02  -0.171405874E+02  -0.132951360E+02  -0.923789551E+01  -0.131063890E+02  -0.138813687E+02  -0.125266067E+02
   0.196004365E+07   0.620456309E+04  -0.156544100E+02  -0.164653065E+02  -0.169009873E+02  -0.170192179E+02  -0.170266348E+02  -0.164868868E+02  -0.162221758E+02  -0.167774693E+02  -0.174817524E+02  -0.171414206E+02  -0.132860411E+02  -0.922047547E+01  -0.130966612E+02  -0.138735655E+02  -0.125169085E+02
   0.197005319E+07   0.619445789E+04  -0.156508578E+02  -0.164642220E+02  -0.169017231E+02  -0.170209173E+02  -0.170290403E+02  -0.164834621E+02  -0.162205723E+02  -0.167774878E+02  -0.174837529E+02  -0.171423963E+02  -0.132774926E+02  -0.920394045E+01  -0.130875056E+02  -0.138662562E+02  -0.125077812E+02
   0.198001574E+07   0.618462627E+04  -0.156474713E+02  -0.164632364E+02  -0.169025086E+02  -0.170226404E+02  -0.170314503E+02  -0.164801997E+02  -0.162190818E+02  -0.167775753E+02  -0.174857689E+02  -0.171434152E+02  -0.132692452E+02  -0.918792269E+01  -0.130786675E+02  -0.138592144E+02  -0.124989706E+02
