   0.000000000E+00   0.500000000E+04  -0.365605851E+01  -0.486414751E+01  -0.558984321E+01  -0.586488251E+01  -0.598806051E+01  -0.450989851E+01  -0.453786851E+01  -0.535088451E+01  -0.637697051E+01  -0.587167051E+01  -0.523958514E+00   0.480925149E+01  -0.230178514E+00  -0.133648851E+01   0.250191486E+00
   0.100012722E+05   0.500000000E+04  -0.415282937E+01  -0.536091837E+01  -0.608661407E+01  -0.636165337E+01  -0.648483137E+01  -0.500666937E+01  -0.503463937E+01  -0.584765537E+01  -0.687374137E+01  -0.636844137E+01  -0.102072937E+01   0.431248063E+01  -0.726949367E+00  -0.183325937E+01  -0.246579367E+00
   0.200036720E+05   0.500000000E+04  -0.409153272E+01  -0.529962172E+01  -0.602531742E+01  -0.630035672E+01  -0.642353472E+01  -0.494537272E+01  -0.497334272E+01  -0.578635872E+01  -0.681244472E+01  -0.630714472E+01  -0.959432722E+00   0.437377728E+01  -0.665652722E+00  -0.177196272E+01  -0.185282722E+00
   0.300051188E+05   0.500000000E+04  -0.405234150E+01  -0.526043050E+01  -0.598612620E+01  -0.626116550E+01  -0.638434350E+01  -0.490618150E+01  -0.493415150E+01  -0.574716750E+01  -0.677325350E+01  -0.626795350E+01  -0.920241497E+00   0.441296850E+01  -0.626461497E+00  -0.173277150E+01  -0.146091497E+00
   0.400031083E+05   0.500000000E+04  -0.403876264E+01  -0.524685164E+01  -0.597254734E+01  -0.624758664E+01  -0.637076464E+01  -0.489260264E+01  -0.492057264E+01  -0.573358864E+01  -0.675967464E+01  -0.625437464E+01  -0.906662642E+00   0.442654736E+01  -0.612882642E+00  -0.171919264E+01  -0.132512642E+00
   0.500174322E+05   0.500000000E+04  -0.403494457E+01  -0.524303357E+01  -0.596872927E+01  -0.624376857E+01  -0.636694657E+01  -0.488878457E+01  -0.491675457E+01  -0.572977057E+01  -0.675585657E+01  -0.625055657E+01  -0.902844566E+00   0.443036543E+01  -0.609064566E+00  -0.171537457E+01  -0.128694566E+00
   0.600134207E+05   0.500000000E+04  -0.403364079E+01  -0.524172979E+01  -0.596742549E+01  -0.624246479E+01  -0.636564279E+01  -0.488748079E+01  -0.491545079E+01  -0.572846679E+01  -0.675455279E+01  -0.624925279E+01  -0.901540788E+00   0.443166921E+01  -0.607760788E+00  -0.171407079E+01  -0.127390788E+00
   0.700099798E+05   0.500000000E+04  -0.403219397E+01  -0.524028297E+01  -0.596597867E+01  -0.624101797E+01  -0.636419597E+01  -0.488603397E+01  -0.491400397E+01  -0.572701997E+01  -0.675310597E+01  -0.624780597E+01  -0.900093967E+00   0.443311603E+01  -0.606313967E+00  -0.171262397E+01  -0.125943967E+00
   0.800024835E+05   0.500000000E+04  -0.402975274E+01  -0.523784174E+01  -0.596353744E+01  -0.623857674E+01  -0.636175474E+01  -0.488359274E+01  -0.491156274E+01  -0.572457874E+01  -0.675066474E+01  -0.624536474E+01  -0.897652741E+00   0.443555726E+01  -0.603872741E+00  -0.171018274E+01  -0.123502741E+00
   0.900392778E+05   0.500000000E+04  -0.402611064E+01  -0.523419964E+01  -0.595989534E+01  -0.623493464E+01  -0.635811264E+01  -0.487995064E+01  -0.490792064E+01  -0.572093664E+01  -0.674702264E+01  -0.624172264E+01  -0.894010635E+00   0.443919936E+01  -0.600230635E+00  -0.170654064E+01  -0.119860635E+00
   0.100026984E+06   0.500000000E+04  -0.402143571E+01  -0.522952471E+01  -0.595522041E+01  -0.623025971E+01  -0.635343771E+01  -0.487527571E+01  -0.490324571E+01  -0.571626171E+01  -0.674234771E+01  -0.623704771E+01  -0.889335710E+00   0.444387429E+01  -0.595555710E+00  -0.170186571E+01  -0.115185710E+00
   0.110033331E+06   0.500000000E+04  -0.401591526E+01  -0.522400426E+01  -0.594969996E+01  -0.622473926E+01  -0.634791726E+01  -0.486975526E+01  -0.489772526E+01  -0.571074126E+01  -0.673682726E+01  -0.623152726E+01  -0.883815264E+00   0.444939474E+01  -0.590035264E+00  -0.169634526E+01  -0.109665264E+00
   0.120002164E+06   0.500000000E+04  -0.400980169E+01  -0.521789069E+01  -0.594358639E+01  -0.621862569E+01  -0.634180369E+01  -0.486364169E+01  -0.489161169E+01  -0.570462769E+01  -0.673071369E+01  -0.622541369E+01  -0.877701685E+00   0.445550831E+01  -0.583921685E+00  -0.169023169E+01  -0.103551685E+00
   0.130024191E+06   0.500000000E+04  -0.400321877E+01  -0.521130777E+01  -0.593700347E+01  -0.621204277E+01  -0.633522077E+01  -0.485705877E+01  -0.488502877E+01  -0.569804477E+01  -0.672413077E+01  -0.621883077E+01  -0.871118770E+00   0.446209123E+01  -0.577338770E+00  -0.168364877E+01  -0.969687697E-01
   0.140022898E+06   0.500000000E+04  -0.399638719E+01  -0.520447619E+01  -0.593017189E+01  -0.620521119E+01  -0.632838919E+01  -0.485022719E+01  -0.487819719E+01  -0.569121319E+01  -0.671729919E+01  -0.621199919E+01  -0.864287193E+00   0.446892281E+01  -0.570507193E+00  -0.167681719E+01  -0.901371930E-01
   0.150005868E+06   0.500000000E+04  -0.398940452E+01  -0.519749352E+01  -0.592318922E+01  -0.619822852E+01  -0.632140652E+01  -0.484324452E+01  -0.487121452E+01  -0.568423052E+01  -0.671031652E+01  -0.620501652E+01  -0.857304524E+00   0.447590548E+01  -0.563524524E+00  -0.166983452E+01  -0.831545238E-01
   0.160001062E+06   0.500000000E+04  -0.398235193E+01  -0.519044093E+01  -0.591613663E+01  -0.619117593E+01  -0.631435393E+01  -0.483619193E+01  -0.486416193E+01  -0.567717793E+01  -0.670326393E+01  -0.619796393E+01  -0.850251931E+00   0.448295807E+01  -0.556471931E+00  -0.166278193E+01  -0.761019310E-01
   0.170003084E+06   0.500000000E+04  -0.397530308E+01  -0.518339208E+01  -0.590908778E+01  -0.618412708E+01  -0.630730508E+01  -0.482914308E+01  -0.485711308E+01  -0.567012908E+01  -0.669621508E+01  -0.619091508E+01  -0.843203079E+00   0.449000692E+01  -0.549423079E+00  -0.165573308E+01  -0.690530789E-01
   0.180002310E+06   0.508529684E+04  -0.830746432E+01  -0.948593502E+01  -0.101900365E+02  -0.104533644E+02  -0.105678875E+02  -0.915970228E+01  -0.916585215E+01  -0.995968589E+01  -0.109617456E+02  -0.104687473E+02  -0.523188116E+01   0.699309468E-02  -0.494595785E+01  -0.602735861E+01  -0.445715967E+01
   0.190004297E+06   0.500164136E+04  -0.855166398E+01  -0.975918304E+01  -0.104844632E+02  -0.107592771E+02  -0.108822886E+02  -0.940547315E+01  -0.943302327E+01  -0.102456701E+02  -0.112712938E+02  -0.107662305E+02  -0.542065153E+01  -0.892568217E-01  -0.512702271E+01  -0.623285339E+01  -0.464649053E+01
   0.200001670E+06   0.527680489E+04  -0.920831481E+01  -0.103202866E+02  -0.109759050E+02  -0.112129385E+02  -0.113080296E+02  -0.100569559E+02  -0.100141153E+02  -0.107648811E+02  -0.117129971E+02  -0.112476184E+02  -0.625962296E+01  -0.123255086E+01  -0.599133946E+01  -0.701681412E+01  -0.548361837E+01
   0.210006931E+06   0.571145419E+04  -0.100397437E+02  -0.110007888E+02  -0.115463691E+02  -0.117237244E+02  -0.117747126E+02  -0.108802212E+02  -0.107261913E+02  -0.113792095E+02  -0.122048940E+02  -0.118022014E+02  -0.737904617E+01  -0.283268317E+01  -0.715079822E+01  -0.804934225E+01  -0.660012943E+01
   0.220033489E+06   0.743129019E+04  -0.120051464E+02  -0.125442103E+02  -0.127789891E+02  -0.127914586E+02  -0.127215423E+02  -0.128237182E+02  -0.123582641E+02  -0.127344456E+02  -0.132210215E+02  -0.129934653E+02  -0.101952908E+02  -0.701367149E+01  -0.100710732E+02  -0.106469938E+02  -0.950196721E+01
   0.230015248E+06   0.138396757E+05  -0.148237254E+02  -0.147603626E+02  -0.145466636E+02  -0.143289636E+02  -0.140926642E+02  -0.156138246E+02  -0.147008040E+02  -0.146739834E+02  -0.146882357E+02  -0.147087494E+02  -0.144110011E+02  -0.132939340E+02  -0.143955187E+02  -0.145616240E+02  -0.141250200E+02
   0.240000058E+06   0.199953207E+05  -0.159028931E+02  -0.156517417E+02  -0.152967366E+02  -0.150074244E+02  -0.147197187E+02  -0.166848602E+02  -0.156312913E+02  -0.154770186E+02  -0.153449060E+02  -0.154434946E+02  -0.159876240E+02  -0.155737653E+02  -0.159907963E+02  -0.159992012E+02  -0.158982536E+02
   0.250012821E+06   0.263497567E+05  -0.165537071E+02  -0.162101182E+02  -0.157846291E+02  -0.154595151E+02  -0.151486249E+02  -0.173318187E+02  -0.162089206E+02  -0.159912319E+02  -0.157859709E+02  -0.159238953E+02  -0.168943425E+02  -0.168396300E+02  -0.169033813E+02  -0.168346658E+02  -0.169113309E+02
   0.260000003E+06   0.325927153E+05  -0.169833675E+02  -0.165875237E+02  -0.161216771E+02  -0.157760442E+02  -0.154499303E+02  -0.177593415E+02  -0.165972316E+02  -0.163433851E+02  -0.160961282E+02  -0.162567471E+02  -0.174707816E+02  -0.176206351E+02  -0.174821498E+02  -0.173739610E+02  -0.175506411E+02
   0.270010995E+06   0.384728984E+05  -0.172948276E+02  -0.168668307E+02  -0.163759019E+02  -0.160174712E+02  -0.156819723E+02  -0.180695078E+02  -0.168832499E+02  -0.166070008E+02  -0.163335517E+02  -0.165083769E+02  -0.178729313E+02  -0.181481243E+02  -0.178853628E+02  -0.177546462E+02  -0.179920011E+02
   0.280019241E+06   0.443125838E+05  -0.175507216E+02  -0.171000301E+02  -0.165912805E+02  -0.162237147E+02  -0.158814284E+02  -0.183245010E+02  -0.171212089E+02  -0.168290637E+02  -0.165369334E+02  -0.167219092E+02  -0.181928192E+02  -0.185556703E+02  -0.182058311E+02  -0.180597534E+02  -0.183396258E+02
   0.290022932E+06   0.489191491E+05  -0.177364828E+02  -0.172720435E+02  -0.167524482E+02  -0.163793071E+02  -0.160329326E+02  -0.185097117E+02  -0.172961074E+02  -0.169943019E+02  -0.166907754E+02  -0.168819560E+02  -0.184172535E+02  -0.188326743E+02  -0.184305494E+02  -0.182754809E+02  -0.185808159E+02
   0.300014829E+06   0.457304962E+05  -0.176664621E+02  -0.172112156E+02  -0.166988813E+02  -0.163294663E+02  -0.159858269E+02  -0.184400571E+02  -0.172333504E+02  -0.169380033E+02  -0.166421114E+02  -0.168291341E+02  -0.183213824E+02  -0.187016956E+02  -0.183344862E+02  -0.181853841E+02  -0.184737428E+02
   0.310000228E+06   0.384433828E+05  -0.174146833E+02  -0.169868204E+02  -0.164959964E+02  -0.161376194E+02  -0.158021597E+02  -0.181893691E+02  -0.170032116E+02  -0.167270561E+02  -0.164537167E+02  -0.166284823E+02  -0.179924098E+02  -0.182670833E+02  -0.180048374E+02  -0.178742118E+02  -0.181113161E+02
   0.320000089E+06   0.315823309E+05  -0.171009084E+02  -0.167119539E+02  -0.162514511E+02  -0.159085447E+02  -0.155844393E+02  -0.178771654E+02  -0.167202216E+02  -0.164711607E+02  -0.162294739E+02  -0.163870791E+02  -0.175689150E+02  -0.176918280E+02  -0.175800181E+02  -0.174768742E+02  -0.176404189E+02
   0.330000086E+06   0.305220241E+05  -0.170866537E+02  -0.167054855E+02  -0.162510103E+02  -0.159111790E+02  -0.155893497E+02  -0.178632267E+02  -0.167121255E+02  -0.164684640E+02  -0.162330583E+02  -0.163872619E+02  -0.175327468E+02  -0.176251901E+02  -0.175435386E+02  -0.174461196E+02  -0.175948251E+02
   0.340000727E+06   0.291399796E+05  -0.170642169E+02  -0.166941063E+02  -0.162481946E+02  -0.159127125E+02  -0.155941165E+02  -0.178412407E+02  -0.166984371E+02  -0.164624478E+02  -0.162359425E+02  -0.163853322E+02  -0.174791961E+02  -0.175283090E+02  -0.174895164E+02  -0.174003256E+02  -0.175279247E+02
   0.350000690E+06   0.275650297E+05  -0.170293899E+02  -0.166735274E+02  -0.162385992E+02  -0.159086947E+02  -0.155942326E+02  -0.178069939E+02  -0.166748831E+02  -0.164487356E+02  -0.162336579E+02  -0.163768841E+02  -0.174043883E+02  -0.173977095E+02  -0.174140439E+02  -0.173357374E+02  -0.174360187E+02
   0.360002911E+06   0.260296892E+05  -0.169863371E+02  -0.166461056E+02  -0.162231964E+02  -0.158993946E+02  -0.155894838E+02  -0.177645872E+02  -0.166442104E+02  -0.164288357E+02  -0.162262569E+02  -0.163627314E+02  -0.173175785E+02  -0.172497272E+02  -0.173264445E+02  -0.172603696E+02  -0.173305693E+02
   0.370005557E+06   0.246193806E+05  -0.169415607E+02  -0.166178498E+02  -0.162076000E+02  -0.158902412E+02  -0.155848415E+02  -0.177204907E+02  -0.166125102E+02  -0.164085174E+02  -0.162190921E+02  -0.163484782E+02  -0.172266732E+02  -0.170942257E+02  -0.172346392E+02  -0.171818277E+02  -0.172201467E+02
   0.380008044E+06   0.233661616E+05  -0.168985887E+02  -0.165913730E+02  -0.161937373E+02  -0.158827920E+02  -0.155816598E+02  -0.176782072E+02  -0.165826039E+02  -0.163899464E+02  -0.162136115E+02  -0.163359509E+02  -0.171378154E+02  -0.169410373E+02  -0.171448093E+02  -0.171055477E+02  -0.171119859E+02
   0.390003033E+06   0.222357747E+05  -0.168561594E+02  -0.165656210E+02  -0.161806983E+02  -0.158762020E+02  -0.155791267E+02  -0.176364745E+02  -0.165533784E+02  -0.163721592E+02  -0.162090205E+02  -0.163242660E+02  -0.170491956E+02  -0.167875769E+02  -0.170551366E+02  -0.170298540E+02  -0.170040581E+02
   0.400010070E+06   0.212281583E+05  -0.168160874E+02  -0.165421661E+02  -0.161698788E+02  -0.158718013E+02  -0.155786555E+02  -0.175970958E+02  -0.165264592E+02  -0.163566217E+02  -0.162065872E+02  -0.163147963E+02  -0.169632914E+02  -0.166372915E+02  -0.169681137E+02  -0.169569374E+02  -0.168993541E+02
   0.410005613E+06   0.203328424E+05  -0.167787596E+02  -0.165212455E+02  -0.161614126E+02  -0.158696528E+02  -0.155804217E+02  -0.175604584E+02  -0.165021203E+02  -0.163434999E+02  -0.162063805E+02  -0.163076566E+02  -0.168809310E+02  -0.164916053E+02  -0.168845703E+02  -0.168874916E+02  -0.167986573E+02
   0.420005709E+06   0.195336997E+05  -0.167441507E+02  -0.165027350E+02  -0.161551111E+02  -0.158695335E+02  -0.155842236E+02  -0.175265292E+02  -0.164802626E+02  -0.163326373E+02  -0.162081599E+02  -0.163026585E+02  -0.168023384E+02  -0.163511207E+02  -0.168047537E+02  -0.168215324E+02  -0.167020737E+02
   0.430002050E+06   0.188179390E+05  -0.167122432E+02  -0.164864163E+02  -0.161505997E+02  -0.158709965E+02  -0.155896617E+02  -0.174952820E+02  -0.164607032E+02  -0.163237144E+02  -0.162114562E+02  -0.162994111E+02  -0.167280203E+02  -0.162170901E+02  -0.167291962E+02  -0.167594540E+02  -0.166103703E+02
   0.440013735E+06   0.181719343E+05  -0.166825838E+02  -0.164721318E+02  -0.161479304E+02  -0.158742058E+02  -0.155971476E+02  -0.174662783E+02  -0.164432146E+02  -0.163166975E+02  -0.162164744E+02  -0.162979886E+02  -0.166567647E+02  -0.160872160E+02  -0.166566486E+02  -0.167003820E+02  -0.165221183E+02
   0.450017822E+06   0.175865046E+05  -0.166546862E+02  -0.164595054E+02  -0.161468225E+02  -0.158789215E+02  -0.156071819E+02  -0.174390361E+02  -0.164274074E+02  -0.163112775E+02  -0.162229822E+02  -0.162981221E+02  -0.165878120E+02  -0.159603696E+02  -0.165863554E+02  -0.166437407E+02  -0.164365720E+02
   0.460018015E+06   0.170530730E+05  -0.166288375E+02  -0.164480787E+02  -0.161462670E+02  -0.158838604E+02  -0.156175138E+02  -0.174138078E+02  -0.164129775E+02  -0.163066520E+02  -0.162296121E+02  -0.162987403E+02  -0.165232821E+02  -0.158412804E+02  -0.165205400E+02  -0.165909101E+02  -0.163564713E+02
   0.470002366E+06   0.165668100E+05  -0.166042877E+02  -0.164383575E+02  -0.161477079E+02  -0.158909552E+02  -0.156283291E+02  -0.173898993E+02  -0.164001721E+02  -0.163039104E+02  -0.162384260E+02  -0.163013895E+02  -0.164593011E+02  -0.157216037E+02  -0.164551315E+02  -0.165383146E+02  -0.162768711E+02
   0.480005935E+06   0.161198897E+05  -0.165816965E+02  -0.164295847E+02  -0.161493348E+02  -0.158978513E+02  -0.156385101E+02  -0.173679061E+02  -0.163885255E+02  -0.163016403E+02  -0.162469221E+02  -0.163041427E+02  -0.163999994E+02  -0.156104414E+02  -0.163944891E+02  -0.164895585E+02  -0.162030534E+02
   0.490015620E+06   0.157072540E+05  -0.165597363E+02  -0.164217744E+02  -0.161521568E+02  -0.159060652E+02  -0.156499530E+02  -0.173465611E+02  -0.163777678E+02  -0.163004747E+02  -0.162567654E+02  -0.163081172E+02  -0.163407733E+02  -0.154984969E+02  -0.163337908E+02  -0.164408461E+02  -0.161292627E+02
   0.500030247E+06   0.153241604E+05  -0.165389825E+02  -0.164146867E+02  -0.161553318E+02  -0.159144465E+02  -0.156614067E+02  -0.173264027E+02  -0.163678319E+02  -0.162997996E+02  -0.162667174E+02  -0.163124051E+02  -0.162841397E+02  -0.153910804E+02  -0.162757015E+02  -0.163942692E+02  -0.160586654E+02
   0.510022073E+06   0.149674122E+05  -0.165194551E+02  -0.164080767E+02  -0.161584197E+02  -0.159224546E+02  -0.156724017E+02  -0.173074385E+02  -0.163585295E+02  -0.162992488E+02  -0.162762101E+02  -0.163165461E+02  -0.162307470E+02  -0.152897438E+02  -0.162209199E+02  -0.163502895E+02  -0.159921138E+02
   0.520016236E+06   0.146326802E+05  -0.164991025E+02  -0.164016272E+02  -0.161623857E+02  -0.159317093E+02  -0.156856331E+02  -0.172876975E+02  -0.163491816E+02  -0.162993025E+02  -0.162870626E+02  -0.163216566E+02  -0.161743910E+02  -0.151823043E+02  -0.161629505E+02  -0.163032139E+02  -0.159219601E+02
   0.530023811E+06   0.143166877E+05  -0.164796436E+02  -0.163952929E+02  -0.161658839E+02  -0.159402002E+02  -0.156978780E+02  -0.172688159E+02  -0.163401111E+02  -0.162991073E+02  -0.162970617E+02  -0.163262351E+02  -0.161209442E+02  -0.150806339E+02  -0.161079806E+02  -0.162585280E+02  -0.158554880E+02
   0.540043775E+06   0.140179592E+05  -0.164610534E+02  -0.163891104E+02  -0.161689966E+02  -0.159480329E+02  -0.157092595E+02  -0.172507715E+02  -0.163313419E+02  -0.162987285E+02  -0.163063201E+02  -0.163303692E+02  -0.160702230E+02  -0.149843238E+02  -0.160558196E+02  -0.162160891E+02  -0.157924533E+02
   0.550009726E+06   0.137369248E+05  -0.164409874E+02  -0.163826456E+02  -0.161726997E+02  -0.159569095E+02  -0.157220588E+02  -0.172313098E+02  -0.163220393E+02  -0.162986081E+02  -0.163167578E+02  -0.163352031E+02  -0.160154694E+02  -0.148801836E+02  -0.159993510E+02  -0.161688218E+02  -0.157247001E+02
   0.560039570E+06   0.134690427E+05  -0.164215410E+02  -0.163762893E+02  -0.161761280E+02  -0.159653169E+02  -0.157342434E+02  -0.172124453E+02  -0.163129516E+02  -0.162983568E+02  -0.163266675E+02  -0.163397203E+02  -0.159626685E+02  -0.147798844E+02  -0.159448919E+02  -0.161231368E+02  -0.156594159E+02
   0.570007149E+06   0.132166409E+05  -0.164031550E+02  -0.163702368E+02  -0.161792948E+02  -0.159731751E+02  -0.157456605E+02  -0.171946075E+02  -0.163043257E+02  -0.162980566E+02  -0.163359412E+02  -0.163439132E+02  -0.159128554E+02  -0.146853180E+02  -0.158935164E+02  -0.160800285E+02  -0.155978409E+02
   0.580007376E+06   0.129766993E+05  -0.163853648E+02  -0.163643884E+02  -0.161823712E+02  -0.159807933E+02  -0.157567217E+02  -0.171773488E+02  -0.162959852E+02  -0.162977755E+02  -0.163449300E+02  -0.163479837E+02  -0.158647021E+02  -0.145939026E+02  -0.158438346E+02  -0.160383066E+02  -0.155383630E+02
   0.590037005E+06   0.127483297E+05  -0.163657012E+02  -0.163580106E+02  -0.161859107E+02  -0.159893803E+02  -0.157691159E+02  -0.171582828E+02  -0.162868321E+02  -0.162975733E+02  -0.163550435E+02  -0.163526348E+02  -0.158118260E+02  -0.144934959E+02  -0.157891201E+02  -0.159920605E+02  -0.154734404E+02
   0.600044940E+06   0.125319973E+05  -0.163471725E+02  -0.163520675E+02  -0.161893619E+02  -0.159976132E+02  -0.157809553E+02  -0.171403202E+02  -0.162782598E+02  -0.162974802E+02  -0.163647223E+02  -0.163571392E+02  -0.157618354E+02  -0.143984800E+02  -0.157373880E+02  -0.159483505E+02  -0.154120383E+02
   0.610025110E+06   0.123269995E+05  -0.163297156E+02  -0.163465367E+02  -0.161927334E+02  -0.160055158E+02  -0.157922754E+02  -0.171233998E+02  -0.162702377E+02  -0.162974930E+02  -0.163739951E+02  -0.163615086E+02  -0.157145651E+02  -0.143085435E+02  -0.156884674E+02  -0.159070316E+02  -0.153539543E+02
   0.620036870E+06   0.121311176E+05  -0.163131228E+02  -0.163413398E+02  -0.161960428E+02  -0.160131547E+02  -0.158031799E+02  -0.171073196E+02  -0.162626602E+02  -0.162975931E+02  -0.163829434E+02  -0.163657716E+02  -0.156694846E+02  -0.142226941E+02  -0.156418101E+02  -0.158676380E+02  -0.152985411E+02
   0.630045964E+06   0.119445471E+05  -0.162963979E+02  -0.163361363E+02  -0.161994357E+02  -0.160209252E+02  -0.158141902E+02  -0.170911157E+02  -0.162550487E+02  -0.162977384E+02  -0.163920383E+02  -0.163701314E+02  -0.156241762E+02  -0.141363788E+02  -0.155948556E+02  -0.158278674E+02  -0.152430273E+02
   0.640047505E+06   0.117668187E+05  -0.162782003E+02  -0.163304170E+02  -0.162030187E+02  -0.160292500E+02  -0.158258933E+02  -0.170734877E+02  -0.162467185E+02  -0.162977983E+02  -0.164017995E+02  -0.163747680E+02  -0.155754836E+02  -0.140437216E+02  -0.155442702E+02  -0.157847235E+02  -0.151837936E+02
   0.650019705E+06   0.115974722E+05  -0.162609383E+02  -0.163250447E+02  -0.162065100E+02  -0.160372595E+02  -0.158371217E+02  -0.170567684E+02  -0.162388586E+02  -0.162979327E+02  -0.164111777E+02  -0.163792632E+02  -0.155291647E+02  -0.139555114E+02  -0.154961478E+02  -0.157436917E+02  -0.151274308E+02
   0.660063490E+06   0.114340968E+05  -0.162443388E+02  -0.163199159E+02  -0.162099322E+02  -0.160450405E+02  -0.158480082E+02  -0.170406925E+02  -0.162313297E+02  -0.162981163E+02  -0.164202792E+02  -0.163836539E+02  -0.154845330E+02  -0.138704655E+02  -0.154497761E+02  -0.157041605E+02  -0.150731093E+02
   0.670015909E+06   0.112786703E+05  -0.162286112E+02  -0.163151007E+02  -0.162132521E+02  -0.160525072E+02  -0.158584293E+02  -0.170254631E+02  -0.162242314E+02  -0.162983552E+02  -0.164290020E+02  -0.163878952E+02  -0.154421370E+02  -0.137896217E+02  -0.154057248E+02  -0.156666169E+02  -0.150214949E+02
   0.680072609E+06   0.111278535E+05  -0.162135023E+02  -0.163105807E+02  -0.162166259E+02  -0.160599047E+02  -0.158686935E+02  -0.170108375E+02  -0.162174959E+02  -0.162987393E+02  -0.164376184E+02  -0.163921629E+02  -0.154011507E+02  -0.137113278E+02  -0.153631323E+02  -0.156303391E+02  -0.149715637E+02
   0.690072946E+06   0.109840955E+05  -0.161988076E+02  -0.163062314E+02  -0.162199878E+02  -0.160671988E+02  -0.158787863E+02  -0.169966161E+02  -0.162109815E+02  -0.162991788E+02  -0.164461040E+02  -0.163963999E+02  -0.153612610E+02  -0.136350669E+02  -0.153216526E+02  -0.155951270E+02  -0.149230353E+02
   0.700042508E+06   0.108467113E+05  -0.161813831E+02  -0.163006309E+02  -0.162231926E+02  -0.160749040E+02  -0.158896749E+02  -0.169797403E+02  -0.162029027E+02  -0.162990327E+02  -0.164551759E+02  -0.164006163E+02  -0.153156975E+02  -0.135485230E+02  -0.152741162E+02  -0.155554888E+02  -0.148683522E+02
   0.710042704E+06   0.107143311E+05  -0.161647742E+02  -0.162954153E+02  -0.162264617E+02  -0.160825096E+02  -0.159003478E+02  -0.169636602E+02  -0.161952991E+02  -0.162990729E+02  -0.164640984E+02  -0.164048600E+02  -0.152719745E+02  -0.134653123E+02  -0.152284923E+02  -0.155174754E+02  -0.148158418E+02
   0.720035166E+06   0.105872408E+05  -0.161490825E+02  -0.162906616E+02  -0.162298536E+02  -0.160900648E+02  -0.159108478E+02  -0.169484761E+02  -0.161882529E+02  -0.162993650E+02  -0.164729179E+02  -0.164091878E+02  -0.152302522E+02  -0.133856802E+02  -0.151849450E+02  -0.154812345E+02  -0.147656832E+02
   0.730069494E+06   0.104645543E+05  -0.161341420E+02  -0.162862801E+02  -0.162333354E+02  -0.160975656E+02  -0.159211914E+02  -0.169340255E+02  -0.161816582E+02  -0.162998544E+02  -0.164816392E+02  -0.164135729E+02  -0.151901830E+02  -0.133090149E+02  -0.151431140E+02  -0.154464567E+02  -0.147174701E+02
   0.740085410E+06   0.103466053E+05  -0.161199121E+02  -0.162822015E+02  -0.162368165E+02  -0.161049104E+02  -0.159312692E+02  -0.169202667E+02  -0.161754519E+02  -0.163004586E+02  -0.164901574E+02  -0.164179225E+02  -0.151517948E+02  -0.132354437E+02  -0.151030320E+02  -0.154131557E+02  -0.146712524E+02
   0.750051666E+06   0.102331856E+05  -0.161063238E+02  -0.162783747E+02  -0.162402592E+02  -0.161120685E+02  -0.159410553E+02  -0.169071315E+02  -0.161695792E+02  -0.163011348E+02  -0.164984437E+02  -0.164222002E+02  -0.151149759E+02  -0.131647929E+02  -0.150645845E+02  -0.153812286E+02  -0.146269048E+02
   0.760084356E+06   0.101227689E+05  -0.160932232E+02  -0.162747771E+02  -0.162437384E+02  -0.161191648E+02  -0.159507101E+02  -0.168944718E+02  -0.161639897E+02  -0.163019209E+02  -0.165066385E+02  -0.164264925E+02  -0.150792597E+02  -0.130961404E+02  -0.150272827E+02  -0.153502747E+02  -0.145838591E+02
   0.770059571E+06   0.100165498E+05  -0.160807051E+02  -0.162714008E+02  -0.162471701E+02  -0.161260759E+02  -0.159600824E+02  -0.168823780E+02  -0.161586973E+02  -0.163027617E+02  -0.165146063E+02  -0.164307062E+02  -0.150449859E+02  -0.130301825E+02  -0.149914835E+02  -0.153205821E+02  -0.145425345E+02
   0.780001864E+06   0.991401628E+04  -0.160649308E+02  -0.162662909E+02  -0.162499966E+02  -0.161329717E+02  -0.159698757E+02  -0.168671071E+02  -0.161513486E+02  -0.163025511E+02  -0.165227422E+02  -0.164344579E+02  -0.150045077E+02  -0.129532916E+02  -0.149490704E+02  -0.152855889E+02  -0.144947119E+02
   0.790047781E+06   0.981354698E+04  -0.160487927E+02  -0.162609495E+02  -0.162526894E+02  -0.161397857E+02  -0.159796272E+02  -0.168514800E+02  -0.161437401E+02  -0.163021667E+02  -0.165308130E+02  -0.164380892E+02  -0.149634647E+02  -0.128754699E+02  -0.149060442E+02  -0.152501210E+02  -0.144463708E+02
   0.800022781E+06   0.971675936E+04  -0.160333233E+02  -0.162558812E+02  -0.162553608E+02  -0.161464274E+02  -0.159890987E+02  -0.168365029E+02  -0.161364879E+02  -0.163018737E+02  -0.165386654E+02  -0.164416648E+02  -0.149240032E+02  -0.128005773E+02  -0.148646720E+02  -0.152160302E+02  -0.143998786E+02
   0.810092781E+06   0.962199756E+04  -0.160182910E+02  -0.162510322E+02  -0.162580896E+02  -0.161530432E+02  -0.159984853E+02  -0.168219525E+02  -0.161295006E+02  -0.163017001E+02  -0.165464666E+02  -0.164452788E+02  -0.148854808E+02  -0.127273655E+02  -0.148242791E+02  -0.151827662E+02  -0.143544727E+02
   0.820067781E+06   0.953105159E+04  -0.160039879E+02  -0.162465025E+02  -0.162608324E+02  -0.161595167E+02  -0.160076178E+02  -0.168081120E+02  -0.161229187E+02  -0.163016575E+02  -0.165540777E+02  -0.164488713E+02  -0.148486336E+02  -0.126572257E+02  -0.147856366E+02  -0.151509656E+02  -0.143110192E+02
   0.830042781E+06   0.944288010E+04  -0.159901933E+02  -0.162421831E+02  -0.162635638E+02  -0.161658648E+02  -0.160165439E+02  -0.167947658E+02  -0.161166097E+02  -0.163016883E+02  -0.165615287E+02  -0.164524263E+02  -0.148129827E+02  -0.125892978E+02  -0.147482451E+02  -0.151202073E+02  -0.142689635E+02
   0.840017781E+06   0.935726845E+04  -0.159768805E+02  -0.162380704E+02  -0.162662970E+02  -0.161721099E+02  -0.160252921E+02  -0.167818884E+02  -0.161105651E+02  -0.163017994E+02  -0.165688447E+02  -0.164559594E+02  -0.147784480E+02  -0.125234232E+02  -0.147120205E+02  -0.150904232E+02  -0.142282100E+02
   0.850087781E+06   0.927322142E+04  -0.159638821E+02  -0.162341039E+02  -0.162690515E+02  -0.161783119E+02  -0.160339515E+02  -0.167693175E+02  -0.161047021E+02  -0.163019797E+02  -0.165760981E+02  -0.164594990E+02  -0.147446156E+02  -0.124588238E+02  -0.146765290E+02  -0.150612545E+02  -0.141882724E+02
   0.860062781E+06   0.919212056E+04  -0.159513982E+02  -0.162303354E+02  -0.162717682E+02  -0.161843555E+02  -0.160423662E+02  -0.167572461E+02  -0.160991036E+02  -0.163022125E+02  -0.165831561E+02  -0.164629734E+02  -0.147120280E+02  -0.123965476E+02  -0.146423405E+02  -0.150331672E+02  -0.141497936E+02
   0.870037781E+06   0.911309124E+04  -0.159393004E+02  -0.162267302E+02  -0.162744828E+02  -0.161903118E+02  -0.160506332E+02  -0.167455502E+02  -0.160937151E+02  -0.163025065E+02  -0.165901009E+02  -0.164664262E+02  -0.146803400E+02  -0.123359293E+02  -0.146090924E+02  -0.150058645E+02  -0.141123649E+02
   0.880012781E+06   0.903582266E+04  -0.159274122E+02  -0.162231455E+02  -0.162770770E+02  -0.161960755E+02  -0.160586561E+02  -0.167340550E+02  -0.160883869E+02  -0.163027341E+02  -0.165968312E+02  -0.164697422E+02  -0.146492981E+02  -0.122766017E+02  -0.145765252E+02  -0.149791103E+02  -0.140757102E+02
   0.890082781E+06   0.896009717E+04  -0.159132330E+02  -0.162182896E+02  -0.162791562E+02  -0.162017216E+02  -0.160668567E+02  -0.167203232E+02  -0.160815716E+02  -0.163021430E+02  -0.166035693E+02  -0.164726408E+02  -0.146140692E+02  -0.122099362E+02  -0.145394787E+02  -0.149486396E+02  -0.140347967E+02
   0.900057781E+06   0.888681223E+04  -0.158971772E+02  -0.162122867E+02  -0.162806293E+02  -0.162070467E+02  -0.160749496E+02  -0.167047545E+02  -0.160734547E+02  -0.163007267E+02  -0.166100769E+02  -0.164750042E+02  -0.145756625E+02  -0.121378779E+02  -0.144990325E+02  -0.149153212E+02  -0.139907288E+02
   0.910032781E+06   0.881517809E+04  -0.158814684E+02  -0.162064041E+02  -0.162820544E+02  -0.162122370E+02  -0.160828455E+02  -0.166895217E+02  -0.160655059E+02  -0.162993276E+02  -0.166164231E+02  -0.164772995E+02  -0.145381063E+02  -0.120674279E+02  -0.144594827E+02  -0.148827384E+02  -0.139476388E+02
   0.920007781E+06   0.874514857E+04  -0.158661216E+02  -0.162006636E+02  -0.162834578E+02  -0.162173213E+02  -0.160905748E+02  -0.166746404E+02  -0.160577454E+02  -0.162979700E+02  -0.166226374E+02  -0.164795536E+02  -0.145014015E+02  -0.119985663E+02  -0.144208290E+02  -0.148508958E+02  -0.139055242E+02
   0.930077781E+06   0.867607829E+04  -0.158510259E+02  -0.161950425E+02  -0.162848827E+02  -0.162223767E+02  -0.160982389E+02  -0.166600037E+02  -0.160501320E+02  -0.162966718E+02  -0.166288074E+02  -0.164818177E+02  -0.144652403E+02  -0.119306887E+02  -0.143827455E+02  -0.148195302E+02  -0.138640273E+02
   0.940052781E+06   0.860933852E+04  -0.158365066E+02  -0.161896782E+02  -0.162863267E+02  -0.162273287E+02  -0.161057116E+02  -0.166459279E+02  -0.160428425E+02  -0.162954845E+02  -0.166348363E+02  -0.164840724E+02  -0.144303663E+02  -0.118651684E+02  -0.143460142E+02  -0.147892899E+02  -0.138239977E+02
   0.950027781E+06   0.854426810E+04  -0.158223959E+02  -0.161844934E+02  -0.162877800E+02  -0.162322022E+02  -0.161130427E+02  -0.166322497E+02  -0.160357808E+02  -0.162943723E+02  -0.166407598E+02  -0.164863162E+02  -0.143964100E+02  -0.118013325E+02  -0.143102470E+02  -0.147598515E+02  -0.137850147E+02
   0.960002781E+06   0.848078088E+04  -0.158086818E+02  -0.161794881E+02  -0.162892512E+02  -0.162370104E+02  -0.161202488E+02  -0.166189575E+02  -0.160289443E+02  -0.162933405E+02  -0.166465925E+02  -0.164885587E+02  -0.143633332E+02  -0.117391030E+02  -0.142754033E+02  -0.147311826E+02  -0.137470335E+02
   0.970072781E+06   0.841820499E+04  -0.157952243E+02  -0.161746144E+02  -0.162907611E+02  -0.162418094E+02  -0.161274112E+02  -0.166059159E+02  -0.160222656E+02  -0.162923832E+02  -0.166524012E+02  -0.164908287E+02  -0.143307910E+02  -0.116778265E+02  -0.142411196E+02  -0.147029850E+02  -0.137096573E+02
   0.980047781E+06   0.835761519E+04  -0.157822519E+02  -0.161699534E+02  -0.162922810E+02  -0.162465140E+02  -0.161344043E+02  -0.165933462E+02  -0.160158568E+02  -0.162915143E+02  -0.166580835E+02  -0.164930846E+02  -0.142993395E+02  -0.116185528E+02  -0.142079820E+02  -0.146757403E+02  -0.136735253E+02
   0.990022781E+06   0.829832071E+04  -0.157696181E+02  -0.161654532E+02  -0.162938297E+02  -0.162511793E+02  -0.161413090E+02  -0.165811065E+02  -0.160096463E+02  -0.162907252E+02  -0.166637056E+02  -0.164953536E+02  -0.142686217E+02  -0.115606076E+02  -0.141756140E+02  -0.146491393E+02  -0.136382270E+02
   0.100009278E+07   0.823977163E+04  -0.157571713E+02  -0.161610378E+02  -0.162953870E+02  -0.162558141E+02  -0.161481552E+02  -0.165690487E+02  -0.160035421E+02  -0.162899743E+02  -0.166692851E+02  -0.164976222E+02  -0.142383183E+02  -0.115034190E+02  -0.141436811E+02  -0.146229009E+02  -0.136034006E+02
   0.101006778E+07   0.818296592E+04  -0.157450729E+02  -0.161567318E+02  -0.162968759E+02  -0.162602888E+02  -0.161547754E+02  -0.165573279E+02  -0.159975974E+02  -0.162892235E+02  -0.166746764E+02  -0.164998012E+02  -0.142088950E+02  -0.114479111E+02  -0.141126769E+02  -0.145974217E+02  -0.135695891E+02
   0.102004278E+07   0.812724178E+04  -0.157331546E+02  -0.161524574E+02  -0.162982861E+02  -0.162646280E+02  -0.161612192E+02  -0.165457800E+02  -0.159917157E+02  -0.162884367E+02  -0.166799148E+02  -0.165018883E+02  -0.141799816E+02  -0.113934098E+02  -0.140822127E+02  -0.145723772E+02  -0.135363710E+02
   0.103001778E+07   0.807251361E+04  -0.157213985E+02  -0.161482085E+02  -0.162996201E+02  -0.162688387E+02  -0.161674969E+02  -0.165343875E+02  -0.159858881E+02  -0.162876131E+02  -0.166850086E+02  -0.165038872E+02  -0.141515341E+02  -0.113398316E+02  -0.140522421E+02  -0.145477295E+02  -0.135036958E+02
   0.104008778E+07   0.801820560E+04  -0.157096940E+02  -0.161439537E+02  -0.163009055E+02  -0.162729786E+02  -0.161736880E+02  -0.165230440E+02  -0.159800668E+02  -0.162867573E+02  -0.166900248E+02  -0.165058323E+02  -0.141232665E+02  -0.112866263E+02  -0.140224632E+02  -0.145232325E+02  -0.134712329E+02
   0.105006278E+07   0.796538465E+04  -0.156947400E+02  -0.161377240E+02  -0.163011570E+02  -0.162765876E+02  -0.161797306E+02  -0.165085214E+02  -0.159720013E+02  -0.162844847E+02  -0.166946715E+02  -0.165068728E+02  -0.140894986E+02  -0.112240098E+02  -0.139867943E+02  -0.144938008E+02  -0.134336311E+02
   0.106003778E+07   0.791367817E+04  -0.156782874E+02  -0.161305731E+02  -0.163009132E+02  -0.162799296E+02  -0.161856808E+02  -0.164925327E+02  -0.159628926E+02  -0.162815426E+02  -0.166991248E+02  -0.165074771E+02  -0.140532371E+02  -0.111571432E+02  -0.139484501E+02  -0.144621282E+02  -0.133937434E+02
   0.107001278E+07   0.786314261E+04  -0.156622545E+02  -0.161236312E+02  -0.163007220E+02  -0.162832429E+02  -0.161915432E+02  -0.164769530E+02  -0.159540371E+02  -0.162787142E+02  -0.167035243E+02  -0.165081147E+02  -0.140178438E+02  -0.110918379E+02  -0.139110211E+02  -0.144312198E+02  -0.133548059E+02
   0.108008278E+07   0.781333329E+04  -0.156465458E+02  -0.161168829E+02  -0.163006273E+02  -0.162866025E+02  -0.161974153E+02  -0.164616911E+02  -0.159454027E+02  -0.162760203E+02  -0.167079544E+02  -0.165088371E+02  -0.139830529E+02  -0.110275649E+02  -0.138742240E+02  -0.144008496E+02  -0.133165220E+02
   0.109005778E+07   0.776517735E+04  -0.156314930E+02  -0.161104929E+02  -0.163006702E+02  -0.162899849E+02  -0.162032268E+02  -0.164470701E+02  -0.159371894E+02  -0.162735502E+02  -0.167123718E+02  -0.165096698E+02  -0.139495512E+02  -0.109655597E+02  -0.138387826E+02  -0.143716218E+02  -0.132796431E+02
   0.110003278E+07   0.771820391E+04  -0.156169791E+02  -0.161044293E+02  -0.163008814E+02  -0.162934536E+02  -0.162090649E+02  -0.164329776E+02  -0.159293471E+02  -0.162713101E+02  -0.167168501E+02  -0.165106515E+02  -0.139170416E+02  -0.109052465E+02  -0.138043809E+02  -0.143432810E+02  -0.132438393E+02
   0.111000778E+07   0.767246737E+04  -0.156030211E+02  -0.160986989E+02  -0.163012606E+02  -0.162970047E+02  -0.162149230E+02  -0.164194298E+02  -0.159218849E+02  -0.162693027E+02  -0.167213841E+02  -0.165117809E+02  -0.138855617E+02  -0.108466952E+02  -0.137710587E+02  -0.143158602E+02  -0.132091519E+02
   0.112007778E+07   0.762749887E+04  -0.155894273E+02  -0.160931947E+02  -0.163017634E+02  -0.163006259E+02  -0.162208126E+02  -0.164062393E+02  -0.159146779E+02  -0.162674588E+02  -0.167259719E+02  -0.165130212E+02  -0.138547403E+02  -0.107892569E+02  -0.137384259E+02  -0.142890297E+02  -0.131751768E+02
   0.113005278E+07   0.758398287E+04  -0.155763577E+02  -0.160879533E+02  -0.163023350E+02  -0.163042153E+02  -0.162265970E+02  -0.163935600E+02  -0.159077888E+02  -0.162657595E+02  -0.167304965E+02  -0.165143066E+02  -0.138249995E+02  -0.107337589E+02  -0.137069323E+02  -0.142631510E+02  -0.131423842E+02
   0.114002778E+07   0.754130412E+04  -0.155635920E+02  -0.160828652E+02  -0.163029481E+02  -0.163077882E+02  -0.162323226E+02  -0.163811771E+02  -0.159010847E+02  -0.162641455E+02  -0.167349866E+02  -0.165156197E+02  -0.137958834E+02  -0.106793813E+02  -0.136760971E+02  -0.142378226E+02  -0.131102750E+02
   0.115000278E+07   0.749937755E+04  -0.155510819E+02  -0.160778973E+02  -0.163035808E+02  -0.163113285E+02  -0.162379778E+02  -0.163690430E+02  -0.158945293E+02  -0.162625904E+02  -0.167394280E+02  -0.165169402E+02  -0.137673109E+02  -0.106259925E+02  -0.136458358E+02  -0.142129712E+02  -0.130787623E+02
   0.116007278E+07   0.745783416E+04  -0.155386824E+02  -0.160729712E+02  -0.163042042E+02  -0.163148329E+02  -0.162435777E+02  -0.163570161E+02  -0.158880301E+02  -0.162610458E+02  -0.167438253E+02  -0.165182450E+02  -0.137389960E+02  -0.105730880E+02  -0.136158475E+02  -0.141883432E+02  -0.130475339E+02
   0.117004778E+07   0.741741884E+04  -0.155265952E+02  -0.160681545E+02  -0.163047863E+02  -0.163182177E+02  -0.162490011E+02  -0.163452914E+02  -0.158816831E+02  -0.162595188E+02  -0.167480787E+02  -0.165194899E+02  -0.137114255E+02  -0.105215957E+02  -0.135866491E+02  -0.141643595E+02  -0.130171290E+02
   0.118002278E+07   0.737768892E+04  -0.155147301E+02  -0.160634366E+02  -0.163053755E+02  -0.163215622E+02  -0.162543497E+02  -0.163337827E+02  -0.158754607E+02  -0.162580349E+02  -0.167522771E+02  -0.165207309E+02  -0.136843397E+02  -0.104709937E+02  -0.135579630E+02  -0.141407998E+02  -0.129872570E+02
   0.119009278E+07   0.733838468E+04  -0.155030886E+02  -0.160588655E+02  -0.163060549E+02  -0.163249673E+02  -0.162597373E+02  -0.163224936E+02  -0.158694015E+02  -0.162566632E+02  -0.167565269E+02  -0.165220549E+02  -0.136576404E+02  -0.104210303E+02  -0.135296806E+02  -0.141175888E+02  -0.129578014E+02
   0.120006778E+07   0.730049056E+04  -0.154920236E+02  -0.160546175E+02  -0.163068688E+02  -0.163284091E+02  -0.162650906E+02  -0.163117685E+02  -0.158637185E+02  -0.162554996E+02  -0.167607832E+02  -0.165234904E+02  -0.136320581E+02  -0.103730184E+02  -0.135025718E+02  -0.140953695E+02  -0.129295615E+02
   0.121004278E+07   0.726372510E+04  -0.154815037E+02  -0.160507114E+02  -0.163078740E+02  -0.163319639E+02  -0.162704999E+02  -0.163015783E+02  -0.158584203E+02  -0.162545862E+02  -0.167651281E+02  -0.165250986E+02  -0.136074531E+02  -0.103266520E+02  -0.134764859E+02  -0.140740275E+02  -0.129023781E+02
   0.122001778E+07   0.722810192E+04  -0.154716045E+02  -0.160472206E+02  -0.163091418E+02  -0.163357022E+02  -0.162760351E+02  -0.162919987E+02  -0.158535807E+02  -0.162539951E+02  -0.167696321E+02  -0.165269507E+02  -0.135839065E+02  -0.102820200E+02  -0.134515045E+02  -0.140536425E+02  -0.128763333E+02
   0.123008778E+07   0.719341747E+04  -0.154623089E+02  -0.160441645E+02  -0.163107189E+02  -0.163396846E+02  -0.162817671E+02  -0.162830142E+02  -0.158492112E+02  -0.162537622E+02  -0.167743600E+02  -0.165290968E+02  -0.135613231E+02  -0.102389069E+02  -0.134275240E+02  -0.140341373E+02  -0.128513175E+02
   0.124006278E+07   0.716032035E+04  -0.154537402E+02  -0.160415497E+02  -0.163125253E+02  -0.163437863E+02  -0.162875382E+02  -0.162747422E+02  -0.158453432E+02  -0.162538415E+02  -0.167791729E+02  -0.165314460E+02  -0.135400747E+02  -0.101980683E+02  -0.134049424E+02  -0.140158263E+02  -0.128277480E+02
   0.125003778E+07   0.712820749E+04  -0.154456792E+02  -0.160392656E+02  -0.163145310E+02  -0.163480189E+02  -0.162933907E+02  -0.162669693E+02  -0.158418432E+02  -0.162541714E+02  -0.167840957E+02  -0.165339784E+02  -0.135197111E+02  -0.101586972E+02  -0.133832853E+02  -0.139983127E+02  -0.128051323E+02
   0.126001278E+07   0.709697057E+04  -0.154379950E+02  -0.160372006E+02  -0.163166387E+02  -0.163522929E+02  -0.162992403E+02  -0.162595652E+02  -0.158385954E+02  -0.162546491E+02  -0.167890411E+02  -0.165365985E+02  -0.135000599E+02  -0.101205567E+02  -0.133623758E+02  -0.139814337E+02  -0.127832904E+02
   0.127008278E+07   0.706602499E+04  -0.154303835E+02  -0.160351561E+02  -0.163187280E+02  -0.163565282E+02  -0.163050366E+02  -0.162522313E+02  -0.158353791E+02  -0.162551234E+02  -0.167939415E+02  -0.165391953E+02  -0.134805930E+02  -0.100827732E+02  -0.133416625E+02  -0.139647133E+02  -0.127616533E+02
   0.128005778E+07   0.703569216E+04  -0.154228439E+02  -0.160330731E+02  -0.163206969E+02  -0.163606007E+02  -0.163106391E+02  -0.162449637E+02  -0.158321476E+02  -0.162555095E+02  -0.167986659E+02  -0.165416618E+02  -0.134614327E+02  -0.100456589E+02  -0.133212804E+02  -0.139482450E+02  -0.127403658E+02
   0.129003278E+07   0.700561538E+04  -0.154151863E+02  -0.160308261E+02  -0.163224677E+02  -0.163644572E+02  -0.163160128E+02  -0.162375759E+02  -0.158287617E+02  -0.162557107E+02  -0.168031689E+02  -0.165439259E+02  -0.134422525E+02  -0.100086763E+02  -0.133008887E+02  -0.139317342E+02  -0.127190763E+02
   0.130000778E+07   0.697565552E+04  -0.154033076E+02  -0.160259025E+02  -0.163226796E+02  -0.163673801E+02  -0.163209198E+02  -0.162260547E+02  -0.158223752E+02  -0.162539014E+02  -0.168069378E+02  -0.165448078E+02  -0.134161860E+02  -0.996004563E+01  -0.132731334E+02  -0.139091514E+02  -0.126912216E+02
   0.131007778E+07   0.694575914E+04  -0.153903935E+02  -0.160202892E+02  -0.163224518E+02  -0.163700031E+02  -0.163256318E+02  -0.162135179E+02  -0.158152264E+02  -0.162515512E+02  -0.168104517E+02  -0.165452897E+02  -0.133884905E+02  -0.990872176E+01  -0.132436417E+02  -0.138851220E+02  -0.126618136E+02
   0.132005278E+07   0.691661754E+04  -0.153778420E+02  -0.160148541E+02  -0.163222662E+02  -0.163725964E+02  -0.163302613E+02  -0.162013341E+02  -0.158082946E+02  -0.162492969E+02  -0.168139134E+02  -0.165457960E+02  -0.133615307E+02  -0.985873016E+01  -0.132149310E+02  -0.138617358E+02  -0.126331845E+02
   0.133002778E+07   0.688838298E+04  -0.153658729E+02  -0.160097799E+02  -0.163222781E+02  -0.163753007E+02  -0.163349383E+02  -0.161897212E+02  -0.158017702E+02  -0.162473044E+02  -0.168174590E+02  -0.165464781E+02  -0.133356016E+02  -0.981048623E+01  -0.131873057E+02  -0.138392692E+02  -0.126056382E+02
   0.134000278E+07   0.686126860E+04  -0.153547592E+02  -0.160052875E+02  -0.163226701E+02  -0.163782783E+02  -0.163398104E+02  -0.161789497E+02  -0.157958853E+02  -0.162457716E+02  -0.168212445E+02  -0.165475138E+02  -0.133110819E+02  -0.976453691E+01  -0.131611569E+02  -0.138180745E+02  -0.125795654E+02
   0.135007278E+07   0.683531116E+04  -0.153446136E+02  -0.160014808E+02  -0.163235393E+02  -0.163816228E+02  -0.163449686E+02  -0.161691316E+02  -0.157907454E+02  -0.162447981E+02  -0.168253625E+02  -0.165489992E+02  -0.132881023E+02  -0.972104213E+01  -0.131366178E+02  -0.137982781E+02  -0.125550989E+02
   0.136004778E+07   0.681108212E+04  -0.153357040E+02  -0.159984879E+02  -0.163249111E+02  -0.163853050E+02  -0.163503437E+02  -0.161605278E+02  -0.157865081E+02  -0.162444498E+02  -0.168297666E+02  -0.165509461E+02  -0.132672133E+02  -0.968100392E+01  -0.131142731E+02  -0.137803603E+02  -0.125328221E+02
   0.137002278E+07   0.678817028E+04  -0.153277819E+02  -0.159961609E+02  -0.163267114E+02  -0.163892901E+02  -0.163559297E+02  -0.161528947E+02  -0.157830043E+02  -0.162446236E+02  -0.168344344E+02  -0.165532903E+02  -0.132479629E+02  -0.964364545E+01  -0.130936462E+02  -0.137639196E+02  -0.125122593E+02
   0.138009278E+07   0.676611999E+04  -0.153204937E+02  -0.159942575E+02  -0.163287800E+02  -0.163934615E+02  -0.163616417E+02  -0.161458848E+02  -0.157799684E+02  -0.162451269E+02  -0.168392628E+02  -0.165558824E+02  -0.132297726E+02  -0.960802787E+01  -0.130741311E+02  -0.137484333E+02  -0.124928059E+02
   0.139006778E+07   0.674495369E+04  -0.153135801E+02  -0.159925127E+02  -0.163308482E+02  -0.163975480E+02  -0.163672072E+02  -0.161392383E+02  -0.157771365E+02  -0.162456925E+02  -0.168439801E+02  -0.165584530E+02  -0.132123939E+02  -0.957392057E+01  -0.130554807E+02  -0.137336502E+02  -0.124742148E+02
   0.140004278E+07   0.672403098E+04  -0.153065531E+02  -0.159905951E+02  -0.163326995E+02  -0.164013945E+02  -0.163725156E+02  -0.161324753E+02  -0.157741443E+02  -0.162460585E+02  -0.168484500E+02  -0.165608011E+02  -0.131950222E+02  -0.954001281E+01  -0.130368519E+02  -0.137188442E+02  -0.124556447E+02
   0.141001778E+07   0.670303164E+04  -0.152990895E+02  -0.159882595E+02  -0.163341467E+02  -0.164048441E+02  -0.163774325E+02  -0.161252766E+02  -0.157707302E+02  -0.162460150E+02  -0.168525254E+02  -0.165627468E+02  -0.131771759E+02  -0.950556993E+01  -0.130177440E+02  -0.137035731E+02  -0.124365956E+02
   0.142008778E+07   0.668154891E+04  -0.152909349E+02  -0.159853509E+02  -0.163351081E+02  -0.164078540E+02  -0.163819434E+02  -0.161173931E+02  -0.157667183E+02  -0.162454512E+02  -0.168561755E+02  -0.165642181E+02  -0.131583997E+02  -0.946981504E+01  -0.129976771E+02  -0.136874313E+02  -0.124165888E+02
   0.143006278E+07   0.665996613E+04  -0.152822655E+02  -0.159819521E+02  -0.163355972E+02  -0.164104013E+02  -0.163859986E+02  -0.161089961E+02  -0.157622110E+02  -0.162444082E+02  -0.168593658E+02  -0.165652196E+02  -0.131390593E+02  -0.943341692E+01  -0.129770401E+02  -0.136707376E+02  -0.123960121E+02
   0.144003778E+07   0.663840412E+04  -0.152733031E+02  -0.159782552E+02  -0.163357844E+02  -0.164126446E+02  -0.163897485E+02  -0.161003057E+02  -0.157574066E+02  -0.162430647E+02  -0.168622516E+02  -0.165659186E+02  -0.131194361E+02  -0.939675238E+01  -0.129561214E+02  -0.136537586E+02  -0.123751539E+02
   0.145001278E+07   0.661730101E+04  -0.152644513E+02  -0.159745568E+02  -0.163358875E+02  -0.164147600E+02  -0.163933385E+02  -0.160917202E+02  -0.157526244E+02  -0.162416697E+02  -0.168649959E+02  -0.165665227E+02  -0.131001504E+02  -0.936078806E+01  -0.129355678E+02  -0.136370608E+02  -0.123546594E+02
   0.146008278E+07   0.659729646E+04  -0.152560874E+02  -0.159710780E+02  -0.163360122E+02  -0.164167924E+02  -0.163967686E+02  -0.160836087E+02  -0.157481181E+02  -0.162403744E+02  -0.168676244E+02  -0.165671224E+02  -0.130818957E+02  -0.932672296E+01  -0.129161112E+02  -0.136212592E+02  -0.123352588E+02
   0.147005778E+07   0.658265907E+04  -0.152498450E+02  -0.159684101E+02  -0.163359811E+02  -0.164181571E+02  -0.163991560E+02  -0.160775510E+02  -0.157446984E+02  -0.162393041E+02  -0.168694252E+02  -0.165674387E+02  -0.130684162E+02  -0.930167499E+01  -0.129017524E+02  -0.136095747E+02  -0.123209409E+02
   0.148003278E+07   0.656987260E+04  -0.152447971E+02  -0.159664847E+02  -0.163363591E+02  -0.164197543E+02  -0.164016466E+02  -0.160726645E+02  -0.157421163E+02  -0.162387744E+02  -0.168714034E+02  -0.165681202E+02  -0.130570464E+02  -0.928019952E+01  -0.128896143E+02  -0.135997729E+02  -0.123088387E+02
   0.149000778E+07   0.655874228E+04  -0.152407945E+02  -0.159652001E+02  -0.163370794E+02  -0.164215361E+02  -0.164042061E+02  -0.160688023E+02  -0.157402601E+02  -0.162387046E+02  -0.168735168E+02  -0.165691048E+02  -0.130475406E+02  -0.926189700E+01  -0.128794399E+02  -0.135916321E+02  -0.122986954E+02
   0.150007778E+07   0.654887018E+04  -0.152374950E+02  -0.159643113E+02  -0.163379690E+02  -0.164233671E+02  -0.164067268E+02  -0.160656273E+02  -0.157388643E+02  -0.162388934E+02  -0.168756420E+02  -0.165702288E+02  -0.130393601E+02  -0.924591415E+01  -0.128706662E+02  -0.135846621E+02  -0.122899494E+02
   0.151005278E+07   0.653989734E+04  -0.152344653E+02  -0.159634729E+02  -0.163387470E+02  -0.164250006E+02  -0.164089873E+02  -0.160627109E+02  -0.157375650E+02  -0.162390343E+02  -0.168775429E+02  -0.165712197E+02  -0.130318941E+02  -0.923135654E+01  -0.128626611E+02  -0.135782965E+02  -0.122819694E+02
   0.152002778E+07   0.653112539E+04  -0.152311658E+02  -0.159623155E+02  -0.163391697E+02  -0.164262599E+02  -0.164108595E+02  -0.160595221E+02  -0.157359571E+02  -0.162388344E+02  -0.168790636E+02  -0.165718507E+02  -0.130242575E+02  -0.921678715E+01  -0.128544975E+02  -0.135717356E+02  -0.122738304E+02
   0.153000278E+07   0.652206311E+04  -0.152272215E+02  -0.159605842E+02  -0.163390709E+02  -0.164270252E+02  -0.164122580E+02  -0.160556921E+02  -0.157337603E+02  -0.162380922E+02  -0.168800989E+02  -0.165719670E+02  -0.130158326E+02  -0.920119991E+01  -0.128455281E+02  -0.135644220E+02  -0.122648863E+02
   0.154007278E+07   0.651226219E+04  -0.152223986E+02  -0.159581547E+02  -0.163384070E+02  -0.164272959E+02  -0.164132135E+02  -0.160509929E+02  -0.157308275E+02  -0.162367325E+02  -0.168806616E+02  -0.165715357E+02  -0.130061639E+02  -0.918378518E+01  -0.128352706E+02  -0.135559552E+02  -0.122546563E+02
   0.155004778E+07   0.650162815E+04  -0.152167808E+02  -0.159551337E+02  -0.163373016E+02  -0.164272045E+02  -0.164138651E+02  -0.160455093E+02  -0.157272603E+02  -0.162348722E+02  -0.168808871E+02  -0.165706828E+02  -0.129952883E+02  -0.916450509E+01  -0.128237561E+02  -0.135463836E+02  -0.122431716E+02
   0.156002278E+07   0.649002502E+04  -0.152105077E+02  -0.159516941E+02  -0.163359522E+02  -0.164269616E+02  -0.164144329E+02  -0.160393826E+02  -0.157232248E+02  -0.162326991E+02  -0.168809899E+02  -0.165696088E+02  -0.129832783E+02  -0.914332472E+01  -0.128110490E+02  -0.135357966E+02  -0.122304970E+02
   0.157009278E+07   0.647780843E+04  -0.152039233E+02  -0.159480930E+02  -0.163345517E+02  -0.164267260E+02  -0.164150510E+02  -0.160329523E+02  -0.157189962E+02  -0.162304314E+02  -0.168811185E+02  -0.165684984E+02  -0.129706537E+02  -0.912104482E+01  -0.127976904E+02  -0.135246701E+02  -0.122171726E+02
   0.158006778E+07   0.646602621E+04  -0.151976808E+02  -0.159447277E+02  -0.163333088E+02  -0.164266067E+02  -0.164157549E+02  -0.160268584E+02  -0.157150258E+02  -0.162283521E+02  -0.168813502E+02  -0.165675352E+02  -0.129585858E+02  -0.909966492E+01  -0.127849146E+02  -0.135140470E+02  -0.122044298E+02
   0.159004278E+07   0.645542876E+04  -0.151922331E+02  -0.159418679E+02  -0.163323581E+02  -0.164266665E+02  -0.164165552E+02  -0.160215445E+02  -0.157116217E+02  -0.162266490E+02  -0.168817258E+02  -0.165668360E+02  -0.129478984E+02  -0.908060201E+01  -0.127735906E+02  -0.135046592E+02  -0.121931354E+02
   0.160001778E+07   0.644679456E+04  -0.151879617E+02  -0.159397050E+02  -0.163317505E+02  -0.164268823E+02  -0.164173742E+02  -0.160173820E+02  -0.157090154E+02  -0.162254285E+02  -0.168821988E+02  -0.165664334E+02  -0.129393581E+02  -0.906523768E+01  -0.127645315E+02  -0.134971776E+02  -0.121841005E+02
   0.161008778E+07   0.644080204E+04  -0.151850549E+02  -0.159382616E+02  -0.163313866E+02  -0.164270898E+02  -0.164180004E+02  -0.160145508E+02  -0.157072642E+02  -0.162246392E+02  -0.168825849E+02  -0.165662117E+02  -0.129334884E+02  -0.905463190E+01  -0.127583018E+02  -0.134920429E+02  -0.121778876E+02
   0.162006278E+07   0.643838311E+04  -0.151836071E+02  -0.159374045E+02  -0.163309653E+02  -0.164268992E+02  -0.164179788E+02  -0.160131336E+02  -0.157062829E+02  -0.162240461E+02  -0.168824663E+02  -0.165658478E+02  -0.129308447E+02  -0.905007639E+01  -0.127555127E+02  -0.134896958E+02  -0.121751053E+02
   0.163003778E+07   0.644077121E+04  -0.151835803E+02  -0.159367945E+02  -0.163299251E+02  -0.164256313E+02  -0.164165440E+02  -0.160130766E+02  -0.157057955E+02  -0.162231755E+02  -0.168811273E+02  -0.165647510E+02  -0.129319986E+02  -0.905311772E+01  -0.127568101E+02  -0.134905568E+02  -0.121763960E+02
   0.164001278E+07   0.645022644E+04  -0.151851493E+02  -0.159360545E+02  -0.163274818E+02  -0.164222864E+02  -0.164125385E+02  -0.160145263E+02  -0.157055412E+02  -0.162214035E+02  -0.168775007E+02  -0.165620833E+02  -0.129382425E+02  -0.906683445E+01  -0.127636221E+02  -0.134956412E+02  -0.121831815E+02
   0.165008278E+07   0.646361805E+04  -0.151873515E+02  -0.159349865E+02  -0.163240014E+02  -0.164175290E+02  -0.164068454E+02  -0.160165596E+02  -0.157051609E+02  -0.162188737E+02  -0.168723442E+02  -0.165582850E+02  -0.129470658E+02  -0.908624173E+01  -0.127732500E+02  -0.135028224E+02  -0.121927719E+02
   0.166005778E+07   0.646242124E+04  -0.151860103E+02  -0.159339376E+02  -0.163231681E+02  -0.164168098E+02  -0.164062098E+02  -0.160152335E+02  -0.157040505E+02  -0.162179555E+02  -0.168716607E+02  -0.165574800E+02  -0.129451329E+02  -0.908336293E+01  -0.127712452E+02  -0.135010362E+02  -0.121907704E+02
   0.167003278E+07   0.645497722E+04  -0.151831060E+02  -0.159328511E+02  -0.163234226E+02  -0.164177741E+02  -0.164076943E+02  -0.160124231E+02  -0.157025818E+02  -0.162176815E+02  -0.168728469E+02  -0.165579113E+02  -0.129385481E+02  -0.907089483E+01  -0.127642132E+02  -0.134953643E+02  -0.121837592E+02
   0.168000778E+07   0.644482114E+04  -0.151795227E+02  -0.159317479E+02  -0.163241489E+02  -0.164194689E+02  -0.164100987E+02  -0.160089679E+02  -0.157009569E+02  -0.162176868E+02  -0.168748442E+02  -0.165588787E+02  -0.129299434E+02  -0.905426331E+01  -0.127549982E+02  -0.134880050E+02  -0.121745727E+02
   0.169007778E+07   0.643317253E+04  -0.151756266E+02  -0.159306964E+02  -0.163251958E+02  -0.164216266E+02  -0.164130703E+02  -0.160052188E+02  -0.156993072E+02  -0.162179068E+02  -0.168773490E+02  -0.165602021E+02  -0.129202879E+02  -0.903540151E+01  -0.127446429E+02  -0.134797780E+02  -0.121642501E+02
   0.170005278E+07   0.642102129E+04  -0.151718022E+02  -0.159298394E+02  -0.163265277E+02  -0.164241172E+02  -0.164164099E+02  -0.160015478E+02  -0.156978261E+02  -0.162183761E+02  -0.168802017E+02  -0.165618224E+02  -0.129104557E+02  -0.901596564E+01  -0.127340806E+02  -0.134714358E+02  -0.121537218E+02
   0.171002778E+07   0.640888435E+04  -0.151683304E+02  -0.159293314E+02  -0.163282060E+02  -0.164269529E+02  -0.164200936E+02  -0.159982291E+02  -0.156966947E+02  -0.162191928E+02  -0.168833990E+02  -0.165637889E+02  -0.129009830E+02  -0.899690065E+01  -0.127238788E+02  -0.134634515E+02  -0.121435539E+02
   0.172000278E+07   0.639722353E+04  -0.151655030E+02  -0.159293516E+02  -0.163303268E+02  -0.164301856E+02  -0.164241411E+02  -0.159955488E+02  -0.156961160E+02  -0.162204857E+02  -0.168869792E+02  -0.165661864E+02  -0.128923902E+02  -0.897909185E+01  -0.127145854E+02  -0.134562887E+02  -0.121342932E+02
   0.173007278E+07   0.638625221E+04  -0.151635301E+02  -0.159300579E+02  -0.163330095E+02  -0.164339145E+02  -0.164286366E+02  -0.159937144E+02  -0.156962588E+02  -0.162223896E+02  -0.168910351E+02  -0.165691296E+02  -0.128849929E+02  -0.896302342E+01  -0.127065289E+02  -0.134502367E+02  -0.121262674E+02
   0.174004778E+07   0.637640721E+04  -0.151625882E+02  -0.159315202E+02  -0.163362452E+02  -0.164380890E+02  -0.164334990E+02  -0.159928967E+02  -0.156972155E+02  -0.162249264E+02  -0.168955029E+02  -0.165725990E+02  -0.128791833E+02  -0.894943301E+01  -0.127001279E+02  -0.134456345E+02  -0.121198939E+02
   0.175002278E+07   0.636758381E+04  -0.151626143E+02  -0.159337010E+02  -0.163400154E+02  -0.164427006E+02  -0.164387271E+02  -0.159930341E+02  -0.156989431E+02  -0.162280703E+02  -0.169003775E+02  -0.165765787E+02  -0.128748469E+02  -0.893812310E+01  -0.126952613E+02  -0.134423801E+02  -0.121150521E+02
   0.176009278E+07   0.635947888E+04  -0.151633705E+02  -0.159364364E+02  -0.163442109E+02  -0.164476690E+02  -0.164442618E+02  -0.159938926E+02  -0.157012623E+02  -0.162316904E+02  -0.169055873E+02  -0.165809666E+02  -0.128715959E+02  -0.892846643E+01  -0.126915234E+02  -0.134401230E+02  -0.121113368E+02
   0.177006778E+07   0.635184835E+04  -0.151644482E+02  -0.159393775E+02  -0.163485265E+02  -0.164527122E+02  -0.164498381E+02  -0.159950666E+02  -0.157038114E+02  -0.162354643E+02  -0.169108579E+02  -0.165854633E+02  -0.128689008E+02  -0.891974064E+01  -0.126883699E+02  -0.134383636E+02  -0.121082047E+02
   0.178004278E+07   0.634418843E+04  -0.151654287E+02  -0.159422285E+02  -0.163527574E+02  -0.164576735E+02  -0.164553347E+02  -0.159961437E+02  -0.157062690E+02  -0.162391514E+02  -0.169160475E+02  -0.165898761E+02  -0.128660940E+02  -0.891087993E+01  -0.126851029E+02  -0.134364962E+02  -0.121049592E+02
   0.179001778E+07   0.633602954E+04  -0.151658817E+02  -0.159446739E+02  -0.163566725E+02  -0.164623667E+02  -0.164605979E+02  -0.159966997E+02  -0.157082954E+02  -0.162424873E+02  -0.169209838E+02  -0.165939849E+02  -0.128625131E+02  -0.890085067E+01  -0.126810317E+02  -0.134339158E+02  -0.121009109E+02
   0.180008778E+07   0.632704904E+04  -0.151655707E+02  -0.159465560E+02  -0.163601723E+02  -0.164667229E+02  -0.164655815E+02  -0.159965020E+02  -0.157097162E+02  -0.162453496E+02  -0.169256076E+02  -0.165976979E+02  -0.128577619E+02  -0.888900185E+01  -0.126757410E+02  -0.134302659E+02  -0.120956453E+02
   0.181006278E+07   0.631753786E+04  -0.151646537E+02  -0.159479617E+02  -0.163632914E+02  -0.164707489E+02  -0.164702721E+02  -0.159957051E+02  -0.157106334E+02  -0.162477934E+02  -0.169299170E+02  -0.166010427E+02  -0.128521424E+02  -0.887586527E+01  -0.126695501E+02  -0.134258127E+02  -0.120894810E+02
   0.182003778E+07   0.630769622E+04  -0.151633988E+02  -0.159491101E+02  -0.163662127E+02  -0.164746086E+02  -0.164748195E+02  -0.159945743E+02  -0.157112764E+02  -0.162500161E+02  -0.169340700E+02  -0.166041976E+02  -0.128460215E+02  -0.886196618E+01  -0.126628379E+02  -0.134208988E+02  -0.120827964E+02
   0.183001278E+07   0.629784949E+04  -0.151621305E+02  -0.159502464E+02  -0.163691227E+02  -0.164784576E+02  -0.164793565E+02  -0.159934302E+02  -0.157119069E+02  -0.162522271E+02  -0.169382124E+02  -0.166073414E+02  -0.128398847E+02  -0.884804712E+01  -0.126561095E+02  -0.134159695E+02  -0.120760956E+02
   0.184008278E+07   0.628826263E+04  -0.151611783E+02  -0.159516353E+02  -0.163722386E+02  -0.164824877E+02  -0.164840565E+02  -0.159925990E+02  -0.157128035E+02  -0.162546624E+02  -0.169425281E+02  -0.166106849E+02  -0.128341926E+02  -0.883477804E+01  -0.126498414E+02  -0.134114529E+02  -0.120698542E+02
   0.185005778E+07   0.627940128E+04  -0.151608177E+02  -0.159534386E+02  -0.163756382E+02  -0.164867323E+02  -0.164889202E+02  -0.159923502E+02  -0.157141517E+02  -0.162574330E+02  -0.169470368E+02  -0.166142949E+02  -0.128294507E+02  -0.882303270E+01  -0.126445671E+02  -0.134077977E+02  -0.120646048E+02
   0.186003278E+07   0.627126367E+04  -0.151611202E+02  -0.159557284E+02  -0.163793938E+02  -0.164912640E+02  -0.164940205E+02  -0.159927554E+02  -0.157160235E+02  -0.162606109E+02  -0.169518109E+02  -0.166182437E+02  -0.128257298E+02  -0.881288031E+01  -0.126403573E+02  -0.134050747E+02  -0.120604178E+02
   0.187000778E+07   0.626374254E+04  -0.151619528E+02  -0.159583976E+02  -0.163834179E+02  -0.164960053E+02  -0.164992872E+02  -0.159936829E+02  -0.157183064E+02  -0.162641011E+02  -0.169567763E+02  -0.166224463E+02  -0.128228437E+02  -0.880404998E+01  -0.126370194E+02  -0.134031110E+02  -0.120571009E+02
   0.188007778E+07   0.625647350E+04  -0.151630303E+02  -0.159612502E+02  -0.163875800E+02  -0.165008605E+02  -0.165046503E+02  -0.159948521E+02  -0.157207857E+02  -0.162677471E+02  -0.169618481E+02  -0.166267809E+02  -0.128203272E+02  -0.879578848E+01  -0.126340661E+02  -0.134014859E+02  -0.120541680E+02
   0.189005278E+07   0.624927774E+04  -0.151640087E+02  -0.159639858E+02  -0.163916118E+02  -0.165055784E+02  -0.165098711E+02  -0.159959213E+02  -0.157231517E+02  -0.162712681E+02  -0.169667805E+02  -0.166309835E+02  -0.128177478E+02  -0.878752199E+01  -0.126310544E+02  -0.133997889E+02  -0.120511764E+02
   0.190002778E+07   0.624180633E+04  -0.151646412E+02  -0.159664429E+02  -0.163954148E+02  -0.165100939E+02  -0.165149086E+02  -0.159966481E+02  -0.157252251E+02  -0.162745407E+02  -0.169715186E+02  -0.166349639E+02  -0.128146863E+02  -0.877855555E+01  -0.126275441E+02  -0.133976436E+02  -0.120476870E+02
   0.191000278E+07   0.623399553E+04  -0.151648575E+02  -0.159685666E+02  -0.163989455E+02  -0.165143694E+02  -0.165197299E+02  -0.159969630E+02  -0.157269476E+02  -0.162775169E+02  -0.169760269E+02  -0.166386800E+02  -0.128110408E+02  -0.876873678E+01  -0.126234292E+02  -0.133949559E+02  -0.120435940E+02
   0.192007278E+07   0.622574235E+04  -0.151646569E+02  -0.159703814E+02  -0.164022470E+02  -0.165184580E+02  -0.165243951E+02  -0.159968665E+02  -0.157283385E+02  -0.162802325E+02  -0.169803614E+02  -0.166421775E+02  -0.128067596E+02  -0.875793278E+01  -0.126186522E+02  -0.133916868E+02  -0.120388401E+02
   0.193004778E+07   0.621732784E+04  -0.151641564E+02  -0.159719357E+02  -0.164053171E+02  -0.165223305E+02  -0.165288555E+02  -0.159964722E+02  -0.157294607E+02  -0.162827053E+02  -0.169844846E+02  -0.166454474E+02  -0.128020987E+02  -0.874662160E+01  -0.126134858E+02  -0.133880578E+02  -0.120336973E+02
   0.194002278E+07   0.620882582E+04  -0.151635226E+02  -0.159733782E+02  -0.164082911E+02  -0.165261152E+02  -0.165332343E+02  -0.159959457E+02  -0.157304665E+02  -0.162850757E+02  -0.169885227E+02  -0.166486232E+02  -0.127972614E+02  -0.873506475E+01  -0.126081376E+02  -0.133842630E+02  -0.120283729E+02
   0.195009278E+07   0.620040911E+04  -0.151629921E+02  -0.159749030E+02  -0.164113321E+02  -0.165299589E+02  -0.165376660E+02  -0.159955214E+02  -0.157315590E+02  -0.162875193E+02  -0.169926171E+02  -0.166518640E+02  -0.127925694E+02  -0.872372075E+01  -0.126029400E+02  -0.133806032E+02  -0.120231988E+02
   0.196006778E+07   0.619249151E+04  -0.151628207E+02  -0.159766650E+02  -0.164145204E+02  -0.165339022E+02  -0.165421625E+02  -0.159954498E+02  -0.157329144E+02  -0.162901455E+02  -0.169967963E+02  -0.166552403E+02  -0.127884833E+02  -0.871337701E+01  -0.125983782E+02  -0.133774880E+02  -0.120186592E+02
   0.197004278E+07   0.618512838E+04  -0.151631419E+02  -0.159787843E+02  -0.164179661E+02  -0.165380500E+02  -0.165468248E+02  -0.159958639E+02  -0.157346555E+02  -0.162930685E+02  -0.170011636E+02  -0.166588607E+02  -0.127851640E+02  -0.870423835E+01  -0.125946165E+02  -0.133750717E+02  -0.120149181E+02
   0.198001778E+07   0.617830441E+04  -0.151639176E+02  -0.159812265E+02  -0.164216375E+02  -0.165423721E+02  -0.165516238E+02  -0.159967257E+02  -0.157367472E+02  -0.162962554E+02  -0.170056890E+02  -0.166626941E+02  -0.127825658E+02  -0.869624686E+01  -0.125916083E+02  -0.133733103E+02  -0.120119290E+02
