   0.000000000E+00   0.500000000E+04  -0.276908634E+01  -0.397717534E+01  -0.470287104E+01  -0.497791034E+01  -0.510108834E+01  -0.362292634E+01  -0.365089634E+01  -0.446391234E+01  -0.548999834E+01  -0.498469834E+01   0.363013661E+00   0.569622366E+01   0.656793661E+00  -0.449516339E+00   0.113716366E+01
   0.100003934E+05   0.500000000E+04  -0.389880550E+01  -0.510689450E+01  -0.583259020E+01  -0.610762950E+01  -0.623080750E+01  -0.475264550E+01  -0.478061550E+01  -0.559363150E+01  -0.661971750E+01  -0.611441750E+01  -0.766705497E+00   0.456650450E+01  -0.472925497E+00  -0.157923550E+01   0.744450273E-02
   0.200003106E+05   0.500000000E+04  -0.397320406E+01  -0.518129306E+01  -0.590698876E+01  -0.618202806E+01  -0.630520606E+01  -0.482704406E+01  -0.485501406E+01  -0.566803006E+01  -0.669411606E+01  -0.618881606E+01  -0.841104064E+00   0.449210594E+01  -0.547324064E+00  -0.165363406E+01  -0.669540640E-01
   0.300038059E+05   0.500000000E+04  -0.395192823E+01  -0.516001723E+01  -0.588571293E+01  -0.616075223E+01  -0.628393023E+01  -0.480576823E+01  -0.483373823E+01  -0.564675423E+01  -0.667284023E+01  -0.616754023E+01  -0.819828232E+00   0.451338177E+01  -0.526048232E+00  -0.163235823E+01  -0.456782321E-01
   0.400067633E+05   0.500000000E+04  -0.392779606E+01  -0.513588506E+01  -0.586158076E+01  -0.613662006E+01  -0.625979806E+01  -0.478163606E+01  -0.480960606E+01  -0.562262206E+01  -0.664870806E+01  -0.614340806E+01  -0.795696061E+00   0.453751394E+01  -0.501916061E+00  -0.160822606E+01  -0.215460611E-01
   0.500076108E+05   0.500000000E+04  -0.390557678E+01  -0.511366578E+01  -0.583936148E+01  -0.611440078E+01  -0.623757878E+01  -0.475941678E+01  -0.478738678E+01  -0.560040278E+01  -0.662648878E+01  -0.612118878E+01  -0.773476776E+00   0.455973322E+01  -0.479696776E+00  -0.158600678E+01   0.673224013E-03
   0.600014281E+05   0.500000000E+04  -0.388370745E+01  -0.509179645E+01  -0.581749215E+01  -0.609253145E+01  -0.621570945E+01  -0.473754745E+01  -0.476551745E+01  -0.557853345E+01  -0.660461945E+01  -0.609931945E+01  -0.751607446E+00   0.458160255E+01  -0.457827446E+00  -0.156413745E+01   0.225425539E-01
   0.700003361E+05   0.500000000E+04  -0.385923635E+01  -0.506732535E+01  -0.579302105E+01  -0.606806035E+01  -0.619123835E+01  -0.471307635E+01  -0.474104635E+01  -0.555406235E+01  -0.658014835E+01  -0.607484835E+01  -0.727136347E+00   0.460607365E+01  -0.433356347E+00  -0.153966635E+01   0.470136530E-01
   0.800016613E+05   0.500000000E+04  -0.382620682E+01  -0.503429582E+01  -0.575999152E+01  -0.603503082E+01  -0.615820882E+01  -0.468004682E+01  -0.470801682E+01  -0.552103282E+01  -0.654711882E+01  -0.604181882E+01  -0.694106825E+00   0.463910318E+01  -0.400326825E+00  -0.150663682E+01   0.800431755E-01
   0.900091880E+05   0.500000000E+04  -0.697650404E+01  -0.818459304E+01  -0.891028874E+01  -0.918532804E+01  -0.930850604E+01  -0.783034404E+01  -0.785831404E+01  -0.867133004E+01  -0.969741604E+01  -0.919211604E+01  -0.384440404E+01   0.148880596E+01  -0.355062404E+01  -0.465693404E+01  -0.307025404E+01
   0.100000218E+06   0.500000000E+04  -0.330791132E+01  -0.451600032E+01  -0.524169602E+01  -0.551673532E+01  -0.563991332E+01  -0.416175132E+01  -0.418972132E+01  -0.500273732E+01  -0.602882332E+01  -0.552352332E+01  -0.175811325E+00   0.515739868E+01   0.117968675E+00  -0.988341325E+00   0.598338675E+00
   0.110014435E+06   0.500000000E+04  -0.779723300E+01  -0.900532200E+01  -0.973101770E+01  -0.100060570E+02  -0.101292350E+02  -0.865107300E+01  -0.867904300E+01  -0.949205900E+01  -0.105181450E+02  -0.100128450E+02  -0.466513300E+01   0.668076996E+00  -0.437135300E+01  -0.547766300E+01  -0.389098300E+01
   0.120017861E+06   0.500000000E+04  -0.827877263E+01  -0.948686163E+01  -0.102125573E+02  -0.104875966E+02  -0.106107746E+02  -0.913261263E+01  -0.916058263E+01  -0.997359863E+01  -0.109996846E+02  -0.104943846E+02  -0.514667263E+01   0.186537368E+00  -0.485289263E+01  -0.595920263E+01  -0.437252263E+01
   0.130007228E+06   0.500000000E+04  -0.860631047E+01  -0.981439947E+01  -0.105400952E+02  -0.108151345E+02  -0.109383125E+02  -0.946015047E+01  -0.948812047E+01  -0.103011365E+02  -0.113272225E+02  -0.108219225E+02  -0.547421047E+01  -0.141000466E+00  -0.518043047E+01  -0.628674047E+01  -0.470006047E+01
   0.140010557E+06   0.500000000E+04  -0.913287459E+01  -0.103409636E+02  -0.110666593E+02  -0.113416986E+02  -0.114648766E+02  -0.998671459E+01  -0.100146846E+02  -0.108277006E+02  -0.118537866E+02  -0.113484866E+02  -0.600077459E+01  -0.667564594E+00  -0.570699459E+01  -0.681330459E+01  -0.522662459E+01
   0.150022093E+06   0.553055197E+04  -0.103243804E+02  -0.113482416E+02  -0.119396200E+02  -0.121418136E+02  -0.122111575E+02  -0.111682556E+02  -0.110605029E+02  -0.117542040E+02  -0.126308448E+02  -0.122020621E+02  -0.754381881E+01  -0.279738337E+01  -0.729890796E+01  -0.825028087E+01  -0.676611412E+01
   0.160007416E+06   0.203246976E+05  -0.164078027E+02  -0.161504419E+02  -0.157907252E+02  -0.154990244E+02  -0.152098300E+02  -0.171895079E+02  -0.161312847E+02  -0.159727691E+02  -0.158357703E+02  -0.159369817E+02  -0.165095538E+02  -0.161196371E+02  -0.165131819E+02  -0.165162353E+02  -0.164271092E+02
   0.170012726E+06   0.686403968E+05  -0.186645569E+02  -0.181635707E+02  -0.176148811E+02  -0.172267117E+02  -0.168692156E+02  -0.194363512E+02  -0.181953201E+02  -0.178676509E+02  -0.175334465E+02  -0.177413807E+02  -0.194476623E+02  -0.200001978E+02  -0.194614587E+02  -0.192844984E+02  -0.196554485E+02
   0.180001441E+06   0.773149033E+05  -0.189031432E+02  -0.183923546E+02  -0.178357927E+02  -0.174435404E+02  -0.170829928E+02  -0.196745538E+02  -0.184261707E+02  -0.180915272E+02  -0.177489795E+02  -0.179614775E+02  -0.197135092E+02  -0.203019528E+02  -0.197273723E+02  -0.195448328E+02  -0.199330008E+02
   0.190003884E+06   0.537420795E+05  -0.185129176E+02  -0.180368476E+02  -0.175080364E+02  -0.171301285E+02  -0.167802787E+02  -0.192856908E+02  -0.180633489E+02  -0.177533387E+02  -0.174401107E+02  -0.176365828E+02  -0.192263588E+02  -0.196859055E+02  -0.192398485E+02  -0.190775267E+02  -0.194040701E+02
   0.200000072E+06   0.454573712E+05  -0.183951338E+02  -0.179407423E+02  -0.174290825E+02  -0.170600171E+02  -0.167166318E+02  -0.191687644E+02  -0.179626995E+02  -0.176679533E+02  -0.173727687E+02  -0.175594091E+02  -0.190476424E+02  -0.194246754E+02  -0.190607299E+02  -0.189121931E+02  -0.191989596E+02
   0.210000204E+06   0.412184216E+05  -0.183761690E+02  -0.179366103E+02  -0.174366206E+02  -0.170735443E+02  -0.167346131E+02  -0.191503941E+02  -0.179554550E+02  -0.176711175E+02  -0.173881694E+02  -0.175681529E+02  -0.189868923E+02  -0.193068593E+02  -0.189996364E+02  -0.188610563E+02  -0.191200967E+02
   0.220000147E+06   0.379944965E+05  -0.183816610E+02  -0.179558375E+02  -0.174666082E+02  -0.171090488E+02  -0.167741865E+02  -0.191564321E+02  -0.179718020E+02  -0.176970704E+02  -0.174254021E+02  -0.175992603E+02  -0.189536464E+02  -0.192204136E+02  -0.189660156E+02  -0.188367736E+02  -0.190700641E+02
   0.230001728E+06   0.359318671E+05  -0.184267512E+02  -0.180111812E+02  -0.175299701E+02  -0.171765073E+02  -0.168446449E+02  -0.192019355E+02  -0.180250042E+02  -0.177574318E+02  -0.174941336E+02  -0.176634494E+02  -0.189698068E+02  -0.191966751E+02  -0.189818552E+02  -0.188596327E+02  -0.190736957E+02
   0.240002029E+06   0.340835848E+05  -0.184685791E+02  -0.180633752E+02  -0.175902391E+02  -0.172409060E+02  -0.169120647E+02  -0.192441699E+02  -0.180750272E+02  -0.178146795E+02  -0.175598258E+02  -0.177245589E+02  -0.189823841E+02  -0.191688323E+02  -0.189941000E+02  -0.188791481E+02  -0.190736342E+02
   0.250000177E+06   0.324687291E+05  -0.185095774E+02  -0.181145544E+02  -0.176493451E+02  -0.173040371E+02  -0.169781624E+02  -0.192855862E+02  -0.181240913E+02  -0.178708151E+02  -0.176242227E+02  -0.177844820E+02  -0.189946792E+02  -0.191413252E+02  -0.190060164E+02  -0.188984277E+02  -0.190735431E+02
   0.260000068E+06   0.310817983E+05  -0.185513528E+02  -0.181659520E+02  -0.177082021E+02  -0.173667023E+02  -0.170436329E+02  -0.193277499E+02  -0.181734739E+02  -0.179268806E+02  -0.176880619E+02  -0.178441155E+02  -0.190093487E+02  -0.191183519E+02  -0.190203116E+02  -0.189197755E+02  -0.190765430E+02
   0.270000778E+06   0.298321351E+05  -0.185906013E+02  -0.182148012E+02  -0.177644805E+02  -0.174267627E+02  -0.171065056E+02  -0.193673967E+02  -0.182203225E+02  -0.179803810E+02  -0.177493006E+02  -0.179011613E+02  -0.190215970E+02  -0.190930250E+02  -0.190321665E+02  -0.189387189E+02  -0.190771917E+02
   0.280007541E+06   0.286530318E+05  -0.186240200E+02  -0.182581481E+02  -0.178155083E+02  -0.174816892E+02  -0.171643244E+02  -0.194012149E+02  -0.182615927E+02  -0.180285366E+02  -0.178054339E+02  -0.179529881E+02  -0.190270928E+02  -0.190596009E+02  -0.190372205E+02  -0.189512395E+02  -0.190707237E+02
   0.290005204E+06   0.275371618E+05  -0.186517063E+02  -0.182961127E+02  -0.178613916E+02  -0.175315919E+02  -0.172172078E+02  -0.194293215E+02  -0.182974124E+02  -0.180714503E+02  -0.178565880E+02  -0.179996980E+02  -0.190259512E+02  -0.190182198E+02  -0.190355936E+02  -0.189574957E+02  -0.190572600E+02
   0.300005959E+06   0.264894879E+05  -0.186747734E+02  -0.183297187E+02  -0.179031034E+02  -0.175774165E+02  -0.172660987E+02  -0.194528245E+02  -0.183288258E+02  -0.181101268E+02  -0.179036949E+02  -0.180422522E+02  -0.190195099E+02  -0.189705334E+02  -0.190286242E+02  -0.189587559E+02  -0.190382436E+02
   0.310006510E+06   0.255013352E+05  -0.186932040E+02  -0.183589887E+02  -0.179406920E+02  -0.176192360E+02  -0.173109769E+02  -0.194717004E+02  -0.183558369E+02  -0.181446114E+02  -0.179468242E+02  -0.180807158E+02  -0.190076317E+02  -0.189162464E+02  -0.190161775E+02  -0.189549053E+02  -0.190134997E+02
   0.320002679E+06   0.245827268E+05  -0.187085355E+02  -0.183852839E+02  -0.179753855E+02  -0.176582060E+02  -0.173529306E+02  -0.194874847E+02  -0.183798490E+02  -0.181761717E+02  -0.179871119E+02  -0.181163012E+02  -0.189923685E+02  -0.188581271E+02  -0.190003080E+02  -0.189478700E+02  -0.189853020E+02
   0.330007097E+06   0.237193607E+05  -0.187204004E+02  -0.184083176E+02  -0.180069627E+02  -0.176941313E+02  -0.173917911E+02  -0.194998157E+02  -0.184005621E+02  -0.182045598E+02  -0.180243716E+02  -0.181487842E+02  -0.189731475E+02  -0.187953256E+02  -0.189804345E+02  -0.189371394E+02  -0.189529904E+02
   0.340004064E+06   0.229111679E+05  -0.187292850E+02  -0.184284670E+02  -0.180357166E+02  -0.177272489E+02  -0.174276949E+02  -0.195091705E+02  -0.184183654E+02  -0.182301019E+02  -0.180588315E+02  -0.181784467E+02  -0.189507552E+02  -0.187290725E+02  -0.189573581E+02  -0.189234169E+02  -0.189174844E+02
   0.350004993E+06   0.221529268E+05  -0.187355664E+02  -0.184462889E+02  -0.180623265E+02  -0.177583173E+02  -0.174615460E+02  -0.195159342E+02  -0.184337837E+02  -0.182534286E+02  -0.180912874E+02  -0.182059968E+02  -0.189251147E+02  -0.186585972E+02  -0.189309745E+02  -0.189067540E+02  -0.188785216E+02
   0.360003259E+06   0.214414433E+05  -0.187394615E+02  -0.184619400E+02  -0.180869163E+02  -0.177874481E+02  -0.174934555E+02  -0.195203198E+02  -0.184469839E+02  -0.182746808E+02  -0.181218096E+02  -0.182315415E+02  -0.188965875E+02  -0.185845258E+02  -0.189016551E+02  -0.188874160E+02  -0.188367005E+02
   0.370001688E+06   0.207753733E+05  -0.187413113E+02  -0.184754688E+02  -0.181093164E+02  -0.178143527E+02  -0.175231258E+02  -0.195226587E+02  -0.184580782E+02  -0.182937669E+02  -0.181500937E+02  -0.182548879E+02  -0.188663128E+02  -0.185091017E+02  -0.188705628E+02  -0.188663063E+02  -0.187933279E+02
   0.380005537E+06   0.201499999E+05  -0.187413291E+02  -0.184872561E+02  -0.181300341E+02  -0.178395981E+02  -0.175511916E+02  -0.195231730E+02  -0.184674141E+02  -0.183111451E+02  -0.181767336E+02  -0.182765561E+02  -0.188340676E+02  -0.184314731E+02  -0.188374546E+02  -0.188433416E+02  -0.187479561E+02
   0.390006111E+06   0.195629477E+05  -0.187396976E+02  -0.184976650E+02  -0.181495735E+02  -0.178637592E+02  -0.175782975E+02  -0.195220500E+02  -0.184753207E+02  -0.183272743E+02  -0.182023131E+02  -0.182970708E+02  -0.187995671E+02  -0.183507164E+02  -0.188020303E+02  -0.188182784E+02  -0.186999926E+02
   0.400007434E+06   0.190101138E+05  -0.187364490E+02  -0.185060757E+02  -0.181668240E+02  -0.178854821E+02  -0.176028896E+02  -0.195192940E+02  -0.184813100E+02  -0.183412243E+02  -0.182254071E+02  -0.183152667E+02  -0.187645305E+02  -0.182709390E+02  -0.187660871E+02  -0.187923636E+02  -0.186519092E+02
   0.410005457E+06   0.184894711E+05  -0.187316805E+02  -0.185136711E+02  -0.181837604E+02  -0.179071462E+02  -0.176279859E+02  -0.195150527E+02  -0.184863289E+02  -0.183546646E+02  -0.182485257E+02  -0.183332057E+02  -0.187263076E+02  -0.181855722E+02  -0.187268265E+02  -0.187639362E+02  -0.186000156E+02
   0.420003537E+06   0.179990413E+05  -0.187258836E+02  -0.185195495E+02  -0.181984591E+02  -0.179263090E+02  -0.176503986E+02  -0.195097537E+02  -0.184897741E+02  -0.183660618E+02  -0.182690620E+02  -0.183488512E+02  -0.186889241E+02  -0.181036760E+02  -0.186884618E+02  -0.187358051E+02  -0.185497261E+02
   0.430008056E+06   0.175389088E+05  -0.187190964E+02  -0.185252024E+02  -0.182134895E+02  -0.179460787E+02  -0.176748203E+02  -0.195035016E+02  -0.184928365E+02  -0.183775813E+02  -0.182902904E+02  -0.183648939E+02  -0.186487708E+02  -0.180164604E+02  -0.186471996E+02  -0.187057434E+02  -0.184961415E+02
   0.440000402E+06   0.171068984E+05  -0.187119650E+02  -0.185297509E+02  -0.182268423E+02  -0.179638812E+02  -0.176969905E+02  -0.194968726E+02  -0.184949527E+02  -0.183876379E+02  -0.183094624E+02  -0.183791971E+02  -0.186103126E+02  -0.179338162E+02  -0.186077002E+02  -0.186767601E+02  -0.184450730E+02
   0.450001977E+06   0.166987644E+05  -0.187037135E+02  -0.185337034E+02  -0.182399831E+02  -0.179816747E+02  -0.177180788E+02  -0.194891485E+02  -0.184963664E+02  -0.183973363E+02  -0.183286731E+02  -0.183933322E+02  -0.185695657E+02  -0.178471803E+02  -0.185657920E+02  -0.186454656E+02  -0.183914215E+02
   0.460002050E+06   0.163120611E+05  -0.186947372E+02  -0.185366836E+02  -0.182519619E+02  -0.179982127E+02  -0.177374591E+02  -0.194806896E+02  -0.184968601E+02  -0.184059431E+02  -0.183465955E+02  -0.184062855E+02  -0.185288252E+02  -0.177615668E+02  -0.185238914E+02  -0.186138498E+02  -0.183381209E+02
   0.470001645E+06   0.159456544E+05  -0.186852328E+02  -0.185387665E+02  -0.182627624E+02  -0.180134309E+02  -0.177554068E+02  -0.194716873E+02  -0.184965324E+02  -0.184134762E+02  -0.183631537E+02  -0.184180302E+02  -0.184885979E+02  -0.176779239E+02  -0.184825214E+02  -0.185824126E+02  -0.182857770E+02
   0.480007979E+06   0.155975936E+05  -0.186742859E+02  -0.185402359E+02  -0.182735560E+02  -0.180289547E+02  -0.177737220E+02  -0.194612811E+02  -0.184954140E+02  -0.184207718E+02  -0.183801045E+02  -0.184298350E+02  -0.184450523E+02  -0.175882393E+02  -0.184376531E+02  -0.185480039E+02  -0.182295446E+02
   0.490000203E+06   0.152674282E+05  -0.186631796E+02  -0.185409076E+02  -0.182830725E+02  -0.180429581E+02  -0.177903734E+02  -0.194506879E+02  -0.184936310E+02  -0.184269702E+02  -0.183954617E+02  -0.184403106E+02  -0.184030234E+02  -0.175024437E+02  -0.183943696E+02  -0.185146421E+02  -0.181754812E+02
   0.500003080E+06   0.149526754E+05  -0.186516036E+02  -0.185408373E+02  -0.182916388E+02  -0.180559066E+02  -0.178060288E+02  -0.194396140E+02  -0.184911625E+02  -0.184322957E+02  -0.184097324E+02  -0.184498156E+02  -0.183613105E+02  -0.174180582E+02  -0.183514124E+02  -0.184812615E+02  -0.181220697E+02
   0.510003749E+06   0.146518407E+05  -0.186381311E+02  -0.185398599E+02  -0.183000223E+02  -0.180690432E+02  -0.178227393E+02  -0.194266911E+02  -0.184875802E+02  -0.184371630E+02  -0.184243049E+02  -0.184592276E+02  -0.183154805E+02  -0.173263179E+02  -0.183041323E+02  -0.184437722E+02  -0.180638393E+02
   0.520000503E+06   0.143647309E+05  -0.186246111E+02  -0.185382650E+02  -0.183073610E+02  -0.180809182E+02  -0.178380252E+02  -0.194136956E+02  -0.184834992E+02  -0.184411460E+02  -0.184375504E+02  -0.184675480E+02  -0.182710792E+02  -0.172381007E+02  -0.182583472E+02  -0.184073310E+02  -0.180076034E+02
   0.530000865E+06   0.140899968E+05  -0.186109946E+02  -0.185360596E+02  -0.183137043E+02  -0.180916023E+02  -0.178519731E+02  -0.194005812E+02  -0.184789149E+02  -0.184442781E+02  -0.184495458E+02  -0.184748306E+02  -0.182279126E+02  -0.171530070E+02  -0.182138564E+02  -0.183717814E+02  -0.179531123E+02
   0.540005284E+06   0.138270540E+05  -0.185957195E+02  -0.185329735E+02  -0.183197356E+02  -0.181022701E+02  -0.178661486E+02  -0.193858462E+02  -0.184732862E+02  -0.184468820E+02  -0.184616130E+02  -0.184818726E+02  -0.181814237E+02  -0.170621186E+02  -0.181658631E+02  -0.183323818E+02  -0.178948544E+02
   0.550006618E+06   0.135757471E+05  -0.185797733E+02  -0.185293074E+02  -0.183252486E+02  -0.181124542E+02  -0.178798762E+02  -0.193704457E+02  -0.184670577E+02  -0.184489431E+02  -0.184732064E+02  -0.184884072E+02  -0.181341867E+02  -0.169703224E+02  -0.181170706E+02  -0.182918205E+02  -0.178359065E+02
   0.560003295E+06   0.133348297E+05  -0.185639020E+02  -0.185252085E+02  -0.183299495E+02  -0.181216330E+02  -0.178924519E+02  -0.193550977E+02  -0.184605024E+02  -0.184503347E+02  -0.184837363E+02  -0.184940874E+02  -0.180883183E+02  -0.168817369E+02  -0.180697109E+02  -0.182523518E+02  -0.177788113E+02
   0.570005124E+06   0.131035212E+05  -0.185480685E+02  -0.185206779E+02  -0.183338677E+02  -0.181298506E+02  -0.179039309E+02  -0.193397667E+02  -0.184536134E+02  -0.184510757E+02  -0.184932510E+02  -0.184989459E+02  -0.180436841E+02  -0.167960895E+02  -0.180236449E+02  -0.182138622E+02  -0.177233982E+02
   0.580002226E+06   0.128814751E+05  -0.185306741E+02  -0.185152375E+02  -0.183373556E+02  -0.181378823E+02  -0.179153983E+02  -0.193229073E+02  -0.184456771E+02  -0.184511997E+02  -0.185026555E+02  -0.185034316E+02  -0.179961627E+02  -0.167055441E+02  -0.179745285E+02  -0.181725317E+02  -0.176648005E+02
   0.590009190E+06   0.126676626E+05  -0.185120343E+02  -0.185090367E+02  -0.183404398E+02  -0.181456924E+02  -0.179267728E+02  -0.193048270E+02  -0.184368778E+02  -0.184507807E+02  -0.185118948E+02  -0.185075566E+02  -0.179464275E+02  -0.166113081E+02  -0.179230721E+02  -0.181290039E+02  -0.176037867E+02
   0.600002816E+06   0.124625002E+05  -0.184934728E+02  -0.185024110E+02  -0.183427234E+02  -0.181525108E+02  -0.179370114E+02  -0.192868025E+02  -0.184277587E+02  -0.184497030E+02  -0.185200844E+02  -0.185108390E+02  -0.178980286E+02  -0.165202088E+02  -0.178730218E+02  -0.180865613E+02  -0.175445655E+02
   0.610000025E+06   0.122664207E+05  -0.184749696E+02  -0.184953151E+02  -0.183441425E+02  -0.181582638E+02  -0.179460333E+02  -0.192688124E+02  -0.184182799E+02  -0.184479095E+02  -0.185271480E+02  -0.185132125E+02  -0.178510090E+02  -0.164323791E+02  -0.178244237E+02  -0.180452343E+02  -0.174872027E+02
   0.620008763E+06   0.120775635E+05  -0.184566262E+02  -0.184879588E+02  -0.183449875E+02  -0.181632831E+02  -0.179542010E+02  -0.192509632E+02  -0.184086284E+02  -0.184456603E+02  -0.185334297E+02  -0.185149769E+02  -0.178051995E+02  -0.163472627E+02  -0.177770938E+02  -0.180049076E+02  -0.174314309E+02
   0.630006375E+06   0.118922300E+05  -0.184364673E+02  -0.184798789E+02  -0.183459165E+02  -0.181688019E+02  -0.179630613E+02  -0.192313527E+02  -0.183980227E+02  -0.184431822E+02  -0.185403378E+02  -0.185169224E+02  -0.177552689E+02  -0.162545299E+02  -0.177253912E+02  -0.179605935E+02  -0.173710171E+02
   0.640007372E+06   0.117141624E+05  -0.184152520E+02  -0.184711657E+02  -0.183465234E+02  -0.181741596E+02  -0.179718038E+02  -0.192107081E+02  -0.183866937E+02  -0.184402592E+02  -0.185471347E+02  -0.185185849E+02  -0.177035004E+02  -0.161587128E+02  -0.176717263E+02  -0.179143843E+02  -0.173086874E+02
   0.650004416E+06   0.115450633E+05  -0.183941835E+02  -0.184619696E+02  -0.183461780E+02  -0.181783257E+02  -0.179791841E+02  -0.191901816E+02  -0.183750136E+02  -0.184365618E+02  -0.185526675E+02  -0.185192418E+02  -0.176534175E+02  -0.160667999E+02  -0.176198425E+02  -0.178695807E+02  -0.172485752E+02
   0.660003305E+06   0.113883352E+05  -0.183729490E+02  -0.184517390E+02  -0.183441505E+02  -0.181804797E+02  -0.179843172E+02  -0.191694494E+02  -0.183624806E+02  -0.184314275E+02  -0.185560882E+02  -0.185181434E+02  -0.176052913E+02  -0.159799038E+02  -0.175700471E+02  -0.178263475E+02  -0.171911535E+02
   0.670002964E+06   0.112556681E+05  -0.183510666E+02  -0.184391711E+02  -0.183385265E+02  -0.181783952E+02  -0.179847545E+02  -0.191479922E+02  -0.183479639E+02  -0.184231736E+02  -0.185550759E+02  -0.185133059E+02  -0.175606456E+02  -0.159024403E+02  -0.175239885E+02  -0.177858437E+02  -0.171386393E+02
   0.680004844E+06   0.111180987E+05  -0.183301542E+02  -0.184279175E+02  -0.183344732E+02  -0.181780123E+02  -0.179869865E+02  -0.191275207E+02  -0.183346894E+02  -0.184163933E+02  -0.185558049E+02  -0.185100681E+02  -0.175161288E+02  -0.158238929E+02  -0.174780066E+02  -0.177456218E+02  -0.170859632E+02
   0.690001255E+06   0.109802658E+05  -0.183094140E+02  -0.184171675E+02  -0.183311693E+02  -0.181785057E+02  -0.179901820E+02  -0.191072379E+02  -0.183218485E+02  -0.184102670E+02  -0.185574491E+02  -0.185076096E+02  -0.174710831E+02  -0.157437466E+02  -0.174314197E+02  -0.177051142E+02  -0.170326031E+02
   0.700004061E+06   0.108447929E+05  -0.182858169E+02  -0.184052298E+02  -0.183279145E+02  -0.181796888E+02  -0.179945041E+02  -0.190841818E+02  -0.183074671E+02  -0.184037079E+02  -0.185599798E+02  -0.185053523E+02  -0.174197384E+02  -0.156519917E+02  -0.173781296E+02  -0.176596125E+02  -0.169722658E+02
   0.710009177E+06   0.107134318E+05  -0.182627815E+02  -0.183935000E+02  -0.183246040E+02  -0.181806814E+02  -0.179985405E+02  -0.190616710E+02  -0.182933676E+02  -0.183971933E+02  -0.185622792E+02  -0.185030090E+02  -0.173697976E+02  -0.155628671E+02  -0.173263024E+02  -0.176153373E+02  -0.169136052E+02
   0.720004999E+06   0.105862555E+05  -0.182403230E+02  -0.183819869E+02  -0.183212421E+02  -0.181814855E+02  -0.180022914E+02  -0.190397205E+02  -0.182795604E+02  -0.183907294E+02  -0.185643484E+02  -0.185005835E+02  -0.173212909E+02  -0.154764250E+02  -0.172759695E+02  -0.175723157E+02  -0.168566565E+02
   0.730001581E+06   0.104632039E+05  -0.182184161E+02  -0.183706705E+02  -0.183178124E+02  -0.181820867E+02  -0.180057438E+02  -0.190183051E+02  -0.182660242E+02  -0.183842984E+02  -0.185661738E+02  -0.184980598E+02  -0.172741806E+02  -0.153926097E+02  -0.172270922E+02  -0.175305126E+02  -0.168013780E+02
   0.740002853E+06   0.103440261E+05  -0.181970476E+02  -0.183595590E+02  -0.183143393E+02  -0.181825177E+02  -0.180089363E+02  -0.189974126E+02  -0.182527629E+02  -0.183779185E+02  -0.185677903E+02  -0.184954643E+02  -0.172284020E+02  -0.153112815E+02  -0.171796022E+02  -0.174898742E+02  -0.167476885E+02
   0.750008426E+06   0.102283976E+05  -0.181761938E+02  -0.183486567E+02  -0.183108481E+02  -0.181828142E+02  -0.180119120E+02  -0.189770206E+02  -0.182397748E+02  -0.183716069E+02  -0.185692371E+02  -0.184928244E+02  -0.171838652E+02  -0.152322539E+02  -0.171334050E+02  -0.174503244E+02  -0.166954762E+02
   0.760004925E+06   0.101164702E+05  -0.181558880E+02  -0.183379840E+02  -0.183073490E+02  -0.181829817E+02  -0.180146730E+02  -0.189571618E+02  -0.182270830E+02  -0.183653779E+02  -0.185705181E+02  -0.184901495E+02  -0.171406344E+02  -0.151556363E+02  -0.170885669E+02  -0.174119211E+02  -0.166448157E+02
   0.770011218E+06   0.100077159E+05  -0.181360549E+02  -0.183275109E+02  -0.183038463E+02  -0.181830416E+02  -0.180172528E+02  -0.189377631E+02  -0.182146481E+02  -0.183592225E+02  -0.185716598E+02  -0.184874475E+02  -0.170985263E+02  -0.150810879E+02  -0.170448971E+02  -0.173745035E+02  -0.165954885E+02
   0.780010052E+06   0.990261191E+04  -0.181125878E+02  -0.183151734E+02  -0.182997912E+02  -0.181832340E+02  -0.180204714E+02  -0.189148221E+02  -0.181999739E+02  -0.183519964E+02  -0.185731472E+02  -0.184843589E+02  -0.170493378E+02  -0.149939469E+02  -0.169936753E+02  -0.173310518E+02  -0.165387135E+02
   0.790009033E+06   0.980081502E+04  -0.180894658E+02  -0.183029908E+02  -0.182957488E+02  -0.181833674E+02  -0.180235812E+02  -0.188922178E+02  -0.181854942E+02  -0.183448362E+02  -0.185745540E+02  -0.184812676E+02  -0.170009818E+02  -0.149083262E+02  -0.169433099E+02  -0.172883446E+02  -0.164829630E+02
   0.800005164E+06   0.970226828E+04  -0.180670294E+02  -0.182911445E+02  -0.182917830E+02  -0.181834439E+02  -0.180265390E+02  -0.188702827E+02  -0.181714242E+02  -0.183378520E+02  -0.185758632E+02  -0.184782223E+02  -0.169541172E+02  -0.148253865E+02  -0.168944999E+02  -0.172469483E+02  -0.164289399E+02
   0.810000124E+06   0.960680483E+04  -0.180452624E+02  -0.182796364E+02  -0.182879086E+02  -0.181834855E+02  -0.180293717E+02  -0.188490012E+02  -0.181577619E+02  -0.183310538E+02  -0.185770989E+02  -0.184752398E+02  -0.169086863E+02  -0.147450093E+02  -0.168471846E+02  -0.172068147E+02  -0.163765746E+02
   0.820007908E+06   0.951421608E+04  -0.180241393E+02  -0.182684631E+02  -0.182841393E+02  -0.181835141E+02  -0.180321075E+02  -0.188283490E+02  -0.181444994E+02  -0.183244487E+02  -0.185782857E+02  -0.184723354E+02  -0.168646117E+02  -0.146670408E+02  -0.168012824E+02  -0.171678779E+02  -0.163257744E+02
   0.830008545E+06   0.942448196E+04  -0.180036713E+02  -0.182576382E+02  -0.182804901E+02  -0.181835458E+02  -0.180347628E+02  -0.188083374E+02  -0.181316497E+02  -0.183180511E+02  -0.185794399E+02  -0.184695245E+02  -0.168219000E+02  -0.145914801E+02  -0.167567993E+02  -0.171301455E+02  -0.162765444E+02
   0.840007617E+06   0.933738341E+04  -0.179838084E+02  -0.182471352E+02  -0.182769520E+02  -0.181835805E+02  -0.180373441E+02  -0.187889175E+02  -0.181191812E+02  -0.183118453E+02  -0.185805640E+02  -0.184668001E+02  -0.167804467E+02  -0.145181426E+02  -0.167136266E+02  -0.170935253E+02  -0.162287642E+02
   0.850005479E+06   0.925279550E+04  -0.179645235E+02  -0.182369404E+02  -0.182735213E+02  -0.181836197E+02  -0.180398564E+02  -0.187700628E+02  -0.181070777E+02  -0.183058239E+02  -0.185816613E+02  -0.184641596E+02  -0.167401937E+02  -0.144469246E+02  -0.166717039E+02  -0.170579661E+02  -0.161823668E+02
   0.860000953E+06   0.917057763E+04  -0.179457804E+02  -0.182270326E+02  -0.182701882E+02  -0.181836591E+02  -0.180422998E+02  -0.187517378E+02  -0.180953147E+02  -0.182999727E+02  -0.185827292E+02  -0.184615946E+02  -0.167010700E+02  -0.143777034E+02  -0.166309572E+02  -0.170234047E+02  -0.161372708E+02
   0.870005322E+06   0.909049015E+04  -0.179275155E+02  -0.182173742E+02  -0.182669340E+02  -0.181836901E+02  -0.180446724E+02  -0.187338803E+02  -0.180838491E+02  -0.182942656E+02  -0.185837620E+02  -0.184590886E+02  -0.166629527E+02  -0.143102684E+02  -0.165912589E+02  -0.169897314E+02  -0.160933359E+02
   0.880002547E+06   0.901252038E+04  -0.179097224E+02  -0.182079599E+02  -0.182637547E+02  -0.181837091E+02  -0.180469710E+02  -0.187164837E+02  -0.180726754E+02  -0.182886982E+02  -0.185847563E+02  -0.184566376E+02  -0.166258320E+02  -0.142446053E+02  -0.165525991E+02  -0.169569372E+02  -0.160505515E+02
   0.890008173E+06   0.893640221E+04  -0.178881508E+02  -0.181964578E+02  -0.182597416E+02  -0.181835524E+02  -0.180495824E+02  -0.186953985E+02  -0.180590563E+02  -0.182817942E+02  -0.185857824E+02  -0.184535141E+02  -0.165817604E+02  -0.141667469E+02  -0.165065104E+02  -0.169179760E+02  -0.160006574E+02
   0.900000623E+06   0.886200805E+04  -0.178662734E+02  -0.181847853E+02  -0.182556582E+02  -0.181833794E+02  -0.180522192E+02  -0.186740155E+02  -0.180452379E+02  -0.182747778E+02  -0.185868098E+02  -0.184503345E+02  -0.165371938E+02  -0.140880192E+02  -0.164598734E+02  -0.168785745E+02  -0.159503439E+02
   0.910001468E+06   0.878863686E+04  -0.178447931E+02  -0.181733696E+02  -0.182517274E+02  -0.181833051E+02  -0.180549160E+02  -0.186530228E+02  -0.180317058E+02  -0.182679542E+02  -0.185879195E+02  -0.184472949E+02  -0.164933363E+02  -0.140104704E+02  -0.164139740E+02  -0.168398112E+02  -0.159008185E+02
   0.920005099E+06   0.871633817E+04  -0.178237190E+02  -0.181622130E+02  -0.182479462E+02  -0.181833240E+02  -0.180576656E+02  -0.186324292E+02  -0.180184638E+02  -0.182613225E+02  -0.185891050E+02  -0.184443920E+02  -0.164502121E+02  -0.139341474E+02  -0.163688378E+02  -0.168017067E+02  -0.158521092E+02
   0.930006088E+06   0.864526781E+04  -0.178030488E+02  -0.181512918E+02  -0.182442751E+02  -0.181833885E+02  -0.180604144E+02  -0.186122313E+02  -0.180054925E+02  -0.182548494E+02  -0.185903164E+02  -0.184415843E+02  -0.164078664E+02  -0.138591669E+02  -0.163245142E+02  -0.167642955E+02  -0.158042734E+02
   0.940006713E+06   0.857550098E+04  -0.177827617E+02  -0.181405750E+02  -0.182406754E+02  -0.181834559E+02  -0.180631168E+02  -0.185924080E+02  -0.179927633E+02  -0.182484991E+02  -0.185915095E+02  -0.184388321E+02  -0.163663015E+02  -0.137855658E+02  -0.162810077E+02  -0.167275745E+02  -0.157573189E+02
   0.950003547E+06   0.850712993E+04  -0.177628656E+02  -0.181300575E+02  -0.182371327E+02  -0.181835069E+02  -0.180657501E+02  -0.185729662E+02  -0.179802737E+02  -0.182422608E+02  -0.185926638E+02  -0.184361200E+02  -0.163255531E+02  -0.137134221E+02  -0.162383565E+02  -0.166915731E+02  -0.157112889E+02
   0.960003729E+06   0.844012941E+04  -0.177433429E+02  -0.181197256E+02  -0.182336357E+02  -0.181835316E+02  -0.180683054E+02  -0.185538888E+02  -0.179680091E+02  -0.182361222E+02  -0.185937696E+02  -0.184334370E+02  -0.162855962E+02  -0.136426993E+02  -0.161965350E+02  -0.166562680E+02  -0.156661562E+02
   0.970001621E+06   0.837452967E+04  -0.177241906E+02  -0.181095719E+02  -0.182301740E+02  -0.181835180E+02  -0.180707694E+02  -0.185351725E+02  -0.179559632E+02  -0.182300742E+02  -0.185948145E+02  -0.184307722E+02  -0.162464369E+02  -0.135734172E+02  -0.161555501E+02  -0.166216633E+02  -0.156219294E+02
   0.980011225E+06   0.831026156E+04  -0.177053873E+02  -0.180995844E+02  -0.182267427E+02  -0.181834648E+02  -0.180731435E+02  -0.185167963E+02  -0.179441219E+02  -0.182241091E+02  -0.185957983E+02  -0.184281216E+02  -0.162080327E+02  -0.135055017E+02  -0.161153573E+02  -0.165877212E+02  -0.155785604E+02
   0.990007836E+06   0.824744034E+04  -0.176869717E+02  -0.180897863E+02  -0.182233531E+02  -0.181833772E+02  -0.180754286E+02  -0.184987982E+02  -0.179325117E+02  -0.182182427E+02  -0.185967244E+02  -0.184254952E+02  -0.161704575E+02  -0.134390796E+02  -0.160760338E+02  -0.165545077E+02  -0.155361323E+02
   0.100000791E+07   0.818597378E+04  -0.176689127E+02  -0.180801590E+02  -0.182199962E+02  -0.181832511E+02  -0.180776240E+02  -0.184811477E+02  -0.179211114E+02  -0.182124624E+02  -0.185975901E+02  -0.184228850E+02  -0.161336521E+02  -0.133740494E+02  -0.160375178E+02  -0.165219700E+02  -0.154945786E+02
   0.101000896E+07   0.812583607E+04  -0.176512071E+02  -0.180707026E+02  -0.182166747E+02  -0.181830905E+02  -0.180797348E+02  -0.184638418E+02  -0.179099204E+02  -0.182067699E+02  -0.185984000E+02  -0.184202941E+02  -0.160976053E+02  -0.133103880E+02  -0.159997973E+02  -0.164900985E+02  -0.154538862E+02
   0.102000402E+07   0.806703116E+04  -0.176338669E+02  -0.180614290E+02  -0.182134000E+02  -0.181829067E+02  -0.180817720E+02  -0.184468925E+02  -0.178989505E+02  -0.182011767E+02  -0.185991650E+02  -0.184177337E+02  -0.160623305E+02  -0.132481105E+02  -0.159628860E+02  -0.164589065E+02  -0.154140687E+02
   0.103000702E+07   0.800945741E+04  -0.176168676E+02  -0.180523273E+02  -0.182101715E+02  -0.181827044E+02  -0.180837442E+02  -0.184302757E+02  -0.178881881E+02  -0.181956783E+02  -0.185998918E+02  -0.184152046E+02  -0.160277719E+02  -0.131871147E+02  -0.159267251E+02  -0.164283453E+02  -0.153750625E+02
   0.104000778E+07   0.795315347E+04  -0.175953824E+02  -0.180405668E+02  -0.182056337E+02  -0.181819124E+02  -0.180856725E+02  -0.184092736E+02  -0.178743810E+02  -0.181883230E+02  -0.186002593E+02  -0.184115501E+02  -0.159854553E+02  -0.131127268E+02  -0.158822583E+02  -0.163908429E+02  -0.153287299E+02
   0.105000260E+07   0.789813818E+04  -0.175734054E+02  -0.180284866E+02  -0.182009026E+02  -0.181809966E+02  -0.180875317E+02  -0.183877900E+02  -0.178602176E+02  -0.181807210E+02  -0.186005258E+02  -0.184077213E+02  -0.159424016E+02  -0.130371096E+02  -0.158369886E+02  -0.163526718E+02  -0.152818180E+02
   0.106000688E+07   0.784434252E+04  -0.175518813E+02  -0.180166399E+02  -0.181962421E+02  -0.181800668E+02  -0.180893154E+02  -0.183667483E+02  -0.178463340E+02  -0.181732533E+02  -0.186007522E+02  -0.184039432E+02  -0.159002681E+02  -0.129631344E+02  -0.157926882E+02  -0.163153127E+02  -0.152359118E+02
   0.107000358E+07   0.779184550E+04  -0.175308314E+02  -0.180050339E+02  -0.181916488E+02  -0.181791141E+02  -0.180910108E+02  -0.183461693E+02  -0.178327402E+02  -0.181659204E+02  -0.186009278E+02  -0.184002110E+02  -0.158591064E+02  -0.128908997E+02  -0.157494119E+02  -0.162788101E+02  -0.151910685E+02
   0.108000412E+07   0.774054914E+04  -0.175102113E+02  -0.179936417E+02  -0.181871088E+02  -0.181781315E+02  -0.180926157E+02  -0.183260093E+02  -0.178194056E+02  -0.181587037E+02  -0.186010477E+02  -0.183965124E+02  -0.158188344E+02  -0.128202654E+02  -0.157070737E+02  -0.162430906E+02  -0.151471991E+02
   0.109000623E+07   0.769041437E+04  -0.174900112E+02  -0.179824605E+02  -0.181826248E+02  -0.181771242E+02  -0.180941373E+02  -0.183062589E+02  -0.178063260E+02  -0.181516034E+02  -0.186011179E+02  -0.183928507E+02  -0.157794274E+02  -0.127511837E+02  -0.156656473E+02  -0.162081331E+02  -0.151042762E+02
   0.110000504E+07   0.764140844E+04  -0.174702299E+02  -0.179714950E+02  -0.181782056E+02  -0.181761036E+02  -0.180955886E+02  -0.182869171E+02  -0.177935049E+02  -0.181446269E+02  -0.186011505E+02  -0.183892353E+02  -0.157408716E+02  -0.126836213E+02  -0.156251176E+02  -0.161739266E+02  -0.150622836E+02
   0.111000567E+07   0.759363339E+04  -0.174508750E+02  -0.179607345E+02  -0.181738271E+02  -0.181750382E+02  -0.180969330E+02  -0.182679907E+02  -0.177809354E+02  -0.181377552E+02  -0.186011119E+02  -0.183856404E+02  -0.157032139E+02  -0.126176855E+02  -0.155855355E+02  -0.161405090E+02  -0.150212754E+02
   0.112000236E+07   0.754700009E+04  -0.174320355E+02  -0.179502840E+02  -0.181696060E+02  -0.181740510E+02  -0.180982982E+02  -0.182495694E+02  -0.177687192E+02  -0.181311006E+02  -0.186011271E+02  -0.183821842E+02  -0.156665090E+02  -0.125533783E+02  -0.155469521E+02  -0.161079427E+02  -0.149813001E+02
   0.113000687E+07   0.750134783E+04  -0.174134908E+02  -0.179399518E+02  -0.181653721E+02  -0.181729831E+02  -0.180995330E+02  -0.182314342E+02  -0.177566583E+02  -0.181244844E+02  -0.186010403E+02  -0.183786992E+02  -0.156304746E+02  -0.124903224E+02  -0.155090789E+02  -0.160759600E+02  -0.149420642E+02
   0.114000597E+07   0.745695660E+04  -0.173953767E+02  -0.179298234E+02  -0.181611736E+02  -0.181718632E+02  -0.181006522E+02  -0.182137183E+02  -0.177448491E+02  -0.181179695E+02  -0.186008744E+02  -0.183752288E+02  -0.155953541E+02  -0.124289267E+02  -0.154721703E+02  -0.160447792E+02  -0.149038305E+02
   0.115000283E+07   0.741384921E+04  -0.173777007E+02  -0.179199021E+02  -0.181570107E+02  -0.181706897E+02  -0.181016531E+02  -0.181964288E+02  -0.177332955E+02  -0.181115570E+02  -0.186006274E+02  -0.183717729E+02  -0.155611634E+02  -0.123692207E+02  -0.154362432E+02  -0.160144142E+02  -0.148666166E+02
   0.116000551E+07   0.737194557E+04  -0.173604387E+02  -0.179101783E+02  -0.181528845E+02  -0.181694694E+02  -0.181025466E+02  -0.181795427E+02  -0.177219850E+02  -0.181052441E+02  -0.186003078E+02  -0.183683340E+02  -0.155278479E+02  -0.123111025E+02  -0.154012398E+02  -0.159848177E+02  -0.148303624E+02
   0.117000430E+07   0.733123581E+04  -0.173436016E+02  -0.179006646E+02  -0.181488089E+02  -0.181682170E+02  -0.181033477E+02  -0.181630707E+02  -0.177109298E+02  -0.180990441E+02  -0.185999303E+02  -0.183649262E+02  -0.154954147E+02  -0.122545732E+02  -0.153671669E+02  -0.159559975E+02  -0.147950743E+02
   0.118000554E+07   0.729169494E+04  -0.173271817E+02  -0.178913578E+02  -0.181447841E+02  -0.181669343E+02  -0.181040595E+02  -0.181470055E+02  -0.177001258E+02  -0.180929559E+02  -0.185994974E+02  -0.183615499E+02  -0.154638465E+02  -0.121996007E+02  -0.153340059E+02  -0.159279385E+02  -0.147607330E+02
   0.119000600E+07   0.725339188E+04  -0.173111936E+02  -0.178822602E+02  -0.181408031E+02  -0.181656096E+02  -0.181046669E+02  -0.181313609E+02  -0.176895779E+02  -0.180869761E+02  -0.185989960E+02  -0.183581972E+02  -0.154331843E+02  -0.121462670E+02  -0.153018009E+02  -0.159006758E+02  -0.147273847E+02
   0.120001087E+07   0.721637396E+04  -0.172956415E+02  -0.178733673E+02  -0.181368552E+02  -0.181642289E+02  -0.181051534E+02  -0.181161408E+02  -0.176792833E+02  -0.180810964E+02  -0.185984108E+02  -0.183548565E+02  -0.154034504E+02  -0.120946222E+02  -0.152705760E+02  -0.158742272E+02  -0.146950547E+02
   0.121000180E+07   0.718065709E+04  -0.172805456E+02  -0.178646967E+02  -0.181329557E+02  -0.181628063E+02  -0.181055324E+02  -0.181013653E+02  -0.176692603E+02  -0.180753331E+02  -0.185977559E+02  -0.183515428E+02  -0.153746713E+02  -0.120447022E+02  -0.152403581E+02  -0.158486179E+02  -0.146637707E+02
   0.122000821E+07   0.714599330E+04  -0.172658327E+02  -0.178562196E+02  -0.181291091E+02  -0.181613636E+02  -0.181058382E+02  -0.180869633E+02  -0.176594706E+02  -0.180696776E+02  -0.185970582E+02  -0.183482648E+02  -0.153466785E+02  -0.119961920E+02  -0.152109691E+02  -0.158237016E+02  -0.146333470E+02
   0.123000520E+07   0.711244021E+04  -0.172515323E+02  -0.178479550E+02  -0.181253267E+02  -0.181599081E+02  -0.181060752E+02  -0.180729638E+02  -0.176499356E+02  -0.180641443E+02  -0.185963238E+02  -0.183450327E+02  -0.153195237E+02  -0.119491770E+02  -0.151824627E+02  -0.157995246E+02  -0.146038391E+02
   0.124000359E+07   0.707997990E+04  -0.172376043E+02  -0.178398664E+02  -0.181215742E+02  -0.181584067E+02  -0.181062111E+02  -0.180593269E+02  -0.176406179E+02  -0.180586979E+02  -0.185955200E+02  -0.183418126E+02  -0.152931600E+02  -0.119036001E+02  -0.151547915E+02  -0.157760417E+02  -0.145751989E+02
   0.125001059E+07   0.704880115E+04  -0.172241345E+02  -0.178320055E+02  -0.181178782E+02  -0.181568729E+02  -0.181062501E+02  -0.180461368E+02  -0.176315764E+02  -0.180533749E+02  -0.185946564E+02  -0.183386281E+02  -0.152677455E+02  -0.118597309E+02  -0.151281212E+02  -0.157533944E+02  -0.145475979E+02
   0.126000531E+07   0.701880217E+04  -0.172111095E+02  -0.178243771E+02  -0.181142572E+02  -0.181553323E+02  -0.181062226E+02  -0.180333808E+02  -0.176228121E+02  -0.180481883E+02  -0.185937604E+02  -0.183354991E+02  -0.152432277E+02  -0.118174567E+02  -0.151023950E+02  -0.157315390E+02  -0.145209763E+02
   0.127000401E+07   0.698987131E+04  -0.171967981E+02  -0.178159215E+02  -0.181101378E+02  -0.181534827E+02  -0.181060291E+02  -0.180193659E+02  -0.176131243E+02  -0.180423688E+02  -0.185926168E+02  -0.183319286E+02  -0.152167052E+02  -0.117718001E+02  -0.150745067E+02  -0.157079273E+02  -0.144925551E+02
   0.128000836E+07   0.696217357E+04  -0.171799793E+02  -0.178058666E+02  -0.181050723E+02  -0.181510583E+02  -0.181055401E+02  -0.180028966E+02  -0.176016468E+02  -0.180353370E+02  -0.185910178E+02  -0.183275205E+02  -0.151861920E+02  -0.117193962E+02  -0.150423294E+02  -0.156808106E+02  -0.144604553E+02
   0.129000546E+07   0.693586220E+04  -0.171638738E+02  -0.177961863E+02  -0.181001317E+02  -0.181486268E+02  -0.181049469E+02  -0.179871231E+02  -0.175906152E+02  -0.180285286E+02  -0.185893702E+02  -0.183232046E+02  -0.151570774E+02  -0.116694868E+02  -0.150116340E+02  -0.156549227E+02  -0.144298336E+02
   0.130000888E+07   0.691075190E+04  -0.171484098E+02  -0.177868543E+02  -0.180953230E+02  -0.181462126E+02  -0.181042872E+02  -0.179719759E+02  -0.175799935E+02  -0.180219373E+02  -0.185877043E+02  -0.183189920E+02  -0.151291983E+02  -0.116217620E+02  -0.149822463E+02  -0.156301228E+02  -0.144005162E+02
   0.131000538E+07   0.688675990E+04  -0.171335674E+02  -0.177778707E+02  -0.180906614E+02  -0.181438388E+02  -0.181035898E+02  -0.179574363E+02  -0.175697777E+02  -0.180155725E+02  -0.185860454E+02  -0.183148999E+02  -0.151024937E+02  -0.115760955E+02  -0.149541002E+02  -0.156063603E+02  -0.143724373E+02
   0.132000159E+07   0.686394603E+04  -0.171193546E+02  -0.177692291E+02  -0.180861294E+02  -0.181414823E+02  -0.181028273E+02  -0.179435113E+02  -0.175599644E+02  -0.180094210E+02  -0.185843687E+02  -0.183109095E+02  -0.150770011E+02  -0.115325722E+02  -0.149272370E+02  -0.155836654E+02  -0.143456379E+02
   0.133000509E+07   0.684229432E+04  -0.171057520E+02  -0.177609138E+02  -0.180817145E+02  -0.181391320E+02  -0.181019899E+02  -0.179301819E+02  -0.175505371E+02  -0.180034690E+02  -0.185826636E+02  -0.183070086E+02  -0.150526933E+02  -0.114911522E+02  -0.149016284E+02  -0.155620128E+02  -0.143200899E+02
   0.134000126E+07   0.682181818E+04  -0.170927599E+02  -0.177529221E+02  -0.180774113E+02  -0.181367814E+02  -0.181010700E+02  -0.179174482E+02  -0.175414937E+02  -0.179977122E+02  -0.185809231E+02  -0.183031915E+02  -0.150295774E+02  -0.114518532E+02  -0.148772822E+02  -0.155414078E+02  -0.142958011E+02
   0.135000234E+07   0.680247623E+04  -0.170803370E+02  -0.177452225E+02  -0.180731959E+02  -0.181344105E+02  -0.181000505E+02  -0.179052694E+02  -0.175328007E+02  -0.179921237E+02  -0.185791285E+02  -0.182994353E+02  -0.150075913E+02  -0.114145804E+02  -0.148541341E+02  -0.155217937E+02  -0.142727072E+02
   0.136000573E+07   0.678416725E+04  -0.170684311E+02  -0.177377877E+02  -0.180690593E+02  -0.181320197E+02  -0.180989390E+02  -0.178935945E+02  -0.175244255E+02  -0.179866873E+02  -0.185772833E+02  -0.182957332E+02  -0.149866330E+02  -0.113791518E+02  -0.148320758E+02  -0.155030806E+02  -0.142507001E+02
   0.137000930E+07   0.676681897E+04  -0.170570005E+02  -0.177305935E+02  -0.180649902E+02  -0.181296049E+02  -0.180977364E+02  -0.178823827E+02  -0.175163403E+02  -0.179813867E+02  -0.185753855E+02  -0.182920760E+02  -0.149666249E+02  -0.113454326E+02  -0.148110254E+02  -0.154851999E+02  -0.142296983E+02
   0.138000639E+07   0.675045054E+04  -0.170460396E+02  -0.177236298E+02  -0.180609751E+02  -0.181271507E+02  -0.180964258E+02  -0.178716284E+02  -0.175085360E+02  -0.179762096E+02  -0.185734190E+02  -0.182884495E+02  -0.149475711E+02  -0.113134422E+02  -0.147909882E+02  -0.154681533E+02  -0.142097069E+02
   0.139000804E+07   0.673498737E+04  -0.170354851E+02  -0.177168514E+02  -0.180569822E+02  -0.181246324E+02  -0.180949879E+02  -0.178612690E+02  -0.175009634E+02  -0.179711190E+02  -0.185713615E+02  -0.182848237E+02  -0.149293712E+02  -0.112830211E+02  -0.147718593E+02  -0.154518497E+02  -0.141906213E+02
   0.140000248E+07   0.672033214E+04  -0.170252899E+02  -0.177102351E+02  -0.180530058E+02  -0.181220535E+02  -0.180934330E+02  -0.178512588E+02  -0.174935943E+02  -0.179661023E+02  -0.185692193E+02  -0.182811952E+02  -0.149119301E+02  -0.112539974E+02  -0.147535377E+02  -0.154362058E+02  -0.141723408E+02
   0.141000009E+07   0.670643367E+04  -0.170154108E+02  -0.177037500E+02  -0.180490244E+02  -0.181193975E+02  -0.180917481E+02  -0.178415550E+02  -0.174863955E+02  -0.179611342E+02  -0.185669774E+02  -0.182775437E+02  -0.148951793E+02  -0.112262621E+02  -0.147359518E+02  -0.154211593E+02  -0.141547938E+02
   0.142001049E+07   0.669323625E+04  -0.170058075E+02  -0.176973695E+02  -0.180450213E+02  -0.181166528E+02  -0.180899255E+02  -0.178321182E+02  -0.174793371E+02  -0.179561942E+02  -0.185646259E+02  -0.182738539E+02  -0.148790508E+02  -0.111997032E+02  -0.147190305E+02  -0.154066493E+02  -0.141379094E+02
   0.143000569E+07   0.668076007E+04  -0.169964847E+02  -0.176910934E+02  -0.180409926E+02  -0.181138138E+02  -0.180879583E+02  -0.178229528E+02  -0.174724202E+02  -0.179512798E+02  -0.185621587E+02  -0.182701214E+02  -0.148635595E+02  -0.111743514E+02  -0.147027895E+02  -0.153926878E+02  -0.141217034E+02
   0.144000387E+07   0.666887911E+04  -0.169873818E+02  -0.176848919E+02  -0.180369313E+02  -0.181108855E+02  -0.180858601E+02  -0.178139999E+02  -0.174656085E+02  -0.179463751E+02  -0.185595844E+02  -0.182663421E+02  -0.148485824E+02  -0.111499843E+02  -0.146870986E+02  -0.153791677E+02  -0.141060458E+02
   0.145000788E+07   0.665755196E+04  -0.169784726E+02  -0.176787488E+02  -0.180328287E+02  -0.181078630E+02  -0.180836290E+02  -0.178052336E+02  -0.174588836E+02  -0.179414683E+02  -0.185568994E+02  -0.182625084E+02  -0.148340727E+02  -0.111265224E+02  -0.146719085E+02  -0.153660471E+02  -0.140908873E+02
   0.146000974E+07   0.664670808E+04  -0.169697469E+02  -0.176726712E+02  -0.180287045E+02  -0.181047728E+02  -0.180812965E+02  -0.177966448E+02  -0.174522491E+02  -0.179365743E+02  -0.185541324E+02  -0.182586416E+02  -0.148199856E+02  -0.111038648E+02  -0.146571698E+02  -0.153532897E+02  -0.140761790E+02
   0.147000464E+07   0.663644106E+04  -0.169612259E+02  -0.176666574E+02  -0.180245402E+02  -0.181015876E+02  -0.180788287E+02  -0.177882533E+02  -0.174457080E+02  -0.179316812E+02  -0.185512531E+02  -0.182547211E+02  -0.148063883E+02  -0.110821531E+02  -0.146429557E+02  -0.153409515E+02  -0.140619936E+02
   0.148000832E+07   0.662675746E+04  -0.169528885E+02  -0.176606847E+02  -0.180203119E+02  -0.180982827E+02  -0.180762004E+02  -0.177800381E+02  -0.174392380E+02  -0.179267654E+02  -0.185482368E+02  -0.182507226E+02  -0.147932630E+02  -0.110613745E+02  -0.146292486E+02  -0.153290138E+02  -0.140483137E+02
   0.149000717E+07   0.661755547E+04  -0.169447127E+02  -0.176547561E+02  -0.180160409E+02  -0.180948892E+02  -0.180734498E+02  -0.177719784E+02  -0.174328367E+02  -0.179218412E+02  -0.185451175E+02  -0.182466701E+02  -0.147805376E+02  -0.110413764E+02  -0.146159703E+02  -0.153174168E+02  -0.140350612E+02
   0.150000643E+07   0.660883541E+04  -0.169367143E+02  -0.176488871E+02  -0.180117427E+02  -0.180914225E+02  -0.180705925E+02  -0.177640900E+02  -0.174265198E+02  -0.179169240E+02  -0.185419106E+02  -0.182425789E+02  -0.147682277E+02  -0.110221747E+02  -0.146031366E+02  -0.153061762E+02  -0.140222518E+02
   0.151000303E+07   0.660061411E+04  -0.169288817E+02  -0.176430621E+02  -0.180073987E+02  -0.180878625E+02  -0.180676069E+02  -0.177563611E+02  -0.174202726E+02  -0.179119964E+02  -0.185385956E+02  -0.182384301E+02  -0.147563303E+02  -0.110037797E+02  -0.145907452E+02  -0.152952870E+02  -0.140098835E+02
   0.152000373E+07   0.659291110E+04  -0.169212068E+02  -0.176372683E+02  -0.180029926E+02  -0.180841909E+02  -0.180644735E+02  -0.177487834E+02  -0.174140832E+02  -0.179070434E+02  -0.185351535E+02  -0.182342068E+02  -0.147448469E+02  -0.109862082E+02  -0.145787990E+02  -0.152847482E+02  -0.139979588E+02
   0.153000651E+07   0.658573451E+04  -0.169136881E+02  -0.176315021E+02  -0.179985192E+02  -0.180804019E+02  -0.180611859E+02  -0.177413553E+02  -0.174079485E+02  -0.179020605E+02  -0.185315783E+02  -0.182299037E+02  -0.147337799E+02  -0.109694693E+02  -0.145673008E+02  -0.152745612E+02  -0.139864807E+02
   0.154000516E+07   0.657904219E+04  -0.169063125E+02  -0.176257608E+02  -0.179939834E+02  -0.180765042E+02  -0.180577558E+02  -0.177340641E+02  -0.174018634E+02  -0.178970496E+02  -0.185278801E+02  -0.182255268E+02  -0.147230954E+02  -0.109534956E+02  -0.145562143E+02  -0.152646975E+02  -0.139754129E+02
   0.155000235E+07   0.657276782E+04  -0.168990556E+02  -0.176200362E+02  -0.179893890E+02  -0.180725082E+02  -0.180541982E+02  -0.177268865E+02  -0.173958165E+02  -0.178920098E+02  -0.185240710E+02  -0.182210814E+02  -0.147127364E+02  -0.109381777E+02  -0.145454783E+02  -0.152551079E+02  -0.139646945E+02
   0.156000960E+07   0.656684133E+04  -0.168918841E+02  -0.176143119E+02  -0.179847323E+02  -0.180684166E+02  -0.180505207E+02  -0.177197897E+02  -0.173897878E+02  -0.178869324E+02  -0.185201560E+02  -0.182165654E+02  -0.147026346E+02  -0.109233920E+02  -0.145350204E+02  -0.152457329E+02  -0.139542533E+02
   0.157000947E+07   0.656125286E+04  -0.168847984E+02  -0.176085909E+02  -0.179800180E+02  -0.180642353E+02  -0.180467298E+02  -0.177127745E+02  -0.173837799E+02  -0.178818214E+02  -0.185161412E+02  -0.182119838E+02  -0.146927859E+02  -0.109091264E+02  -0.145248359E+02  -0.152365694E+02  -0.139440844E+02
   0.158000264E+07   0.655597117E+04  -0.168777851E+02  -0.176028674E+02  -0.179752460E+02  -0.180599669E+02  -0.180428305E+02  -0.177058279E+02  -0.173777851E+02  -0.178766744E+02  -0.185120302E+02  -0.182073371E+02  -0.146831612E+02  -0.108953274E+02  -0.145148939E+02  -0.152275924E+02  -0.139341572E+02
   0.159000419E+07   0.655095990E+04  -0.168708200E+02  -0.175971261E+02  -0.179704073E+02  -0.180556061E+02  -0.180388199E+02  -0.176989260E+02  -0.173717864E+02  -0.178714800E+02  -0.185078188E+02  -0.182026175E+02  -0.146737184E+02  -0.108819240E+02  -0.145051500E+02  -0.152187642E+02  -0.139244273E+02
   0.160000089E+07   0.654619581E+04  -0.168638990E+02  -0.175913685E+02  -0.179655080E+02  -0.180511610E+02  -0.180347076E+02  -0.176920651E+02  -0.173657841E+02  -0.178662424E+02  -0.185035156E+02  -0.181978312E+02  -0.146644419E+02  -0.108688823E+02  -0.144955873E+02  -0.152100719E+02  -0.139148780E+02
   0.161000137E+07   0.654165479E+04  -0.168570095E+02  -0.175855879E+02  -0.179605454E+02  -0.180466315E+02  -0.180304954E+02  -0.176852329E+02  -0.173597703E+02  -0.178609575E+02  -0.184991214E+02  -0.181929764E+02  -0.146553072E+02  -0.108561586E+02  -0.144861798E+02  -0.152014941E+02  -0.139054832E+02
   0.162000522E+07   0.653731077E+04  -0.168501365E+02  -0.175797757E+02  -0.179555157E+02  -0.180420160E+02  -0.180261834E+02  -0.176784147E+02  -0.173537349E+02  -0.178556194E+02  -0.184946354E+02  -0.181880498E+02  -0.146462864E+02  -0.108437046E+02  -0.144768980E+02  -0.151930060E+02  -0.138962135E+02
   0.163000678E+07   0.653318110E+04  -0.168432987E+02  -0.175739464E+02  -0.179504303E+02  -0.180373244E+02  -0.180217804E+02  -0.176716291E+02  -0.173476936E+02  -0.178502409E+02  -0.184900669E+02  -0.181830625E+02  -0.146374068E+02  -0.108315612E+02  -0.144677703E+02  -0.151846328E+02  -0.138870974E+02
   0.164000958E+07   0.652921158E+04  -0.168364564E+02  -0.175680734E+02  -0.179452724E+02  -0.180325451E+02  -0.180172784E+02  -0.176648368E+02  -0.173416167E+02  -0.178448012E+02  -0.184854058E+02  -0.181779988E+02  -0.146286019E+02  -0.108196190E+02  -0.144587269E+02  -0.151763147E+02  -0.138780651E+02
   0.165000491E+07   0.652537041E+04  -0.168295918E+02  -0.175621468E+02  -0.179400378E+02  -0.180276767E+02  -0.180126784E+02  -0.176580207E+02  -0.173354929E+02  -0.178392939E+02  -0.184806519E+02  -0.181728554E+02  -0.146198381E+02  -0.108078193E+02  -0.144497323E+02  -0.151680219E+02  -0.138690813E+02
   0.166000193E+07   0.652167082E+04  -0.168226861E+02  -0.175561446E+02  -0.179347020E+02  -0.180226937E+02  -0.180079539E+02  -0.176511617E+02  -0.173293006E+02  -0.178336954E+02  -0.184757791E+02  -0.181676074E+02  -0.146111032E+02  -0.107961605E+02  -0.144407752E+02  -0.151597407E+02  -0.138601345E+02
   0.167000125E+07   0.651819185E+04  -0.168157835E+02  -0.175500915E+02  -0.179292756E+02  -0.180175991E+02  -0.180031024E+02  -0.176443030E+02  -0.173230689E+02  -0.178280221E+02  -0.184707882E+02  -0.181622636E+02  -0.146024805E+02  -0.107847883E+02  -0.144319435E+02  -0.151515446E+02  -0.138513125E+02
   0.168000096E+07   0.651542722E+04  -0.168089616E+02  -0.175439447E+02  -0.179236268E+02  -0.180122139E+02  -0.179979104E+02  -0.176375159E+02  -0.173167801E+02  -0.178221771E+02  -0.184654854E+02  -0.181566805E+02  -0.145942917E+02  -0.107744144E+02  -0.144235885E+02  -0.151436948E+02  -0.138429653E+02
   0.169000452E+07   0.651499004E+04  -0.168024705E+02  -0.175375605E+02  -0.179173213E+02  -0.180059501E+02  -0.179916771E+02  -0.176310304E+02  -0.173103733E+02  -0.178158405E+02  -0.184592346E+02  -0.181503853E+02  -0.145875845E+02  -0.107673617E+02  -0.144168551E+02  -0.151370413E+02  -0.138362331E+02
   0.170000421E+07   0.650962501E+04  -0.167952011E+02  -0.175316012E+02  -0.179123285E+02  -0.180014689E+02  -0.179875707E+02  -0.176238287E+02  -0.173041385E+02  -0.178104668E+02  -0.184549132E+02  -0.181455198E+02  -0.145776624E+02  -0.107531995E+02  -0.144066107E+02  -0.151277771E+02  -0.138260038E+02
   0.171000736E+07   0.649737270E+04  -0.167871449E+02  -0.175265370E+02  -0.179094714E+02  -0.179997802E+02  -0.179867381E+02  -0.176159270E+02  -0.172984450E+02  -0.178067400E+02  -0.184535896E+02  -0.181429536E+02  -0.145635484E+02  -0.107294019E+02  -0.143917605E+02  -0.151151656E+02  -0.138111879E+02
   0.172000976E+07   0.648280802E+04  -0.167790619E+02  -0.175220107E+02  -0.179075688E+02  -0.179992664E+02  -0.179872420E+02  -0.176080278E+02  -0.172931707E+02  -0.178038034E+02  -0.184535098E+02  -0.181413968E+02  -0.145482643E+02  -0.107026068E+02  -0.143756014E+02  -0.151016675E+02  -0.137950695E+02
   0.173000795E+07   0.646759077E+04  -0.167712752E+02  -0.175179400E+02  -0.179062393E+02  -0.179993880E+02  -0.179884269E+02  -0.176004331E+02  -0.172883185E+02  -0.178013937E+02  -0.184540849E+02  -0.181404286E+02  -0.145329537E+02  -0.106752694E+02  -0.143593766E+02  -0.150882231E+02  -0.137788873E+02
   0.174000472E+07   0.645241362E+04  -0.167639338E+02  -0.175143050E+02  -0.179053383E+02  -0.179999343E+02  -0.179900336E+02  -0.175932833E+02  -0.172839039E+02  -0.177994152E+02  -0.184550834E+02  -0.181398878E+02  -0.145181084E+02  -0.106484290E+02  -0.143436195E+02  -0.150752390E+02  -0.137631727E+02
   0.175000612E+07   0.643753023E+04  -0.167571113E+02  -0.175111169E+02  -0.179048313E+02  -0.180008465E+02  -0.179919858E+02  -0.175866485E+02  -0.172799515E+02  -0.177978517E+02  -0.184564391E+02  -0.181397341E+02  -0.145039271E+02  -0.106224848E+02  -0.143285440E+02  -0.150628828E+02  -0.137481389E+02
   0.176000581E+07   0.642323204E+04  -0.167509460E+02  -0.175084433E+02  -0.179047334E+02  -0.180021121E+02  -0.179942503E+02  -0.175806637E+02  -0.172765435E+02  -0.177967387E+02  -0.184581307E+02  -0.181399756E+02  -0.144906925E+02  -0.105979497E+02  -0.143144503E+02  -0.150514016E+02  -0.137340853E+02
   0.177000294E+07   0.640950420E+04  -0.167453761E+02  -0.175062258E+02  -0.179049887E+02  -0.180036765E+02  -0.179967739E+02  -0.175752670E+02  -0.172736209E+02  -0.177960195E+02  -0.184601042E+02  -0.181405569E+02  -0.144783352E+02  -0.105747428E+02  -0.143012682E+02  -0.150407277E+02  -0.137209416E+02
   0.178000909E+07   0.639629060E+04  -0.167402851E+02  -0.175043615E+02  -0.179055048E+02  -0.180054525E+02  -0.179994732E+02  -0.175703427E+02  -0.172710780E+02  -0.177955975E+02  -0.184622740E+02  -0.181413866E+02  -0.144667111E+02  -0.105526754E+02  -0.142888502E+02  -0.150307239E+02  -0.137085606E+02
   0.179000946E+07   0.638354763E+04  -0.167355939E+02  -0.175027822E+02  -0.179062209E+02  -0.180073838E+02  -0.180022949E+02  -0.175658123E+02  -0.172688442E+02  -0.177954090E+02  -0.184645850E+02  -0.181424053E+02  -0.144557194E+02  -0.105316125E+02  -0.142770930E+02  -0.150212950E+02  -0.136968390E+02
   0.180000021E+07   0.637120161E+04  -0.167311990E+02  -0.175014022E+02  -0.179070650E+02  -0.180094052E+02  -0.180051789E+02  -0.175615732E+02  -0.172668301E+02  -0.177953766E+02  -0.184669742E+02  -0.181435424E+02  -0.144452204E+02  -0.105113559E+02  -0.142658522E+02  -0.150123099E+02  -0.136856328E+02
   0.181000390E+07   0.635913962E+04  -0.167269805E+02  -0.175001293E+02  -0.179079648E+02  -0.180114553E+02  -0.180080717E+02  -0.175575069E+02  -0.172649377E+02  -0.177954202E+02  -0.184693837E+02  -0.181447286E+02  -0.144350381E+02  -0.104916405E+02  -0.142549452E+02  -0.150036068E+02  -0.136747596E+02
   0.182000600E+07   0.634730786E+04  -0.167228598E+02  -0.174988979E+02  -0.179088648E+02  -0.180134835E+02  -0.180109267E+02  -0.175535355E+02  -0.172630986E+02  -0.177954803E+02  -0.184717645E+02  -0.181459094E+02  -0.144250675E+02  -0.104723188E+02  -0.142442637E+02  -0.149950871E+02  -0.136641113E+02
   0.183000085E+07   0.633565609E+04  -0.167187727E+02  -0.174976562E+02  -0.179097220E+02  -0.180154518E+02  -0.180137091E+02  -0.175495954E+02  -0.172612585E+02  -0.177955103E+02  -0.184740800E+02  -0.181470433E+02  -0.144152195E+02  -0.104532619E+02  -0.142337157E+02  -0.149866680E+02  -0.136535959E+02
   0.184000379E+07   0.632412686E+04  -0.167146702E+02  -0.174963691E+02  -0.179105118E+02  -0.180173410E+02  -0.180164039E+02  -0.175456384E+02  -0.172593793E+02  -0.177954817E+02  -0.184763128E+02  -0.181481068E+02  -0.144054166E+02  -0.104343471E+02  -0.142232202E+02  -0.149782790E+02  -0.136431326E+02
   0.185000398E+07   0.631271473E+04  -0.167105358E+02  -0.174950215E+02  -0.179112200E+02  -0.180191375E+02  -0.180189977E+02  -0.175416479E+02  -0.172574456E+02  -0.177953797E+02  -0.184784493E+02  -0.181490859E+02  -0.143956398E+02  -0.104155507E+02  -0.142127577E+02  -0.149699016E+02  -0.136327021E+02
   0.186000114E+07   0.630141509E+04  -0.167063642E+02  -0.174936093E+02  -0.179118433E+02  -0.180208383E+02  -0.180214880E+02  -0.175376189E+02  -0.172554530E+02  -0.177952009E+02  -0.184804868E+02  -0.181499774E+02  -0.143858813E+02  -0.103968617E+02  -0.142023204E+02  -0.149615288E+02  -0.136222964E+02
   0.187000523E+07   0.629021552E+04  -0.167021532E+02  -0.174921333E+02  -0.179123847E+02  -0.180224477E+02  -0.180238799E+02  -0.175335492E+02  -0.172534017E+02  -0.177949472E+02  -0.184824299E+02  -0.181507847E+02  -0.143761330E+02  -0.103782619E+02  -0.141918991E+02  -0.149531539E+02  -0.136119065E+02
   0.188000872E+07   0.627912554E+04  -0.166979129E+02  -0.174906012E+02  -0.179128504E+02  -0.180239708E+02  -0.180261780E+02  -0.175294489E+02  -0.172513001E+02  -0.177946256E+02  -0.184842835E+02  -0.181515136E+02  -0.143664096E+02  -0.103597736E+02  -0.141815094E+02  -0.149447904E+02  -0.136015479E+02
   0.189000393E+07   0.626815947E+04  -0.166936613E+02  -0.174890275E+02  -0.179132521E+02  -0.180254183E+02  -0.180283916E+02  -0.175253356E+02  -0.172491631E+02  -0.177942488E+02  -0.184860577E+02  -0.181521757E+02  -0.143567360E+02  -0.103414332E+02  -0.141711770E+02  -0.149364616E+02  -0.135912462E+02
   0.190000784E+07   0.625730551E+04  -0.166894074E+02  -0.174874241E+02  -0.179136040E+02  -0.180268051E+02  -0.180305369E+02  -0.175212187E+02  -0.172470023E+02  -0.177938301E+02  -0.184877680E+02  -0.181527852E+02  -0.143471156E+02  -0.103232345E+02  -0.141609045E+02  -0.149281723E+02  -0.135810041E+02
   0.191000059E+07   0.624659199E+04  -0.166851760E+02  -0.174858090E+02  -0.179139187E+02  -0.180281415E+02  -0.180326218E+02  -0.175171225E+02  -0.172448369E+02  -0.177933844E+02  -0.184894237E+02  -0.181533543E+02  -0.143375872E+02  -0.103052387E+02  -0.141507325E+02  -0.149199576E+02  -0.135708620E+02
   0.192000802E+07   0.623599649E+04  -0.166809706E+02  -0.174841910E+02  -0.179142095E+02  -0.180294426E+02  -0.180346633E+02  -0.175130508E+02  -0.172426748E+02  -0.177929229E+02  -0.184910405E+02  -0.181538965E+02  -0.143281432E+02  -0.102874206E+02  -0.141406518E+02  -0.149118129E+02  -0.135608110E+02
   0.193000147E+07   0.622555072E+04  -0.166768160E+02  -0.174825873E+02  -0.179144875E+02  -0.180307167E+02  -0.180366672E+02  -0.175090280E+02  -0.172405346E+02  -0.177924594E+02  -0.184926258E+02  -0.181544225E+02  -0.143188240E+02  -0.102698457E+02  -0.141307050E+02  -0.149037747E+02  -0.135508935E+02
   0.194000616E+07   0.621523228E+04  -0.166727147E+02  -0.174810058E+02  -0.179147647E+02  -0.180319779E+02  -0.180386493E+02  -0.175050569E+02  -0.172384231E+02  -0.177920041E+02  -0.184941945E+02  -0.181549447E+02  -0.143096210E+02  -0.102524876E+02  -0.141208821E+02  -0.148958370E+02  -0.135410995E+02
   0.195000310E+07   0.620506682E+04  -0.166686850E+02  -0.174794584E+02  -0.179150485E+02  -0.180332311E+02  -0.180406128E+02  -0.175011554E+02  -0.172363537E+02  -0.177915663E+02  -0.184957506E+02  -0.181554698E+02  -0.143005651E+02  -0.102353976E+02  -0.141112155E+02  -0.148880278E+02  -0.135314614E+02
   0.196000706E+07   0.619502721E+04  -0.166647118E+02  -0.174779369E+02  -0.179153355E+02  -0.180344754E+02  -0.180425587E+02  -0.174973089E+02  -0.172343165E+02  -0.177911406E+02  -0.184972941E+02  -0.181559952E+02  -0.142916281E+02  -0.102185259E+02  -0.141016753E+02  -0.148803219E+02  -0.135219492E+02
   0.197000551E+07   0.618515678E+04  -0.166608394E+02  -0.174764749E+02  -0.179156516E+02  -0.180357327E+02  -0.180445056E+02  -0.174935611E+02  -0.172323476E+02  -0.177907559E+02  -0.184988455E+02  -0.181565455E+02  -0.142828755E+02  -0.102019723E+02  -0.140923297E+02  -0.148727797E+02  -0.135126313E+02
   0.198000028E+07   0.617544966E+04  -0.166570673E+02  -0.174750733E+02  -0.179159986E+02  -0.180370054E+02  -0.180464565E+02  -0.174899114E+02  -0.172304474E+02  -0.177904138E+02  -0.185004074E+02  -0.181571230E+02  -0.142743040E+02  -0.101857289E+02  -0.140831750E+02  -0.148653986E+02  -0.135035037E+02
