3118.4048705201  -4.157465179792558E-18
3121.9158705201  -4.704370436466753E-16
3125.4268705201  -3.182116746699790E-16
3128.9378705201  9.681618657631814E-16
3132.4488705201  2.707203425282318E-16
3135.9598705201  1.043439501273893E-15
3139.4708705201  6.186036646567362E-16
3142.9818705201  9.723141135270154E-16
3146.4928705201  1.152845505853577E-15
3150.0038705201  5.923012561655625E-16
3153.5148705201  6.747756522488068E-16
3157.0258705201  5.423261579198119E-16
3160.5368705201  2.991514157331690E-16
3164.0478705201  6.966962092821487E-16
3167.5588705201  3.391069377728423E-16
3171.0698705201  3.191078652148450E-16
3174.5808705201  1.344551633992794E-16
3178.0918705201  2.700194274255035E-16
3181.6028705201  -9.927171932296074E-18
3185.1138705201  2.797811400024159E-16
3188.6248705201  2.599963460055976E-16
3192.1358705201  1.036145165171023E-16
3195.6468705201  2.133994553674383E-16
3199.1578705201  1.720227786230458E-16
3202.6688705201  1.741192274217097E-16
3206.1798705201  4.966096055385941E-17
3209.6908705201  4.276428123803675E-17
3213.2018705201  1.072579625278603E-16
3216.7128705201  -4.399507880118814E-17
3220.2238705201  7.943820244497798E-17
3223.7348705201  9.240875362431044E-17
3227.2458705201  6.122970594533596E-17
3230.7568705201  6.878593244088849E-17
3234.2678705201  -6.591818213341872E-18
3237.7788705201  5.107408568413323E-17
3241.2898705201  1.054191613355889E-16
3244.8008705201  -2.318895848082772E-17
3248.3118705201  1.851728402095342E-16
3251.8228705201  8.206641530241816E-17
3255.3338705201  6.465981129858977E-18
3258.8448705201  1.505541847612231E-17
3262.3558705201  3.961741156818783E-17
3265.8668705201  9.283975611143979E-17
3269.3778705201  1.576545087485395E-16
3272.8888705201  1.507541799453633E-16
3276.3998705201  5.405596897050445E-17
3279.9108705201  7.875821614638280E-18
3283.4218705201  3.788100223436313E-17
3286.9328705201  1.501860521999948E-16
3290.4438705201  8.958184211562414E-17
3293.9548705201  6.419121177367081E-17
3297.4658705201  9.106204474583076E-17
3300.9768705201  1.147514768997593E-20
3304.4878705201  5.727200987863732E-17
3307.9988705201  1.233036050639978E-16
3311.5098705201  6.837967811520075E-17
3315.0208705201  6.710016901335280E-17
3318.5318705201  8.384849053628657E-17
3322.0428705201  7.703984711965771E-17
3325.5538705201  7.325279533673817E-17
3329.0648705201  3.615727027659818E-17
3332.5758705201  5.952489693826325E-17
3336.0868705201  5.285026710872163E-17
3339.5978705201  1.265166993589581E-17
3343.1088705201  1.222924435913083E-16
3346.6198705201  1.286701906051700E-16
3350.1308705201  9.356777763679064E-17
3353.6418705201  1.412091814582688E-16
3357.1528705201  1.790242963666940E-16
3360.6638705201  1.566662350638636E-16
3364.1748705201  1.164908360719933E-16
3367.6858705201  9.606294111738503E-17
3371.1968705201  9.132498529383228E-17
3374.7078705201  1.725926994966870E-16
3378.2188705201  1.000123402255750E-16
3381.7298705201  1.780583670612470E-16
3385.2408705201  1.566828098405125E-16
3388.7518705201  1.349987327252987E-16
3392.2628705201  1.129068828500242E-16
3395.7738705201  1.447322857423894E-16
3399.2848705201  1.450130804104032E-16
3402.7958705201  1.399045946386514E-16
3406.3068705201  1.319861536280262E-16
3409.8178705201  1.779135325990679E-16
3413.3288705201  1.541663891491493E-16
3416.8398705201  1.768669625989232E-16
3420.3508705201  7.812953369489146E-17
3423.8618705201  9.710320212151707E-17
3427.3728705201  1.605341280327419E-16
3430.8838705201  1.085434421130776E-16
3434.3948705201  4.672162959423420E-17
3437.9058705201  1.532312827081526E-16
3441.4168705201  1.612058337054581E-16
3444.9278705201  1.419356416358759E-16
3448.4388705201  1.774831296651693E-16
3451.9498705201  1.879820541632182E-16
3455.4608705201  1.346293966684898E-16
3458.9718705201  2.045302342105184E-16
3462.4828705201  1.445783569944600E-16
3465.9938705201  1.686384974690730E-16
3469.5048705201  1.614551811035387E-16
3473.0158705201  1.731783491758776E-16
3476.5268705201  1.237699694370635E-16
3480.0378705201  2.275045406362659E-16
3483.5488705201  1.951408591206970E-16
3487.0598705201  2.872700700277189E-16
3490.5708705201  2.247963003259947E-16
3494.0818705201  2.209287695274793E-16
3497.5928705201  2.298520102154201E-16
3501.1038705201  2.170110238504745E-16
3504.6148705201  2.515645164309665E-16
3508.1258705201  2.092323970506787E-16
3511.6368705201  2.585677940490394E-16
3515.1478705201  2.427150690840129E-16
3518.6588705201  2.115059215156907E-16
3522.1698705201  2.152382478591791E-16
3525.6808705201  1.274713610088705E-16
3529.1918705201  1.299291636406487E-16
3532.7028705201  1.431941988914339E-16
3536.2138705201  1.684374567675774E-16
3539.7248705201  1.383398157019327E-16
3543.2358705201  1.213696889054816E-16
3546.7468705201  1.655714605496149E-16
3550.2578705201  1.574623507167480E-16
3553.7688705201  1.459416137562957E-16
3557.2798705201  1.198879502743791E-16
3560.7908705201  1.737207447553942E-16
3564.3018705201  1.602554275729966E-16
3567.8128705201  1.455205735639714E-16
3571.3238705201  1.832547980111828E-16
3574.8348705201  1.905814266483306E-16
3578.3458705201  1.673286139523546E-16
3581.8568705201  1.664029600523764E-16
3585.3678705201  1.560731575313957E-16
3588.8788705201  1.440507689986401E-16
3592.3898705201  1.800293360542740E-16
3595.9008705201  2.015195087837698E-16
3599.4118705201  1.502664868677586E-16
3602.9228705201  1.552149891062819E-16
3606.4338705201  1.652186322992361E-16
3609.9448705201  1.683971967349196E-16
3613.4558705201  1.461912038187625E-16
3616.9668705201  1.882933695835233E-16
3620.4778705201  1.911521113378415E-16
3623.9888705201  1.691892685497739E-16
3627.4998705201  1.813093393380379E-16
3631.0108705201  1.629648683947525E-16
3634.5218705201  1.822053749003055E-16
3638.0328705201  1.678585660446073E-16
3641.5438705201  1.659243437656001E-16
3645.0548705201  1.979375800203809E-16
3648.5658705201  1.870064150393016E-16
3652.0768705201  1.960276349232526E-16
3655.5878705201  1.562651990385725E-16
3659.0988705201  1.314426047780415E-16
3662.6098705201  1.658579638986934E-16
3666.1208705201  1.584922691706317E-16
3669.6318705201  1.716471906716571E-16
3673.1428705201  1.782105700357152E-16
3676.6538705201  1.422114870483592E-16
3680.1648705201  1.457487336845706E-16
3683.6758705201  1.656990288894611E-16
3687.1868705201  1.414528628769043E-16
3690.6978705201  1.568018870677379E-16
3694.2088705201  1.040404264829642E-16
3697.7198705201  1.635373473620899E-16
3701.2308705201  1.316188329176817E-16
3704.7418705201  1.386347153728297E-16
3708.2528705201  1.366834412071311E-16
3711.7638705201  1.200699679232042E-16
3715.2748705201  1.408371755334029E-16
3718.7858705201  1.614572031852916E-16
3722.2968705201  1.886606561478581E-16
3725.8078705201  1.987502781182149E-16
3729.3188705201  2.202970978181844E-16
3732.8298705201  1.983729539354364E-16
3736.3408705201  1.837247779458573E-16
3739.8518705201  1.353771643090273E-16
3743.3628705201  7.205826926100328E-17
3746.8738705201  1.330687935807715E-16
3750.3848705201  2.208193305246689E-16
3753.8958705201  3.052836913896984E-16
3757.4068705201  3.755062620933502E-16
3760.9178705201  3.636260753370667E-16
3764.4288705201  3.886394767480125E-16
3767.9398705201  3.558456600792106E-16
3771.4508705201  2.926578294349920E-16
3774.9618705201  3.803010900007508E-16
3778.4728705201  3.416506827059921E-16
3781.9838705201  2.892104059507245E-16
3785.4948705201  2.926435451696642E-16
3789.0058705201  3.190826161218533E-16
3792.5168705201  2.694000869413829E-16
3796.0278705201  2.838520392302246E-16
3799.5388705201  3.189831601186989E-16
3803.0498705201  4.008387458802732E-16
3806.5608705201  3.235604582006485E-16
3810.0718705201  2.967015833956290E-16
3813.5828705201  3.167359951456172E-16
3817.0938705201  3.095360853615302E-16
3820.6048705201  3.446803132658893E-16
3824.1158705201  3.561855278767657E-16
3827.6268705201  3.723466529497652E-16
3831.1378705201  3.838422156634461E-16
3834.6488705201  3.678222822857857E-16
3838.1598705201  3.753770434200671E-16
3841.6708705201  3.294484060642206E-16
3845.1818705201  2.986195323392353E-16
3848.6928705201  2.720604455065866E-16
3852.2038705201  2.596573781140739E-16
3855.7148705201  1.952395943334943E-16
3859.2258705201  1.725683183134628E-16
3862.7368705201  2.023393493126204E-16
3866.2478705201  1.565660327623251E-16
3869.7588705201  1.329593169578712E-16
3873.2698705201  1.781574656907420E-16
3876.7808705201  1.765489560659763E-16
3880.2918705201  1.222290741364332E-16
3883.8028705201  1.691979934751830E-16
3887.3138705201  1.186301992562631E-16
3890.8248705201  1.317180406979447E-16
3894.3358705201  1.361442492230605E-16
3897.8468705201  1.491094989981374E-16
3901.3578705201  1.668000286358620E-16
3904.8688705201  1.361626428854782E-16
3908.3798705201  1.792755778524765E-16
3911.8908705201  1.871099124945473E-16
3915.4018705201  1.936943256366772E-16
3918.9128705201  2.105477640065805E-16
3922.4238705201  2.714255820672907E-16
3925.9348705201  2.678646210636740E-16
3929.4458705201  3.175402582854600E-16
3932.9568705201  3.442169436510146E-16
3936.4678705201  3.314328982951070E-16
3939.9788705201  3.830522343380833E-16
3943.4898705201  4.472425646311018E-16
3947.0008705201  4.515263134453940E-16
3950.5118705201  5.077434285327560E-16
3954.0228705201  5.638644125409639E-16
3957.5338705201  6.374688813390928E-16
3961.0448705201  7.069879019269111E-16
3964.5558705201  7.375293834543244E-16
3968.0668705201  7.573340413187523E-16
3971.5778705201  8.253400668019859E-16
3975.0888705201  8.704348863508382E-16
3978.5998705201  9.123080934704550E-16
3982.1108705201  8.639288725565592E-16
3985.6218705201  8.201266681814768E-16
3989.1328705201  8.047875177868098E-16
3992.6438705201  8.071682745914962E-16
3996.1548705201  8.218754374777260E-16
3999.6658705201  8.293546245032024E-16
4003.1768705201  8.457538440441537E-16
4006.6878705201  7.885714042366263E-16
4010.1988705201  8.707546099323517E-16
4013.7098705201  8.933211971943290E-16
4017.2208705201  8.834689031999143E-16
4020.7318705201  8.941983945237618E-16
4024.2428705201  8.120966432668225E-16
4027.7538705201  8.325298012440651E-16
4031.2648705201  7.999641366029659E-16
4034.7758705201  7.707525891915953E-16
4038.2868705201  7.232406006726272E-16
4041.7978705201  6.891206954314616E-16
4045.3088705201  6.987547291628759E-16
4048.8198705201  7.322537840101874E-16
4052.3308705201  6.936391141495434E-16
4055.8418705201  7.771178380321570E-16
4059.3528705201  8.385753970214203E-16
4062.8638705201  8.917334575993008E-16
4066.3748705201  1.012880706599705E-15
4069.8858705201  1.115836280016418E-15
4073.3968705201  1.206098062297174E-15
4076.9078705201  1.256398973237661E-15
4080.4188705201  1.288780091135418E-15
4083.9298705201  1.229092115471277E-15
4087.4408705201  1.194979275020079E-15
4090.9518705201  1.244150957589573E-15
4094.4628705201  1.266277204923734E-15
4097.9738705201  1.311097700856276E-15
4101.4848705201  1.402466953564364E-15
4104.9958705201  1.379360691751636E-15
4108.5068705201  1.426427874836168E-15
4112.0178705201  1.402882891370424E-15
4115.5288705201  1.398793439607282E-15
4119.0398705201  1.340295242713746E-15
4122.5508705201  1.320064425374800E-15
4126.0618705201  1.315867095618211E-15
4129.5728705201  1.253026476251145E-15
4133.0838705201  1.161453852139704E-15
4136.5948705201  1.139040649618315E-15
4140.1058705201  1.070064732406297E-15
4143.6168705201  9.529745117363358E-16
4147.1278705201  9.125010390934356E-16
4150.63887052011  8.497033173040538E-16
4154.1498705201  8.015178663658698E-16
4157.6608705201  7.790610606858377E-16
4161.1718705201  7.761593447923774E-16
4164.6828705201  7.825355606064290E-16
4168.1938705201  6.974796144018091E-16
4171.7048705201  7.370097223127420E-16
4175.2158705201  7.512642787238357E-16
4178.7268705201  7.243018997161588E-16
4182.2378705201  6.781907043560552E-16
4185.7488705201  6.565051682975200E-16
4189.2598705201  6.437363862916669E-16
4192.7708705201  6.163562182098671E-16
4196.28187052011  6.376769335000364E-16
4199.7928705201  5.940511571489093E-16
4203.3038705201  5.959621092786965E-16
4206.8148705201  5.945104602955937E-16
4210.3258705201  6.266239383550633E-16
4213.8368705201  6.576363679037443E-16
4217.3478705201  6.738491625070841E-16
4220.8588705201  6.355078496051966E-16
4224.3698705201  6.747824094622563E-16
4227.8808705201  6.956443884156099E-16
4231.3918705201  7.553907291000532E-16
4234.9028705201  8.885711359002693E-16
4238.4138705201  8.853203328166891E-16
4241.9248705201  9.561815037892262E-16
4245.4358705201  9.503194246856889E-16
4248.9468705201  9.277280605394857E-16
4252.4578705201  8.155057457151361E-16
4255.9688705201  7.627354395636976E-16
4259.4798705201  6.946484017712172E-16
4262.9908705201  6.272230520745749E-16
4266.5018705201  5.809609997888442E-16
4270.0128705201  5.378842878572945E-16
4273.5238705201  5.104209873243524E-16
4277.0348705201  5.399824257608689E-16
4280.5458705201  5.406772556599925E-16
4284.0568705201  5.293088614544332E-16
4287.5678705201  5.303129993301131E-16
4291.0788705201  5.294135097620490E-16
4294.5898705201  5.780249019260517E-16
4298.1008705201  6.149332943533748E-16
4301.6118705201  6.029201358218529E-16
4305.1228705201  6.484707301294470E-16
4308.6338705201  6.343996729641548E-16
4312.1448705201  6.915448576199945E-16
4315.6558705201  6.715049535029105E-16
4319.1668705201  6.984031335134794E-16
4322.6778705201  7.002921073350729E-16
4326.1888705201  7.313334258454132E-16
4329.6998705201  7.227975596807867E-16
4333.2108705201  7.547722022447215E-16
4336.7218705201  7.464480557448642E-16
4340.2328705201  7.798975239838965E-16
4343.7438705201  7.427171649439381E-16
4347.2548705201  7.371898811942346E-16
4350.7658705201  6.918701015315903E-16
4354.2768705201  6.148105275921102E-16
4357.7878705201  5.880102758819594E-16
4361.2988705201  6.249954174205819E-16
4364.8098705201  6.140118573700439E-16
4368.3208705201  6.219573455117405E-16
4371.8318705201  6.496355933430692E-16
4375.34287052011  7.602196177790011E-16
4378.8538705201  7.268404684706565E-16
4382.3648705201  6.862780401024146E-16
4385.8758705201  8.081046709014160E-16
4389.3868705201  7.837942982063529E-16
4392.8978705201  7.986329164298128E-16
4396.4088705201  8.115583448720860E-16
4399.9198705201  8.289872588344183E-16
4403.4308705201  8.100537386587255E-16
4406.9418705201  8.745417013756940E-16
4410.4528705201  7.637343363310568E-16
4413.9638705201  8.278772616697786E-16
4417.4748705201  8.200222456162308E-16
4420.9858705201  7.970875234939489E-16
4424.4968705201  8.128480982358841E-16
4428.0078705201  8.632205632284605E-16
4431.5188705201  8.381905465097204E-16
4435.0298705201  8.319879036943888E-16
4438.5408705201  8.656685397170136E-16
4442.0518705201  8.791899354398999E-16
4445.5628705201  8.771709037735655E-16
4449.0738705201  9.591763177269204E-16
4452.5848705201  1.001250897177508E-15
4456.0958705201  1.012868465156083E-15
4459.6068705201  1.044999010456460E-15
4463.1178705201  1.073152134425642E-15
4466.6288705201  9.813377907763424E-16
4470.1398705201  9.863109305811082E-16
4473.6508705201  9.104099825583242E-16
4477.1618705201  8.991448282398772E-16
4480.6728705201  8.549108750008251E-16
4484.1838705201  7.950999709991291E-16
4487.6948705201  8.129111333439045E-16
4491.2058705201  7.772599303176841E-16
4494.7168705201  7.529967792944914E-16
4498.2278705201  6.727206482776265E-16
4501.7388705201  6.669372052610713E-16
4505.24987052011  6.330650183164420E-16
4508.7608705201  6.335743658916937E-16
4512.2718705201  6.364985829748165E-16
4515.7828705201  6.082222967417074E-16
4519.2938705201  5.902042423057003E-16
4522.8048705201  5.335692068318427E-16
4526.3158705201  5.461643891103060E-16
4529.8268705201  5.897528630381331E-16
4533.3378705201  5.572951508237892E-16
4536.8488705201  6.132787087313284E-16
4540.3598705201  6.519745191711540E-16
4543.8708705201  7.003051863514952E-16
4547.3818705201  7.212241958687988E-16
4550.8928705201  7.885033766673301E-16
4554.4038705201  8.226108754103787E-16
4557.9148705201  8.359202540671461E-16
4561.4258705201  9.526833500635973E-16
4564.9368705201  1.055844611923094E-15
4568.4478705201  1.140365160289715E-15
4571.9588705201  1.272903348521481E-15
4575.4698705201  1.379398050248646E-15
4578.9808705201  1.515561281469955E-15
4582.4918705201  1.690327074087921E-15
4586.0028705201  1.848202828013046E-15
4589.5138705201  1.988679937687276E-15
4593.0248705201  2.016182363143848E-15
4596.5358705201  2.064379512152368E-15
4600.0468705201  2.002543644146488E-15
4603.5578705201  1.987929535480058E-15
4607.0688705201  1.899564075493602E-15
4610.5798705201  1.878127250586295E-15
4614.0908705201  1.759695663917380E-15
4617.6018705201  1.780058869187742E-15
4621.1128705201  1.769119994001787E-15
4624.6238705201  1.829431438826076E-15
4628.1348705201  1.867919448233390E-15
4631.64587052011  1.897130298173922E-15
4635.1568705201  1.991067036316922E-15
4638.6678705201  1.945264497223593E-15
4642.1788705201  1.958600540780234E-15
4645.6898705201  1.935419285967305E-15
4649.2008705201  1.934003504436516E-15
4652.7118705201  1.966900283425688E-15
4656.2228705201  1.990622586928746E-15
4659.7338705201  1.932799977189284E-15
4663.2448705201  2.017421630795269E-15
4666.7558705201  2.026697759105673E-15
4670.2668705201  2.090807034523669E-15
4673.7778705201  2.079212663058080E-15
4677.2888705201  2.091529594767934E-15
4680.7998705201  2.104229328039387E-15
4684.3108705201  2.083556425262951E-15
4687.8218705201  2.027879103920758E-15
4691.3328705201  2.035071084754060E-15
4694.8438705201  1.939118140781678E-15
4698.3548705201  1.915527416288544E-15
4701.8658705201  1.890288929867138E-15
4705.3768705201  1.906876497729124E-15
4708.8878705201  1.850159659109018E-15
4712.3988705201  1.775766892453251E-15
4715.9098705201  1.763846568847704E-15
4719.4208705201  1.745803572547446E-15
4722.9318705201  1.649903830853922E-15
4726.4428705201  1.516027984733615E-15
4729.9538705201  1.435815326557430E-15
4733.4648705201  1.401646785722281E-15
4736.9758705201  1.395720703118735E-15
4740.4868705201  1.406977186132209E-15
4743.9978705201  1.497840966574698E-15
4747.5088705201  1.465873423248853E-15
4751.0198705201  1.513525631251447E-15
4754.5308705201  1.484462226145275E-15
4758.0418705201  1.512390616343599E-15
4761.5528705201  1.476176766355735E-15
4765.0638705201  1.458996216882604E-15
4768.5748705201  1.458444069832770E-15
4772.0858705201  1.393514126254339E-15
4775.5968705201  1.345845671816885E-15
4779.1078705201  1.258405612697660E-15
4782.6188705201  1.235686939868401E-15
4786.12987052011  1.229419611207150E-15
4789.6408705201  1.155005576082603E-15
4793.1518705201  1.176172574950457E-15
4796.6628705201  1.127072925078151E-15
4800.1738705201  1.196783245141437E-15
4803.6848705201  1.202071902459290E-15
4807.1958705201  1.252435139145526E-15
4810.7068705201  1.258209931756686E-15
4814.2178705201  1.200728597934219E-15
4817.72887052011  1.188588454329984E-15
4821.2398705201  1.165062990344702E-15
4824.7508705201  1.095836494923510E-15
4828.2618705201  1.066898397365257E-15
4831.7728705201  9.657752329617569E-16
4835.2838705201  9.978879505878698E-16
4838.7948705201  9.182226753513672E-16
4842.3058705201  9.653033557951633E-16
4845.8168705201  1.080777581087815E-15
4849.3278705201  1.269451233162266E-15
4852.8388705201  1.445155343044957E-15
4856.3498705201  1.652436991885650E-15
4859.8608705201  1.797044175054652E-15
4863.3718705201  1.886957493965454E-15
4866.8828705201  1.907772797468496E-15
4870.3938705201  1.983786672357880E-15
4873.9048705201  1.920927696358435E-15
4877.41587052011  1.866738988073384E-15
4880.9268705201  1.695500880023470E-15
4884.4378705201  1.571836170812942E-15
4887.9488705201  1.478867276735920E-15
4891.4598705201  1.418700501137554E-15
4894.9708705201  1.355743445323479E-15
4898.4818705201  1.270888943611969E-15
4901.9928705201  1.299803744147650E-15
4905.5038705201  1.314267341690019E-15
4909.01487052011  1.376137535405370E-15
4912.5258705201  1.474101917865301E-15
4916.0368705201  1.688723702205152E-15
4919.5478705201  1.863757619615182E-15
4923.0588705201  2.063254684660030E-15
4926.5698705201  2.265184378786160E-15
4930.0808705201  2.394167262603759E-15
4933.5918705201  2.599007118090698E-15
4937.1028705201  2.617921140663152E-15
4940.6138705201  2.745105407015451E-15
4944.1248705201  2.699973778456723E-15
4947.6358705201  2.749049359185155E-15
4951.1468705201  2.718002946680452E-15
4954.6578705201  2.645950361189177E-15
4958.1688705201  2.503610010689244E-15
4961.6798705201  2.350138810798812E-15
4965.1908705201  2.230589638844895E-15
4968.70187052011  2.090581124778635E-15
4972.2128705201  1.824487911498247E-15
4975.7238705201  1.622629305488583E-15
4979.2348705201  1.407711381787449E-15
4982.7458705201  1.252002971115602E-15
4986.2568705201  1.125445990179826E-15
4989.7678705201  1.001583816710985E-15
4993.2788705201  1.031343486843685E-15
4996.7898705201  9.550532986826414E-16
5000.30087052011  1.057448084031648E-15
5003.81187052011  1.149812353196952E-15
5007.3228705201  1.260451196914506E-15
5010.8338705201  1.461544636717077E-15
5014.3448705201  1.682491408490455E-15
5017.8558705201  1.800604241724256E-15
5021.3668705201  1.990277848421939E-15
5024.8778705201  2.127821634197916E-15
5028.3888705201  2.239061196022095E-15
5031.89987052011  2.346442220486622E-15
5035.41087052011  2.373127083765739E-15
5038.9218705201  2.438000330167358E-15
5042.4328705201  2.502994176565632E-15
5045.9438705201  2.475796949357636E-15
5049.4548705201  2.385799385423965E-15
5052.9658705201  2.390586697937277E-15
5056.4768705201  2.346659538431668E-15
5059.98787052011  2.272395852559310E-15
5063.49887052011  2.237439443034959E-15
5067.00987052011  2.160392847641460E-15
5070.5208705201  2.157857697470193E-15
5074.0318705201  2.029648578870895E-15
5077.5428705201  2.036482543603661E-15
5081.0538705201  1.968382417078067E-15
5084.5648705201  1.962386778002107E-15
5088.07587052011  1.899587356219396E-15
5091.58687052011  1.828228866515972E-15
5095.09787052011  1.768529419701525E-15
5098.6088705201  1.670741357190638E-15
5102.1198705201  1.597558263663982E-15
5105.63087052011  1.505578382277293E-15
5109.1418705201  1.418081350633649E-15
5112.6528705201  1.330288314419382E-15
5116.1638705201  1.214631031356722E-15
5119.67487052011  1.162627989393507E-15
5123.1858705201  1.046239799078756E-15
5126.69687052011  9.427697544530765E-16
5130.20787052011  8.606940503593772E-16
5133.7188705201  8.078538532558727E-16
5137.22987052011  7.415109957063837E-16
5140.7408705201  7.300972478766848E-16
5144.2518705201  7.709641650813878E-16
5147.7628705201  7.878050105691497E-16
5151.2738705201  8.121566749890282E-16
5154.78487052011  8.658598733467732E-16
5158.2958705201  9.669750031355697E-16
5161.80687052011  1.036791585583320E-15
5165.31787052011  1.095307476976158E-15
5168.8288705201  1.154455466391187E-15
5172.3398705201  1.224191313729430E-15
5175.8508705201  1.307458748869403E-15
5179.3618705201  1.396111197939586E-15
5182.8728705201  1.472477120092976E-15
5186.38387052011  1.550216825959227E-15
5189.89487052011  1.643450006728027E-15
5193.40587052011  1.696464040067558E-15
5196.91687052011  1.708903866311614E-15
5200.42787052011  1.729296157594823E-15
5203.9388705201  1.708908940729824E-15
5207.4498705201  1.685311269625231E-15
5210.96087052011  1.688441185511583E-15
5214.4718705201  1.673177987941950E-15
5217.9828705201  1.690367956809426E-15
5221.4938705201  1.706378379672158E-15
5225.00487052011  1.733028630133897E-15
5228.51587052011  1.772242353602100E-15
5232.02687052011  1.788015712759522E-15
5235.5378705201  1.795568583154438E-15
5239.0488705201  1.781636501985422E-15
5242.55987052011  1.786960437439429E-15
5246.0708705201  1.741195954006368E-15
5249.5818705201  1.671253558630318E-15
5253.0928705201  1.648239871291368E-15
5256.60387052011  1.626529087612844E-15
5260.1148705201  1.609260815528252E-15
5263.6258705201  1.604360413272764E-15
5267.1368705201  1.633711708105899E-15
5270.6478705201  1.636083544623428E-15
5274.15887052011  1.636013266293207E-15
5277.6698705201  1.674290140487994E-15
5281.18087052011  1.628823645973793E-15
5284.6918705201  1.611314916563586E-15
5288.20287052011  1.577327037332325E-15
5291.71387052011  1.515368699653867E-15
5295.2248705201  1.498318513023650E-15
5298.7358705201  1.504483460578347E-15
5302.24687052011  1.515330792678841E-15
5305.7578705201  1.546659141629515E-15
5309.2688705201  1.605923901632438E-15
5312.77987052011  1.664871777500707E-15
5316.2908705201  1.741791301506665E-15
5319.80187052011  1.795884051944584E-15
5323.31287052011  1.835106358737511E-15
5326.82387052011  1.917809918442086E-15
5330.3348705201  1.999015700748087E-15
5333.84587052011  2.010047823693273E-15
5337.3568705201  2.036739203395325E-15
5340.8678705201  2.032918437642095E-15
5344.37887052011  2.037139121495138E-15
5347.8898705201  2.102300706219756E-15
5351.40087052011  2.112195611700587E-15
5354.9118705201  2.105352849726835E-15
5358.42287052011  2.128442128544032E-15
5361.9338705201  2.128992041975711E-15
5365.44487052011  2.140680370434303E-15
5368.9558705201  2.163785870457602E-15
5372.4668705201  2.164886447705662E-15
5375.97787052011  2.159131964134359E-15
5379.4888705201  2.142203962770723E-15
5382.99987052011  2.138050449808468E-15
5386.5108705201  2.109570785435437E-15
5390.02187052011  2.071082130205506E-15
5393.53287052011  2.045035523651346E-15
5397.0438705201  2.034967347544178E-15
5400.5548705201  2.017254563283418E-15
5404.0658705201  1.978720811205145E-15
5407.5768705201  1.964906223443674E-15
5411.0878705201  1.960468228491662E-15
5414.59887052011  1.967596558127673E-15
5418.10987052011  1.977628456366207E-15
5421.62087052011  2.029944774881398E-15
5425.13187052011  2.046118670067398E-15
5428.64287052011  2.068161810867542E-15
5432.1538705201  2.094754883681711E-15
5435.6648705201  2.108845588486720E-15
5439.1758705201  2.100041044843074E-15
5442.6868705201  2.080459784319081E-15
5446.1978705201  2.098784400196993E-15
5449.70887052011  2.042244093472926E-15
5453.21987052011  2.014218627135611E-15
5456.73087052011  1.973558430199163E-15
5460.24187052011  1.936580298684533E-15
5463.7528705201  1.895221368181656E-15
5467.2638705201  1.904963165509160E-15
5470.7748705201  1.878433243102623E-15
5474.2858705201  1.834576045552768E-15
5477.7968705201  1.796993345851748E-15
5481.30787052011  1.762082221259363E-15
5484.81887052011  1.735946489228404E-15
5488.3298705201  1.697292351862835E-15
5491.8408705201  1.668632901091992E-15
5495.3518705201  1.626078707935063E-15
5498.8628705201  1.610126786648383E-15
5502.3738705201  1.579702735578001E-15
5505.8848705201  1.559542227530479E-15
5509.3958705201  1.569998779384533E-15
5512.90687052011  1.566442617080006E-15
5516.41787052011  1.551918819793017E-15
5519.92887052011  1.591597864861975E-15
5523.4398705201  1.680908980355216E-15
5526.9508705201  1.737956227727129E-15
5530.46187052011  1.788113250489771E-15
5533.9728705201  1.856447484948311E-15
5537.4838705201  1.904516204979774E-15
5540.9948705201  1.962952950445422E-15
5544.50587052011  2.007023299296163E-15
5548.0168705201  2.020188089762759E-15
5551.52787052011  2.016806101022043E-15
5555.03887052011  2.047032859353221E-15
5558.5498705201  2.032246706375980E-15
5562.06087052011  2.024836644079189E-15
5565.5718705201  1.999169864069054E-15
5569.0828705201  1.977429211932821E-15
5572.5938705201  1.934477832472095E-15
5576.10487052011  1.956728096437935E-15
5579.6158705201  1.903268622972948E-15
5583.1268705201  1.866255817319690E-15
5586.63787052011  1.841694656484078E-15
5590.1488705201  1.821194897934803E-15
5593.6598705201  1.786511988169490E-15
5597.1708705201  1.748160299452381E-15
5600.6818705201  1.715152592429393E-15
5604.1928705201  1.691672990693636E-15
5607.70387052011  1.645801935415495E-15
5611.21487052011  1.588435295316461E-15
5614.7258705201  1.564174361942700E-15
5618.23687052011  1.517631295018821E-15
5621.74787052011  1.473573584126643E-15
5625.2588705201  1.440022444347880E-15
5628.7698705201  1.402288375400778E-15
5632.2808705201  1.371271030107960E-15
5635.7918705201  1.328571790002673E-15
5639.30287052011  1.328182705119079E-15
5642.8138705201  1.301831155466087E-15
5646.32487052011  1.321335934173531E-15
5649.83587052011  1.343486265564681E-15
5653.34687052011  1.341280883911055E-15
5656.8578705201  1.405101211304925E-15
5660.3688705201  1.453502288093472E-15
5663.8798705201  1.497961421746017E-15
5667.39087052011  1.528116045204376E-15
5670.9018705201  1.588016416772864E-15
5674.4128705201  1.647234445211501E-15
5677.92387052011  1.679021197100472E-15
5681.43487052011  1.699721443113336E-15
5684.9458705201  1.724617548800492E-15
5688.4568705201  1.741444365546432E-15
5691.9678705201  1.768172636473011E-15
5695.4788705201  1.746285287327678E-15
5698.98987052011  1.749024804122841E-15
5702.5008705201  1.739387212902288E-15
5706.0118705201  1.731405221132146E-15
5709.52287052011  1.726998810100950E-15
5713.03387052011  1.696765813049832E-15
5716.5448705201  1.686818101254250E-15
5720.0558705201  1.661862173654345E-15
5723.5668705201  1.647383977757936E-15
5727.0778705201  1.627781132614734E-15
5730.5888705201  1.621377648817926E-15
5734.0998705201  1.619828071897712E-15
5737.61087052011  1.602512249535999E-15
5741.12187052011  1.587551785453123E-15
5744.63287052011  1.600800672629586E-15
5748.1438705201  1.579869068841374E-15
5751.6548705201  1.593637144922603E-15
5755.1658705201  1.596010594928444E-15
5758.67687052011  1.588710006814169E-15
5762.1878705201  1.571141621995019E-15
5765.6988705201  1.557723768823044E-15
5769.20987052011  1.554118375680489E-15
5772.72087052011  1.552291444369418E-15
5776.23187052011  1.552477498998955E-15
5779.7428705201  1.537240605471001E-15
5783.2538705201  1.497310963630536E-15
5786.7648705201  1.448203862191895E-15
5790.27587052011  1.457056494983555E-15
5793.78687052011  1.439849258644667E-15
5797.2978705201  1.409998147405539E-15
5800.80887052011  1.397030925593909E-15
5804.31987052011  1.383827192657895E-15
5807.83087052011  1.349501160274704E-15
5811.3418705201  1.336881913084344E-15
5814.8528705201  1.314320224750815E-15
5818.3638705201  1.292694154893168E-15
5821.8748705201  1.267717387012355E-15
5825.3858705201  1.247725702031247E-15
5828.8968705201  1.239436823175354E-15
5832.40787052011  1.221223567235508E-15
5835.91887052011  1.178900710005674E-15
5839.42987052011  1.146678502333151E-15
5842.9408705201  1.123310664741610E-15
5846.4518705201  1.088516223879406E-15
5849.96287052011  1.050759156589538E-15
5853.4738705201  1.016685723192374E-15
5856.9848705201  9.968303436429472E-16
5860.4958705201  9.785389931898402E-16
5864.00687052011  9.713337491845276E-16
5867.51787052011  9.986812013472025E-16
5871.02887052011  1.028887749581070E-15
5874.5398705201  1.034047788021863E-15
5878.0508705201  1.100236482306506E-15
5881.5618705201  1.198573889430119E-15
5885.07287052011  1.276507232119721E-15
5888.5838705201  1.388587315257797E-15
5892.0948705201  1.505622560515942E-15
5895.60587052011  1.603210561506543E-15
5899.11687052011  1.703951366866814E-15
5902.62787052011  1.785984854127706E-15
5906.1388705201  1.865758852408520E-15
5909.6498705201  1.918679541441881E-15
5913.1608705201  1.945006321344912E-15
5916.6718705201  1.964739298050020E-15
5920.1828705201  1.994278678975982E-15
5923.6938705201  2.005256159940693E-15
5927.2048705201  2.013365398950672E-15
5930.71587052011  2.016457749596054E-15
5934.2268705201  1.999435839630448E-15
5937.7378705201  1.987482443429034E-15
5941.24887052011  1.975776793692034E-15
5944.7598705201  1.954508522249207E-15
5948.2708705201  1.949254646715963E-15
5951.7818705201  1.917176405054126E-15
5955.2928705201  1.879942148238639E-15
5958.8038705201  1.850694462972554E-15
5962.31487052011  1.837091802055969E-15
5965.82587052011  1.817762295584127E-15
5969.3368705201  1.803457444177405E-15
5972.8478705201  1.771729144389080E-15
5976.3588705201  1.748496786560285E-15
5979.8698705201  1.752087295598494E-15
5983.3808705201  1.775426555422579E-15
5986.89187052011  1.741406606842245E-15
5990.4028705201  1.729991535405776E-15
5993.91387052011  1.734073452405154E-15
5997.42487052011  1.724046608435757E-15
6000.9358705201  1.701646303829316E-15
6004.4468705201  1.696749236636365E-15
6007.9578705201  1.687746505201789E-15
6011.46887052011  1.672952897015793E-15
6014.9798705201  1.659008695328024E-15
6018.4908705201  1.658354408864710E-15
6022.0018705201  1.654890446285166E-15
6025.51287052011  1.665036911590177E-15
6029.02387052011  1.654645066012666E-15
6032.53487052011  1.628885986722310E-15
6036.0458705201  1.627331903369894E-15
6039.5568705201  1.619688672629794E-15
6043.0678705201  1.611056945443487E-15
6046.5788705201  1.599183801695558E-15
6050.0898705201  1.587308589672371E-15
6053.6008705201  1.585435024752846E-15
6057.11187052011  1.589952350947507E-15
6060.62287052011  1.562217601998170E-15
6064.1338705201  1.568654746984411E-15
6067.6448705201  1.559659918106604E-15
6071.1558705201  1.558439434265566E-15
6074.6668705201  1.555286856391068E-15
6078.17787052011  1.538548703812844E-15
6081.6888705201  1.521075362471800E-15
6085.1998705201  1.504211619451497E-15
6088.71087052011  1.486681766958382E-15
6092.22187052011  1.454330507028523E-15
6095.7328705201  1.423611223872176E-15
6099.2438705201  1.414777041652282E-15
6102.75487052011  1.393103613707638E-15
6106.2658705201  1.358379210250036E-15
6109.7768705201  1.329354092379003E-15
6113.2878705201  1.331725979486922E-15
6116.7988705201  1.326020669136693E-15
6120.3098705201  1.354768973061419E-15
6123.82087052011  1.346650379994968E-15
6127.3318705201  1.342730179128426E-15
6130.8428705201  1.359057020350432E-15
6134.35387052011  1.385473074149349E-15
6137.8648705201  1.426546750822207E-15
6141.3758705201  1.444118306891203E-15
6144.8868705201  1.474915827933811E-15
6148.39787052011  1.532508630687888E-15
6151.9088705201  1.578467995406362E-15
6155.41987052011  1.614556926980060E-15
6158.9308705201  1.609854616254545E-15
6162.4418705201  1.623823773844966E-15
6165.95287052011  1.646816312220238E-15
6169.46387052011  1.646877503684859E-15
6172.9748705201  1.645096215379665E-15
6176.4858705201  1.646888362571750E-15
6179.99687052011  1.653845549123405E-15
6183.5078705201  1.608809145007828E-15
6187.01887052011  1.589347030185026E-15
6190.5298705201  1.592439836694247E-15
6194.04087052011  1.554524354858112E-15
6197.55187052011  1.510498034807186E-15
6201.0628705201  1.496645150381280E-15
6204.5738705201  1.488340232776979E-15
6208.0848705201  1.428361564792502E-15
6211.59587052011  1.387184422440357E-15
6215.10687052011  1.377787495896945E-15
6218.61787052011  1.381819258725456E-15
6222.1288705201  1.348559782534354E-15
6225.63987052011  1.329727877752860E-15
6229.1508705201  1.334059533053604E-15
6232.6618705201  1.352591493993800E-15
6236.1728705201  1.371556779530896E-15
6239.68387052011  1.417710318948523E-15
6243.19487052011  1.447707176199364E-15
6246.7058705201  1.490100558857716E-15
6250.21687052011  1.535912493999571E-15
6253.7278705201  1.560553146895471E-15
6257.23887052011  1.585353158218170E-15
6260.7498705201  1.601436695916564E-15
6264.2608705201  1.610788954549878E-15
6267.7718705201  1.616164876566595E-15
6271.28287052011  1.629710626891013E-15
6274.79387052011  1.650359883474495E-15
6278.3048705201  1.628000597703420E-15
6281.81587052011  1.589825852851299E-15
6285.32687052011  1.607887609437992E-15
6288.83787052011  1.606438476911547E-15
6292.3488705201  1.573956241556062E-15
6295.8598705201  1.594488210414968E-15
6299.3708705201  1.611952323362861E-15
6302.88187052011  1.588725356066362E-15
6306.3928705201  1.554143278314077E-15
6309.9038705201  1.534590415583416E-15
6313.41487052011  1.529531842318910E-15
6316.92587052011  1.527899781880074E-15
6320.43687052011  1.490012514844320E-15
6323.9478705201  1.466871506142204E-15
6327.4588705201  1.466267707481671E-15
6330.96987052011  1.459628005995044E-15
6334.48087052011  1.437421320840107E-15
6337.9918705201  1.420564603673942E-15
6341.5028705201  1.408187485279160E-15
6345.01387052011  1.397249284358041E-15
6348.52487052011  1.393108758179300E-15
6352.03587052011  1.383063041745472E-15
6355.5468705201  1.363785728296962E-15
6359.0578705201  1.353463520674480E-15
6362.56887052011  1.330114113612370E-15
6366.07987052011  1.309929917924479E-15
6369.5908705201  1.268815480667532E-15
6373.1018705201  1.214602007236412E-15
6376.6128705201  1.171277355319687E-15
6380.12387052011  1.101993193768562E-15
6383.63487052011  1.010209122638535E-15
6387.1458705201  9.603252981921308E-16
6390.6568705201  9.100487316222276E-16
6394.16787052011  8.378658743409896E-16
6397.67887052011  8.087508069858804E-16
6401.1898705201  8.087154047576651E-16
6404.7008705201  7.881054326958841E-16
6408.21187052011  7.925672687468512E-16
6411.72287052011  7.920366842514434E-16
6415.23387052011  7.798091081156077E-16
6418.7448705201  7.679236929578223E-16
6422.25587052011  7.788463770240023E-16
6425.7668705201  7.535569185422569E-16
6429.27787052011  7.188946907092579E-16
6432.7888705201  6.962011945534694E-16
6436.2998705201  6.625372845522468E-16
6439.81087052011  6.303402697553796E-16
6443.32187052011  6.034803855934127E-16
6446.83287052011  5.873788947475937E-16
6450.3438705201  5.596512183704423E-16
6453.85487052011  5.367432985071571E-16
6457.3658705201  5.407801419165031E-16
6460.87687052011  5.258799754018685E-16
6464.3878705201  5.119635362453686E-16
6467.89887052011  5.179317113087621E-16
6471.40987052011  5.232908087864059E-16
6474.92087052011  5.201268648448047E-16
6478.43187052011  5.092284254687978E-16
6481.9428705201  5.267938456767068E-16
6485.45387052011  5.434565340959009E-16
6488.9648705201  5.550175923572538E-16
6492.4758705201  5.788098551258611E-16
6495.9868705201  6.050645725346194E-16
6499.49787052011  6.352070575320225E-16
6503.00887052011  6.729320971576457E-16
6506.51987052011  6.939113833777314E-16
6510.03087052011  7.317908235233909E-16
6513.54187052011  7.962083104223354E-16
6517.05287052011  8.660214747067007E-16
6520.5638705201  9.586280550595118E-16
6524.0748705201  1.059386046721582E-15
6527.5858705201  1.195439716177328E-15
6531.09687052011  1.357414414505947E-15
6534.60787052011  1.555739918001772E-15
6538.11887052011  1.782404413578592E-15
6541.62987052011  2.051034234952002E-15
6545.14087052011  2.342980905059238E-15
6548.65187052011  2.612522743527014E-15
6552.1628705201  2.861485951276232E-15
6555.6738705201  3.160509154872143E-15
6559.1848705201  3.426440702442159E-15
6562.6958705201  3.636203902185059E-15
6566.20687052011  3.820217103129132E-15
6569.71787052011  3.936219693080916E-15
6573.22887052011  4.019431888909162E-15
6576.73987052011  4.111594783043898E-15
6580.25087052011  4.170306674680476E-15
6583.7618705201  4.159770588795394E-15
6587.2728705201  4.106320369611625E-15
6590.7838705201  4.062256513076161E-15
6594.2948705201  4.031992112399880E-15
6597.80587052011  4.000870174647273E-15
6601.3168705201  3.983966544160614E-15
6604.82787052011  3.988357430520311E-15
6608.33887052011  3.943818954524824E-15
6611.84987052011  3.859261172568752E-15
6615.3608705201  3.793372077932416E-15
6618.8718705201  3.698121755880919E-15
6622.3828705201  3.598235206000135E-15
6625.8938705201  3.499587872180729E-15
6629.40487052011  3.414114613089774E-15
6632.9158705201  3.311257844120652E-15
6636.42687052011  3.217743129899637E-15
6639.93787052011  3.133858253840324E-15
6643.44887052011  3.033067599946202E-15
6646.9598705201  2.957686583487579E-15
6650.47087052011  2.868596062925199E-15
6653.9818705201  2.762998935645503E-15
6657.4928705201  2.679738156870531E-15
6661.00387052011  2.597033174779881E-15
6664.5148705201  2.528342792574120E-15
6668.02587052011  2.477781727191291E-15
6671.53687052011  2.412723056680436E-15
6675.04787052011  2.354626060397205E-15
6678.5588705201  2.298702933615246E-15
6682.06987052011  2.254539516621623E-15
6685.5808705201  2.217356075723858E-15
6689.0918705201  2.172924188597264E-15
6692.60287052011  2.122593163109118E-15
6696.11387052011  2.077937366983048E-15
6699.62487052011  2.046355599179453E-15
6703.13587052011  2.032294459023197E-15
6706.64687052011  1.984977481140232E-15
6710.1578705201  1.941058114749936E-15
6713.66887052011  1.899854055808265E-15
6717.1798705201  1.862211283824980E-15
6720.6908705201  1.825205643146050E-15
6724.20187052011  1.781815135587103E-15
6727.71287052011  1.776558092508440E-15
6731.22387052011  1.741102190771375E-15
6734.73487052011  1.715917158807811E-15
6738.24587052011  1.696110850888777E-15
6741.7568705201  1.642834262282375E-15
6745.26787052011  1.614750203696941E-15
6748.7788705201  1.625089630203135E-15
6752.2898705201  1.611857960329110E-15
6755.80087052011  1.569376654674229E-15
6759.31187052011  1.577398203368559E-15
6762.82287052011  1.571222046417177E-15
6766.33387052011  1.570949443630860E-15
6769.84487052011  1.539993421450764E-15
6773.3558705201  1.515179910042437E-15
6776.86687052011  1.511450605133294E-15
6780.3778705201  1.503896859319046E-15
6783.8888705201  1.495020025525492E-15
6787.3998705201  1.498515010840093E-15
6790.91087052011  1.498344788298645E-15
6794.42187052011  1.482937053757433E-15
6797.93287052011  1.460005693551008E-15
6801.44387052011  1.437898388677327E-15
6804.9548705201  1.432101918914737E-15
6808.46587052011  1.427361915816504E-15
6811.9768705201  1.426414917622132E-15
6815.4878705201  1.391087927591832E-15
6818.9988705201  1.378692100327325E-15
6822.50987052011  1.383386063429193E-15
6826.0208705201  1.372919455501646E-15
6829.53187052011  1.367829643872321E-15
6833.04287052011  1.361125774810542E-15
6836.5538705201  1.369098162755260E-15
6840.06487052011  1.345159824819289E-15
6843.5758705201  1.339736470221689E-15
6847.0868705201  1.329036070347878E-15
6850.5978705201  1.335859769595235E-15
6854.10887052011  1.337928674344118E-15
6857.61987052011  1.319069627543387E-15
6861.13087052011  1.314990498083154E-15
6864.64187052011  1.298976118211948E-15
6868.1528705201  1.275780748142221E-15
6871.6638705201  1.260466181984561E-15
6875.1748705201  1.267080098154005E-15
6878.68587052011  1.268164872187509E-15
6882.1968705201  1.283343701682025E-15
6885.70787052011  1.279245590939222E-15
6889.21887052011  1.280243551981226E-15
6892.72987052011  1.268791188478804E-15
6896.24087052011  1.259274506958937E-15
6899.7518705201  1.275642084698678E-15
6903.26287052011  1.257309410872209E-15
6906.7738705201  1.257971953602156E-15
6910.28487052011  1.271594204220645E-15
6913.7958705201  1.274974626006078E-15
6917.3068705201  1.279028683101477E-15
6920.81787052011  1.262371665506811E-15
6924.32887052011  1.253314116909793E-15
6927.83987052011  1.247850682214814E-15
6931.3508705201  1.232790307005957E-15
6934.86187052011  1.238960622237743E-15
6938.3728705201  1.243650035623779E-15
6941.88387052011  1.236115693235353E-15
6945.3948705201  1.230264542116310E-15
6948.90587052011  1.227573206411513E-15
6952.41687052011  1.234440380792870E-15
6955.92787052011  1.231988380701835E-15
6959.43887052011  1.228266938926452E-15
6962.9498705201  1.225736695194025E-15
6966.46087052011  1.208532729348535E-15
6969.97187052011  1.191709797912579E-15
6973.48287052011  1.197563519888680E-15
6976.9938705201  1.193378137603707E-15
6980.50487052011  1.192895778286713E-15
6984.01587052011  1.211616483230248E-15
6987.52687052011  1.217155370060228E-15
6991.03787052011  1.207567204776539E-15
6994.5488705201  1.210918265905885E-15
6998.05987052011  1.215971303491620E-15
7001.57087052011  1.226818075194340E-15
7005.08187052011  1.226262515110395E-15
7008.5928705201  1.241127175055845E-15
7012.1038705201  1.244331321365359E-15
7015.61487052011  1.246595697664785E-15
7019.12587052011  1.246780260795446E-15
7022.63687052011  1.249954786672802E-15
7026.1478705201  1.276691399759951E-15
7029.65887052011  1.282664050813683E-15
7033.16987052011  1.269794004858157E-15
7036.68087052011  1.267330974405115E-15
7040.1918705201  1.262352206144008E-15
7043.7028705201  1.264141464719728E-15
7047.21387052011  1.269573531109841E-15
7050.7248705201  1.263343061294631E-15
7054.23587052011  1.248690273438632E-15
7057.7468705201  1.244499901146185E-15
7061.25787052011  1.253222833640461E-15
7064.7688705201  1.271105574291930E-15
7068.27987052011  1.279067086141260E-15
7071.7908705201  1.293012461718531E-15
7075.3018705201  1.288310407333289E-15
7078.81287052011  1.273921285327311E-15
7082.3238705201  1.283421822374523E-15
7085.83487052011  1.264268310410976E-15
7089.3458705201  1.253841780551181E-15
7092.85687052011  1.247976108114395E-15
7096.36787052011  1.252817631434313E-15
7099.8788705201  1.267465327389667E-15
7103.3898705201  1.279987559745514E-15
7106.90087052011  1.300532282543438E-15
7110.41187052011  1.297002904519871E-15
7113.9228705201  1.288785022525249E-15
7117.43387052011  1.284488078034267E-15
7120.9448705201  1.267155100704767E-15
7124.45587052011  1.250947004743160E-15
7127.96687052011  1.263987749379226E-15
7131.47787052011  1.247253320361633E-15
7134.9888705201  1.232659693470857E-15
7138.49987052011  1.254384378054394E-15
7142.01087052011  1.250333161810030E-15
7145.5218705201  1.250295589212073E-15
7149.03287052011  1.271120830001967E-15
7152.54387052011  1.260261452811571E-15
7156.05487052011  1.259033175859680E-15
7159.5658705201  1.261817084339598E-15
7163.07687052011  1.236811179984551E-15
7166.5878705201  1.238508059533572E-15
7170.09887052011  1.231167868106087E-15
7173.60987052011  1.218720084569245E-15
7177.1208705201  1.201772539367675E-15
7180.63187052011  1.191483053866069E-15
7184.14287052011  1.175688752893999E-15
7187.65387052011  1.176638778657402E-15
7191.1648705201  1.200406820238581E-15
7194.67587052011  1.220000680284788E-15
7198.18687052011  1.234792905372717E-15
7201.6978705201  1.239400392720117E-15
7205.20887052011  1.251924589487277E-15
7208.7198705201  1.267475965963569E-15
7212.23087052011  1.269380956956938E-15
7215.7418705201  1.272464180747018E-15
7219.25287052011  1.269119115308217E-15
7222.7638705201  1.253744601686690E-15
7226.27487052011  1.277206039817627E-15
7229.7858705201  1.300982941616912E-15
7233.29687052011  1.300429569669866E-15
7236.8078705201  1.298810190238277E-15
7240.3188705201  1.290033595652595E-15
7243.82987052011  1.284028003020724E-15
7247.3408705201  1.316213573412461E-15
7250.85187052011  1.315140981187630E-15
7254.3628705201  1.304862010184996E-15
7257.87387052011  1.298634222759111E-15
7261.3848705201  1.286839175368184E-15
7264.89587052011  1.267678188762403E-15
7268.4068705201  1.256315725928373E-15
7271.9178705201  1.238314554893488E-15
7275.42887052011  1.204211561269140E-15
7278.93987052011  1.206827994779382E-15
7282.45087052011  1.195396489880321E-15
7285.9618705201  1.199037470562606E-15
7289.47287052011  1.227816678295168E-15
7292.9838705201  1.256913829205691E-15
7296.49487052011  1.273904248203557E-15
7300.0058705201  1.286228975587157E-15
7303.5168705201  1.301309048171381E-15
7307.0278705201  1.303336793283372E-15
7310.53887052011  1.312428117470638E-15
7314.04987052011  1.314860128903743E-15
7317.5608705201  1.314532755820444E-15
7321.07187052011  1.309491406139150E-15
7324.58287052011  1.317238131186935E-15
7328.09387052011  1.320743615872205E-15
7331.6048705201  1.315823696784801E-15
7335.11587052011  1.317923852950723E-15
7338.6268705201  1.335667158412351E-15
7342.13787052011  1.340023283513509E-15
7345.64887052011  1.345127309355966E-15
7349.1598705201  1.358756028155878E-15
7352.67087052011  1.342466971580674E-15
7356.18187052011  1.339708281163890E-15
7359.69287052011  1.341284582109087E-15
7363.2038705201  1.296868797848566E-15
7366.7148705201  1.261879853208794E-15
7370.2258705201  1.270735755582238E-15
7373.73687052011  1.268326598059524E-15
7377.24787052011  1.277176265531135E-15
7380.75887052011  1.258094815375171E-15
7384.26987052011  1.237971763344248E-15
7387.78087052011  1.246987638497792E-15
7391.29187052011  1.240021687335029E-15
7394.8028705201  1.226028017349497E-15
7398.3138705201  1.234216893337538E-15
7401.8248705201  1.252092097609570E-15
7405.33587052011  1.240983179588133E-15
7408.84687052011  1.235110142844690E-15
7412.3578705201  1.226400762914106E-15
7415.86887052011  1.190764558983070E-15
7419.3798705201  1.174779698519773E-15
7422.8908705201  1.165307468336690E-15
7426.40187052011  1.143527518391322E-15
7429.9128705201  1.125852768619172E-15
7433.4238705201  1.125534652719359E-15
7436.93487052011  1.143089609964451E-15
7440.44587052011  1.165895345326374E-15
7443.9568705201  1.176048418843995E-15
7447.46787052011  1.184023007295826E-15
7450.97887052011  1.190993972044882E-15
7454.4898705201  1.200278750120332E-15
7458.0008705201  1.222706370611609E-15
7461.51187052011  1.220853864193662E-15
7465.0228705201  1.205867103526541E-15
7468.53387052011  1.220269551528428E-15
7472.04487052011  1.235600540448842E-15
7475.5558705201  1.234937055142769E-15
7479.06687052011  1.233452618410848E-15
7482.57787052011  1.230870352804041E-15
7486.0888705201  1.222400016786135E-15
7489.5998705201  1.231972848781486E-15
7493.11087052011  1.229686113146474E-15
7496.6218705201  1.230328202839274E-15
7500.13287052011  1.248494143311386E-15
7503.64387052011  1.239694771382444E-15
7507.15487052011  1.243682538832810E-15
7510.66587052011  1.245809590960737E-15
7514.17687052011  1.239643919119755E-15
7517.68787052011  1.227717922546709E-15
7521.1988705201  1.201495828704703E-15
7524.70987052011  1.188145230561185E-15
7528.2208705201  1.191773108539853E-15
7531.7318705201  1.208316456555022E-15
7535.24287052011  1.226331800257781E-15
7538.75387052011  1.207461843701185E-15
7542.26487052011  1.191234590523157E-15
7545.77587052011  1.205578016787454E-15
7549.2868705201  1.202906413827379E-15
7552.79787052011  1.222650054914443E-15
7556.3088705201  1.213502141621523E-15
7559.8198705201  1.184934348810739E-15
7563.33087052011  1.202296596877132E-15
7566.84187052011  1.194523480517137E-15
7570.35287052011  1.178698995010358E-15
7573.86387052011  1.173810339763970E-15
7577.37487052011  1.165370082339775E-15
7580.8858705201  1.164152147426296E-15
7584.39687052011  1.174922038235343E-15
7587.90787052011  1.173467433584951E-15
7591.4188705201  1.153367003487989E-15
7594.9298705201  1.143403179652444E-15
7598.44087052011  1.114451170310521E-15
7601.9518705201  1.074214368487574E-15
7605.46287052011  1.057583331486019E-15
7608.97387052011  1.066428886167443E-15
7612.4848705201  1.112245260182932E-15
7615.99587052011  1.148063685663865E-15
7619.50687052011  1.139610267928499E-15
7623.0178705201  1.114061991260761E-15
7626.5288705201  1.076917442481494E-15
7630.03987052011  1.046614053117885E-15
7633.55087052011  1.027964318207236E-15
7637.06187052011  9.798853587041580E-16
7640.5728705201  9.679688362959032E-16
7644.08387052011  9.905187140550877E-16
7647.5948705201  9.976877674844825E-16
7651.10587052011  1.008383886369393E-15
7654.6168705201  1.061074172324580E-15
7658.1278705201  1.095021456710953E-15
7661.63887052011  1.091520321471072E-15
7665.14987052011  1.107964001908743E-15
7668.66087052011  1.109362330017129E-15
7672.1718705201  1.103287392898180E-15
7675.68287052011  1.126040123951588E-15
7679.1938705201  1.123700967826285E-15
7682.70487052011  1.105302141085244E-15
7686.2158705201  1.112982119736827E-15
7689.72687052011  1.115519682415405E-15
7693.23787052011  1.138253406907284E-15
7696.74887052011  1.130770912426043E-15
7700.25987052011  1.108921255935438E-15
7703.7708705201  1.134081025133042E-15
7707.28187052011  1.167523120021089E-15
7710.7928705201  1.176918221830264E-15
7714.30387052011  1.188271347922178E-15
7717.8148705201  1.210152986032266E-15
7721.32587052011  1.217842453704864E-15
7724.83687052011  1.210125314975628E-15
7728.34787052011  1.200707590353689E-15
7731.85887052011  1.185742524979516E-15
7735.36987052011  1.156812305072596E-15
7738.8808705201  1.120003004429380E-15
7742.3918705201  1.064132210013630E-15
7745.90287052011  1.006020443537228E-15
7749.4138705201  9.647167704910888E-16
7752.92487052011  9.232161482368733E-16
7756.4358705201  9.030405720859061E-16
7759.94687052011  9.023150170127065E-16
7763.45787052011  8.908310711993872E-16
7766.96887052011  9.104050484252029E-16
7770.47987052011  9.471788615980504E-16
7773.9908705201  9.774744062790318E-16
7777.50187052011  1.026224948284867E-15
7781.01287052011  1.083264589983767E-15
7784.5238705201  1.080098557688242E-15
7788.0348705201  1.103516865810062E-15
7791.54587052011  1.156005447313099E-15
7795.05687052011  1.160964609197399E-15
7798.56787052011  1.161568231173565E-15
7802.07887052011  1.175785334579576E-15
7805.5898705201  1.195318934288110E-15
7809.10087052011  1.212707822217500E-15
7812.61187052011  1.204385769664703E-15
7816.12287052011  1.200641025544083E-15
7819.6338705201  1.193699339040856E-15
7823.14487052011  1.167216104787569E-15
7826.65587052011  1.153188186707877E-15
7830.1668705201  1.144198804614554E-15
7833.67787052011  1.142526328985474E-15
7837.1888705201  1.146275252853794E-15
7840.69987052011  1.146855262930691E-15
7844.2108705201  1.158180515865725E-15
7847.72187052011  1.158005755874694E-15
7851.2328705201  1.152193782860478E-15
7854.74387052011  1.155527232228219E-15
7858.25487052011  1.152785169209169E-15
7861.76587052011  1.122394746045915E-15
7865.27687052011  1.118295569089825E-15
7868.7878705201  1.129017467302681E-15
7872.29887052011  1.136101027896555E-15
7875.8098705201  1.132460961267885E-15
7879.32087052011  1.087653091448236E-15
7882.8318705201  1.087316072750386E-15
7886.34287052011  1.103944257536031E-15
7889.85387052011  1.109233615048072E-15
7893.36487052011  1.102202543467000E-15
7896.87587052011  1.088191126174597E-15
7900.3868705201  1.085287349641384E-15
7903.89787052011  1.060213261297337E-15
7907.40887052011  1.063565248622883E-15
7910.91987052011  1.070630581413070E-15
7914.4308705201  1.053598215736238E-15
7917.94187052011  1.057546031241438E-15
7921.45287052011  1.055337895632542E-15
7924.96387052011  1.075784332374990E-15
7928.47487052011  1.072677492873067E-15
7931.9858705201  1.068973930934658E-15
7935.4968705201  1.068144262248709E-15
7939.00787052011  1.065795529469367E-15
7942.51887052011  1.062251584626760E-15
7946.0298705201  1.050026949238141E-15
7949.54087052011  1.036265176559766E-15
7953.05187052011  1.045607485919121E-15
7956.56287052011  1.046274800146318E-15
7960.07387052011  1.040238818249334E-15
7963.58487052011  1.008760850022817E-15
7967.0958705201  1.005770058053006E-15
7970.60687052011  1.017338328718035E-15
7974.11787052011  9.986684017989231E-16
7977.6288705201  1.033385722718673E-15
7981.1398705201  1.055788918185741E-15
7984.65087052011  1.050079189413060E-15
7988.16187052011  1.059093840064452E-15
7991.67287052011  1.040211085842050E-15
7995.18387052011  1.046024628916375E-15
7998.69487052011  1.062040726832179E-15
8002.2058705201  1.042306558503781E-15
8005.71687052011  1.025432331709396E-15
8009.22787052011  1.029118117236655E-15
8012.7388705201  1.018429329139154E-15
8016.2498705201  1.019398559424950E-15
8019.76087052011  1.045124661134516E-15
8023.27187052011  1.066503223327575E-15
8026.78287052011  1.058689212923611E-15
8030.29387052011  1.038605894988564E-15
8033.8048705201  1.015671856245421E-15
8037.31587052011  9.975521430527884E-16
8040.82687052011  9.942358766019429E-16
8044.33787052011  9.739790424521077E-16
8047.8488705201  9.796575738301720E-16
8051.35987052011  9.940022888020065E-16
8054.87087052011  9.956313747315380E-16
8058.38187052011  1.005102901151152E-15
8061.89287052011  1.023099733798742E-15
8065.4038705201  1.035558468937075E-15
8068.91487052011  1.051347870177603E-15
8072.4258705201  1.017529589286534E-15
8075.93687052011  1.015906696685592E-15
8079.4478705201  1.023071920812880E-15
8082.95887052011  1.017157119630306E-15
8086.46987052011  1.017103704716305E-15
8089.9808705201  1.020418058232036E-15
8093.49187052011  1.030061392159742E-15
8097.0028705201  1.041354881852925E-15
8100.51387052011  1.021166854434800E-15
8104.0248705201  1.021978532574169E-15
8107.53587052011  1.032531474882087E-15
8111.0468705201  1.014448834868403E-15
8114.55787052011  1.006635654436811E-15
8118.06887052011  9.987764650537913E-16
8121.5798705201  1.002337070430208E-15
8125.09087052011  1.000244721998573E-15
8128.6018705201  1.003207180009926E-15
8132.11287052011  1.001206888149862E-15
8135.62387052011  1.003662701357357E-15
8139.13487052011  1.013084633603346E-15
8142.6458705201  9.951941971158708E-16
8146.15687052011  1.003189413686531E-15
8149.66787052011  1.011287101602551E-15
8153.1788705201  9.991315763453140E-16
8156.68987052011  1.009137707817424E-15
8160.2008705201  1.025331656022378E-15
8163.71187052011  1.005495915640312E-15
8167.2228705201  1.004092110444716E-15
8170.73387052011  1.003538745942260E-15
8174.2448705201  9.961723455843351E-16
8177.75587052011  9.991824967131595E-16
8181.26687052011  9.747637272358947E-16
8184.7778705201  9.727518390977305E-16
8188.28887052011  9.627322608346084E-16
8191.79987052011  9.446600374292588E-16
8195.31087052011  9.513583806027497E-16
8198.8218705201  9.700914039664530E-16
8202.33287052011  9.853753406691662E-16
8205.8438705201  9.634999544231991E-16
8209.35487052011  9.474137193796959E-16
8212.86587052011  9.758941843319052E-16
8216.3768705201  9.710479960486184E-16
8219.88787052011  9.486328286356927E-16
8223.3988705201  9.368914087345498E-16
8226.90987052011  9.327833943829965E-16
8230.4208705201  9.063549670524203E-16
8233.9318705201  8.923690066922944E-16
8237.44287052011  9.111899939215536E-16
8240.95387052011  9.356474412001867E-16
8244.46487052011  9.537773742213978E-16
8247.97587052011  9.813127289024304E-16
8251.48687052011  1.004238213496211E-15
8254.9978705201  9.965890019837958E-16
8258.50887052011  9.872084987480926E-16
8262.0198705201  9.622231924014473E-16
8265.53087052011  9.453879789124739E-16
8269.0418705201  9.512874654605109E-16
8272.55287052011  9.399382319428116E-16
8276.0638705201  9.446346198754916E-16
8279.5748705201  9.483177552298267E-16
8283.08587052011  9.027621601849524E-16
8286.5968705201  9.412310815016688E-16
8290.10787052011  9.816331422504854E-16
8293.61887052011  9.923873252315328E-16
8297.12987052011  1.038273090710055E-15
8300.6408705201  1.053721270693484E-15
8304.15187052011  1.078979326538335E-15
8307.6628705201  1.092648428213810E-15
8311.17387052011  1.043616955286976E-15
8314.68487052011  1.014556036878436E-15
8318.19587052011  9.952602230826864E-16
8321.70687052011  9.832629986484874E-16
8325.2178705201  9.530761152473935E-16
8328.72887052011  9.368573866609908E-16
8332.2398705201  9.176635252686798E-16
8335.75087052011  8.938650309450173E-16
8339.26187052011  8.675791330263383E-16
8342.7728705201  8.372891673782991E-16
8346.28387052011  7.928765711469000E-16
8349.79487052011  7.428441840037779E-16
8353.3058705201  7.215888638813514E-16
8356.81687052011  7.526415424111915E-16
8360.32787052011  7.687488167716529E-16
8363.83887052011  7.209620796717858E-16
8367.34987052011  6.370316993222715E-16
8370.8608705201  5.849822750982678E-16
8374.37187052011  5.212778495938481E-16
8377.88287052011  4.517326725244148E-16
8381.39387052011  4.052146566503385E-16
8384.90487052011  3.771005233604300E-16
8388.4158705201  3.370604203447588E-16
8391.92687052011  3.020049747523370E-16
8395.43787052011  2.892719372428902E-16
8398.94887052011  2.469586465348780E-16
8402.45987052011  2.131118661622223E-16
8405.9708705201  1.919565331517076E-16
8409.48187052011  1.708187223408474E-16
8412.99287052011  1.557378193518969E-16
8416.5038705201  1.231857717595803E-16
8420.01487052011  1.140506875293476E-16
8423.52587052011  1.149413166818071E-16
8427.03687052011  1.177502447330262E-16
8430.54787052011  1.187826142798842E-16
8434.0588705201  1.197245632985367E-16
8437.5698705201  1.201650389617759E-16
8441.08087052011  1.491155246478021E-16
8444.5918705201  1.730590116092278E-16
8448.10287052011  1.965957193805812E-16
8451.6138705201  2.212965403851525E-16
8455.12487052011  2.471471179012093E-16
8458.63587052011  2.744524285710020E-16
8462.1468705201  3.065425900317682E-16
8465.65787052011  3.201730436185547E-16
8469.1688705201  3.217062286778015E-16
8472.67987052011  3.395386186679930E-16
8476.19087052011  3.512066667641884E-16
8479.70187052011  3.518723858308263E-16
8483.2128705201  3.774052390886180E-16
8486.72387052011  3.914730803881342E-16
8490.2348705201  4.184633465941539E-16
8493.74587052011  4.349706466507151E-16
8497.2568705201  4.737125123536509E-16
8500.76787052011  4.958898472639196E-16
8504.27887052011  5.150278540199010E-16
8507.7898705201  5.668144191054118E-16
8511.30087052011  5.930499503242403E-16
8514.8118705201  6.470633196232967E-16
8518.32287052011  6.763262915342973E-16
8521.83387052011  6.960251621609785E-16
8525.3448705201  7.079242236747780E-16
8528.8558705201  6.959350264828039E-16
8532.36687052011  6.960408107120797E-16
8535.87787052011  7.028531068520280E-16
8539.38887052011  6.907807128342619E-16
8542.89987052011  6.884510643934119E-16
8546.41087052011  6.743569111209650E-16
8549.92187052011  6.458481964303888E-16
8553.4328705201  6.023626183737901E-16
8556.94387052011  5.730436892205473E-16
8560.4548705201  5.733758054742005E-16
8563.96587052011  5.482096872602139E-16
8567.47687052011  5.524151837817175E-16
8570.9878705201  5.483549358794384E-16
8574.49887052011  5.264950439645323E-16
8578.00987052011  5.339005314318391E-16
8581.52087052011  5.171369983972208E-16
8585.03187052011  5.164193393051582E-16
8588.5428705201  5.496109639568082E-16
8592.05387052011  5.742064645014705E-16
8595.56487052011  5.927613425542475E-16
8599.07587052011  5.988454061117455E-16
8602.58687052011  6.198134109244390E-16
8606.09787052011  6.407491791440191E-16
8609.60887052011  6.779324690420812E-16
8613.11987052011  7.279060024697900E-16
8616.63087052011  7.729250675217346E-16
8620.1418705201  8.154711266375914E-16
8623.65287052011  8.575846022969873E-16
8627.1638705201  8.944507603867148E-16
8630.67487052011  9.433380513487607E-16
8634.1858705201  9.765166288125591E-16
8637.69687052011  1.021597705610350E-15
8641.20787052011  1.076060272048230E-15
8644.71887052011  1.144474500517271E-15
8648.2298705201  1.236636117594663E-15
8651.7408705201  1.296061519719167E-15
8655.25187052011  1.382656859134179E-15
8658.76287052011  1.462108905702689E-15
8662.27387052011  1.499375278391040E-15
8665.7848705201  1.620351136897242E-15
8669.29587052011  1.701761418669581E-15
8672.8068705201  1.715005173711933E-15
8676.31787052011  1.760072676300931E-15
8679.8288705201  1.783234043225715E-15
8683.33987052011  1.833343877511977E-15
8686.85087052011  1.896443187822804E-15
8690.3618705201  1.935155042055974E-15
8693.87287052011  1.968338132220821E-15
8697.3838705201  2.009878546111858E-15
8700.89487052011  1.993665228107892E-15
8704.40587052011  1.962438943921676E-15
8707.91687052011  1.952955939997466E-15
8711.4278705201  1.958326446083664E-15
8714.93887052011  1.954070560965531E-15
8718.4498705201  1.962670089113475E-15
8721.96087052011  1.954356189468322E-15
8725.4718705201  1.905927383907064E-15
8728.98287052011  1.863759300838969E-15
8732.49387052011  1.839298022834297E-15
8736.0048705201  1.810546554451529E-15
8739.51587052011  1.784003470354400E-15
8743.0268705201  1.755952844582319E-15
8746.53787052011  1.746590124282766E-15
8750.04887052011  1.760647622073276E-15
8753.55987052011  1.743638567189082E-15
8757.0708705201  1.687300576575344E-15
8760.58187052011  1.661103021376050E-15
8764.09287052011  1.619056528376612E-15
8767.60387052011  1.602892369125001E-15
8771.11487052011  1.583147873016222E-15
8774.62587052011  1.604174469221423E-15
8778.13687052011  1.614481290456683E-15
8781.6478705201  1.605698649855701E-15
8785.15887052011  1.599331450035634E-15
8788.6698705201  1.561717156974334E-15
8792.18087052011  1.528364840117827E-15
8795.69187052011  1.487496604633652E-15
8799.20287052011  1.448696837906288E-15
8802.71387052011  1.415733543083786E-15
8806.22487052011  1.330887019271957E-15
8809.7358705201  1.276960407307561E-15
8813.24687052011  1.188059093083954E-15
8816.75787052011  1.123977713562969E-15
8820.26887052011  1.060689381209644E-15
8823.77987052011  9.996007143549762E-16
8827.29087052011  9.829403648943630E-16
8830.80187052011  1.037955427924328E-15
8834.3128705201  1.052317701370512E-15
8837.8238705201  1.059439598506047E-15
8841.33487052011  1.033791085246019E-15
8844.84587052011  1.003177419663514E-15
8848.35687052011  9.857619537070110E-16
8851.86787052011  9.658759348631637E-16
8855.3788705201  9.673997327913138E-16
8858.88987052011  9.422131995262573E-16
8862.40087052011  9.524847423081974E-16
8865.9118705201  9.992141622214921E-16
8869.42287052011  1.025660706796743E-15
8872.9338705201  1.029387890321462E-15
8876.44487052011  1.022722550307266E-15
8879.95587052011  1.058443745164789E-15
8883.4668705201  1.056037347254477E-15
8886.97787052011  1.052833902773646E-15
8890.48887052011  1.049404075028131E-15
8893.99987052011  1.014363232712415E-15
8897.5108705201  9.676075599494225E-16
8901.0218705201  9.020974238207958E-16
8904.53287052011  8.626914753655478E-16
8908.04387052011  8.539339236771223E-16
8911.55487052011  8.304171311276736E-16
8915.06587052011  7.853575303198224E-16
8918.5768705201  7.867687203378340E-16
8922.08787052011  7.987776116652529E-16
8925.59887052011  8.406095468247615E-16
8929.1098705201  8.503244289418246E-16
8932.62087052011  8.160055944506488E-16
8936.13187052011  8.381518192029478E-16
8939.64287052011  8.777941822562716E-16
8943.15387052011  8.855594832952402E-16
8946.6648705201  8.768750182729380E-16
8950.17587052011  9.075643398644871E-16
8953.68687052011  9.529641689349750E-16
8957.19787052011  9.506058824170304E-16
8960.7088705201  9.771790947618836E-16
8964.2198705201  9.548380514316349E-16
8967.73087052011  9.309094661260044E-16
8971.24187052011  9.398001557024205E-16
8974.7528705201  8.900360352020918E-16
8978.26387052011  8.947402787437498E-16
8981.77487052011  9.311140068999321E-16
8985.28587052011  9.038739401998718E-16
8988.79687052011  8.804544424502946E-16
8992.3078705201  8.469050652214896E-16
8995.81887052011  8.093230597093549E-16
8999.32987052011  8.368909337318436E-16
9002.84087052011  8.781737894552597E-16
9006.35187052011  8.834617892665709E-16
9009.8628705201  9.041661393396005E-16
9013.37387052011  9.126972870050646E-16
9016.88487052011  9.236803524311936E-16
9020.3958705201  9.290633978343720E-16
9023.90687052011  9.076747821833613E-16
9027.41787052011  9.013444477589317E-16
9030.92887052011  8.920722786853875E-16
9034.43987052011  8.740891762102286E-16
9037.9508705201  8.679505238701592E-16
9041.46187052011  8.856687504000994E-16
9044.97287052011  8.692263907085450E-16
9048.48387052011  8.569159987783795E-16
9051.99487052011  8.509116148793856E-16
9055.5058705201  8.483928389519082E-16
9059.01687052011  8.302974932856367E-16
9062.52787052011  8.156866728724637E-16
9066.0388705201  8.331302116958722E-16
9069.54987052011  8.127072377946907E-16
9073.06087052011  8.122593588503509E-16
9076.57187052011  8.109068633994464E-16
9080.08287052011  7.992701723091021E-16
9083.5938705201  7.926295511953097E-16
9087.10487052011  7.757433139993860E-16
9090.61587052011  7.765729952854076E-16
9094.12687052011  7.450396829672655E-16
9097.63787052011  7.423110838067379E-16
9101.1488705201  7.325614632148003E-16
9104.65987052011  7.277752405009882E-16
9108.17087052011  7.342931003388121E-16
9111.68187052011  7.479824108604118E-16
9115.19287052011  7.646081407341140E-16
9118.7038705201  7.700315067209645E-16
9122.21487052011  8.318704328797918E-16
9125.72587052011  8.760989055341688E-16
9129.2368705201  8.756383918393090E-16
9132.74787052011  8.809072562331349E-16
9136.25887052011  8.859362840039263E-16
9139.76987052011  8.774125478559151E-16
9143.28087052011  8.733559253316757E-16
9146.7918705201  8.695805910521908E-16
9150.3028705201  8.936607559422087E-16
9153.81387052011  8.445540936503562E-16
9157.3248705201  8.196819227018735E-16
9160.83587052011  8.142507270719191E-16
9164.34687052011  7.987585257505696E-16
9167.85787052011  8.086381329739028E-16
9171.36887052011  7.809161449217707E-16
9174.87987052011  7.747165206184211E-16
9178.39087052011  7.740427794592652E-16
9181.9018705201  7.910563545327202E-16
9185.41287052011  7.779167835297062E-16
9188.92387052011  7.679800798122165E-16
9192.4348705201  7.593103227888931E-16
9195.94587052011  7.659677133575868E-16
9199.45687052011  7.526962047912267E-16
9202.9678705201  7.404532409978447E-16
9206.47887052011  7.384113531701155E-16
9209.98987052011  7.614664126229511E-16
9213.5008705201  7.757923222075353E-16
9217.01187052011  7.659752378085237E-16
9220.52287052011  7.544253112850105E-16
9224.03387052011  7.493865266755403E-16
9227.54487052011  7.658909424390964E-16
9231.05587052011  7.825227931810264E-16
9234.56687052011  8.042462931532988E-16
9238.0778705201  7.848204117210327E-16
9241.58887052011  7.866024571424869E-16
9245.0998705201  7.921120417828508E-16
9248.6108705201  7.699199112749854E-16
9252.12187052011  7.640102434677482E-16
9255.63287052011  8.317623516545200E-16
9259.14387052011  8.518893614501820E-16
9262.65487052011  8.499339350754258E-16
9266.16587052011  8.822325287875985E-16
9269.67687052011  8.877755524486483E-16
9273.18787052011  8.692573920004059E-16
9276.69887052011  8.885285312793742E-16
9280.20987052011  9.087665495685403E-16
9283.7208705201  8.956617219670331E-16
9287.23187052011  8.984089928937477E-16
9290.74287052011  9.447566343654434E-16
9294.2538705201  9.734020228660876E-16
9297.76487052011  1.049537564295785E-15
9301.2758705201  1.153218059994638E-15
9304.78687052011  1.292934356439041E-15
9308.29787052011  1.438932211506124E-15
9311.80887052011  1.518389850134045E-15
9315.31987052011  1.468011835003192E-15
9318.83087052011  1.418183035078859E-15
9322.34187052011  1.216292607929200E-15
9325.85287052011  1.023399805968306E-15
9329.36387052011  8.996939808666482E-16
9332.8748705201  9.036371077380591E-16
9336.38587052011  7.744509389714254E-16
9339.8968705201  7.301669799536113E-16
9343.40787052011  7.686380460828999E-16
9346.9188705201  7.788960647568341E-16
9350.42987052011  7.763957749434959E-16
9353.94087052011  7.061008331852392E-16
9357.45187052011  6.612765342307993E-16
9360.96287052011  6.543711437214927E-16
9364.4738705201  6.354178527980785E-16
9367.98487052011  5.720249461935209E-16
9371.49587052011  6.892726242997246E-16
9375.00687052011  6.468175178268551E-16
9378.5178705201  7.228168993610310E-16
9382.02887052011  7.977405536008806E-16
9385.5398705201  7.988988485408087E-16
9389.05087052011  8.543995378286641E-16
9392.56187052011  8.459282751088480E-16
9396.0728705201  8.571769772608995E-16
9399.58387052011  8.292705808911779E-16
9403.0948705201  8.119917528961090E-16
9406.60587052011  8.244873127994843E-16
9410.1168705201  7.365457965794590E-16
9413.62787052011  6.953069899912262E-16
9417.13887052011  6.544280795702661E-16
9420.64987052011  5.725294739297784E-16
9424.16087052011  5.609372218037953E-16
9427.6718705201  5.224047647322550E-16
9431.1828705201  5.266905023460413E-16
9434.69387052011  4.863298151438920E-16
9438.20487052011  4.333360341718010E-16
9441.7158705201  3.449226321556940E-16
9445.22687052011  2.870639386565001E-16
9448.73787052011  3.264958052135869E-16
9452.24887052011  5.526054966796859E-16
9455.75987052011  6.525411149782225E-16
9459.27087052011  6.676556792647986E-16
9462.78187052011  7.181359502600146E-16
9466.2928705201  8.285148145176226E-16
9469.80387052011  8.450077992764695E-16
9473.3148705201  9.292259819771436E-16
9476.8258705201  1.010784326713658E-15
9480.33687052011  1.042349091865314E-15
9483.84787052011  1.082319255099274E-15
9487.35887052011  1.025897967373570E-15
9490.86987052011  9.215249295415041E-16
9494.38087052011  8.529419308604948E-16
9497.8918705201  8.072217637399806E-16
9501.40287052011  7.175386538355309E-16
9504.91387052011  7.230019133816032E-16
9508.42487052011  7.607287505460393E-16
9511.93587052011  8.106577981523045E-16
9515.44687052011  8.560730687952410E-16
9518.95787052011  7.512535570967331E-16
9522.4688705201  6.286495266814899E-16
9525.97987052011  6.233624732603399E-16
9529.49087052011  6.238023733623823E-16
9533.00187052011  6.354941804677693E-16
9536.51287052011  6.903389470101672E-16
9540.02387052011  7.154317827955829E-16
9543.53487052011  7.001881964022672E-16
9547.04587052011  6.411562455158602E-16
9550.55687052011  5.424658690734593E-16
9554.06787052011  5.478349917232707E-16
9557.57887052011  6.153281364703888E-16
9561.08987052011  6.596974148348011E-16
9564.60087052011  6.512500137496606E-16
9568.1118705201  6.960944021101019E-16
9571.62287052011  7.094631085533419E-16
9575.13387052011  7.160067211491733E-16
9578.6448705201  7.812655607006600E-16
9582.15587052011  8.169430349324670E-16
9585.6668705201  8.247419311805254E-16
9589.17787052011  8.473136683811645E-16
9592.68887052011  8.681899475486185E-16
9596.19987052011  8.602184031253061E-16
9599.71087052011  8.067065608957923E-16
9603.22187052011  8.529238613265279E-16
9606.73287052011  8.825660124672285E-16
9610.2438705201  8.471963937500927E-16
9613.7548705201  7.906199894660841E-16
9617.26587052011  7.870506376945238E-16
9620.77687052011  7.896751216471944E-16
9624.28787052011  7.264774037726656E-16
9627.79887052011  7.821571863637181E-16
9631.3098705201  8.561249652867580E-16
9634.82087052011  8.401157323850164E-16
9638.33187052011  7.805708626408687E-16
9641.8428705201  7.280236927172298E-16
9645.35387052011  7.229793428524593E-16
9648.8648705201  7.217261291124020E-16
9652.37587052011  7.235586854815689E-16
9655.8868705201  7.675303717137582E-16
9659.3978705201  7.866804123912308E-16
9662.90887052011  8.393833085315398E-16
9666.41987052011  8.644857588702119E-16
9669.93087052011  9.034194373581827E-16
9673.44187052011  9.210450375803539E-16
9676.95287052011  9.476141854918324E-16
9680.4638705201  9.556135843993729E-16
9683.97487052011  9.633485165816262E-16
9687.4858705201  9.268992567314477E-16
9690.99687052011  8.922898610055090E-16
9694.5078705201  8.318275078027626E-16
9698.01887052011  7.612908436291869E-16
9701.52987052011  7.188958317411531E-16
9705.0408705201  7.468328897635835E-16
9708.55187052011  7.289253851546027E-16
9712.06287052011  6.985089448443297E-16
9715.57387052011  7.101311302439623E-16
9719.08487052011  6.768992800808706E-16
9722.59587052011  6.209151069823813E-16
9726.1068705201  6.264011809547791E-16
9729.61787052011  6.140831986842258E-16
9733.1288705201  6.385227261326456E-16
9736.63987052011  6.930850389691245E-16
9740.15087052011  7.057745002251171E-16
9743.66187052011  7.334691120913792E-16
9747.17287052011  7.577158857441008E-16
9750.6838705201  7.392869163686576E-16
9754.19487052011  7.345435279131162E-16
9757.70587052011  7.288813289820645E-16
9761.21687052011  7.504877115472778E-16
9764.72787052011  7.748332750096256E-16
9768.2388705201  7.814118484625405E-16
9771.74987052011  8.040597454193928E-16
9775.26087052011  8.220469243056196E-16
9778.77187052011  7.647684473822367E-16
9782.28287052011  7.253705232426122E-16
9785.79387052011  6.830992867920486E-16
9789.30487052011  6.969621394880045E-16
9792.81587052011  7.110497920564451E-16
9796.3268705201  6.991169195236716E-16
9799.83787052011  6.716002943367932E-16
9803.34887052011  6.582701299172331E-16
9806.85987052011  6.890341306776527E-16
9810.37087052011  7.505696687748173E-16
9813.8818705201  8.234772695044764E-16
9817.39287052011  7.638493844539196E-16
9820.90387052011  7.451737560863223E-16
9824.41487052011  7.694639235706274E-16
9827.92587052011  7.813000980093240E-16
9831.4368705201  7.435636959357918E-16
9834.94787052011  7.282829027455589E-16
9838.45887052011  7.113142270978825E-16
9841.9698705201  7.336926640400492E-16
9845.48087052011  7.553278472161252E-16
9848.99187052011  7.498476966094403E-16
9852.50287052011  7.754668223773251E-16
9856.01387052011  7.924053354180936E-16
9859.5248705201  8.141565109737459E-16
9863.0358705201  8.742132750852340E-16
9866.54687052011  8.426042452048687E-16
9870.0578705201  8.043519543177586E-16
9873.56887052011  8.048493331635347E-16
9877.0798705201  9.011195804638422E-16
9880.59087052011  8.773800352961590E-16
9884.10187052011  7.694660309627766E-16
9887.61287052011  7.782443358012230E-16
9891.12387052011  7.314592510407674E-16
9894.63487052011  7.675112341435252E-16
9898.14587052011  9.137794565009674E-16
9901.65687052011  8.966599029923507E-16
9905.16787052011  8.339247684650537E-16
9908.6788705201  8.129303265084368E-16
9912.18987052011  8.582484374832805E-16
9915.7008705201  7.937644070406896E-16
9919.21187052011  7.409805064901895E-16
9922.7228705201  6.730340883626060E-16
9926.23387052011  5.601346141463368E-16
9929.74487052011  5.419462152907358E-16
9933.2558705201  3.969033761621019E-16
9936.76687052011  3.087808277419161E-16
9940.27787052011  2.057020059935051E-16
9943.78887052011  7.305900056119689E-17
9947.29987052011  8.497537353632854E-17
9950.8108705201  7.882851368528314E-17
9954.3218705201  2.020390666464166E-16
9957.83287052011  3.088905360372511E-16
9961.34387052011  4.506406199211387E-16
9964.85487052011  5.782112199303992E-16
9968.36587052011  6.846377604700847E-16
9971.87687052011  8.624483719217728E-16
9975.38787052011  8.398714889705027E-16
9978.8988705201  8.403992870185083E-16
9982.40987052011  8.312479019546398E-16
9985.92087052011  8.113308711188004E-16
9989.43187052011  8.209126182387677E-16
9992.94287052011  8.496323303338556E-16
9996.45387052011  7.583673868363348E-16
9999.96487052011  6.889232304255836E-16
10003.4758705201  7.201480522196240E-16
10006.9868705201  7.483029881356156E-16
10010.4978705201  6.990455757132709E-16
10014.0088705201  6.096315626202921E-16
10017.5198705201  5.916166775899073E-16
10021.0308705201  6.873804895259945E-16
10024.5418705201  6.327976962983600E-16
10028.0528705201  6.530324134468337E-16
10031.5638705201  6.426543154503755E-16
10035.0748705201  5.817245080443848E-16
10038.5858705201  5.990208469331445E-16
10042.0968705201  6.144622036498449E-16
10045.6078705201  7.353402793522524E-16
10049.1188705201  7.679192663147943E-16
10052.6298705201  7.914544951388298E-16
10056.1408705201  8.194379123464811E-16
10059.6518705201  8.167780333009538E-16
10063.1628705201  8.558826360623889E-16
10066.6738705201  8.454064916553360E-16
10070.1848705201  8.532773654424499E-16
10073.6958705201  8.944556758066923E-16
10077.2068705201  9.643445100444345E-16
10080.7178705201  8.544231634948419E-16
10084.2288705201  7.102384902520643E-16
10087.7398705201  7.382254328139071E-16
10091.2508705201  8.075713334866204E-16
10094.7618705201  8.212372757340668E-16
10098.2728705201  8.139671233988337E-16
10101.7838705201  7.865688174251850E-16
10105.2948705201  7.541353442529302E-16
10108.8058705201  7.727636757965035E-16
10112.3168705201  7.314503815313289E-16
10115.8278705201  7.600416391776352E-16
10119.3388705201  7.625370912160965E-16
10122.8498705201  6.783641298530018E-16
10126.3608705201  6.540388930884708E-16
10129.8718705201  6.960975044796309E-16
10133.3828705201  6.828924345792422E-16
10136.8938705201  6.240305876257069E-16
10140.4048705201  6.415671309367678E-16
10143.9158705201  6.891773803497275E-16
10147.4268705201  6.264056146452958E-16
10150.9378705201  6.099339681680588E-16
10154.4488705201  6.537250564961705E-16
10157.9598705201  7.135238133576137E-16
10161.4708705201  7.693454713828983E-16
10164.9818705201  7.999227928971741E-16
10168.4928705201  8.839886254175212E-16
10172.0038705201  8.121961536520878E-16
10175.5148705201  7.765368390757792E-16
10179.0258705201  7.165811054495324E-16
10182.5368705201  7.283541448586127E-16
10186.0478705201  9.386027443634795E-16
10189.5588705201  9.737353529959419E-16
10193.0698705201  8.792343173530683E-16
10196.5808705201  7.767553885164297E-16
10200.0918705201  8.242060045829600E-16
10203.6028705201  7.936190784668450E-16
10207.1138705201  6.341628020274279E-16
10210.6248705201  5.611333182859957E-16
10214.1358705201  4.765996138369318E-16
10217.6468705201  5.938504393131025E-16
10221.1578705201  6.813112244892987E-16
10224.6688705201  6.679818912753999E-16
10228.1798705201  6.226532587091950E-16
10231.6908705201  6.349821366163394E-16
10235.2018705201  6.614361805437260E-16
10238.7128705201  7.209223250122798E-16
10242.2238705201  6.581402309458129E-16
10245.7348705201  6.629273940193120E-16
10249.2458705201  7.122463830028891E-16
10252.7568705201  7.312021238093723E-16
10256.2678705201  6.218423503844222E-16
10259.7788705201  6.521132494109554E-16
10263.2898705201  7.266481801256842E-16
10266.8008705201  5.426285656677696E-16
10270.3118705201  3.494145080367084E-16
10273.8228705201  6.711273375676750E-16
10277.3338705201  6.666475925907953E-16
10280.8448705201  5.733669551751622E-16
10284.3558705201  6.934933767582009E-16
10287.8668705201  6.787684559662119E-16
10291.3778705201  7.244679747602504E-16
10294.8888705201  9.275702160576692E-16
10298.3998705201  1.023235990778167E-15
10301.9108705201  9.141547063864246E-16
10305.4218705201  7.557115016995583E-16
10308.9328705201  6.496623309049967E-16
10312.4438705201  6.157703869541657E-16
10315.9548705201  6.844739589198596E-16
10319.4658705201  6.854188897958336E-16
10322.9768705201  8.196365644755776E-16
10326.4878705201  7.682988773657700E-16
10329.9988705201  6.331493901148438E-16
10333.5098705201  5.872489921512512E-16
10337.0208705201  6.487701974154783E-16
10340.5318705201  7.430833457951137E-16
10344.0428705201  6.892572020448303E-16
10347.5538705201  6.921270752977882E-16
10351.0648705201  7.732761649177816E-16
10354.5758705201  6.671136561904861E-16
10358.0868705201  7.778281745745148E-16
10361.5978705201  5.681197483550882E-16
10365.1088705201  1.605058035063877E-16
10368.6198705201  2.176641078010468E-16
10372.1308705201  1.834250832009963E-16
10375.6418705201  3.677874946517502E-17
10379.1528705201  3.194416835028980E-16
10382.6638705201  3.783404003882185E-16
10386.1748705201  3.198287181941652E-16
10389.6858705201  4.463024464040441E-16
10393.1968705201  5.170626829238535E-16
10396.7078705201  5.029784058477654E-16
10400.2188705201  5.640755774003421E-16
10403.7298705201  5.858012169638262E-16
10407.2408705201  5.288975006632018E-16
10410.7518705201  6.441437746945175E-16
10414.2628705201  8.088605715663689E-16
10417.7738705201  6.724976443581004E-16
10421.2848705201  7.199323735671113E-16
10424.7958705201  7.246657493706504E-16
10428.3068705201  6.566931391074362E-16
10431.8178705201  6.839216859287562E-16
10435.3288705201  7.811195129751241E-16
10438.8398705201  6.500456315398617E-16
10442.3508705201  5.879567976038436E-16
10445.8618705201  8.883918836734055E-16
10449.3728705201  9.375774932359306E-16
10452.8838705201  7.502508418818787E-16
10456.3948705201  8.013034632841197E-16
10459.9058705201  6.823736790185631E-16
10463.4168705201  4.632313553165628E-16
10466.9278705201  5.425105953932693E-16
10470.4388705201  5.919738003711304E-16
10473.9498705201  4.707002481626959E-16
10477.4608705201  4.154722674735387E-16
10480.9718705201  4.937052656704005E-16
10484.4828705201  3.929249676441490E-16
10487.9938705201  3.464797633726258E-16
10491.5048705201  4.073523755755715E-16
10495.0158705201  1.695339344741009E-16
10498.5268705201  3.349298084333685E-17
10502.0378705201  8.981034356089683E-17
10505.5488705201  1.879522468479389E-16
10509.0598705201  5.157517645590879E-16
10512.5708705201  4.900150698612990E-16
10516.0818705201  4.202282134733080E-16
10519.5928705201  6.036700950090823E-16
10523.1038705201  7.679695563296031E-16
10526.6148705201  6.575319030985814E-16
10530.1258705201  2.993900049262818E-16
10533.6368705201  2.746994120668641E-16
10537.1478705201  4.789259876136234E-16
10540.6588705201  6.236101549869896E-16
10544.1698705201  6.343886129070710E-16
10547.6808705201  5.642279008158423E-16
10551.1918705201  4.290936957922640E-16
10554.7028705201  4.020873266469483E-16
10558.2138705201  4.338716960777194E-16
10561.7248705201  5.513228008012209E-16
10565.2358705201  5.156822731468394E-16
10568.7468705201  5.196862227732808E-16
10572.2578705201  5.703530230688082E-16
10575.7688705201  2.824480639758974E-16
10579.2798705201  -3.015240542662654E-17
10582.7908705201  3.588714989930988E-16
10586.3018705201  4.496955949410367E-16
10589.8128705201  1.162165715384791E-16
10593.3238705201  2.949458635347488E-16
10596.8348705201  6.941353986271037E-16
10600.3458705201  8.081974239192813E-16
10603.8568705201  8.049464182677594E-16
10607.3678705201  3.675487216871458E-16
10610.8788705201  2.026196399938100E-16
10614.3898705201  4.979540126199716E-16
10617.9008705201  5.381622625485410E-16
10621.4118705201  6.631727038631423E-16
10624.9228705201  6.593240569657643E-16
10628.4338705201  4.386440911363344E-16
10631.9448705201  5.648738821221042E-16
10635.4558705201  8.758959160761421E-16
10638.9668705201  5.134669285184133E-16
10642.4778705201  5.726039649356147E-16
10645.9888705201  7.590067545049929E-16
10649.4998705201  6.472248380080467E-16
10653.0108705201  5.424983701299712E-16
10656.5218705201  3.093261467385449E-16
10660.0328705201  3.066731916841720E-16
10663.5438705201  4.022171068716315E-16
10667.0548705201  4.931943626660879E-16
10670.5658705201  7.950124378339453E-16
10674.0768705201  7.621766524982621E-16
10677.5878705201  7.493803480556931E-16
10681.0988705201  4.745184274572770E-16
10684.6098705201  2.324626019783368E-16
10688.1208705201  2.093360976023095E-16
10691.6318705201  2.434071857693063E-16
10695.1428705201  7.303768727441250E-16
10698.6538705201  6.586869551264086E-16
10702.1648705201  -2.538322130548467E-16
10705.6758705201  -1.248069419612531E-17
10709.1868705201  4.585719594245761E-16
10712.6978705201  3.971815410402476E-16
10716.2088705201  1.898468509862775E-16
10719.7198705201  4.729098503810379E-16
10723.2308705201  6.576916525268917E-16
10726.7418705201  2.327607571677321E-16
10730.2528705201  4.013286718176041E-16
10733.7638705201  1.311539547154408E-15
10737.2748705201  1.363910593239945E-15
10740.7858705201  1.037682151916349E-15
10744.2968705201  1.309357706958555E-15
10747.8078705201  1.804865919099700E-15
10751.3188705201  1.773930946496044E-15
10754.8298705201  1.548974997314351E-15
10758.3408705201  7.019897031811256E-16
10761.8518705201  1.030996539465694E-15
10765.3628705201  1.339257887364108E-15
10768.8738705201  1.044555242086125E-15
10772.3848705201  8.106029441572708E-16
10775.8958705201  1.196445008479050E-15
10779.4068705201  1.436842160026567E-15
10782.9178705201  1.211668768854771E-15
10786.4288705201  7.914938834561736E-16
10789.9398705201  1.200494790597227E-15
10793.4508705201  2.010239297784861E-15
10796.9618705201  1.320859804970826E-15
10800.4728705201  2.048084829523405E-17
10803.9838705201  5.440421420430051E-16
10807.4948705201  6.846336764173567E-16
10811.0058705201  -2.358221342870739E-16
10814.5168705201  -3.747377929357434E-16
10818.0278705201  -8.010480457443245E-16
10821.5388705201  -1.537443944603577E-16
10825.0498705201  -2.843087509134058E-16
10828.5608705201  2.414457410462282E-16
10832.0718705201  3.396729871490262E-16
10835.5828705201  3.927544644137290E-16
10839.0938705201  6.391213279582224E-16
10842.6048705201  9.834555701791590E-16
10846.1158705201  8.659622290712151E-16
10849.6268705201  1.183277976601121E-15
10853.1378705201  9.790003764739173E-16
10856.6488705201  5.716381590174503E-16
10860.1598705201  1.684793046354248E-15
10863.6708705201  1.293622129961638E-15
10867.1818705201  3.778666216426471E-16
10870.6928705201  4.719239082045187E-16
10874.2038705201  1.297731872746050E-15
10877.7148705201  9.717145879080344E-16
10881.2258705201  1.375438407266630E-15
10884.7368705201  1.519395492527671E-15
10888.2478705201  1.013066870999616E-15
10891.7588705201  4.812475644650088E-16
10895.2698705201  -7.087003198432901E-16
10898.7808705201  -7.336130470763071E-16
10902.2918705201  4.045893778782672E-16
10905.8028705201  1.114256420792685E-15
10909.3138705201  2.022365844069002E-17
10912.8248705201  3.319789552901764E-16
10916.3358705201  8.761429231088857E-16
10919.8468705201  5.977666176700867E-16
10923.3578705201  2.744735723058244E-16
10926.8688705201  9.958249578432274E-16
10930.3798705201  1.336578360566785E-15
10933.8908705201  9.032174229018696E-16
10937.4018705201  1.988233941021777E-15
10940.9128705201  1.028390096859494E-15
10944.4238705201  1.783994724637068E-15
10947.9348705201  2.104688016524665E-15
10951.4458705201  1.747370725574011E-15
10954.9568705201  2.709990619563230E-15
10958.4678705201  1.968585583784382E-15
10961.9788705201  3.456496183744965E-15
10965.4898705201  3.639032186967595E-15
10969.0008705201  1.025086747780713E-15
10972.5118705201  2.329621110315344E-15
10976.0228705201  5.259669094659715E-15
10979.5338705201  1.144091859840643E-15
10983.0448705201  2.306141225601745E-15
10986.5558705201  2.332846535800695E-15
10990.0668705201  -9.406458154257022E-17
10993.5778705201  1.712883459762301E-15
10997.0888705201  2.876550352551181E-15
11000.5998705201  7.524522543071288E-16
11004.1108705201  3.065122210111010E-16
11007.6218705201  1.337093508864398E-15
11011.1328705201  1.792706765082424E-15
11014.6438705201  8.293188009110942E-16
11018.1548705201  1.076873575521995E-15
11021.6658705201  1.803080017413500E-15
11025.1768705201  -8.500833229822157E-16
11028.6878705201  2.932519365452202E-14
11032.1988705201  1.480229595883542E-13
11035.7098705201  1.799141623188276E-13
11039.2208705201  1.296829528885299E-13
11042.7318705201  2.811287093848227E-14
11046.2428705201  -4.531641027403486E-16
