  3512.72803  8.14258543E-16
  3515.59448 -1.40440591E-16
  3518.46069  3.89575413E-16
  3521.32715 -5.47129762E-16
  3524.19336  1.28323473E-17
  3527.05981  1.07877682E-15
  3529.92603  6.90529052E-16
  3532.79248 -2.22281536E-16
  3535.65894 -1.38817292E-16
  3538.52515  6.55180726E-16
  3541.3916  4.85895103E-16
  3544.25781  6.02881418E-16
  3547.12427 -4.30101857E-17
  3549.99048 -4.45070498E-16
  3552.85693  8.2763584E-16
  3555.72314  2.24836452E-16
  3558.5896  9.66822782E-16
  3561.45605  1.21339508E-16
  3564.32227  1.21344182E-15
  3567.18872  1.05859087E-16
  3570.05493  4.39516026E-16
  3572.92139  9.10380847E-16
  3575.7876  9.00746483E-16
  3578.65405  1.11927548E-15
  3581.52051 -1.13291173E-16
  3584.38672  3.22237221E-16
  3587.25317  8.62065823E-16
  3590.11938  8.19022203E-16
  3592.98584  3.68749547E-16
  3595.85205 -1.30307032E-16
  3598.71851  3.59031432E-16
  3601.58472  2.23608387E-16
  3604.45117  5.06321726E-16
  3607.31763  1.48171301E-16
  3610.18384  1.65977469E-16
  3613.05029 -1.73649933E-16
  3615.9165  9.38547975E-16
  3618.78296  2.52188813E-16
  3621.64917  1.17446743E-16
  3624.51562  3.56448008E-16
  3627.38208  4.62354999E-16
  3630.24829  1.48627601E-15
  3633.11475 -1.53120052E-16
  3635.98096  9.06306936E-16
  3638.84741  7.46134065E-16
  3641.71362  7.5531622E-16
  3644.58008  2.74509085E-16
  3647.44629  7.60312549E-16
  3650.31274  7.16476847E-16
  3653.1792  1.08188691E-15
  3656.04541 -8.88008537E-16
  3658.91187  3.19096528E-16
  3661.77808  5.30239078E-16
  3664.64453  2.06601884E-16
  3667.51074  9.54531169E-16
  3670.3772  7.86685767E-16
  3673.24365  8.51672835E-16
  3676.10986  2.57349573E-16
  3678.97632  6.11424063E-16
  3681.84253  9.88211317E-16
  3684.70898  5.46317193E-16
  3687.5752 -1.66265474E-16
  3690.44165  2.91949969E-16
  3693.30786  5.90211499E-16
  3696.17432  1.54176249E-16
  3699.04077  2.82303879E-16
  3701.90698  2.85462915E-16
  3704.77344  1.05309161E-15
  3707.63965  6.26443704E-16
  3710.5061  2.32340714E-16
  3713.37231  7.9521936E-16
  3716.23877  4.75183313E-16
  3719.10522  5.36078894E-16
  3721.97144  5.73230129E-16
  3724.83789  3.76782331E-16
  3727.7041  1.08356954E-15
  3730.57056  7.76155348E-16
  3733.43677  6.95340358E-16
  3736.30322  4.96819764E-16
  3739.16968  6.6799157E-16
  3742.03589  7.68583561E-16
  3744.90234  5.52798318E-16
  3747.76855  5.17962288E-16
  3750.63501  7.7026741E-16
  3753.50122  6.37065073E-16
  3756.36768  6.46644434E-16
  3759.23389  3.49671135E-16
  3762.10034  6.97640158E-16
  3764.9668  5.3955824E-16
  3767.83301  7.15249338E-16
  3770.69946  6.37197105E-16
  3773.56567  5.83716027E-16
  3776.43213  1.01431772E-15
  3779.29834  4.5005788E-16
  3782.16479  6.71951714E-16
  3785.03125  5.41793031E-16
  3787.89746  7.79211019E-16
  3790.76392  5.10178479E-16
  3793.63013  7.68985584E-16
  3796.49658  6.0224069E-16
  3799.36279  7.16699405E-16
  3802.22925  4.67605756E-16
  3805.09546  5.12796129E-16
  3807.96191  5.50305447E-16
  3810.82837  3.96937347E-16
  3813.69458  7.08146808E-16
  3816.56104  8.44076273E-16
  3819.42725  9.36022229E-16
  3822.2937  2.97458278E-16
  3825.15991  7.26829708E-17
  3828.02637  3.8641029E-16
  3830.89282  4.21144967E-16
  3833.75903  8.41492558E-16
  3836.62549  5.60444167E-16
  3839.4917  3.83126316E-16
  3842.35815  5.8469975E-16
  3845.22437  4.55172212E-16
  3848.09082  9.23832048E-16
  3850.95703  1.36146583E-16
  3853.82349  2.6365674E-16
  3856.68994  4.61809616E-16
  3859.55615  4.26176521E-17
  3862.42261  3.48459852E-16
  3865.28882  9.0425042E-17
  3868.15527  4.09790014E-16
  3871.02148  4.16469795E-16
  3873.88794  4.13918055E-16
  3876.75439  2.79048175E-16
  3879.62061  4.73971209E-16
  3882.48706  2.41189138E-16
  3885.35327  4.20989298E-16
  3888.21973  3.11508834E-16
  3891.08594  6.32637262E-16
  3893.95239  4.11843195E-16
  3896.81885  4.34708585E-16
  3899.68506  3.65070777E-16
  3902.55151  5.4720266E-16
  3905.41772  3.59378001E-16
  3908.28418  4.7434348E-16
  3911.15039  3.76462814E-16
  3914.01685  1.71949343E-16
  3916.88306  5.69051716E-16
  3919.74951  4.85025624E-16
  3922.61597  7.71322337E-16
  3925.48218  6.42663538E-16
  3928.34863  7.96734754E-16
  3931.21484  7.31626296E-16
  3934.0813  4.54057676E-16
  3936.94751  5.49059038E-16
  3939.81396  7.01340422E-16
  3942.68042  1.08382228E-15
  3945.54663  1.05287434E-15
  3948.41309  8.89785347E-16
  3951.2793  1.09314705E-15
  3954.14575  8.88268205E-16
  3957.01196  9.54570556E-16
  3959.87842  6.34243924E-16
  3962.74463  9.44631048E-16
  3965.61108  8.22119167E-16
  3968.47754  5.62412672E-16
  3971.34375  7.93807197E-16
  3974.21021  9.00615934E-16
  3977.07642  8.46587143E-16
  3979.94287  7.07882216E-16
  3982.80908  9.19795619E-16
  3985.67554  9.12468784E-16
  3988.54199  8.84023353E-16
  3991.4082  7.7732653E-16
  3994.27466  7.42751968E-16
  3997.14087  7.60866985E-16
  4000.00732  9.58464049E-16
  4002.87354  8.80324677E-16
  4005.73999  8.21193466E-16
  4008.6062  9.63530365E-16
  4011.47266  8.44485654E-16
  4014.33911  6.72199682E-16
  4017.20532  6.16995951E-16
  4020.07178  4.72107895E-16
  4022.93799  8.13890348E-16
  4025.80444  8.14455319E-16
  4028.67065  9.46664986E-16
  4031.53711  4.43734171E-16
  4034.40356  4.66780799E-16
  4037.26978  9.55778637E-16
  4040.13623  6.38113859E-16
  4043.00244  7.02300745E-16
  4045.8689  5.51917933E-16
  4048.73511  8.64031522E-16
  4051.60156  8.82752274E-16
  4054.46777  6.09928891E-16
  4057.33423  5.44763364E-16
  4060.20068  6.44308476E-16
  4063.06689  8.19729158E-16
  4065.93335  9.4860035E-16
  4068.79956  1.01808289E-15
  4071.66602  7.98152793E-16
  4074.53223  5.35703976E-16
  4077.39868  7.2039051E-16
  4080.26514  9.25358825E-16
  4083.13135  9.85393026E-16
  4085.9978  7.99327734E-16
  4088.86401  8.24848254E-16
  4091.73047  6.35137173E-16
  4094.59668  7.37457165E-16
  4097.46289  6.84614485E-16
  4100.32959  9.05932654E-16
  4103.1958  8.53847539E-16
  4106.06201  1.1119641E-15
  4108.92871  6.69431949E-16
  4111.79492  7.51835497E-16
  4114.66113  3.82552531E-16
  4117.52734  6.89366076E-16
  4120.39404  8.74665809E-16
  4123.26025  5.658989E-16
  4126.12646  5.16167055E-16
  4128.99316  7.68642324E-16
  4131.85938  8.27135614E-16
  4134.72559  5.50726476E-16
  4137.5918  9.05406011E-16
  4140.4585  6.88051745E-16
  4143.32471  6.82552754E-16
  4146.19092  9.16462332E-16
  4149.05762  7.18586701E-16
  4151.92383  7.03228193E-16
  4154.79004  1.04140964E-15
  4157.65625  6.18330875E-16
  4160.52295  6.50052841E-16
  4163.38916  7.59032206E-16
  4166.25537  5.81950969E-16
  4169.12207  1.14286884E-15
  4171.98828  7.17327268E-16
  4174.85449  6.94905936E-16
  4177.7207  8.07610181E-16
  4180.5874  4.1026684E-16
  4183.45361  7.58511016E-16
  4186.31982  6.35415371E-16
  4189.18604  7.90992771E-16
  4192.05273  8.88642594E-16
  4194.91895  6.48004663E-16
  4197.78516  7.37323863E-16
  4200.65186  7.77222027E-16
  4203.51807  8.69096356E-16
  4206.38428  8.10571779E-16
  4209.25049  7.57965739E-16
  4212.11719  6.81585443E-16
  4214.9834  6.22000063E-16
  4217.84961  8.3956974E-16
  4220.71631  7.09541448E-16
  4223.58252  7.43347168E-16
  4226.44873  8.39492236E-16
  4229.31494  6.47136401E-16
  4232.18164  7.12959596E-16
  4235.04785  6.95531099E-16
  4237.91406  6.86717668E-16
  4240.78076  5.87156833E-16
  4243.64697  5.26559726E-16
  4246.51318  5.22872115E-16
  4249.37939  3.85972691E-16
  4252.24609  5.01828587E-16
  4255.1123  4.65490927E-16
  4257.97852  6.1801292E-16
  4260.84521  6.00257733E-16
  4263.71143  6.8828235E-16
  4266.57764  4.89720092E-16
  4269.44385  5.41654965E-16
  4272.31055  5.44777552E-16
  4275.17676  7.06452954E-16
  4278.04297  3.49561577E-16
  4280.90967  5.31007284E-16
  4283.77588  4.54325074E-16
  4286.64209  3.35865901E-16
  4289.5083  3.79191954E-16
  4292.375  5.80574064E-16
  4295.24121  5.90608969E-16
  4298.10742  7.1483985E-16
  4300.97363  7.33142962E-16
  4303.84033  6.21515348E-16
  4306.70654  7.15103436E-16
  4309.57275  4.4563711E-16
  4312.43945  6.9292319E-16
  4315.30566  6.11762876E-16
  4318.17188  7.64791501E-16
  4321.03809  8.57612495E-16
  4323.90479  8.59491584E-16
  4326.771  8.46439442E-16
  4329.63721  1.0331155E-15
  4332.50391  9.31162377E-16
  4335.37012  9.28846589E-16
  4338.23633  7.99283053E-16
  4341.10254  7.76632969E-16
  4343.96924  7.87007852E-16
  4346.83545  8.3344368E-16
  4349.70166  9.82902326E-16
  4352.56836  7.96386783E-16
  4355.43457  6.81162138E-16
  4358.30078  1.00884419E-15
  4361.16699  9.6883872E-16
  4364.03369  7.74292352E-16
  4366.8999  8.38766012E-16
  4369.76611  1.05264903E-15
  4372.63281  1.08224595E-15
  4375.49902  9.99186217E-16
  4378.36523  8.55196598E-16
  4381.23145  9.22761293E-16
  4384.09814  1.0376251E-15
  4386.96436  1.06194935E-15
  4389.83057  8.11143367E-16
  4392.69678  1.05406686E-15
  4395.56348  8.32216118E-16
  4398.42969  8.71112823E-16
  4401.2959  9.99075255E-16
  4404.1626  9.14085558E-16
  4407.02881  9.18667371E-16
  4409.89502  8.43515855E-16
  4412.76123  6.74932687E-16
  4415.62793  7.89962461E-16
  4418.49414  6.50387049E-16
  4421.36035  7.33489769E-16
  4424.22705  8.81722599E-16
  4427.09326  6.71165667E-16
  4429.95947  8.58429299E-16
  4432.82568  7.96373548E-16
  4435.69238  9.19016136E-16
  4438.55859  6.14646123E-16
  4441.4248  6.20277833E-16
  4444.2915  5.05085111E-16
  4447.15771  7.15784874E-16
  4450.02393  4.47920658E-16
  4452.89014  6.69132417E-16
  4455.75684  6.40068917E-16
  4458.62305  6.71488281E-16
  4461.48926  6.65479429E-16
  4464.35596  6.22949958E-16
  4467.22217  5.83446564E-16
  4470.08838  6.32834356E-16
  4472.95459  6.08851147E-16
  4475.82129  6.2960319E-16
  4478.6875  6.31109691E-16
  4481.55371  5.11958201E-16
  4484.42041  7.64089363E-16
  4487.28662  3.9667482E-16
  4490.15283  7.1236212E-16
  4493.01904  4.61040933E-16
  4495.88574  6.18843701E-16
  4498.75195  7.08852492E-16
  4501.61816  5.18550659E-16
  4504.48438  7.19917919E-16
  4507.35107  6.74783715E-16
  4510.21729  7.34468568E-16
  4513.0835  6.46590965E-16
  4515.9502  8.33352942E-16
  4518.81641  7.27712263E-16
  4521.68262  5.85597128E-16
  4524.54883  9.09257046E-16
  4527.41553  5.92916075E-16
  4530.28174  6.90132482E-16
  4533.14795  7.81485461E-16
  4536.01465  7.47481536E-16
  4538.88086  9.07025644E-16
  4541.74707  7.25533483E-16
  4544.61328  8.85931347E-16
  4547.47998  9.30136726E-16
  4550.34619  8.64296273E-16
  4553.2124  9.58233974E-16
  4556.0791  9.30403647E-16
  4558.94531  1.00042288E-15
  4561.81152  1.05497985E-15
  4564.67773  1.08066253E-15
  4567.54443  9.02716364E-16
  4570.41064  1.03991993E-15
  4573.27686  9.40305674E-16
  4576.14355  1.06266255E-15
  4579.00977  9.76834394E-16
  4581.87598  9.34677776E-16
  4584.74219  9.72443587E-16
  4587.60889  1.12750536E-15
  4590.4751  1.02465703E-15
  4593.34131  1.13958373E-15
  4596.20752  1.15498448E-15
  4599.07422  1.17120495E-15
  4601.94043  9.9935647E-16
  4604.80664  9.27682554E-16
  4607.67334  1.09337279E-15
  4610.53955  1.02381677E-15
  4613.40576  1.02973435E-15
  4616.27197  1.01925529E-15
  4619.13867  1.00170487E-15
  4622.00488  9.41986188E-16
  4624.87109  1.0112089E-15
  4627.73779  1.08741539E-15
  4630.604  1.12548645E-15
  4633.47021  1.02219036E-15
  4636.33643  8.40271454E-16
  4639.20312  1.08279874E-15
  4642.06934  1.00475207E-15
  4644.93555  8.37991453E-16
  4647.80225  9.93919895E-16
  4650.66846  8.43317702E-16
  4653.53467  1.07788119E-15
  4656.40088  1.03221542E-15
  4659.26758  1.03609398E-15
  4662.13379  1.06424671E-15
  4665.  8.57128574E-16
  4667.8667  1.12588435E-15
  4670.73291  8.7408845E-16
  4673.59912  9.69559651E-16
  4676.46533  8.27558707E-16
  4679.33203  8.38421904E-16
  4682.19824  7.74842288E-16
  4685.06445  8.44291419E-16
  4687.93115  7.89137716E-16
  4690.79736  7.44457681E-16
  4693.66357  8.28660909E-16
  4696.52979  9.86370502E-16
  4699.39648  9.68505413E-16
  4702.2627  8.57202425E-16
  4705.12891  9.69583792E-16
  4707.99512  9.09286587E-16
  4710.86182  8.39766305E-16
  4713.72803  7.27968014E-16
  4716.59424  8.54469208E-16
  4719.46094  7.93119512E-16
  4722.32715  7.6610509E-16
  4725.19336  8.63669257E-16
  4728.05957  7.66343477E-16
  4730.92627  7.13544366E-16
  4733.79248  8.73741167E-16
  4736.65869  6.203907E-16
  4739.52539  7.60553795E-16
  4742.3916  7.17314616E-16
  4745.25781  6.7810022E-16
  4748.12402  5.951704E-16
  4750.99072  6.70377715E-16
  4753.85693  5.87446148E-16
  4756.72314  5.55405645E-16
  4759.58984  6.06052815E-16
  4762.45605  5.75869113E-16
  4765.32227  6.56884903E-16
  4768.18848  4.93509241E-16
  4771.05518  3.21719286E-16
  4773.92139  4.71781258E-16
  4776.7876  4.50580235E-16
  4779.6543  4.95274511E-16
  4782.52051  5.00563332E-16
  4785.38672  4.53134569E-16
  4788.25293  4.40713889E-16
  4791.11963  4.78539469E-16
  4793.98584  5.20115446E-16
  4796.85205  6.09921903E-16
  4799.71875  4.86251387E-16
  4802.58496  6.3266839E-16
  4805.45117  8.05391643E-16
  4808.31738  7.03798935E-16
  4811.18408  1.04857745E-15
  4814.05029  8.1241397E-16
  4816.9165  1.07268136E-15
  4819.78271  1.09292778E-15
  4822.64941  1.14488541E-15
  4825.51562  1.14744049E-15
  4828.38184  1.06777185E-15
  4831.24854  1.14627201E-15
  4834.11475  1.24918407E-15
  4836.98096  1.13935937E-15
  4839.84717  1.08973054E-15
  4842.71387  1.09443592E-15
  4845.58008  1.14009576E-15
  4848.44629  1.19696587E-15
  4851.31299  1.01404032E-15
  4854.1792  1.16596965E-15
  4857.04541  1.01500996E-15
  4859.91162  1.09197603E-15
  4862.77832  1.19169288E-15
  4865.64453  1.10662663E-15
  4868.51074  1.060832E-15
  4871.37744  9.43786133E-16
  4874.24365  1.03371117E-15
  4877.10986  1.037445E-15
  4879.97607  1.08757749E-15
  4882.84277  1.27188244E-15
  4885.70898  1.12347591E-15
  4888.5752  1.17641812E-15
  4891.44189  1.09127342E-15
  4894.30811  1.13287459E-15
  4897.17432  9.16533271E-16
  4900.04053  1.41971076E-15
  4902.90723  1.05328642E-15
  4905.77344  1.21221278E-15
  4908.63965  1.27502557E-15
  4911.50586  1.20539353E-15
  4914.37256  1.17942032E-15
  4917.23877  1.07426732E-15
  4920.10498  1.01919197E-15
  4922.97168  1.05736478E-15
  4925.83789  1.32322619E-15
  4928.7041  9.98756665E-16
  4931.57031  8.90063386E-16
  4934.43701  9.50512739E-16
  4937.30322  1.0146253E-15
  4940.16943  9.14240353E-16
  4943.03613  1.03512286E-15
  4945.90234  9.66802665E-16
  4948.76855  9.28367592E-16
  4951.63477  8.97956992E-16
  4954.50146  6.66114386E-16
  4957.36768  7.90262893E-16
  4960.23389  8.59722718E-16
  4963.10059  8.07813469E-16
  4965.9668  8.88878387E-16
  4968.83301  9.37948487E-16
  4971.69922  1.04901134E-15
  4974.56592  9.92516679E-16
  4977.43213  1.12179413E-15
  4980.29834  1.11640901E-15
  4983.16504  1.11072712E-15
  4986.03125  1.13816198E-15
  4988.89746  1.22383153E-15
  4991.76367  1.17888383E-15
  4994.63037  1.1935015E-15
  4997.49658  1.07506819E-15
  5000.36279  1.03587503E-15
  5003.22949  1.09141476E-15
  5006.0957  1.15413914E-15
  5008.96191  1.12417069E-15
  5011.82812  1.1427618E-15
  5014.69482  1.26556167E-15
  5017.56104  1.03797461E-15
  5020.42725  9.95895705E-16
  5023.29346  1.16268539E-15
  5026.16016  1.15722329E-15
  5029.02637  1.05770751E-15
  5031.89258  1.06733362E-15
  5034.75928  1.25592889E-15
  5037.62549  1.05457741E-15
  5040.4917  1.15409457E-15
  5043.35791  1.06823401E-15
  5046.22461  1.12991834E-15
  5049.09082  1.15850327E-15
  5051.95703  1.17619493E-15
  5054.82373  1.0914838E-15
  5057.68994  1.08862538E-15
  5060.55615  1.12691688E-15
  5063.42236  1.09966656E-15
  5066.28906  8.55220791E-16
  5069.15527  1.00114657E-15
  5072.02148  8.19816085E-16
  5074.88818  7.85114151E-16
  5077.75439  1.08386696E-15
  5080.62061  7.71923836E-16
  5083.48682  7.7607435E-16
  5086.35352  6.85361939E-16
  5089.21973  7.41990274E-16
  5092.08594  6.8968906E-16
  5094.95264  7.42892946E-16
  5097.81885  7.21924752E-16
  5100.68506  7.86053669E-16
  5103.55127  8.62001661E-16
  5106.41797  8.89896732E-16
  5109.28418  7.04662697E-16
  5112.15039  6.31150189E-16
  5115.0166  7.80443293E-16
  5117.8833  8.77374885E-16
  5120.74951  8.24563651E-16
  5123.61572  9.42454809E-16
  5126.48242  9.06654432E-16
  5129.34863  8.68012312E-16
  5132.21484  1.09466091E-15
  5135.08105  9.33783415E-16
  5137.94775  9.92669463E-16
  5140.81396  1.01540287E-15
  5143.68018  9.28368227E-16
  5146.54688  1.12240929E-15
  5149.41309  1.07455743E-15
  5152.2793  1.06966232E-15
  5155.14551  1.11129812E-15
  5158.01221  1.21825001E-15
  5160.87842  1.15307622E-15
  5163.74463  1.05231699E-15
  5166.61133  1.02818746E-15
  5169.47754  1.0601134E-15
  5172.34375  1.15449055E-15
  5175.20996  1.10210273E-15
  5178.07666  1.18029446E-15
  5180.94287  1.39811735E-15
  5183.80908  1.19337731E-15
  5186.67578  1.13501695E-15
  5189.54199  1.25962195E-15
  5192.4082  1.15949535E-15
  5195.27441  1.2691966E-15
  5198.14111  1.03107521E-15
  5201.00732  1.05662765E-15
  5203.87354  1.0637926E-15
  5206.74023  1.15582738E-15
  5209.60645  1.18827679E-15
  5212.47266  1.15948106E-15
  5215.33887  1.05775579E-15
  5218.20557  1.02007172E-15
  5221.07178  1.03840162E-15
  5223.93799  1.10632064E-15
  5226.8042  1.08819064E-15
  5229.6709  1.03582823E-15
  5232.53711  1.16254923E-15
  5235.40332  1.17562392E-15
  5238.27002  9.9917097E-16
  5241.13623  1.10205636E-15
  5244.00244  1.0612317E-15
  5246.86865  1.13898795E-15
  5249.73535  1.11752964E-15
  5252.60156  1.29660437E-15
  5255.46777  9.46987282E-16
  5258.33447  1.11753546E-15
  5261.20068  1.32325912E-15
  5264.06689  1.10750246E-15
  5266.93311  1.3780018E-15
  5269.7998  1.21717025E-15
  5272.66602  1.24888285E-15
  5275.53223  1.3033657E-15
  5278.39893  1.32416449E-15
  5281.26514  1.28671176E-15
  5284.13135  1.35557628E-15
  5286.99756  1.21807001E-15
  5289.86426  1.27654578E-15
  5292.73047  1.29681464E-15
  5295.59668  1.35676361E-15
  5298.46338  1.44856494E-15
  5301.32959  1.24586148E-15
  5304.1958  1.27723431E-15
  5307.06201  1.2776807E-15
  5309.92871  1.34528123E-15
  5312.79492  1.35332667E-15
  5315.66113  1.10331537E-15
  5318.52734  1.3546491E-15
  5321.39404  1.29079764E-15
  5324.26025  1.26736807E-15
  5327.12646  1.37665321E-15
  5329.99316  1.31051392E-15
  5332.85938  1.22297454E-15
  5335.72559  1.2810953E-15
  5338.5918  1.44963844E-15
  5341.4585  1.08756606E-15
  5344.32471  1.17279451E-15
  5347.19092  1.26119278E-15
  5350.05762  1.09863138E-15
  5352.92383  1.24593073E-15
  5355.79004  1.27530869E-15
  5358.65625  1.14896239E-15
  5361.52295  1.15089861E-15
  5364.38916  1.23127949E-15
  5367.25537  1.11978825E-15
  5370.12207  1.06391827E-15
  5372.98828  1.2705706E-15
  5375.85449  1.18439558E-15
  5378.7207  1.23192969E-15
  5381.5874  1.31340389E-15
  5384.45361  1.14330707E-15
  5387.31982  1.28113998E-15
  5390.18652  1.15546274E-15
  5393.05273  1.17935478E-15
  5395.91895  1.17440631E-15
  5398.78516  1.00029234E-15
  5401.65186  1.2656019E-15
  5404.51807  1.24317067E-15
  5407.38428  1.16859207E-15
  5410.25098  1.0997681E-15
  5413.11719  1.14694741E-15
  5415.9834  1.31248867E-15
  5418.84961  1.28812737E-15
  5421.71631  1.1386432E-15
  5424.58252  1.09827562E-15
  5427.44873  1.10607203E-15
  5430.31494  1.00335351E-15
  5433.18164  1.16639423E-15
  5436.04785  1.22966208E-15
  5438.91406  1.05336604E-15
  5441.78076  1.11829811E-15
  5444.64697  1.0877685E-15
  5447.51318  1.00752039E-15
  5450.37939  1.18115176E-15
  5453.24609  1.16602513E-15
  5456.1123  1.02814553E-15
  5458.97852  9.84162076E-16
  5461.84521  1.1700568E-15
  5464.71143  1.06157178E-15
  5467.57764  1.23029111E-15
  5470.44385  1.11649922E-15
  5473.31055  1.03027137E-15
  5476.17676  1.03475059E-15
  5479.04297  1.09008429E-15
  5481.90967  1.11329447E-15
  5484.77588  1.1477379E-15
  5487.64209  1.05728484E-15
  5490.5083  1.00175315E-15
  5493.375  1.03151206E-15
  5496.24121  1.10169838E-15
  5499.10742  1.07462403E-15
  5501.97412  1.00556787E-15
  5504.84033  9.54904605E-16
  5507.70654  1.05870468E-15
  5510.57275  1.15107172E-15
  5513.43945  1.15562727E-15
  5516.30566  1.17411758E-15
  5519.17188  1.08829249E-15
  5522.03809  1.16029622E-15
  5524.90479  1.18522959E-15
  5527.771  1.12135018E-15
  5530.63721  9.22191451E-16
  5533.50391  8.30413102E-16
  5536.37012  1.21940801E-15
  5539.23633  1.20992156E-15
  5542.10254  1.1664586E-15
  5544.96924  1.15424333E-15
  5547.83545  1.19138297E-15
  5550.70166  1.07382761E-15
  5553.56836  1.02458577E-15
  5556.43457  1.13715539E-15
  5559.30078  1.36730419E-15
  5562.16699  1.03480755E-15
  5565.03369  1.08559649E-15
  5567.8999  1.00330502E-15
  5570.76611  1.15592649E-15
  5573.63281  1.20952366E-15
  5576.49902  1.03512625E-15
  5579.36523  9.18047766E-16
  5582.23145  9.96465865E-16
  5585.09814  9.99674849E-16
  5587.96436  8.78462581E-16
  5590.83057  1.01484775E-15
  5593.69727  1.1432787E-15
  5596.56348  9.88271774E-16
  5599.42969  1.08388814E-15
  5602.2959  1.00166548E-15
  5605.1626  1.02314825E-15
  5608.02881  1.03067043E-15
  5610.89502  1.12593623E-15
  5613.76172  9.51099098E-16
  5616.62793  1.16704655E-15
  5619.49414  1.06635371E-15
  5622.36035  1.10081461E-15
  5625.22705  1.01261381E-15
  5628.09326  9.12417326E-16
  5630.95947  1.10116369E-15
  5633.82568  1.05218803E-15
  5636.69238  1.03341027E-15
  5639.55859  1.23185304E-15
  5642.4248  1.07158128E-15
  5645.2915  1.20043701E-15
  5648.15771  1.08205029E-15
  5651.02393  1.12232903E-15
  5653.89014  1.08959131E-15
  5656.75684  1.05644501E-15
  5659.62305  1.00787974E-15
  5662.48926  9.50757426E-16
  5665.35596  1.01033635E-15
  5668.22217  1.13179187E-15
  5671.08838  1.0787224E-15
  5673.95459  1.05327901E-15
  5676.82129  1.0606986E-15
  5679.6875  1.0438924E-15
  5682.55371  1.02335154E-15
  5685.42041  1.12769943E-15
  5688.28662  1.12102926E-15
  5691.15283  9.54456948E-16
  5694.01904  1.0136277E-15
  5696.88574  1.15477082E-15
  5699.75195  1.04552972E-15
  5702.61816  9.91743656E-16
  5705.48486  1.08128192E-15
  5708.35107  9.35391401E-16
  5711.21729  1.06825117E-15
  5714.0835  1.19243107E-15
  5716.9502  1.17110341E-15
  5719.81641  9.60763638E-16
  5722.68262  8.94500356E-16
  5725.54932  1.01676459E-15
  5728.41553  9.96757667E-16
  5731.28174  1.05203578E-15
  5734.14795  1.12877908E-15
  5737.01465  1.03028302E-15
  5739.88086  9.28665324E-16
  5742.74707  8.89866239E-16
  5745.61328  9.54558274E-16
  5748.47998  1.06421347E-15
  5751.34619  8.90768329E-16
  5754.2124  1.10322876E-15
  5757.0791  1.01397827E-15
  5759.94531  9.88997681E-16
  5762.81152  9.7347072E-16
  5765.67773  1.07675675E-15
  5768.54443  1.01035308E-15
  5771.41064  1.04120943E-15
  5774.27686  1.04984577E-15
  5777.14355  1.07834494E-15
  5780.00977  9.90659983E-16
  5782.87598  1.02673787E-15
  5785.74219  1.03481528E-15
  5788.60889  9.68047486E-16
  5791.4751  9.46870497E-16
  5794.34131  1.05951497E-15
  5797.20801  8.14810332E-16
  5800.07422  9.79922782E-16
  5802.94043  1.23544075E-15
  5805.80664  9.58371828E-16
  5808.67334  8.50332723E-16
  5811.53955  1.01747218E-15
  5814.40576  9.30213171E-16
  5817.27246  1.01379044E-15
  5820.13867  8.8799959E-16
  5823.00488  1.10087496E-15
  5825.87109  1.05258571E-15
  5828.73779  9.88672738E-16
  5831.604  1.01955058E-15
  5834.47021  1.21065678E-15
  5837.33643  9.29193237E-16
  5840.20312  1.0795886E-15
  5843.06934  9.55641206E-16
  5845.93555  8.91009204E-16
  5848.80225  1.03349603E-15
  5851.66846  9.45169126E-16
  5854.53467  1.10388182E-15
  5857.40088  1.15330958E-15
  5860.26758  1.27826557E-15
  5863.13379  1.00085921E-15
  5866.  9.80313158E-16
  5868.8667  1.29153159E-15
  5871.73291  1.19907011E-15
  5874.59912  1.12328173E-15
  5877.46533  1.0923357E-15
  5880.33203  1.1365378E-15
  5883.19824  1.19762941E-15
  5886.06445  1.21001102E-15
  5888.93115  1.14464962E-15
  5891.79736  1.21338931E-15
  5894.66357  1.062044E-15
  5897.52979  1.14626544E-15
  5900.39648  9.76166932E-16
  5903.2627  9.36170883E-16
  5906.12891  9.42419657E-16
  5908.99561  1.03826694E-15
  5911.86182  9.74202345E-16
  5914.72803  1.07727842E-15
  5917.59424  1.06250331E-15
  5920.46094  1.02062769E-15
  5923.32715  1.00663153E-15
  5926.19336  8.93185973E-16
  5929.06006  1.14795972E-15
  5931.92627  1.17113412E-15
  5934.79248  1.0438005E-15
  5937.65869  9.7851099E-16
  5940.52539  9.54061701E-16
  5943.3916  9.69157946E-16
  5946.25781  9.90663583E-16
  5949.12402  1.15512879E-15
  5951.99072  1.14238688E-15
  5954.85693  1.16024064E-15
  5957.72314  1.19215938E-15
  5960.58984  1.05803478E-15
  5963.45605  9.59325587E-16
  5966.32227  1.18603576E-15
  5969.18848  1.19222015E-15
  5972.05518  1.09786683E-15
  5974.92139  1.15158184E-15
  5977.7876  9.98688691E-16
  5980.6543  1.16178086E-15
  5983.52051  1.11044071E-15
  5986.38672  1.04493129E-15
  5989.25293  1.08683899E-15
  5992.11963  1.07872388E-15
  5994.98584  1.14748887E-15
  5997.85205  1.06292269E-15
  6000.71875  9.66529179E-16
  6003.58496  9.87735708E-16
  6006.45117  1.19998819E-15
  6009.31738  1.16322008E-15
  6012.18408  1.07214E-15
  6015.05029  1.01603243E-15
  6017.9165  1.04441449E-15
  6020.7832  1.31511913E-15
  6023.64941  9.09390242E-16
  6026.51562  1.02074215E-15
  6029.38184  1.17338257E-15
  6032.24854  1.01379648E-15
  6035.11475  1.04004169E-15
  6037.98096  1.15193135E-15
  6040.84717  1.15905659E-15
  6043.71387  1.07862679E-15
  6046.58008  1.09557687E-15
  6049.44629  9.29654764E-16
  6052.31299  1.04978987E-15
  6055.1792  1.10069041E-15
  6058.04541  1.08179967E-15
  6060.91162  9.24158685E-16
  6063.77832  1.0260991E-15
  6066.64453  1.02536621E-15
  6069.51074  1.08407755E-15
  6072.37744  1.00070548E-15
  6075.24365  1.17098197E-15
  6078.10986  1.10342506E-15
  6080.97607  1.102394E-15
  6083.84277  1.05817444E-15
  6086.70898  1.07904258E-15
  6089.5752  1.1329612E-15
  6092.44189  9.99320048E-16
  6095.30811  1.24407731E-15
  6098.17432  1.25515587E-15
  6101.04053  1.11285274E-15
  6103.90723  1.08584669E-15
  6106.77344  1.11549189E-15
  6109.63965  1.2552087E-15
  6112.50635  1.01558477E-15
  6115.37256  1.12445E-15
  6118.23877  1.08238412E-15
  6121.10498  1.18862937E-15
  6123.97168  1.10452916E-15
  6126.83789  1.11305063E-15
  6129.7041  1.06018561E-15
  6132.5708  9.15475433E-16
  6135.43701  1.0830159E-15
  6138.30322  1.03882884E-15
  6141.16943  1.06897824E-15
  6144.03613  1.17553668E-15
  6146.90234  1.06294832E-15
  6149.76855  1.26374044E-15
  6152.63477  1.11546732E-15
  6155.50146  1.06538248E-15
  6158.36768  1.25468767E-15
  6161.23389  1.18658389E-15
  6164.10059  1.05508139E-15
  6166.9668  1.11346758E-15
  6169.83301  1.09684297E-15
  6172.69922  1.10423662E-15
  6175.56592  1.09277298E-15
  6178.43213  1.16763619E-15
  6181.29834  1.13417341E-15
  6184.16504  1.03586772E-15
  6187.03125  1.16613048E-15
  6189.89746  1.07583857E-15
  6192.76367  1.20660828E-15
  6195.63037  1.12144378E-15
  6198.49658  1.22096792E-15
  6201.36279  1.1123044E-15
  6204.22949  1.24665949E-15
  6207.0957  1.10233662E-15
  6209.96191  1.08424632E-15
  6212.82812  1.06192859E-15
  6215.69482  1.19600777E-15
  6218.56104  1.09908221E-15
  6221.42725  1.00512964E-15
  6224.29395  1.08509505E-15
  6227.16016  1.07676268E-15
  6230.02637  1.1630134E-15
  6232.89258  1.11756807E-15
  6235.75928  1.02540326E-15
  6238.62549  1.0664382E-15
  6241.4917  1.01802614E-15
  6244.35791  1.21479496E-15
  6247.22461  1.11300945E-15
  6250.09082  1.10733263E-15
  6252.95703  8.69165918E-16
  6255.82373  8.95248392E-16
  6258.68994  1.21941965E-15
  6261.55615  1.06637043E-15
  6264.42236  1.140671E-15
  6267.28906  1.04090227E-15
  6270.15527  9.8608177E-16
  6273.02148  8.66686176E-16
  6275.88818  1.04373867E-15
  6278.75439  9.6290229E-16
  6281.62061  1.08754679E-15
  6284.48682  1.02508181E-15
  6287.35352  8.84747513E-16
  6290.21973  8.95601393E-16
  6293.08594  9.19401007E-16
  6295.95264  9.36741148E-16
  6298.81885  8.20245848E-16
  6301.68506  9.91536874E-16
  6304.55127  9.71069699E-16
  6307.41797  1.00342477E-15
  6310.28418  9.96350245E-16
  6313.15039  9.86022478E-16
  6316.01709  1.01095405E-15
  6318.8833  8.68458487E-16
  6321.74951  9.33875E-16
  6324.61572  1.0290688E-15
  6327.48242  1.0032758E-15
  6330.34863  1.12143838E-15
  6333.21484  1.0896072E-15
  6336.08154  1.03855684E-15
  6338.94775  1.08780354E-15
  6341.81396  1.00901741E-15
  6344.68018  1.06175241E-15
  6347.54688  1.18156437E-15
  6350.41309  1.00777926E-15
  6353.2793  9.71460393E-16
  6356.14551  1.04641307E-15
  6359.01221  1.05711184E-15
  6361.87842  1.0633695E-15
  6364.74463  9.95472613E-16
  6367.61133  9.97949443E-16
  6370.47754  1.05032583E-15
  6373.34375  1.02919448E-15
  6376.20996  9.86727209E-16
  6379.07666  1.02341305E-15
  6381.94287  1.08652368E-15
  6384.80908  1.08437931E-15
  6387.67578  1.01861408E-15
  6390.54199  9.94344788E-16
  6393.4082  9.82626193E-16
  6396.27441  9.58702489E-16
  6399.14111  9.49688258E-16
  6402.00732  9.64668565E-16
  6404.87354  9.02708741E-16
  6407.74023  9.45312592E-16
  6410.60645  8.76905046E-16
  6413.47266  8.10055195E-16
  6416.33887  9.56330373E-16
  6419.20557  8.56654077E-16
  6422.07178  7.66290749E-16
  6424.93799  8.59077756E-16
  6427.80469  6.40533038E-16
  6430.6709  7.48410519E-16
  6433.53711  6.84950334E-16
  6436.40332  7.10200916E-16
  6439.27002  7.6286053E-16
  6442.13623  8.00631212E-16
  6445.00244  6.95778856E-16
  6447.86914  6.87138114E-16
  6450.73535  6.60389608E-16
  6453.60156  7.39765595E-16
  6456.46777  7.65493956E-16
  6459.33447  8.91548764E-16
  6462.20068  9.40145373E-16
  6465.06689  8.69536919E-16
  6467.93311  8.16169555E-16
  6470.7998  9.4556649E-16
  6473.66602  1.0813608E-15
  6476.53223  1.19927837E-15
  6479.39893  1.36937498E-15
  6482.26514  1.44890735E-15
  6485.13135  1.55363546E-15
  6487.99756  1.5351785E-15
  6490.86426  1.51654039E-15
  6493.73047  1.62761807E-15
  6496.59668  1.63706862E-15
  6499.46338  1.73621563E-15
  6502.32959  1.80820528E-15
  6505.1958  1.95991798E-15
  6508.06201  1.93094671E-15
  6510.92871  1.92816187E-15
  6513.79492  2.16215875E-15
  6516.66113  2.03105033E-15
  6519.52783  2.14219418E-15
  6522.39404  2.27410474E-15
  6525.26025  2.09018551E-15
  6528.12646  2.3507212E-15
  6530.99316  2.4257806E-15
  6533.85938  2.38842475E-15
  6536.72559  2.53799722E-15
  6539.59229  2.48284712E-15
  6542.4585  2.28032238E-15
  6545.32471  2.1684882E-15
  6548.19092  2.41040272E-15
  6551.05762  2.33767795E-15
  6553.92383  2.43821102E-15
  6556.79004  2.48222158E-15
  6559.65625  2.54136142E-15
  6562.52295  2.4797637E-15
  6565.38916  2.41239409E-15
  6568.25537  2.46270764E-15
  6571.12207  2.41126351E-15
  6573.98828  2.38634126E-15
  6576.85449  2.40709992E-15
  6579.7207  2.30443593E-15
  6582.5874  2.2197284E-15
  6585.45361  2.17897489E-15
  6588.31982  2.20679484E-15
  6591.18652  2.28528197E-15
  6594.05273  2.24632206E-15
  6596.91895  2.05887494E-15
  6599.78516  2.12580579E-15
  6602.65186  2.16077364E-15
  6605.51807  2.04200395E-15
  6608.38428  2.28663574E-15
  6611.25098  2.0476617E-15
  6614.11719  1.96092638E-15
  6616.9834  1.96314179E-15
  6619.84961  1.92677507E-15
  6622.71631  1.96227909E-15
  6625.58252  2.04312733E-15
  6628.44873  1.75520198E-15
  6631.31543  1.83018832E-15
  6634.18164  1.95278237E-15
  6637.04785  1.85144546E-15
  6639.91406  1.66610555E-15
  6642.78076  1.70338527E-15
  6645.64697  1.54061486E-15
  6648.51318  1.79314503E-15
  6651.37988  1.60515179E-15
  6654.24609  1.60112902E-15
  6657.1123  1.55934774E-15
  6659.97852  1.41211594E-15
  6662.84521  1.60995838E-15
  6665.71143  1.42104378E-15
  6668.57764  1.44468796E-15
  6671.44385  1.41968916E-15
  6674.31055  1.50167676E-15
  6677.17676  1.4079874E-15
  6680.04297  1.42091556E-15
  6682.90967  1.34931099E-15
  6685.77588  1.46673919E-15
  6688.64209  1.35780557E-15
  6691.5083  1.37941348E-15
  6694.375  1.37772037E-15
  6697.24121  1.26308558E-15
  6700.10742  1.27403443E-15
  6702.97412  1.33167481E-15
  6705.84033  1.2314399E-15
  6708.70654  1.31632065E-15
  6711.57275  1.28807432E-15
  6714.43945  1.32093719E-15
  6717.30566  1.17223579E-15
  6720.17188  1.17630504E-15
  6723.03857  1.2509297E-15
  6725.90479  1.21752029E-15
  6728.771  1.19543539E-15
  6731.63721  1.12617022E-15
  6734.50391  1.16006393E-15
  6737.37012  1.08337547E-15
  6740.23633  1.16761999E-15
  6743.10303  1.11947813E-15
  6745.96924  1.11319526E-15
  6748.83545  1.20471633E-15
  6751.70166  1.15134711E-15
  6754.56836  1.01103271E-15
  6757.43457  1.00995444E-15
  6760.30078  1.19864035E-15
  6763.16699  1.09215708E-15
  6766.03369  1.06405645E-15
  6768.8999  1.09697405E-15
  6771.76611  1.23246131E-15
  6774.63281  1.12217053E-15
  6777.49902  1.19034228E-15
  6780.36523  1.23519172E-15
  6783.23145  1.17568364E-15
  6786.09814  1.14844401E-15
  6788.96436  1.14838461E-15
  6791.83057  1.11448328E-15
  6794.69727  1.15362796E-15
  6797.56348  1.04370161E-15
  6800.42969  1.13411666E-15
  6803.2959  1.17028846E-15
  6806.1626  1.21412485E-15
  6809.02881  1.15854827E-15
  6811.89502  1.09200663E-15
  6814.76172  1.0572013E-15
  6817.62793  1.10971703E-15
  6820.49414  9.88587717E-16
  6823.36035  1.0465523E-15
  6826.22705  1.19295199E-15
  6829.09326  1.00351551E-15
  6831.95947  9.25085445E-16
  6834.82617  9.51441405E-16
  6837.69238  1.02293501E-15
  6840.55859  1.10568822E-15
  6843.4248  1.00771404E-15
  6846.2915  9.30144455E-16
  6849.15771  1.03554754E-15
  6852.02393  9.358164E-16
  6854.89062  9.31462544E-16
  6857.75684  1.03851078E-15
  6860.62305  9.75621654E-16
  6863.48926  1.0566105E-15
  6866.35596  1.05583536E-15
  6869.22217  9.99505866E-16
  6872.08838  9.7738073E-16
  6874.95459  1.11373175E-15
  6877.82129  9.30956654E-16
  6880.6875  1.02080779E-15
  6883.55371  1.15047678E-15
  6886.42041  1.03914065E-15
  6889.28662  9.6750242E-16
  6892.15283  8.72982966E-16
  6895.01904  1.06762087E-15
  6897.88574  8.97560686E-16
  6900.75195  9.55450941E-16
  6903.61816  9.80433966E-16
  6906.48486  9.46052158E-16
  6909.35107  1.05314412E-15
  6912.21729  8.93279146E-16
  6915.0835  1.06520174E-15
  6917.9502  1.01103218E-15
  6920.81641  9.6059476E-16
  6923.68262  1.15268722E-15
  6926.54932  1.0000755E-15
  6929.41553  9.51578942E-16
  6932.28174  9.09371078E-16
  6935.14795  9.59815808E-16
  6938.01465  1.10685363E-15
  6940.88086  1.17313417E-15
  6943.74707  9.62711602E-16
  6946.61377  9.70016943E-16
  6949.47998  1.15138321E-15
  6952.34619  1.14462982E-15
  6955.2124  9.89539676E-16
  6958.0791  9.68824638E-16
  6960.94531  9.59785103E-16
  6963.81152  1.04962512E-15
  6966.67773  9.97846846E-16
  6969.54443  9.34946073E-16
  6972.41064  9.9463532E-16
  6975.27686  1.10313442E-15
  6978.14355  1.11280859E-15
  6981.00977  1.00062818E-15
  6983.87598  1.06837123E-15
  6986.74219  8.9985731E-16
  6989.60889  1.1608685E-15
  6992.4751  1.00887109E-15
  6995.34131  1.07611375E-15
  6998.20801  9.15416882E-16
  7001.07422  1.05098143E-15
  7003.94043  1.0083274E-15
  7006.80664  1.00783209E-15
  7009.67334  8.43731848E-16
  7012.53955  9.36627645E-16
  7015.40576  9.78852026E-16
  7018.27246  1.02267402E-15
  7021.13867  1.11255533E-15
  7024.00488  1.15180482E-15
  7026.87109  1.0373657E-15
  7029.73779  9.08584714E-16
  7032.604  9.89156288E-16
  7035.47021  8.68502268E-16
  7038.33691  8.57151709E-16
  7041.20312  1.01936625E-15
  7044.06934  8.7001311E-16
  7046.93555  1.03868834E-15
  7049.80225  1.09182134E-15
  7052.66846  9.72963983E-16
  7055.53467  9.8610951E-16
  7058.40137  1.0310264E-15
  7061.26758  9.86710798E-16
  7064.13379  9.83110378E-16
  7067.  9.38075013E-16
  7069.8667  9.69569604E-16
  7072.73291  1.25304284E-15
  7075.59912  1.02570957E-15
  7078.46533  9.19361726E-16
  7081.33203  1.07973206E-15
  7084.19824  8.17461809E-16
  7087.06445  1.00219858E-15
  7089.93115  7.77944176E-16
  7092.79736  1.04814525E-15
  7095.66357  1.16776166E-15
  7098.52979  9.77943054E-16
  7101.39648  9.3871844E-16
  7104.2627  1.11759412E-15
  7107.12891  9.79083054E-16
  7109.99561  9.83996269E-16
  7112.86182  1.10739669E-15
  7115.72803  1.00735543E-15
  7118.59424  9.54746104E-16
  7121.46094  9.99090608E-16
  7124.32715  1.08170755E-15
  7127.19336  1.06524176E-15
  7130.06006  9.73920389E-16
  7132.92627  1.09339174E-15
  7135.79248  1.04658893E-15
  7138.65869  8.24081743E-16
  7141.52539  1.05885619E-15
  7144.3916  9.96480264E-16
  7147.25781  9.37341271E-16
  7150.12451  1.14851124E-15
  7152.99072  9.00791164E-16
  7155.85693  9.35880033E-16
  7158.72314  1.12695425E-15
  7161.58984  9.64210426E-16
  7164.45605  1.02102442E-15
  7167.32227  9.91292611E-16
  7170.18848  9.38789062E-16
  7173.05518  1.13486724E-15
  7175.92139  1.04268348E-15
  7178.7876  1.00380625E-15
  7181.6543  9.99654944E-16
  7184.52051  9.2283149E-16
  7187.38672  1.01482837E-15
  7190.25293  1.08072658E-15
  7193.11963  1.04186725E-15
  7195.98584  9.73251868E-16
  7198.85205  1.00779747E-15
  7201.71875  1.024815E-15
  7204.58496  1.06214607E-15
  7207.45117  1.060189E-15
  7210.31738  1.15354431E-15
  7213.18408  1.03577973E-15
  7216.05029  1.1297483E-15
  7218.9165  9.75491529E-16
  7221.7832  1.05869918E-15
  7224.64941  1.02725541E-15
  7227.51562  9.51720714E-16
  7230.38184  1.17115794E-15
  7233.24854  1.13137238E-15
  7236.11475  1.13270709E-15
  7238.98096  9.8135162E-16
  7241.84766  9.74025421E-16
  7244.71387  9.33607232E-16
  7247.58008  8.95944124E-16
  7250.44629  1.10967584E-15
  7253.31299  1.02222827E-15
  7256.1792  9.24435983E-16
  7259.04541  9.88759135E-16
  7261.91211  1.10561104E-15
  7264.77832  1.13724412E-15
  7267.64453  1.07252762E-15
  7270.51074  9.90285806E-16
  7273.37744  1.10004614E-15
  7276.24365  1.02664967E-15
  7279.10986  1.07862287E-15
  7281.97607  1.27563607E-15
  7284.84277  1.10670371E-15
  7287.70898  1.08760682E-15
  7290.5752  1.22199357E-15
  7293.44189  1.06108918E-15
  7296.30811  1.20284195E-15
  7299.17432  1.02607665E-15
  7302.04053  9.88886825E-16
  7304.90723  1.01921664E-15
  7307.77344  1.05755134E-15
  7310.63965  1.06899899E-15
  7313.50635  9.96852959E-16
  7316.37256  1.01662154E-15
  7319.23877  1.07741702E-15
  7322.10498  1.17061414E-15
  7324.97168  1.2071219E-15
  7327.83789  1.06590277E-15
  7330.7041  1.01988781E-15
  7333.5708  9.32288507E-16
  7336.43701  9.57932112E-16
  7339.30322  1.05385637E-15
  7342.16943  1.13264356E-15
  7345.03613  1.10682632E-15
  7347.90234  1.09523859E-15
  7350.76855  1.14041986E-15
  7353.63525  1.12685833E-15
  7356.50146  1.41945548E-15
  7359.36768  1.07021226E-15
  7362.23389  9.4563997E-16
  7365.10059  1.01086712E-15
  7367.9668  8.80314301E-16
  7370.83301  1.08602001E-15
  7373.69971  1.14439159E-15
  7376.56592  8.72348327E-16
  7379.43213  1.07106903E-15
  7382.29834  1.1721927E-15
  7385.16504  1.00530148E-15
  7388.03125  9.35162278E-16
  7390.89746  1.02798343E-15
  7393.76367  1.11392742E-15
  7396.63037  1.08915403E-15
  7399.49658  1.1107395E-15
  7402.36279  1.08764769E-15
  7405.22949  1.12374834E-15
  7408.0957  8.53797776E-16
  7410.96191  8.28427763E-16
  7413.82812  1.02486624E-15
  7416.69482  1.12075048E-15
  7419.56104  1.00441569E-15
  7422.42725  9.84935523E-16
  7425.29395  1.03034454E-15
  7428.16016  1.00928465E-15
  7431.02637  9.64152511E-16
  7433.89258  9.62687673E-16
  7436.75928  1.03650183E-15
  7439.62549  1.12696812E-15
  7442.4917  1.24467881E-15
  7445.3584  1.10443091E-15
  7448.22461  1.03713054E-15
  7451.09082  1.1579006E-15
  7453.95703  1.0577416E-15
  7456.82373  1.1178982E-15
  7459.68994  1.08200645E-15
  7462.55615  1.06418138E-15
  7465.42285  1.14103554E-15
  7468.28906  1.17710263E-15
  7471.15527  1.13236722E-15
  7474.02148  1.16801089E-15
  7476.88818  1.11179607E-15
  7479.75439  1.20216358E-15
  7482.62061  1.15702784E-15
  7485.48682  1.01187043E-15
  7488.35352  1.10608654E-15
  7491.21973  1.16513278E-15
  7494.08594  9.48238985E-16
  7496.95264  1.13498487E-15
  7499.81885  1.20517023E-15
  7502.68506  9.50425706E-16
  7505.55127  9.9513867E-16
  7508.41797  1.12037641E-15
  7511.28418  1.14607634E-15
  7514.15039  1.08855095E-15
  7517.01709  1.16587923E-15
  7519.8833  1.11087768E-15
  7522.74951  1.08575245E-15
  7525.61572  1.03512911E-15
  7528.48242  1.02014658E-15
  7531.34863  1.14962244E-15
  7534.21484  1.07141685E-15
  7537.08154  9.91581343E-16
  7539.94775  9.99775858E-16
  7542.81396  1.04086013E-15
  7545.68018  1.02879161E-15
  7548.54688  1.00927417E-15
  7551.41309  9.58800745E-16
  7554.2793  1.01598976E-15
  7557.146  1.21720053E-15
  7560.01221  1.06423898E-15
  7562.87842  1.01645627E-15
  7565.74463  1.19852049E-15
  7568.61133  1.01368329E-15
  7571.47754  9.75211796E-16
  7574.34375  1.05810043E-15
  7577.21045  1.05500357E-15
  7580.07666  1.3135355E-15
  7582.94287  1.06120819E-15
  7585.80908  1.17171243E-15
  7588.67578  1.12715447E-15
  7591.54199  8.25849818E-16
  7594.4082  9.44908451E-16
  7597.27441  9.30053082E-16
  7600.14111  8.81744781E-16
  7603.00732  8.42834946E-16
  7605.87354  7.89646518E-16
  7608.74023  1.04467093E-15
  7611.60645  7.49607218E-16
  7614.47266  4.95451435E-16
  7617.33887  9.84010033E-16
  7620.20557  9.02879947E-16
  7623.07178  9.66460252E-16
  7625.93799  1.04567075E-15
  7628.80469  8.83950031E-16
  7631.6709  8.28280697E-16
  7634.53711  8.98964325E-16
  7637.40332  1.04452778E-15
  7640.27002  9.67236875E-16
  7643.13623  8.21252229E-16
  7646.00244  8.37788165E-16
  7648.86914  7.78057519E-16
  7651.73535  8.30771609E-16
  7654.60156  9.96357974E-16
  7657.46777  1.03689295E-15
  7660.33447  8.59823145E-16
  7663.20068  8.69985793E-16
  7666.06689  9.37456997E-16
  7668.93359  7.34501497E-16
  7671.7998  1.04218616E-15
  7674.66602  1.09933706E-15
  7677.53223  9.26619845E-16
  7680.39893  7.79543215E-16
  7683.26514  8.50335529E-16
  7686.13135  7.85157243E-16
  7688.99756  9.84611533E-16
  7691.86426  9.53153576E-16
  7694.73047  6.41182606E-16
  7697.59668  8.7163756E-16
  7700.46338  9.21547494E-16
  7703.32959  7.68977432E-16
  7706.1958  1.33152383E-15
  7709.06201  1.14313513E-15
  7711.92871  1.04282821E-15
  7714.79492  1.09474032E-15
  7717.66113  9.13966867E-16
  7720.52783  9.3179564E-16
  7723.39404  9.65662347E-16
  7726.26025  1.08449853E-15
  7729.12646  1.00589938E-15
  7731.99316  1.08605135E-15
  7734.85938  1.03896235E-15
  7737.72559  1.01387154E-15
  7740.59229  1.05839266E-15
  7743.4585  1.05613552E-15
  7746.32471  1.05100134E-15
  7749.19092  1.05994664E-15
  7752.05762  1.04112568E-15
  7754.92383  1.15519465E-15
  7757.79004  1.00140883E-15
  7760.65674  1.0830554E-15
  7763.52295  1.07596668E-15
  7766.38916  9.66737126E-16
  7769.25537  1.00914404E-15
  7772.12207  1.10945688E-15
  7774.98828  1.1537223E-15
  7777.85449  1.10464044E-15
  7780.72119  9.89770916E-16
  7783.5874  1.01958012E-15
  7786.45361  1.04023417E-15
  7789.31982  1.08914747E-15
  7792.18652  1.22716196E-15
  7795.05273  1.17158336E-15
  7797.91895  1.11281187E-15
  7800.78516  1.11278308E-15
  7803.65186  1.21831618E-15
  7806.51807  1.15133017E-15
  7809.38428  1.13597685E-15
  7812.25098  1.16136042E-15
  7815.11719  1.11226067E-15
  7817.9834  1.01119079E-15
  7820.84961  1.07970326E-15
  7823.71631  1.22567086E-15
  7826.58252  1.16430396E-15
  7829.44873  1.00384225E-15
  7832.31543  1.03507871E-15
  7835.18164  9.12511665E-16
  7838.04785  9.99796292E-16
  7840.91406  1.08184107E-15
  7843.78076  9.63300925E-16
  7846.64697  1.31809814E-15
  7849.51318  9.99261814E-16
  7852.37988  1.09788885E-15
  7855.24609  1.04211575E-15
  7858.1123  1.01423058E-15
  7860.97852  1.23439858E-15
  7863.84521  1.24574448E-15
  7866.71143  1.08571593E-15
  7869.57764  1.26346187E-15
  7872.44434  1.38706166E-15
  7875.31055  1.00121835E-15
  7878.17676  1.08240657E-15
  7881.04297  1.02548415E-15
  7883.90967  1.04797775E-15
  7886.77588  1.0967822E-15
  7889.64209  1.15041124E-15
  7892.5083  1.03083889E-15
  7895.375  1.1929054E-15
  7898.24121  1.05296392E-15
  7901.10742  1.05721136E-15
  7903.97412  1.09828431E-15
  7906.84033  1.15803348E-15
  7909.70654  1.33688809E-15
  7912.57275  9.0819042E-16
  7915.43945  9.17167699E-16
  7918.30566  1.07113912E-15
  7921.17188  1.10192411E-15
  7924.03857  9.45905939E-16
  7926.90479  1.0323538E-15
  7929.771  1.14683931E-15
  7932.63721  1.2192494E-15
  7935.50391  9.20739743E-16
  7938.37012  1.13414504E-15
  7941.23633  1.05466264E-15
  7944.10303  9.81347597E-16
  7946.96924  1.23200445E-15
  7949.83545  1.19449211E-15
  7952.70166  1.17797412E-15
  7955.56836  1.04572581E-15
  7958.43457  1.03674006E-15
  7961.30078  9.69784115E-16
  7964.16748  1.14080123E-15
  7967.03369  1.14240943E-15
  7969.8999  8.92813913E-16
  7972.76611  1.14544244E-15
  7975.63281  1.10423482E-15
  7978.49902  1.0127019E-15
  7981.36523  1.1802789E-15
  7984.23193  1.1893646E-15
  7987.09814  1.23878971E-15
  7989.96436  1.43203117E-15
  7992.83057  1.07133405E-15
  7995.69727  1.22576637E-15
  7998.56348  1.33369541E-15
  8001.42969  1.03691306E-15
  8004.2959  8.20009843E-16
  8007.1626  1.07393592E-15
  8010.02881  1.16118031E-15
  8012.89502  1.03697553E-15
  8015.76172  1.03371213E-15
  8018.62793  1.06168655E-15
  8021.49414  1.12196714E-15
  8024.36035  1.21612173E-15
  8027.22705  1.16195471E-15
  8030.09326  1.11476926E-15
  8032.95947  1.03119178E-15
  8035.82617  1.13971978E-15
  8038.69238  1.06821146E-15
  8041.55859  1.06153494E-15
  8044.4248  1.12362182E-15
  8047.2915  8.8703519E-16
  8050.15771  8.27636846E-16
  8053.02393  9.4213696E-16
  8055.89062  9.00558653E-16
  8058.75684  1.07754714E-15
  8061.62305  1.08782641E-15
  8064.48926  1.00863921E-15
  8067.35596  1.10087559E-15
  8070.22217  1.09555527E-15
  8073.08838  8.69371641E-16
  8075.95508  1.06898586E-15
  8078.82129  1.00531799E-15
  8081.6875  8.62027336E-16
  8084.55371  9.20443916E-16
  8087.42041  1.04396281E-15
  8090.28662  1.07156539E-15
  8093.15283  1.06857992E-15
  8096.01904  1.17549591E-15
  8098.88574  7.94823001E-16
  8101.75195  8.49393628E-16
  8104.61816  1.06313318E-15
  8107.48486  1.06941795E-15
  8110.35107  9.21407416E-16
  8113.21729  1.07960575E-15
  8116.0835  1.07332987E-15
  8118.9502  8.64588182E-16
  8121.81641  1.04278607E-15
  8124.68262  1.20064707E-15
  8127.54932  1.08539352E-15
  8130.41553  9.69117818E-16
  8133.28174  1.09503318E-15
  8136.14795  1.17729353E-15
  8139.01465  9.4990711E-16
  8141.88086  9.07440478E-16
  8144.74707  9.40513621E-16
  8147.61377  1.08075612E-15
  8150.47998  1.10464468E-15
  8153.34619  9.4139337E-16
  8156.2124  1.01600077E-15
  8159.0791  1.03522175E-15
  8161.94531  9.97547208E-16
  8164.81152  1.09723515E-15
  8167.67822  9.7016348E-16
  8170.54443  1.13100275E-15
  8173.41064  9.35258099E-16
  8176.27686  8.95342201E-16
  8179.14355  9.76042947E-16
  8182.00977  9.56463569E-16
  8184.87598  1.20084412E-15
  8187.74268  1.27150434E-15
  8190.60889  1.02418396E-15
  8193.47559  8.94031206E-16
  8196.3418  8.57508627E-16
  8199.20801  1.14292284E-15
  8202.07422  9.88092838E-16
  8204.94043  1.05109345E-15
  8207.80664  1.08691405E-15
  8210.67285  8.48826592E-16
  8213.54004  1.15408768E-15
  8216.40625  1.29495943E-15
  8219.27246  9.20498762E-16
  8222.13867  9.37190393E-16
  8225.00488  1.01063164E-15
  8227.87109  9.75228631E-16
  8230.7373  8.34442491E-16
  8233.60449  9.03010178E-16
  8236.4707  1.06775184E-15
  8239.33691  1.02204308E-15
  8242.20312  1.13355169E-15
  8245.06934  1.12234269E-15
  8247.93555  1.0319539E-15
  8250.80176  9.64435208E-16
  8253.66797  1.01490154E-15
  8256.53516  1.10236309E-15
  8259.40137  1.12005231E-15
  8262.26758  1.01598913E-15
  8265.13379  8.39410815E-16
  8268.  9.94146794E-16
  8270.86621  1.14790403E-15
  8273.73242  9.9446549E-16
  8276.59961  1.05236432E-15
  8279.46582  1.19580543E-15
  8282.33203  9.9086433E-16
  8285.19824  9.74237073E-16
  8288.06445  9.84266155E-16
  8290.93066  1.03717871E-15
  8293.79688  9.58231009E-16
  8296.66406  8.2551794E-16
  8299.53027  1.04610803E-15
  8302.39648  9.0383053E-16
  8305.2627  9.28245196E-16
  8308.12891  1.12259638E-15
  8310.99512  9.99462667E-16
  8313.86133  9.09311045E-16
  8316.72852  7.87833338E-16
  8319.59473  1.0010048E-15
  8322.46094  1.03846165E-15
  8325.32715  1.1565967E-15
  8328.19336  1.01050279E-15
  8331.05957  9.92916796E-16
  8333.92578  8.54067715E-16
  8336.79297  7.27796172E-16
  8339.65918  1.02521257E-15
  8342.52539  9.60584914E-16
  8345.3916  6.79409521E-16
  8348.25781  8.89364478E-16
  8351.12402  7.6531105E-16
  8353.99023  5.88217477E-16
  8356.85742  6.14802718E-16
  8359.72363  6.76347444E-16
  8362.58984  7.12142897E-16
  8365.45605  7.26500953E-16
  8368.32227  7.77354164E-16
  8371.18848  7.45952906E-16
  8374.05469  7.86359713E-16
  8376.92188  6.69138929E-16
  8379.78809  7.97285273E-16
  8382.6543  8.04441007E-16
  8385.52051  5.5717012E-16
  8388.38672  7.2089206E-16
  8391.25293  7.19919772E-16
  8394.11914  6.34395278E-16
  8396.98633  7.5543814E-16
  8399.85254  5.8309261E-16
  8402.71875  6.46470368E-16
  8405.58496  8.23144871E-16
  8408.45117  7.85007795E-16
  8411.31738  7.02081417E-16
  8414.18359  5.63068857E-16
  8417.05078  5.95800381E-16
  8419.91699  5.23915712E-16
  8422.7832  3.20186183E-16
  8425.64941  7.20121418E-16
  8428.51562  6.2279368E-16
  8431.38184  6.81005755E-16
  8434.24805  5.75608545E-16
  8437.11523  6.01270361E-16
  8439.98145  5.45430826E-16
  8442.84766  5.58694409E-16
  8445.71387  6.13995337E-16
  8448.58008  7.62359934E-16
  8451.44629  7.6924393E-16
  8454.3125  5.85139889E-16
  8457.17871  7.77984621E-16
  8460.0459  8.48044569E-16
  8462.91211  1.12050675E-15
  8465.77832  8.02834027E-16
  8468.64453  7.51563228E-16
  8471.51074  1.05698319E-15
  8474.37695  8.44285596E-16
  8477.24316  5.84613617E-16
  8480.11035  9.39530216E-16
  8482.97656  1.02849504E-15
  8485.84277  8.44644897E-16
  8488.70898  8.90134854E-16
  8491.5752  9.34738868E-16
  8494.44141  9.24054288E-16
  8497.30762  8.35628866E-16
  8500.1748  9.27308271E-16
  8503.04102  1.01329355E-15
  8505.90723  9.51874556E-16
  8508.77344  6.63924118E-16
  8511.63965  8.4685507E-16
  8514.50586  8.09081689E-16
  8517.37207  7.84896304E-16
  8520.23926  7.5353041E-16
  8523.10547  8.05036683E-16
  8525.97168  8.58047446E-16
  8528.83789  8.29100201E-16
  8531.7041  8.18801339E-16
  8534.57031  8.32962671E-16
  8537.43652  8.24284925E-16
  8540.30371  6.98273527E-16
  8543.16992  8.41153321E-16
  8546.03613  8.06134491E-16
  8548.90234  7.19310596E-16
  8551.76855  8.28781928E-16
  8554.63477  6.23244301E-16
  8557.50098  1.03894626E-15
  8560.36816  8.44414557E-16
  8563.23438  7.13254575E-16
  8566.10059  7.91358054E-16
  8568.9668  7.87121989E-16
  8571.83301  8.44233027E-16
  8574.69922  9.5573385E-16
  8577.56543  7.60813993E-16
  8580.43262  4.87889813E-16
  8583.29883  7.24390888E-16
  8586.16504  7.0200926E-16
  8589.03125  7.48626142E-16
  8591.89746  1.01356873E-15
  8594.76367  9.33816767E-16
  8597.62988  7.68998131E-16
  8600.49707  7.76972152E-16
  8603.36328  8.76689582E-16
  8606.22949  9.39355303E-16
  8609.0957  1.21648797E-15
  8611.96191  1.24102418E-15
  8614.82812  5.38253174E-16
  8617.69434  8.83761196E-16
  8620.56152  1.14514524E-15
  8623.42773  1.03627345E-15
  8626.29395  1.12971601E-15
  8629.16016  9.60594443E-16
  8632.02637  1.13495078E-15
  8634.89258  1.07599262E-15
  8637.75879  9.57521831E-16
  8640.62598  8.44316566E-16
  8643.49219  1.17614188E-15
  8646.3584  1.19470164E-15
  8649.22461  1.05791673E-15
  8652.09082  1.11198379E-15
  8654.95703  9.99787081E-16
  8657.82324  9.96304822E-16
  8660.69043  1.07603688E-15
  8663.55664  1.29121046E-15
  8666.42285  1.04687121E-15
  8669.28906  9.82599406E-16
  8672.15527  1.22007949E-15
  8675.02148  1.06307537E-15
  8677.8877  1.29380132E-15
  8680.75391  9.16819357E-16
  8683.62109  1.14655555E-15
  8686.4873  1.32535372E-15
  8689.35352  1.05319759E-15
  8692.21973  8.65670001E-16
  8695.08594  1.02925207E-15
  8697.95215  1.26650378E-15
  8700.81836  1.12833799E-15
  8703.68555  1.03907956E-15
  8706.55176  1.23203441E-15
  8709.41797  1.11497319E-15
  8712.28418  1.0239542E-15
  8715.15039  1.09174288E-15
  8718.0166  1.19920299E-15
  8720.88281  1.14478027E-15
  8723.75  1.0050246E-15
  8726.61621  1.10418294E-15
  8729.48242  1.07117894E-15
  8732.34863  1.15068822E-15
  8735.21484  1.01051761E-15
  8738.08105  9.33871824E-16
  8740.94727  1.14540496E-15
  8743.81445  1.26398883E-15
  8746.68066  1.28405589E-15
  8749.54688  1.04523675E-15
  8752.41309  1.20938634E-15
  8755.2793  1.19623975E-15
  8758.14551  9.75415508E-16
  8761.01172  9.92372895E-16
  8763.87891  1.10232285E-15
  8766.74512  1.01564904E-15
  8769.61133  1.01884013E-15
  8772.47754  1.20187739E-15
  8775.34375  1.44566702E-15
  8778.20996  1.24164485E-15
  8781.07617  9.67066727E-16
  8783.94336  8.43852021E-16
  8786.80957  8.10517304E-16
  8789.67578  1.11092532E-15
  8792.54199  1.13804001E-15
  8795.4082  1.04484637E-15
  8798.27441  1.10599559E-15
  8801.14062  1.29520909E-15
  8804.00781  1.01486713E-15
  8806.87402  8.34697342E-16
  8809.74023  1.10914168E-15
  8812.60645  7.85358678E-16
  8815.47266  9.32860466E-16
  8818.33887  1.10673346E-15
  8821.20508  9.81639612E-16
  8824.07227  9.72010012E-16
  8826.93848  1.11777993E-15
  8829.80469  1.21854615E-15
  8832.6709  1.24096743E-15
  8835.53711  8.80190793E-16
  8838.40332  1.17881014E-15
  8841.26953  1.22726381E-15
  8844.13672  1.14315672E-15
  8847.00293  9.71943202E-16
  8849.86914  5.26270411E-16
  8852.73535  9.63390393E-16
  8855.60156  9.57475667E-16
  8858.46777  7.34343684E-16
  8861.33398  1.09693223E-15
  8864.20117  1.0806818E-15
  8867.06738  9.017157E-16
  8869.93359  1.08793928E-15
  8872.7998  1.28216309E-15
  8875.66602  9.48054332E-16
  8878.53223  1.00866388E-15
  8881.39844  1.04528493E-15
  8884.26465  1.01473986E-15
  8887.13184  9.3545334E-16
  8889.99805  1.08462961E-15
  8892.86426  1.08723487E-15
  8895.73047  8.78808382E-16
  8898.59668  1.07027155E-15
  8901.46289  1.04663848E-15
  8904.3291  1.0051615E-15
  8907.19629  1.11519733E-15
  8910.0625  8.22975517E-16
  8912.92871  8.72185908E-16
  8915.79492  8.73098692E-16
  8918.66113  9.25648087E-16
  8921.52734  1.01941326E-15
  8924.39355  8.4658672E-16
  8927.26074  7.14365882E-16
  8930.12695  7.96670221E-16
  8932.99316  9.65307546E-16
  8935.85938  1.13325491E-15
  8938.72559  1.00861856E-15
  8941.5918  1.03311677E-15
  8944.45801  1.16794271E-15
  8947.3252  1.13474389E-15
  8950.19141  9.99927794E-16
  8953.05762  9.41123273E-16
  8955.92383  9.86194531E-16
  8958.79004  6.2332567E-16
  8961.65625  7.38361214E-16
  8964.52246  8.88147768E-16
  8967.38965  7.1390155E-16
  8970.25586  9.0166022E-16
  8973.12207  8.30900199E-16
  8975.98828  9.62400105E-16
  8978.85449  1.1624641E-15
  8981.7207  1.01197567E-15
  8984.58691  9.32200098E-16
  8987.4541  9.64999014E-16
  8990.32031  7.41926905E-16
  8993.18652  7.98251737E-16
  8996.05273  8.58549895E-16
  8998.91895  6.40204601E-16
  9001.78516  9.17690953E-16
  9004.65137  6.13483517E-16
  9007.51855  3.374345E-16
  9010.38477  7.31206803E-16
  9013.25098  7.11484541E-16
  9016.11719  7.70400553E-16
  9018.9834  7.2845114E-16
  9021.84961  7.17301222E-16
  9024.71582  7.35439745E-16
  9027.58301  8.02481397E-16
  9030.44922  1.19925773E-15
  9033.31543  9.96200531E-16
  9036.18164  5.58427117E-16
  9039.04785  6.30345243E-16
  9041.91406  9.67986182E-16
  9044.78027  1.09249208E-15
  9047.64746  9.59363704E-16
  9050.51367  1.0721689E-15
  9053.37988  6.55710386E-16
  9056.24609  7.95618947E-16
  9059.1123  6.63001752E-16
  9061.97852  5.01676174E-16
  9064.84473  9.01102554E-16
  9067.71191  1.02148605E-15
  9070.57812  8.7149997E-16
  9073.44434  6.03761326E-16
  9076.31055  8.35267448E-16
  9079.17676  1.04788945E-15
  9082.04297  7.02607424E-16
  9084.90918  7.1201616E-16
  9087.77539  7.51754552E-16
  9090.64258  7.62257178E-16
  9093.50879  7.7292937E-16
  9096.375  7.82877454E-16
  9099.24121  7.92792769E-16
  9102.10742  8.02329195E-16
