3651.19946289  7.497400E-17
3656.71678829131  8.077703E-17
3662.23411369262  7.831731E-17
3667.75143909393  8.033885E-17
3673.26876449524  6.092417E-17
3678.78608989655  6.129847E-17
3684.30341529786  5.343504E-17
3689.82074069917  5.014246E-17
3695.33806610048  4.808958E-17
3700.85539150179  4.998080E-17
3706.3727169031  4.282451E-17
3711.89004230441  5.348541E-17
3717.40736770572  5.631713E-17
3722.92469310703  7.067014E-17
3728.44201850834  6.655786E-17
3733.95934390965  5.854173E-17
3739.47666931096  8.954141E-17
3744.99399471227  1.008681E-16
3750.51132011358  1.284026E-16
3756.02864551489  1.631950E-16
3761.5459709162  1.516018E-16
3767.06329631751  1.526980E-16
3772.58062171882  1.606984E-16
3778.09794712013  1.364595E-16
3783.61527252144  1.433856E-16
3789.13259792275  1.145487E-16
3794.64992332406  1.049603E-16
3800.16724872537  1.169127E-16
3805.68457412668  1.212582E-16
3811.20189952799  1.356685E-16
3816.7192249293  1.506883E-16
3822.23655033061  1.651083E-16
3827.75387573192  1.878353E-16
3833.27120113323  2.023011E-16
3838.78852653454  1.877678E-16
3844.30585193585  2.010200E-16
3849.82317733716  1.619576E-16
3855.34050273847  1.134808E-16
3860.85782813978  8.345979E-17
3866.37515354109  6.920219E-17
3871.8924789424  5.018604E-17
3877.40980434371  4.780790E-17
3882.92712974502  4.632155E-17
3888.44445514633  4.320024E-17
3893.96178054764  4.950469E-17
3899.47910594895  3.939271E-17
3904.99643135026  5.325522E-17
3910.51375675157  5.486851E-17
3916.03108215288  5.730063E-17
3921.54840755419  6.099658E-17
3927.0657329555  7.801660E-17
3932.58305835681  1.113417E-16
3938.10038375812  1.174681E-16
3943.61770915943  1.559224E-16
3949.13503456074  1.863067E-16
3954.65235996205  2.696410E-16
3960.16968536336  3.191399E-16
3965.68701076467  3.580802E-16
3971.20433616598  3.818925E-16
3976.72166156729  3.887809E-16
3982.2389869686  3.651171E-16
3987.75631236991  3.735116E-16
3993.27363777122  3.441650E-16
3998.79096317253  3.466180E-16
4004.30828857384  3.523649E-16
4009.82561397515  3.306802E-16
4015.34293937646  3.287802E-16
4020.86026477777  3.213212E-16
4026.37759017908  3.226272E-16
4031.89491558039  3.092947E-16
4037.4122409817  2.920208E-16
4042.92956638301  2.629459E-16
4048.44689178432  2.585420E-16
4053.96421718563  2.785217E-16
4059.48154258694  3.252815E-16
4064.99886798825  3.497946E-16
4070.51619338956  3.907980E-16
4076.03351879087  3.916540E-16
4081.55084419218  4.018094E-16
4087.06816959349  4.315847E-16
4092.5854949948  4.653706E-16
4098.10282039611  4.726675E-16
4103.62014579742  4.616715E-16
4109.13747119873  4.741749E-16
4114.65479660004  4.890622E-16
4120.17212200135  4.773371E-16
4125.68944740266  4.559374E-16
4131.20677280397  4.154247E-16
4136.72409820528  3.560541E-16
4142.24142360659  2.916980E-16
4147.7587490079  2.640733E-16
4153.27607440921  2.814594E-16
4158.79339981052  3.197425E-16
4164.31072521183  3.528019E-16
4169.82805061314  3.863339E-16
4175.34537601445  3.848711E-16
4180.86270141576  3.709347E-16
4186.38002681707  3.340573E-16
4191.89735221838  3.001450E-16
4197.41467761969  2.781474E-16
4202.932003021  2.418414E-16
4208.44932842231  2.449767E-16
4213.96665382362  2.491453E-16
4219.48397922493  2.658489E-16
4225.00130462624  3.014124E-16
4230.51863002755  3.464510E-16
4236.03595542886  3.852177E-16
4241.55328083017  3.796092E-16
4247.07060623148  3.347442E-16
4252.58793163279  2.988210E-16
4258.1052570341  2.473829E-16
4263.62258243541  2.114666E-16
4269.13990783672  1.797900E-16
4274.65723323803  1.646668E-16
4280.17455863934  1.511789E-16
4285.69188404065  1.667602E-16
4291.20920944196  1.703364E-16
4296.72653484327  2.044704E-16
4302.24386024458  2.073115E-16
4307.76118564589  2.274283E-16
4313.2785110472  2.289042E-16
4318.79583644851  2.516660E-16
4324.31316184982  2.894273E-16
4329.83048725113  3.330605E-16
4335.34781265244  3.614940E-16
4340.86513805375  3.755606E-16
4346.38246345506  3.500794E-16
4351.89978885637  3.175415E-16
4357.41711425768  2.859540E-16
4362.93443965899  2.670343E-16
4368.4517650603  2.611917E-16
4373.96909046161  2.770742E-16
4379.48641586292  2.861428E-16
4385.00374126423  3.070065E-16
4390.52106666554  3.320352E-16
4396.03839206685  3.580195E-16
4401.55571746816  3.972390E-16
4407.07304286947  4.208798E-16
4412.59036827078  4.133998E-16
4418.10769367209  4.007910E-16
4423.6250190734  3.748101E-16
4429.14234447471  3.688890E-16
4434.65966987603  3.671143E-16
4440.17699527733  3.697483E-16
4445.69432067864  3.782660E-16
4451.21164607995  4.145547E-16
4456.72897148126  4.395943E-16
4462.24629688257  4.294112E-16
4467.76362228388  3.983929E-16
4473.2809476852  3.579213E-16
4478.7982730865  3.408370E-16
4484.31559848781  3.305890E-16
4489.83292388912  2.983281E-16
4495.35024929043  2.814044E-16
4500.86757469174  2.790258E-16
4506.38490009306  2.708149E-16
4511.90222549436  2.603422E-16
4517.41955089567  2.556570E-16
4522.93687629698  2.478346E-16
4528.45420169829  2.638697E-16
4533.9715270996  2.694322E-16
4539.48885250091  2.710066E-16
4545.00617790223  3.011171E-16
4550.52350330353  3.261142E-16
4556.04082870484  3.389701E-16
4561.55815410615  4.241758E-16
4567.07547950746  4.869378E-16
4572.59280490877  5.975353E-16
4578.11013031008  6.973482E-16
4583.62745571139  7.568682E-16
4589.1447811127  7.588980E-16
4594.66210651401  7.114873E-16
4600.17943191532  6.701349E-16
4605.69675731663  6.299164E-16
4611.21408271795  6.394552E-16
4616.73140811925  7.092444E-16
4622.24873352056  7.416648E-16
4627.76605892187  7.647595E-16
4633.28338432318  7.730168E-16
4638.80070972449  7.602054E-16
4644.3180351258  7.511924E-16
4649.83536052711  7.591318E-16
4655.35268592842  8.004966E-16
4660.87001132973  8.406409E-16
4666.38733673104  8.650080E-16
4671.90466213235  8.762477E-16
4677.42198753366  8.526414E-16
4682.93931293497  8.443633E-16
4688.45663833629  8.251494E-16
4693.97396373759  8.275589E-16
4699.4912891389  7.962811E-16
4705.00861454021  7.768275E-16
4710.52593994152  7.789314E-16
4716.04326534284  7.946362E-16
4721.56059074414  8.100188E-16
4727.07791614545  8.362711E-16
4732.59524154677  8.119274E-16
4738.11256694807  7.772389E-16
4743.62989234938  7.406844E-16
4749.14721775069  7.084799E-16
4754.66454315201  6.681762E-16
4760.18186855332  6.230430E-16
4765.69919395462  6.167872E-16
4771.21651935593  6.142202E-16
4776.73384475724  5.825272E-16
4782.25117015855  5.642444E-16
4787.76849555986  5.555154E-16
4793.28582096117  5.241070E-16
4798.80314636249  4.987235E-16
4804.3204717638  4.790167E-16
4809.8377971651  4.531109E-16
4815.35512256641  4.035296E-16
4820.87244796772  3.767619E-16
4826.38977336903  3.685343E-16
4831.90709877035  4.239689E-16
4837.42442417165  5.297733E-16
4842.94174957297  6.484476E-16
4848.45907497427  7.497932E-16
4853.97640037558  8.258160E-16
4859.49372577689  9.103677E-16
4865.0110511782  9.584938E-16
4870.52837657952  9.606336E-16
4876.04570198082  8.897009E-16
4881.56302738213  8.099401E-16
4887.08035278344  6.960023E-16
4892.59767818475  6.421768E-16
4898.11500358606  6.791784E-16
4903.63232898738  7.512921E-16
4909.14965438868  8.659981E-16
4914.66697978999  1.002309E-15
4920.1843051913  1.086817E-15
4925.70163059262  1.150484E-15
4931.21895599392  1.182301E-15
4936.73628139523  1.196473E-15
4942.25360679655  1.191377E-15
4947.77093219785  1.150094E-15
4953.28825759916  1.106484E-15
4958.80558300047  1.016113E-15
4964.32290840178  9.098161E-16
4969.84023380309  7.844438E-16
4975.3575592044  6.449348E-16
4980.87488460572  5.421926E-16
4986.39221000702  5.161043E-16
4991.90953540833  5.380013E-16
4997.42686080965  6.629642E-16
5002.94418621096  7.901619E-16
5008.46151161226  9.207357E-16
5013.97883701358  1.043602E-15
5019.49616241489  1.130245E-15
5025.0134878162  1.185219E-15
5030.5308132175  1.227434E-15
5036.04813861882  1.210452E-15
5041.56546402013  1.196737E-15
5047.08278942143  1.157651E-15
5052.60011482274  1.123287E-15
5058.11744022406  1.077862E-15
5063.63476562536  1.059847E-15
5069.15209102668  1.045004E-15
5074.66941642799  1.021884E-15
5080.1867418293  1.011193E-15
5085.70406723061  9.890146E-16
5091.22139263192  9.398191E-16
5096.73871803323  8.821336E-16
5102.25604343454  8.404679E-16
5107.77336883585  7.839333E-16
5113.29069423716  7.082013E-16
5118.80801963846  6.224318E-16
5124.32534503978  5.553525E-16
5129.84267044109  4.723999E-16
5135.35999584239  4.616587E-16
5140.8773212437  4.928091E-16
5146.39464664502  5.681249E-16
5151.91197204633  6.285530E-16
5157.42929744764  6.840362E-16
5162.94662284895  7.488887E-16
5168.46394825026  8.031516E-16
5173.98127365157  9.011934E-16
5179.49859905287  9.902815E-16
5185.01592445419  1.012068E-15
5190.5332498555  1.004997E-15
5196.05057525681  9.700869E-16
5201.56790065812  9.448933E-16
5207.08522605943  9.568831E-16
5212.60255146074  9.546110E-16
5218.11987686205  9.877953E-16
5223.63720226336  1.012270E-15
5229.15452766467  9.820159E-16
5234.67185306597  9.171598E-16
5240.18917846729  9.056139E-16
5245.7065038686  8.815486E-16
5251.22382926991  8.824307E-16
5256.74115467122  9.340393E-16
5262.25848007253  9.736256E-16
5267.77580547384  9.846297E-16
5273.29313087514  9.662751E-16
5278.81045627646  9.088148E-16
5284.32778167776  8.611989E-16
5289.84510707908  8.777426E-16
5295.36243248039  9.091268E-16
5300.8797578817  9.497802E-16
5306.39708328301  1.000149E-15
5311.91440868432  1.060894E-15
5317.43173408563  1.123466E-15
5322.94905948694  1.144136E-15
5328.46638488825  1.149545E-15
5333.98371028955  1.156326E-15
5339.50103569087  1.179773E-15
5345.01836109217  1.182146E-15
5350.53568649349  1.202777E-15
5356.0530118948  1.220747E-15
5361.57033729611  1.245064E-15
5367.08766269742  1.230509E-15
5372.60498809873  1.229368E-15
5378.12231350003  1.200298E-15
5383.63963890135  1.163610E-15
5389.15696430266  1.144467E-15
5394.67428970397  1.121616E-15
5400.19161510528  1.128611E-15
5405.70894050659  1.140171E-15
5411.2262659079  1.179055E-15
5416.7435913092  1.232716E-15
5422.26091671052  1.241831E-15
5427.77824211183  1.245469E-15
5433.29556751313  1.261492E-15
5438.81289291445  1.257294E-15
5444.33021831576  1.205503E-15
5449.84754371707  1.201637E-15
5455.36486911838  1.187212E-15
5460.88219451969  1.167716E-15
5466.399519921  1.145225E-15
5471.91684532231  1.116712E-15
5477.43417072362  1.108554E-15
5482.95149612493  1.092656E-15
5488.46882152624  1.049790E-15
5493.98614692755  9.956666E-16
5499.50347232886  9.892994E-16
5505.02079773016  1.016554E-15
5510.53812313148  1.083217E-15
5516.05544853279  1.141706E-15
5521.5727739341  1.212538E-15
5527.09009933541  1.256798E-15
5532.60742473672  1.285985E-15
5538.12475013803  1.315160E-15
5543.64207553934  1.309119E-15
5549.15940094065  1.292343E-15
5554.67672634196  1.279976E-15
5560.19405174327  1.278125E-15
5565.71137714457  1.260135E-15
5571.22870254589  1.223477E-15
5576.7460279472  1.219920E-15
5582.26335334851  1.206026E-15
5587.78067874982  1.150773E-15
5593.29800415113  1.171040E-15
5598.81532955244  1.163219E-15
5604.33265495375  1.140659E-15
5609.84998035506  1.096727E-15
5615.36730575637  1.050807E-15
5620.88463115768  1.018383E-15
5626.40195655899  9.863464E-16
5631.9192819603  9.929935E-16
5637.43660736161  1.018453E-15
5642.95393276292  1.059326E-15
5648.47125816423  1.099499E-15
5653.98858356554  1.174727E-15
5659.50590896685  1.185153E-15
5665.02323436816  1.205533E-15
5670.54055976947  1.245078E-15
5676.05788517078  1.274022E-15
5681.57521057209  1.264218E-15
5687.0925359734  1.250056E-15
5692.60986137471  1.249138E-15
5698.12718677602  1.255385E-15
5703.64451217733  1.232440E-15
5709.16183757864  1.206332E-15
5714.67916297995  1.215070E-15
5720.19648838126  1.208815E-15
5725.71381378257  1.179166E-15
5731.23113918388  1.182960E-15
5736.74846458519  1.170386E-15
5742.2657899865  1.176305E-15
5747.78311538781  1.118313E-15
5753.30044078912  1.099775E-15
5758.81776619043  1.085570E-15
5764.33509159174  1.090638E-15
5769.85241699305  1.114977E-15
5775.36974239436  1.124075E-15
5780.88706779567  1.130111E-15
5786.40439319698  1.144238E-15
5791.92171859828  1.135036E-15
5797.4390439996  1.137128E-15
5802.95636940091  1.149184E-15
5808.47369480222  1.117354E-15
5813.99102020353  1.106608E-15
5819.50834560484  1.108300E-15
5825.02567100615  1.057607E-15
5830.54299640746  1.019051E-15
5836.06032180877  9.582215E-16
5841.57764721008  8.835223E-16
5847.09497261139  8.056300E-16
5852.6122980127  7.758252E-16
5858.12962341401  7.619468E-16
5863.64694881532  8.372769E-16
5869.16427421663  9.624623E-16
5874.68159961794  1.080787E-15
5880.19892501925  1.176702E-15
5885.71625042056  1.279340E-15
5891.23357582186  1.342374E-15
5896.75090122318  1.382631E-15
5902.26822662449  1.346301E-15
5907.7855520258  1.298799E-15
5913.30287742711  1.306708E-15
5918.82020282842  1.383009E-15
5924.33752822973  1.402107E-15
5929.85485363104  1.372961E-15
5935.37217903234  1.365947E-15
5940.88950443366  1.354969E-15
5946.40682983497  1.317072E-15
5951.92415523628  1.292200E-15
5957.44148063759  1.283271E-15
5962.9588060389  1.281527E-15
5968.47613144021  1.273870E-15
5973.99345684152  1.268380E-15
5979.51078224283  1.291565E-15
5985.02810764414  1.280066E-15
5990.54543304545  1.272393E-15
5996.06275844676  1.273401E-15
6001.58008384807  1.267599E-15
6007.09740924938  1.278127E-15
6012.61473465069  1.270020E-15
6018.132060052  1.259381E-15
6023.64938545331  1.263837E-15
6029.16671085462  1.249867E-15
6034.68403625593  1.241365E-15
6040.20136165724  1.236636E-15
6045.71868705855  1.233250E-15
6051.23601245986  1.223954E-15
6056.75333786117  1.234205E-15
6062.27066326248  1.250871E-15
6067.78798866379  1.233302E-15
6073.3053140651  1.230182E-15
6078.82263946641  1.226919E-15
6084.33996486772  1.234412E-15
6089.85729026903  1.219316E-15
6095.37461567034  1.193449E-15
6100.89194107165  1.182024E-15
6106.40926647296  1.147266E-15
6111.92659187427  1.109425E-15
6117.44391727558  1.162125E-15
6122.96124267689  1.170652E-15
6128.4785680782  1.202171E-15
6133.99589347951  1.244526E-15
6139.51321888082  1.283168E-15
6145.03054428213  1.276659E-15
6150.54786968344  1.302301E-15
6156.06519508475  1.321848E-15
6161.58252048606  1.328992E-15
6167.09984588737  1.337244E-15
6172.61717128868  1.289414E-15
6178.13449668999  1.255253E-15
6183.6518220913  1.252055E-15
6189.16914749261  1.187806E-15
6194.68647289392  1.148049E-15
6200.20379829523  1.105915E-15
6205.72112369654  1.067945E-15
6211.23844909785  1.066221E-15
6216.75577449916  1.106456E-15
6222.27309990047  1.152233E-15
6227.79042530178  1.218732E-15
6233.30775070309  1.266523E-15
6238.8250761044  1.293855E-15
6244.34240150571  1.317790E-15
6249.85972690702  1.323844E-15
6255.37705230833  1.341675E-15
6260.89437770963  1.353121E-15
6266.41170311095  1.304840E-15
6271.92902851226  1.278630E-15
6277.44635391357  1.276072E-15
6282.96367931488  1.277440E-15
6288.48100471619  1.261011E-15
6293.9983301175  1.232366E-15
6299.51565551881  1.216586E-15
6305.03298092012  1.188618E-15
6310.55030632143  1.162662E-15
6316.06763172274  1.148918E-15
6321.58495712405  1.167864E-15
6327.10228252536  1.166642E-15
6332.61960792667  1.164102E-15
6338.13693332798  1.155753E-15
6343.65425872929  1.171255E-15
6349.1715841306  1.193166E-15
6354.68890953191  1.226065E-15
6360.20623493322  1.238270E-15
6365.72356033453  1.214069E-15
6371.24088573584  1.218218E-15
6376.75821113715  1.177648E-15
6382.27553653846  1.176458E-15
6387.79286193977  1.143464E-15
6393.31018734108  1.115535E-15
6398.82751274239  1.078624E-15
6404.3448381437  1.002830E-15
6409.86216354501  9.219500E-16
6415.37948894632  8.287587E-16
6420.89681434763  7.675197E-16
6426.41413974894  7.321620E-16
6431.93146515025  6.946334E-16
6437.44879055156  6.593707E-16
6442.96611595287  6.363093E-16
6448.48344135418  5.888922E-16
6454.00076675549  5.368693E-16
6459.5180921568  5.015911E-16
6465.03541755811  4.744503E-16
6470.55274295942  4.551086E-16
6476.07006836073  4.504071E-16
6481.58739376204  4.557238E-16
6487.10471916335  4.819313E-16
6492.62204456466  5.356191E-16
6498.13936996597  6.100998E-16
6503.65669536728  6.977131E-16
6509.17402076859  8.331499E-16
6514.6913461699  1.041428E-15
6520.20867157121  1.292811E-15
6525.72599697252  1.583476E-15
6531.24332237383  1.875356E-15
6536.76064777514  2.127622E-15
6542.27797317644  2.316179E-15
6547.79529857776  2.472381E-15
6553.31262397907  2.595962E-15
6558.82994938038  2.683396E-15
6564.34727478169  2.711952E-15
6569.864600183  2.706691E-15
6575.38192558431  2.702005E-15
6580.89925098562  2.665052E-15
6586.41657638693  2.671801E-15
6591.93390178824  2.579880E-15
6597.45122718955  2.492099E-15
6602.96855259086  2.431786E-15
6608.48587799217  2.349888E-15
6614.00320339348  2.261238E-15
6619.52052879479  2.164207E-15
6625.0378541961  2.103387E-15
6630.55517959741  2.012099E-15
6636.07250499872  1.935094E-15
6641.58983040003  1.882331E-15
6647.10715580134  1.822333E-15
6652.62448120265  1.774321E-15
6658.14180660396  1.736635E-15
6663.65913200527  1.681505E-15
6669.17645740658  1.629936E-15
6674.69378280789  1.589020E-15
6680.2111082092  1.572407E-15
6685.72843361051  1.543294E-15
6691.24575901182  1.514026E-15
6696.76308441313  1.496997E-15
6702.28040981444  1.466352E-15
6707.79773521575  1.435084E-15
6713.31506061706  1.408660E-15
6718.83238601837  1.385697E-15
6724.34971141968  1.365225E-15
6729.86703682099  1.351001E-15
6735.3843622223  1.325470E-15
6740.90168762361  1.314400E-15
6746.41901302492  1.300838E-15
6751.93633842623  1.297087E-15
6757.45366382754  1.293858E-15
6762.97098922885  1.277887E-15
6768.48831463016  1.270970E-15
6774.00564003147  1.266443E-15
6779.52296543278  1.271793E-15
6785.04029083409  1.282780E-15
6790.5576162354  1.259916E-15
6796.07494163671  1.241489E-15
6801.59226703802  1.277027E-15
6807.10959243933  1.257964E-15
6812.62691784064  1.274022E-15
6818.14424324195  1.268953E-15
6823.66156864326  1.279286E-15
6829.17889404457  1.268777E-15
6834.69621944588  1.271384E-15
6840.21354484719  1.269656E-15
6845.7308702485  1.258390E-15
6851.24819564981  1.271289E-15
6856.76552105112  1.230499E-15
6862.28284645243  1.147926E-15
6867.80017185374  1.140366E-15
6873.31749725505  1.229152E-15
6878.83482265636  1.264155E-15
6884.35214805767  1.232530E-15
6889.86947345898  1.221108E-15
6895.38679886029  1.235247E-15
6900.9041242616  1.252333E-15
6906.42144966291  1.242304E-15
6911.93877506422  1.232520E-15
6917.45610046553  1.236134E-15
6922.97342586684  1.247181E-15
6928.49075126815  1.242609E-15
6934.00807666946  1.256520E-15
6939.52540207077  1.250335E-15
6945.04272747208  1.230430E-15
6950.56005287339  1.220783E-15
6956.0773782747  1.233901E-15
6961.59470367601  1.214665E-15
6967.11202907732  1.221551E-15
6972.62935447863  1.235358E-15
6978.14667987994  1.240427E-15
6983.66400528125  1.234606E-15
6989.18133068256  1.263615E-15
6994.69865608387  1.249344E-15
7000.21598148518  1.272382E-15
7005.73330688649  1.283370E-15
7011.2506322878  1.250600E-15
7016.76795768911  1.234567E-15
7022.28528309042  1.251504E-15
7027.80260849173  1.270784E-15
7033.31993389304  1.264298E-15
7038.83725929435  1.251336E-15
7044.35458469566  1.243863E-15
7049.87191009697  1.248675E-15
7055.38923549828  1.256415E-15
7060.90656089959  1.251977E-15
7066.4238863009  1.256286E-15
7071.94121170221  1.233805E-15
7077.45853710352  1.237839E-15
7082.97586250483  1.247989E-15
7088.49318790614  1.246950E-15
7094.01051330745  1.235864E-15
7099.52783870876  1.240197E-15
7105.04516411007  1.244621E-15
7110.56248951138  1.257969E-15
7116.07981491269  1.250426E-15
7121.597140314  1.228789E-15
7127.11446571531  1.237046E-15
7132.63179111662  1.229179E-15
7138.14911651793  1.247878E-15
7143.66644191924  1.225549E-15
7149.18376732055  1.218508E-15
7154.70109272186  1.223673E-15
7160.21841812317  1.219601E-15
7165.73574352448  1.210070E-15
7171.25306892579  1.186539E-15
7176.7703943271  1.181549E-15
7182.28771972841  1.180822E-15
7187.80504512972  1.206635E-15
7193.32237053103  1.254891E-15
7198.83969593234  1.268088E-15
7204.35702133365  1.264765E-15
7209.87434673496  1.321650E-15
7215.39167213627  1.359268E-15
7220.90899753758  1.314005E-15
7226.42632293889  1.294989E-15
7231.9436483402  1.269019E-15
7237.46097374151  1.270681E-15
7242.97829914282  1.273802E-15
7248.49562454413  1.271766E-15
7254.01294994544  1.237043E-15
7259.53027534675  1.201785E-15
7265.04760074806  1.213268E-15
7270.56492614937  1.209684E-15
7276.08225155068  1.232359E-15
7281.59957695199  1.242935E-15
7287.1169023533  1.229133E-15
7292.63422775461  1.258830E-15
7298.15155315592  1.312248E-15
7303.66887855723  1.333612E-15
7309.18620395854  1.317618E-15
7314.70352935985  1.332237E-15
7320.22085476116  1.345184E-15
7325.73818016247  1.338992E-15
7331.25550556378  1.360881E-15
7336.77283096509  1.341369E-15
7342.2901563664  1.309013E-15
7347.80748176771  1.325273E-15
7353.32480716902  1.336459E-15
7358.84213257033  1.316427E-15
7364.35945797164  1.273986E-15
7369.87678337295  1.262537E-15
7375.39410877426  1.253128E-15
7380.91143417557  1.258358E-15
7386.42875957688  1.258415E-15
7391.94608497819  1.248159E-15
7397.4634103795  1.220875E-15
7402.98073578081  1.217989E-15
7408.49806118212  1.214738E-15
7414.01538658343  1.249855E-15
7419.53271198474  1.232187E-15
7425.05003738605  1.228510E-15
7430.56736278736  1.223456E-15
7436.08468818867  1.231450E-15
7441.60201358998  1.294314E-15
7447.11933899129  1.310331E-15
7452.6366643926  1.319692E-15
7458.15398979391  1.298589E-15
7463.67131519522  1.298151E-15
7469.18864059653  1.321442E-15
7474.70596599784  1.318731E-15
7480.22329139915  1.335656E-15
7485.74061680046  1.340465E-15
7491.25794220177  1.314915E-15
7496.77526760308  1.307206E-15
7502.29259300439  1.307435E-15
7507.8099184057  1.314266E-15
7513.32724380701  1.336199E-15
7518.84456920832  1.327236E-15
7524.36189460963  1.278080E-15
7529.87922001094  1.308878E-15
7535.39654541225  1.273431E-15
7540.91387081356  1.306661E-15
7546.43119621487  1.324730E-15
7551.94852161618  1.291088E-15
7557.46584701749  1.274243E-15
7562.9831724188  1.291486E-15
7568.50049782011  1.237042E-15
7574.01782322142  1.279571E-15
7579.53514862273  1.298143E-15
7585.05247402404  1.300266E-15
7590.56979942535  1.185578E-15
7596.08712482666  9.946227E-16
7601.60445022797  8.551629E-16
7607.12177562928  1.072111E-15
7612.63910103059  1.347682E-15
7618.1564264319  1.290783E-15
7623.67375183321  1.140872E-15
7629.19107723452  1.090477E-15
7634.70840263583  1.114356E-15
7640.22572803714  1.172318E-15
7645.74305343845  1.219466E-15
7651.26037883976  1.219562E-15
7656.77770424107  1.201544E-15
7662.29502964238  1.181787E-15
7667.81235504369  1.166508E-15
7673.329680445  1.196704E-15
7678.84700584631  1.229496E-15
7684.36433124762  1.244531E-15
7689.88165664893  1.232648E-15
7695.39898205024  1.265827E-15
7700.91630745155  1.243065E-15
7706.43363285286  1.267773E-15
7711.95095825417  1.245133E-15
7717.46828365548  1.198938E-15
7722.98560905679  1.095544E-15
7728.5029344581  1.001424E-15
7734.02025985941  9.515696E-16
7739.53758526072  9.843346E-16
7745.05491066203  1.038971E-15
7750.57223606334  1.102542E-15
7756.08956146465  1.138347E-15
7761.60688686596  1.158059E-15
7767.12421226727  1.203979E-15
7772.64153766858  1.243395E-15
7778.15886306989  1.278299E-15
7783.6761884712  1.317705E-15
7789.19351387251  1.330159E-15
7794.71083927382  1.332474E-15
7800.22816467513  1.304352E-15
7805.74549007644  1.266327E-15
7811.26281547775  1.300782E-15
7816.78014087906  1.291018E-15
7822.29746628037  1.303791E-15
7827.81479168168  1.281440E-15
7833.33211708299  1.239311E-15
7838.8494424843  1.219832E-15
7844.36676788561  1.208009E-15
7849.88409328692  1.218823E-15
7855.40141868823  1.229998E-15
7860.91874408954  1.241149E-15
7866.43606949085  1.216802E-15
7871.95339489216  1.193256E-15
7877.47072029347  1.207124E-15
7882.98804569478  1.226177E-15
7888.50537109609  1.226571E-15
7894.0226964974  1.223309E-15
7899.54002189871  1.205077E-15
7905.05734730002  1.202879E-15
7910.57467270133  1.201874E-15
7916.09199810264  1.185551E-15
7921.60932350395  1.225363E-15
7927.12664890526  1.244546E-15
7932.64397430657  1.206761E-15
7938.16129970788  1.226587E-15
7943.67862510919  1.209318E-15
7949.1959505105  1.190907E-15
7954.71327591181  1.187710E-15
7960.23060131312  1.240032E-15
7965.74792671443  1.242747E-15
7971.26525211574  1.226386E-15
7976.78257751705  1.186441E-15
7982.29990291836  1.179937E-15
7987.81722831967  1.206195E-15
7993.33455372098  1.200944E-15
7998.85187912229  1.221481E-15
8004.3692045236  1.231353E-15
8009.88652992491  1.212500E-15
8015.40385532622  1.201117E-15
8020.92118072753  1.216601E-15
8026.43850612884  1.211584E-15
8031.95583153015  1.230958E-15
8037.47315693146  1.246704E-15
8042.99048233277  1.225880E-15
8048.50780773408  1.200324E-15
8054.02513313539  1.189806E-15
8059.5424585367  1.199581E-15
8065.05978393801  1.214701E-15
8070.57710933932  1.224121E-15
8076.09443474063  1.230378E-15
8081.61176014194  1.215036E-15
8087.12908554325  1.206884E-15
8092.64641094456  1.196222E-15
8098.16373634587  1.182742E-15
8103.68106174718  1.237499E-15
8109.19838714849  1.231247E-15
8114.7157125498  1.223356E-15
8120.23303795111  1.184601E-15
8125.75036335242  1.148480E-15
8131.26768875373  1.144869E-15
8136.78501415504  1.136248E-15
8142.30233955635  1.136497E-15
8147.81966495766  1.136088E-15
8153.33699035897  1.089090E-15
8158.85431576028  1.060236E-15
8164.37164116159  1.047246E-15
8169.8889665629  1.070176E-15
8175.40629196421  1.105479E-15
8180.92361736552  1.117963E-15
8186.44094276683  1.117618E-15
8191.95826816814  1.091966E-15
8197.47559356945  1.081143E-15
8202.99291897076  1.099955E-15
8208.51024437207  1.133885E-15
8214.02756977338  1.154674E-15
8219.54489517469  1.123384E-15
8225.062220576  1.109711E-15
8230.57954597731  1.098004E-15
8236.09687137862  1.131594E-15
8241.61419677993  1.133251E-15
8247.13152218124  1.189106E-15
8252.64884758255  1.178884E-15
8258.16617298386  1.202619E-15
8263.68349838517  1.165911E-15
8269.20082378648  1.145845E-15
8274.71814918779  1.142061E-15
8280.2354745891  1.125335E-15
8285.75279999041  1.156119E-15
8291.27012539172  1.159092E-15
8296.78745079303  1.161298E-15
8302.30477619434  1.134480E-15
8307.82210159565  1.138698E-15
8313.33942699696  1.144411E-15
8318.85675239827  1.154218E-15
8324.37407779958  1.179727E-15
8329.89140320089  1.186009E-15
8335.4087286022  1.162659E-15
8340.92605400351  1.136709E-15
8346.44337940482  1.158004E-15
8351.96070480613  1.190616E-15
8357.47803020744  1.151787E-15
8362.99535560875  1.117144E-15
8368.51268101006  1.080892E-15
8374.03000641137  9.754498E-16
8379.54733181268  8.479403E-16
8385.06465721399  7.238820E-16
8390.5819826153  5.787560E-16
8396.09930801661  4.467847E-16
8401.61663341792  3.758955E-16
8407.13395881923  2.713729E-16
8412.65128422054  2.202773E-16
8418.16860962185  2.131709E-16
8423.68593502316  1.912400E-16
8429.20326042447  2.047022E-16
8434.72058582578  2.009855E-16
8440.23791122709  2.123230E-16
8445.7552366284  2.439266E-16
8451.27256202971  2.672048E-16
8456.78988743102  3.004375E-16
8462.30721283233  3.503097E-16
8467.82453823364  4.043908E-16
8473.34186363495  4.803277E-16
8478.85918903626  5.698020E-16
8484.37651443757  6.496410E-16
8489.89383983888  7.584326E-16
8495.41116524019  8.816753E-16
8500.9284906415  1.020219E-15
8506.44581604281  1.218972E-15
8511.96314144412  1.388986E-15
8517.48046684543  1.450985E-15
8522.99779224674  1.458699E-15
8528.51511764805  1.422619E-15
8534.03244304936  1.375665E-15
8539.54976845067  1.299250E-15
8545.06709385198  1.194940E-15
8550.58441925329  1.101993E-15
8556.1017446546  1.030000E-15
8561.61907005591  9.070058E-16
8567.13639545722  7.811103E-16
8572.65372085853  7.627150E-16
8578.17104625984  7.219434E-16
8583.68837166115  7.150429E-16
8589.20569706246  7.009831E-16
8594.72302246377  7.373760E-16
8600.24034786508  7.682927E-16
8605.75767326639  8.250363E-16
8611.2749986677  9.402543E-16
8616.79232406901  1.068142E-15
8622.30964947032  1.237856E-15
8627.82697487163  1.364704E-15
8633.34430027294  1.462837E-15
8638.86162567425  1.571185E-15
8644.37895107556  1.596134E-15
8649.89627647687  1.701658E-15
8655.41360187818  1.865350E-15
8660.93092727949  1.935775E-15
8666.4482526808  1.985130E-15
8671.96557808211  2.022236E-15
8677.48290348342  2.010373E-15
8683.00022888473  1.959983E-15
8688.51755428604  1.963199E-15
8694.03487968735  1.980196E-15
8699.55220508866  1.983174E-15
8705.06953048997  1.946435E-15
8710.58685589128  1.927840E-15
8716.10418129259  1.892290E-15
8721.6215066939  1.786341E-15
8727.13883209521  1.781767E-15
8732.65615749652  1.803200E-15
8738.17348289783  1.802074E-15
8743.69080829914  1.792690E-15
8749.20813370045  1.730757E-15
8754.72545910176  1.648492E-15
8760.24278450307  1.618099E-15
8765.76010990438  1.552256E-15
8771.27743530569  1.513670E-15
8776.794760707  1.511460E-15
8782.31208610831  1.500052E-15
8787.82941150962  1.436311E-15
8793.34673691093  1.352291E-15
8798.86406231224  1.295660E-15
8804.38138771355  1.271161E-15
8809.89871311486  1.250253E-15
8815.41603851617  1.234196E-15
8820.93336391748  1.229726E-15
8826.45068931879  1.189965E-15
8831.9680147201  1.150132E-15
8837.48534012141  1.136931E-15
8843.00266552272  1.129788E-15
8848.51999092403  1.158912E-15
8854.03731632534  1.141764E-15
8859.55464172665  1.070934E-15
8865.07196712796  1.008962E-15
8870.58929252927  9.639656E-16
8876.10661793058  9.434033E-16
8881.62394333189  9.359701E-16
8887.1412687332  9.822704E-16
8892.65859413451  1.010511E-15
8898.17591953582  1.029196E-15
8903.69324493713  1.060626E-15
8909.21057033844  1.030850E-15
8914.72789573975  1.080604E-15
8920.24522114106  1.129524E-15
8925.76254654237  1.172064E-15
8931.27987194368  1.144083E-15
8936.79719734499  1.131829E-15
8942.3145227463  1.093574E-15
8947.83184814761  1.118627E-15
8953.34917354892  1.153483E-15
8958.86649895023  1.115428E-15
8964.38382435154  1.092540E-15
8969.90114975285  1.055121E-15
8975.41847515416  1.013570E-15
8980.93580055547  1.026676E-15
8986.45312595678  1.056488E-15
8991.97045135809  1.078502E-15
8997.4877767594  1.063522E-15
9003.00510216071  1.046367E-15
9008.52242756202  1.007400E-15
9014.03975296333  9.898756E-16
9019.55707836464  9.901806E-16
9025.07440376595  9.580250E-16
9030.59172916726  9.602975E-16
9036.10905456857  9.202493E-16
9041.62637996988  8.559040E-16
9047.14370537119  8.742086E-16
9052.6610307725  8.517606E-16
9058.17835617381  8.853318E-16
9063.69568157512  8.972745E-16
9069.21300697643  9.239417E-16
9074.73033237774  9.590952E-16
9080.24765777905  9.784728E-16
9085.76498318036  1.009714E-15
9091.28230858167  1.078990E-15
9096.79963398298  1.093073E-15
9102.31695938429  1.080192E-15
9107.8342847856  1.074165E-15
9113.35161018691  1.099710E-15
9118.86893558822  1.098520E-15
9124.38626098953  1.090087E-15
9129.90358639084  1.086650E-15
9135.42091179215  1.075345E-15
9140.93823719346  1.024114E-15
9146.45556259477  9.861536E-16
9151.97288799608  1.000786E-15
9157.49021339739  9.619446E-16
9163.0075387987  8.789976E-16
9168.52486420001  8.213600E-16
9174.04218960132  8.250305E-16
9179.55951500263  8.296464E-16
9185.07684040394  8.318422E-16
9190.59416580525  8.555682E-16
9196.11149120656  8.693019E-16
9201.62881660787  8.991834E-16
9207.14614200918  8.802063E-16
9212.66346741049  9.043512E-16
9218.1807928118  1.002349E-15
9223.69811821311  1.017451E-15
9229.21544361442  1.028134E-15
9234.73276901573  1.013964E-15
9240.25009441704  1.039176E-15
9245.76741981835  1.001249E-15
