  3508.17383  3.8068162E-16
  3511.05225  4.77391687E-16
  3513.93066  3.95964954E-16
  3516.80908  1.675556E-15
  3519.68726  1.31932422E-15
  3522.56567  5.7647416E-16
  3525.44409  1.30808558E-15
  3528.32251  3.63236447E-16
  3531.20093  1.21904156E-15
  3534.07935  4.2164244E-16
  3536.95752  1.48209421E-15
  3539.83594  1.02049365E-15
  3542.71436  1.23227751E-15
  3545.59277  1.26557173E-15
  3548.47119  8.69486202E-16
  3551.34961 -4.602029E-16
  3554.22803  6.23925422E-16
  3557.1062  4.87630747E-17
  3559.98462  1.73080171E-15
  3562.86304  6.73392358E-16
  3565.74146  9.45835529E-16
  3568.61987  1.73445094E-15
  3571.49829  1.16743354E-15
  3574.37646  5.8875709E-16
  3577.25488  1.39471227E-15
  3580.1333  1.524407E-15
  3583.01172  1.62595735E-15
  3585.89014  1.81709277E-15
  3588.76855  5.59628739E-16
  3591.64697  9.94913677E-16
  3594.52515  9.2424773E-16
  3597.40356  8.18589846E-16
  3600.28198  7.72361752E-16
  3603.1604  1.59586375E-15
  3606.03882  3.8771705E-16
  3608.91724  8.78940572E-16
  3611.79541  4.0654503E-16
  3614.67383  2.51052492E-16
  3617.55225  7.96123991E-16
  3620.43066  1.1248084E-15
  3623.30908  1.26301242E-15
  3626.1875 -1.02285019E-16
  3629.06592  6.11456462E-16
  3631.94409  1.13598034E-15
  3634.82251  3.91549556E-16
  3637.70093  6.90853836E-16
  3640.57935  7.05249955E-16
  3643.45776  1.1731058E-15
  3646.33618  1.62615754E-16
  3649.21436  1.48594789E-15
  3652.09277  1.28563336E-16
  3654.97119 -8.75381155E-17
  3657.84961  5.45706376E-16
  3660.72803 -6.26339625E-16
  3663.60645  8.38017764E-16
  3666.48486  4.91662445E-16
  3669.36304  6.18079783E-16
  3672.24146  1.39573846E-15
  3675.11987  1.59916316E-15
  3677.99829  2.40589041E-16
  3680.87671  9.4476975E-16
  3683.75513  1.14973912E-15
  3686.6333  1.50464836E-15
  3689.51172  1.68417043E-15
  3692.39014  1.26522561E-15
  3695.26855  1.2703384E-15
  3698.14697  1.31787125E-15
  3701.02539  1.95053392E-15
  3703.90381  1.63466549E-15
  3706.78198  2.00943214E-15
  3709.6604  1.21167745E-15
  3712.53882  1.69875157E-15
  3715.41724  1.40530326E-15
  3718.29565  1.61286826E-15
  3721.17407  1.58104586E-15
  3724.05225  1.49652108E-15
  3726.93066  1.47618763E-15
  3729.80908  1.03599562E-15
  3732.6875  1.16191046E-15
  3735.56592  7.93473625E-16
  3738.44434  1.69350071E-15
  3741.32275  1.55343968E-15
  3744.20093  1.28322961E-15
  3747.07935  1.24051744E-15
  3749.95776  1.28487995E-15
  3752.83618  5.76767815E-16
  3755.7146  3.98220946E-16
  3758.59302  1.91310311E-15
  3761.47119  9.9764557E-16
  3764.34961  1.32629298E-15
  3767.22803  1.66111398E-15
  3770.10645  1.25038887E-15
  3772.98486  1.15856383E-15
  3775.86328  4.75031165E-16
  3778.74146  1.1940885E-15
  3781.61987  1.14896102E-15
  3784.49829  7.488226E-16
  3787.37671  8.03614885E-16
  3790.25513  8.63484445E-16
  3793.13354  4.40422563E-16
  3796.01196  7.84791431E-16
  3798.89014  8.72656435E-16
  3801.76855  4.37515334E-16
  3804.64697  2.7171549E-16
  3807.52539  2.86969204E-16
  3810.40381  7.93062602E-16
  3813.28223  6.06150435E-16
  3816.1604  6.42620604E-17
  3819.03882  4.74363067E-16
  3821.91724  5.61622866E-16
  3824.79565  9.29774302E-16
  3827.67407  6.24568743E-16
  3830.55249  5.59129625E-16
  3833.43091  3.95615923E-16
  3836.30908  6.8135092E-16
  3839.1875  8.78101904E-16
  3842.06592  5.71898858E-16
  3844.94434  4.17834391E-16
  3847.82275  7.16960291E-16
  3850.70117  6.66229053E-16
  3853.57935  7.92336959E-16
  3856.45776  5.27866645E-16
  3859.33618  9.13695605E-16
  3862.2146  8.79985546E-16
  3865.09302  4.06251507E-16
  3867.97144  6.79086801E-16
  3870.84985  7.77641891E-16
  3873.72803  6.11473296E-16
  3876.60645  6.72371736E-16
  3879.48486  6.2306706E-16
  3882.36328  4.85040129E-16
  3885.2417  8.32026647E-16
  3888.12012  4.09230892E-16
  3890.99829  4.77507644E-17
  3893.87671  6.68848714E-16
  3896.75513  1.73983823E-16
  3899.63354  1.0323915E-15
  3902.51196  8.33736489E-16
  3905.39038  8.53500097E-16
  3908.2688  2.21180023E-16
  3911.14697  8.26863928E-16
  3914.02539  4.88130423E-16
  3916.90381  8.33282003E-16
  3919.78223  7.12473823E-16
  3922.66064  7.60831251E-16
  3925.53906  7.61374888E-16
  3928.41724  6.66079181E-16
  3931.29565  9.08289311E-16
  3934.17407  1.16647544E-15
  3937.05249  4.25957914E-16
  3939.93091  1.12775703E-15
  3942.80933  1.02666153E-15
  3945.68774  4.09583232E-16
  3948.56592  6.39498493E-16
  3951.44434  1.14119341E-15
  3954.32275  8.2234289E-16
  3957.20117  9.21818968E-16
  3960.07959  9.74787644E-16
  3962.95801  8.26889127E-16
  3965.83618  9.07056243E-16
  3968.7146  8.60755199E-16
  3971.59302  6.61560102E-16
  3974.47144  8.33051821E-16
  3977.34985  7.21064801E-16
  3980.22827  6.19139474E-16
  3983.10669  8.07629769E-16
  3985.98486  8.6432576E-16
  3988.86328  1.15757735E-15
  3991.7417  7.17918286E-16
  3994.62012  7.64004448E-16
  3997.49854  1.31225161E-15
  4000.37695  1.25689451E-15
  4003.25513  1.11086253E-15
  4006.13354  1.41441511E-15
  4009.01196  9.62681214E-16
  4011.89038  1.07952644E-15
  4014.7688  7.28868198E-16
  4017.64722  1.00267197E-15
  4020.52563  9.57593829E-16
  4023.40381  7.64255858E-16
  4026.28223  1.00473831E-15
  4029.16064  6.61486357E-16
  4032.03906  1.16785673E-15
  4034.91748  6.05385406E-16
  4037.7959  9.92297404E-16
  4040.67407  7.8704295E-16
  4043.55249  1.37252128E-15
  4046.43091  6.10730237E-16
  4049.30933  5.98982366E-16
  4052.18774  8.67361685E-16
  4055.06616  1.42705009E-15
  4057.94458  1.14707912E-15
  4060.82275  1.38567782E-15
  4063.70117  1.1495983E-15
  4066.57959  1.01126787E-15
  4069.45801  1.25792916E-15
  4072.33643  1.3278476E-15
  4075.21484  1.0655269E-15
  4078.09302  1.04517926E-15
  4080.97144  1.46046257E-15
  4083.84985  1.64692841E-15
  4086.72827  1.35945823E-15
  4089.60669  1.44187242E-15
  4092.48511  1.04207202E-15
  4095.36353  7.3544705E-16
  4098.2417  1.40643055E-15
  4101.12012  1.10735529E-15
  4103.99854  9.32947181E-16
  4106.87695  9.95416497E-16
  4109.75537  1.01443323E-15
  4112.63379  1.25194678E-15
  4115.51221  1.34299816E-15
  4118.39062  1.36791025E-15
  4121.26904  1.39114182E-15
  4124.14697  1.47290834E-15
  4127.02539  1.25087179E-15
  4129.90381  1.24268352E-15
  4132.78223  7.38990983E-16
  4135.66064  1.12243735E-15
  4138.53906  8.45278901E-16
  4141.41748  9.06612186E-16
  4144.2959  1.11911772E-15
  4147.17432  1.02556663E-15
  4150.05273  1.13802921E-15
  4152.93115  1.18773363E-15
  4155.80957  7.79139974E-16
  4158.68799  6.78119225E-16
  4161.56592  9.20079692E-16
  4164.44434  9.76406219E-16
  4167.32275  7.35272297E-16
  4170.20117  6.22997603E-16
  4173.07959  9.67942771E-16
  4175.95801  8.88517551E-16
  4178.83643  8.92627672E-16
  4181.71484  9.02740928E-16
  4184.59326  9.28266583E-16
  4187.47168  1.0059052E-15
  4190.3501  1.02262754E-15
  4193.22852  9.96630507E-16
  4196.10693  5.41495881E-16
  4198.98486  1.02240699E-15
  4201.86328  1.05436438E-15
  4204.7417  6.58763463E-16
  4207.62012  8.0157216E-16
  4210.49854  8.17016641E-16
  4213.37695  8.22323302E-16
  4216.25537  9.82899573E-16
  4219.13379  7.4868951E-16
  4222.01221  9.20561972E-16
  4224.89062  8.68836264E-16
  4227.76904  9.21946341E-16
  4230.64746  9.82995182E-16
  4233.52588  8.20320916E-16
  4236.40381  1.11843173E-15
  4239.28223  1.01510673E-15
  4242.16064  6.13477747E-16
  4245.03906  8.99033888E-16
  4247.91748  9.10645122E-16
  4250.7959  6.98065422E-16
  4253.67432  9.36241187E-16
  4256.55273  9.86526674E-16
  4259.43115  8.34924347E-16
  4262.30957  5.6638568E-16
  4265.18799  2.84057369E-16
  4268.06641  6.6934227E-16
  4270.94482  5.38359424E-16
  4273.82275  9.72987805E-16
  4276.70117  7.73021485E-16
  4279.57959  9.62739342E-16
  4282.45801  8.659248E-16
  4285.33643  7.35040898E-16
  4288.21484  8.78502604E-16
  4291.09326  9.70916916E-16
  4293.97168  7.56384011E-16
  4296.8501  1.18739503E-15
  4299.72852  8.38512219E-16
  4302.60693  8.71571121E-16
  4305.48535  1.08052192E-15
  4308.36377  1.01023756E-15
  4311.2417  1.3117185E-15
  4314.12012  1.17641537E-15
  4316.99854  1.0623987E-15
  4319.87695  9.66138485E-16
  4322.75537  1.28252975E-15
  4325.63379  1.01767504E-15
  4328.51221  1.13291144E-15
  4331.39062  1.22609406E-15
  4334.26904  1.25598088E-15
  4337.14746  1.25272012E-15
  4340.02588  1.23237809E-15
  4342.9043  9.85788273E-16
  4345.78271  1.323547E-15
  4348.66064  1.15624529E-15
  4351.53906  1.09211907E-15
  4354.41748  1.26945781E-15
  4357.2959  1.11306228E-15
  4360.17432  1.33070623E-15
  4363.05273  6.79785233E-16
  4365.93115  1.23180253E-15
  4368.80957  1.12722414E-15
  4371.68799  1.13756535E-15
  4374.56641  1.21468389E-15
  4377.44482  1.16246632E-15
  4380.32324  9.86802066E-16
  4383.20166  9.55416636E-16
  4386.07959  1.02640594E-15
  4388.95801  9.90352404E-16
  4391.83643  1.01180627E-15
  4394.71484  7.77737182E-16
  4397.59326  8.89313338E-16
  4400.47168  9.36635163E-16
  4403.3501  1.11333375E-15
  4406.22852  1.08168585E-15
  4409.10693  8.48196823E-16
  4411.98535  8.03157699E-16
  4414.86377  1.07922448E-15
  4417.74219  1.0079114E-15
  4420.62061  8.86662813E-16
  4423.49854  1.0171664E-15
  4426.37695  9.92061611E-16
  4429.25537  8.35634266E-16
  4432.13379  9.02732775E-16
  4435.01221  6.66205866E-16
  4437.89062  9.60420589E-16
  4440.76904  7.06154851E-16
  4443.64746  8.46747762E-16
  4446.52588  1.16972974E-15
  4449.4043  9.30170607E-16
  4452.28271  8.38995028E-16
  4455.16113  1.08810329E-15
  4458.03955  1.04426362E-15
  4460.91748  8.76056531E-16
  4463.7959  1.00528676E-15
  4466.67432  1.12260135E-15
  4469.55273  1.05288207E-15
  4472.43115  9.57971288E-16
  4475.30957  1.03340656E-15
  4478.18799  9.86719798E-16
  4481.06641  1.06148591E-15
  4483.94482  1.02906329E-15
  4486.82324  9.71818265E-16
  4489.70166  9.45299886E-16
  4492.58008  1.20061478E-15
  4495.4585  1.06032495E-15
  4498.33643  9.62304708E-16
  4501.21484  1.06084577E-15
  4504.09326  1.02245929E-15
  4506.97168  9.61798606E-16
  4509.8501  9.16384829E-16
  4512.72852  1.06835906E-15
  4515.60693  8.84916919E-16
  4518.48535  8.30970238E-16
  4521.36377  8.75225062E-16
  4524.24219  9.24062759E-16
  4527.12061  1.06717448E-15
  4529.99902  1.02113453E-15
  4532.87744  1.16964376E-15
  4535.75537  1.20486339E-15
  4538.63379  7.16346298E-16
  4541.51221  1.24931992E-15
  4544.39062  9.4801738E-16
  4547.26904  1.08861574E-15
  4550.14746  8.78154526E-16
  4553.02588  1.07238045E-15
  4555.9043  8.799568E-16
  4558.78271  9.60359709E-16
  4561.66113  1.1474767E-15
  4564.53955  1.13070375E-15
  4567.41797  1.11868997E-15
  4570.29639  1.19216224E-15
  4573.17432  9.5965413E-16
  4576.05273  1.15012463E-15
  4578.93115  9.30717685E-16
  4581.80957  9.74862819E-16
  4584.68799  9.23687523E-16
  4587.56641  8.19581615E-16
  4590.44482  7.74679816E-16
  4593.32324  1.01990041E-15
  4596.20166  1.07300524E-15
  4599.08008  1.22804298E-15
  4601.9585  1.03785549E-15
  4604.83691  1.04575196E-15
  4607.71533  1.01346709E-15
  4610.59326  9.85028061E-16
  4613.47168  8.76425679E-16
  4616.3501  8.05179355E-16
  4619.22852  9.35832282E-16
  4622.10693  1.09355204E-15
  4624.98535  9.9086073E-16
  4627.86377  1.04245022E-15
  4630.74219  1.08055019E-15
  4633.62061  9.8815393E-16
  4636.49902  9.2777361E-16
  4639.37744  7.57167198E-16
  4642.25586  9.64408526E-16
  4645.13428  7.65060434E-16
  4648.01221  8.10744521E-16
  4650.89062  1.07385249E-15
  4653.76904  8.75981886E-16
  4656.64746  9.08629713E-16
  4659.52588  9.85404567E-16
  4662.4043  7.9153519E-16
  4665.28271  1.06023601E-15
  4668.16113  9.69393527E-16
  4671.03955  9.42079573E-16
  4673.91797  1.01731431E-15
  4676.79639  9.69731705E-16
  4679.6748  7.67878142E-16
  4682.55322  9.38668465E-16
  4685.43115  9.38448237E-16
  4688.30957  9.26696078E-16
  4691.18799  1.0148685E-15
  4694.06641  8.74444892E-16
  4696.94482  9.11312584E-16
  4699.82324  1.02218178E-15
  4702.70166  9.62360401E-16
  4705.58008  8.73129185E-16
  4708.4585  8.39693777E-16
  4711.33691  7.77150294E-16
  4714.21533  8.69116155E-16
  4717.09375  9.21829662E-16
  4719.97217  9.64203438E-16
  4722.8501  1.03909121E-15
  4725.72852  9.44028066E-16
  4728.60693  8.51984649E-16
  4731.48535  8.9892388E-16
  4734.36377  8.25109035E-16
  4737.24219  8.66686282E-16
  4740.12061  9.96178826E-16
  4742.99902  7.57694371E-16
  4745.87744  7.7225492E-16
  4748.75586  9.179043E-16
  4751.63428  7.38929679E-16
  4754.5127  6.60129939E-16
  4757.39111  9.90632137E-16
  4760.26904  7.80956119E-16
  4763.14746  8.77890728E-16
  4766.02588  6.71425812E-16
  4768.9043  8.11723744E-16
  4771.78271  7.18358478E-16
  4774.66113  8.84431675E-16
  4777.53955  6.70220643E-16
  4780.41797  8.45905705E-16
  4783.29639  7.09241863E-16
  4786.1748  8.7716355E-16
  4789.05322  8.72685446E-16
  4791.93164  7.65355995E-16
  4794.81006  7.16306223E-16
  4797.68799  9.0943217E-16
  4800.56641  9.62328002E-16
  4803.44482  8.85164041E-16
  4806.32324  1.11356965E-15
  4809.20166  1.0375224E-15
  4812.08008  1.02327372E-15
  4814.9585  1.14747543E-15
  4817.83691  1.13508429E-15
  4820.71533  1.09222273E-15
  4823.59375  1.22159716E-15
  4826.47217  1.19925582E-15
  4829.35059  1.19408945E-15
  4832.229  1.37732788E-15
  4835.10693  1.37335275E-15
  4837.98535  1.32681665E-15
  4840.86377  1.32126393E-15
  4843.74219  1.37919251E-15
  4846.62061  1.26342354E-15
  4849.49902  1.47546607E-15
  4852.37744  1.49414558E-15
  4855.25586  1.40562259E-15
  4858.13428  1.50492206E-15
  4861.0127  1.49998672E-15
  4863.89111  1.7338685E-15
  4866.76953  1.51530107E-15
  4869.64795  1.4970581E-15
  4872.52588  1.28213789E-15
  4875.4043  1.2621278E-15
  4878.28271  1.47433697E-15
  4881.16113  1.33120206E-15
  4884.03955  1.28185149E-15
  4886.91797  1.24948329E-15
  4889.79639  1.33665124E-15
  4892.6748  1.31714026E-15
  4895.55322  1.22663595E-15
  4898.43164  1.21855049E-15
  4901.31006  1.33458045E-15
  4904.18848  1.32320808E-15
  4907.06689  1.27818119E-15
  4909.94482  1.30769658E-15
  4912.82324  1.24518629E-15
  4915.70166  1.38944045E-15
  4918.58008  1.26145557E-15
  4921.4585  1.09893292E-15
  4924.33691  1.21838151E-15
  4927.21533  1.12060045E-15
  4930.09375  1.12146993E-15
  4932.97217  1.1613889E-15
  4935.85059  1.26727458E-15
  4938.729  1.11635787E-15
  4941.60742  1.23579481E-15
  4944.48584  1.16723681E-15
  4947.36377  1.01830756E-15
  4950.24219  9.89695954E-16
  4953.12061  9.48936728E-16
  4955.99902  1.12578037E-15
  4958.87744  1.07582682E-15
  4961.75586  1.06960134E-15
  4964.63428  1.16325438E-15
  4967.5127  1.32313376E-15
  4970.39111  9.24372879E-16
  4973.26953  1.05719844E-15
  4976.14795  1.01768648E-15
  4979.02637  1.18133525E-15
  4981.90479  1.07693516E-15
  4984.78271  1.15153759E-15
  4987.66113  1.09347919E-15
  4990.53955  1.13668889E-15
  4993.41797  1.10731251E-15
  4996.29639  1.16035594E-15
  4999.1748  1.22928706E-15
  5002.05322  1.01561304E-15
  5004.93164  1.0957035E-15
  5007.81006  1.12199424E-15
  5010.68848  9.987789E-16
  5013.56689  1.04268358E-15
  5016.44531  1.04919292E-15
  5019.32324  1.03942748E-15
  5022.20166  1.02583398E-15
  5025.08008  1.13679561E-15
  5027.9585  1.01188006E-15
  5030.83691  9.62148325E-16
  5033.71533  1.22920892E-15
  5036.59375  1.15648267E-15
  5039.47217  9.74076666E-16
  5042.35059  1.05189199E-15
  5045.229  1.00922684E-15
  5048.10742  9.97381613E-16
  5050.98584  1.01062762E-15
  5053.86426  1.00415957E-15
  5056.74219  9.50878128E-16
  5059.62061  1.14245062E-15
  5062.49902  1.0418176E-15
  5065.37744  8.52157602E-16
  5068.25586  1.01531171E-15
  5071.13428  9.80357945E-16
  5074.0127  9.56700738E-16
  5076.89111  1.00733764E-15
  5079.76953  1.006694E-15
  5082.64795  1.08867355E-15
  5085.52637  9.85184656E-16
  5088.40479  8.73121456E-16
  5091.2832  9.88328419E-16
  5094.16113  1.12989018E-15
  5097.03955  1.08859309E-15
  5099.91797  1.0190251E-15
  5102.79639  1.15982612E-15
  5105.6748  1.0295262E-15
  5108.55322  1.09192065E-15
  5111.43164  8.97991296E-16
  5114.31006  1.03685801E-15
  5117.18848  8.6892499E-16
  5120.06689  1.12684531E-15
  5122.94531  9.56942248E-16
  5125.82373  1.05265094E-15
  5128.70215  1.09651549E-15
  5131.58008  1.05086116E-15
  5134.4585  1.06586613E-15
  5137.33691  1.09472306E-15
  5140.21533  1.16541124E-15
  5143.09375  1.13170622E-15
  5145.97217  9.96831359E-16
  5148.85059  1.04870588E-15
  5151.729  1.16833256E-15
  5154.60742  1.01561601E-15
  5157.48584  9.81819818E-16
  5160.36426  1.17333439E-15
  5163.24268  1.18892647E-15
  5166.12109  1.07811592E-15
  5168.99902  1.10269915E-15
  5171.87744  1.17778153E-15
  5174.75586  1.13506089E-15
  5177.63428  9.99321318E-16
  5180.5127  1.16115289E-15
  5183.39111  1.05423457E-15
  5186.26953  1.00176681E-15
  5189.14795  1.17005796E-15
  5192.02637  1.19721299E-15
  5194.90479  1.05883375E-15
  5197.7832  1.11666884E-15
  5200.66162  1.11833389E-15
  5203.54004  1.17116408E-15
  5206.41797  1.1203978E-15
  5209.29639  1.13400856E-15
  5212.1748  9.91528298E-16
  5215.05322  1.18691847E-15
  5217.93164  1.10129625E-15
  5220.81006  1.16931734E-15
  5223.68848  1.06281607E-15
  5226.56689  1.18303938E-15
  5229.44531  9.52341165E-16
  5232.32373  1.14603928E-15
  5235.20215  1.10809009E-15
  5238.08057  1.04793413E-15
  5240.95898  1.1073213E-15
  5243.83691  1.04703003E-15
  5246.71533  1.00327199E-15
  5249.59375  1.00826239E-15
  5252.47217  9.82631911E-16
  5255.35059  8.99376407E-16
  5258.229  9.72346495E-16
  5261.10742  1.07090323E-15
  5263.98584  1.01635759E-15
  5266.86426  1.10888757E-15
  5269.74268  9.54208873E-16
  5272.62109  1.22461313E-15
  5275.49951  1.20438948E-15
  5278.37793  1.14183779E-15
  5281.25586  9.80216702E-16
  5284.13428  9.48303254E-16
  5287.0127  1.12580176E-15
  5289.89111  1.09622845E-15
  5292.76953  1.08707584E-15
  5295.64795  1.03633073E-15
  5298.52637  1.0336613E-15
  5301.40479  1.16085865E-15
  5304.2832  9.61902791E-16
  5307.16162  1.12809722E-15
  5310.04004  1.10808342E-15
  5312.91846  1.06182886E-15
  5315.79688  1.07367662E-15
  5318.6748  1.14355748E-15
  5321.55322  1.01403502E-15
  5324.43164  9.7305578E-16
  5327.31006  1.0213357E-15
  5330.18848  1.05652463E-15
  5333.06689  9.62295391E-16
  5335.94531  1.07101885E-15
  5338.82373  9.8480508E-16
  5341.70215  1.00852645E-15
  5344.58057  1.11179173E-15
  5347.45898  1.07418018E-15
  5350.3374  1.03690999E-15
  5353.21582  9.38648666E-16
  5356.09375  1.01951776E-15
  5358.97217  9.13039684E-16
  5361.85059  1.05803478E-15
  5364.729  1.11742408E-15
  5367.60742  1.03620833E-15
  5370.48584  8.35072471E-16
  5373.36426  9.91854935E-16
  5376.24268  1.10542554E-15
  5379.12109  1.10503325E-15
  5381.99951  9.16101178E-16
  5384.87793  9.11374523E-16
  5387.75635  1.1003642E-15
  5390.63477  1.12200229E-15
  5393.5127  1.09635275E-15
  5396.39111  9.67496279E-16
  5399.26953  1.10108957E-15
  5402.14795  1.00187618E-15
  5405.02637  1.076039E-15
  5407.90479  1.12002563E-15
  5410.7832  1.01682864E-15
  5413.66162  1.01746847E-15
  5416.54004  9.15300944E-16
  5419.41846  1.15867437E-15
  5422.29688  1.12595423E-15
  5425.17529  1.14379073E-15
  5428.05371  9.8962925E-16
  5430.93164  8.36472935E-16
  5433.81006  1.06578026E-15
  5436.68848  9.66279093E-16
  5439.56689  8.99177248E-16
  5442.44531  1.05901342E-15
  5445.32373  9.13680464E-16
  5448.20215  1.0352694E-15
  5451.08057  9.918543E-16
  5453.95898  9.19761631E-16
  5456.8374  9.97579925E-16
  5459.71582  1.11644872E-15
  5462.59424  1.03020933E-15
  5465.47266  1.08412615E-15
  5468.35059  1.02182222E-15
  5471.229  9.89912582E-16
  5474.10742  9.93100391E-16
  5476.98584  9.5932347E-16
  5479.86426  1.07874665E-15
  5482.74268  1.01792629E-15
  5485.62109  1.10310244E-15
  5488.49951  1.17297758E-15
  5491.37793  1.0029265E-15
  5494.25635  1.04758663E-15
  5497.13477  1.03466123E-15
  5500.01318  9.86256365E-16
  5502.8916  9.49962273E-16
  5505.76953  9.96684293E-16
  5508.64795  9.1802352E-16
  5511.52637  9.60335568E-16
  5514.40479  1.13739986E-15
  5517.2832  9.3497339E-16
  5520.16162  9.31384512E-16
  5523.04004  1.11500897E-15
  5525.91846  1.01310043E-15
  5528.79688  1.06804269E-15
  5531.67529  1.08990217E-15
  5534.55371  9.87024729E-16
  5537.43213  9.35972783E-16
  5540.31055  9.81033877E-16
  5543.18848  1.05505746E-15
  5546.06689  1.10895713E-15
  5548.94531  1.0855677E-15
  5551.82373  9.95219138E-16
  5554.70215  1.00548306E-15
  5557.58057  1.01655452E-15
  5560.45898  9.97560337E-16
  5563.3374  9.03113728E-16
  5566.21582  1.01137587E-15
  5569.09424  1.06828695E-15
  5571.97266  1.04905401E-15
  5574.85107  1.01747239E-15
  5577.72949  1.14576093E-15
  5580.60742  1.11415876E-15
  5583.48584  1.11483088E-15
  5586.36426  9.462078E-16
  5589.24268  9.72707967E-16
  5592.12109  9.08222925E-16
  5594.99951  1.05662278E-15
  5597.87793  1.00257403E-15
  5600.75635  9.52666214E-16
  5603.63477  9.37965534E-16
  5606.51318  1.05862273E-15
  5609.3916  1.02271976E-15
  5612.27002  1.05058735E-15
  5615.14844  1.12141995E-15
  5618.02637  1.07215916E-15
  5620.90479  1.06474985E-15
  5623.7832  1.00525934E-15
  5626.66162  1.05237184E-15
  5629.54004  1.07952422E-15
  5632.41846  9.78875955E-16
  5635.29688  9.52639533E-16
  5638.17529  1.04833435E-15
  5641.05371  1.03678982E-15
  5643.93213  1.00321799E-15
  5646.81055  1.03728745E-15
  5649.68896  1.14738543E-15
  5652.56738  1.02710813E-15
  5655.44531  9.61479275E-16
  5658.32373  1.00331328E-15
  5661.20215  9.94155582E-16
  5664.08057  1.01263255E-15
  5666.95898  9.46624964E-16
  5669.8374  9.91792466E-16
  5672.71582  1.06327368E-15
  5675.59424  1.01704569E-15
  5678.47266  9.60391367E-16
  5681.35107  1.07352215E-15
  5684.22949  9.12692824E-16
  5687.10791  9.24712539E-16
  5689.98633  9.53175599E-16
  5692.86426  9.57141513E-16
  5695.74268  9.50360167E-16
  5698.62109  9.31529778E-16
  5701.49951  9.22651284E-16
  5704.37793  1.01572464E-15
  5707.25635  1.01167159E-15
  5710.13477  1.02460028E-15
  5713.01318  9.27252897E-16
  5715.8916  9.43845743E-16
  5718.77002  1.11395124E-15
  5721.64844  1.02339008E-15
  5724.52686  7.97574799E-16
  5727.40527  1.03100226E-15
  5730.2832  9.65447094E-16
  5733.16162  8.95197888E-16
  5736.04004  8.7673474E-16
  5738.91846  8.53003206E-16
  5741.79688  7.95258376E-16
  5744.67529  9.62464903E-16
  5747.55371  9.16988869E-16
  5750.43213  9.34325304E-16
  5753.31055  9.31104673E-16
  5756.18896  9.96079723E-16
  5759.06738  8.59722189E-16
  5761.9458  8.34462502E-16
  5764.82422  8.96263667E-16
  5767.70215  1.12975984E-15
  5770.58057  9.05145972E-16
  5773.45898  8.77927998E-16
  5776.3374  9.61182178E-16
  5779.21582  9.02843207E-16
  5782.09424  1.02329267E-15
  5784.97266  1.05197215E-15
  5787.85107  9.63573352E-16
  5790.72949  9.0525958E-16
  5793.60791  9.36130437E-16
  5796.48633  9.51888744E-16
  5799.36475  9.43634302E-16
  5802.24316  9.12462431E-16
  5805.12109  9.42529242E-16
  5807.99951  9.74275825E-16
  5810.87793  9.53197304E-16
  5813.75635  9.04276704E-16
  5816.63477  9.689212E-16
  5819.51318  1.04782825E-15
  5822.3916  1.04247998E-15
  5825.27002  1.02691765E-15
  5828.14844  1.0484181E-15
  5831.02686  1.10495586E-15
  5833.90527  1.06674376E-15
  5836.78369  1.15715585E-15
  5839.66211  9.68958893E-16
  5842.54004  1.10175227E-15
  5845.41846  1.11061097E-15
  5848.29688  1.1424702E-15
  5851.17529  1.09560472E-15
  5854.05371  1.19864977E-15
  5856.93213  1.17698457E-15
  5859.81055  1.03243131E-15
  5862.68896  1.13161654E-15
  5865.56738  1.08020365E-15
  5868.4458  1.23035104E-15
  5871.32422  1.07827305E-15
  5874.20264  1.14366092E-15
  5877.08105  1.27453704E-15
  5879.95898  1.19643933E-15
  5882.8374  1.25779268E-15
  5885.71582  1.19565763E-15
  5888.59424  1.14722216E-15
  5891.47266  1.22322622E-15
  5894.35107  1.13022825E-15
  5897.22949  1.11206162E-15
  5900.10791  1.18464323E-15
  5902.98633  1.17668769E-15
  5905.86475  1.16437829E-15
  5908.74316  1.02118599E-15
  5911.62158  1.05538844E-15
  5914.5  9.53787792E-16
  5917.37793  9.9096068E-16
  5920.25635  1.08171962E-15
  5923.13477  1.13720177E-15
  5926.01318  1.12898629E-15
  5928.8916  1.05266534E-15
  5931.77002  1.09362531E-15
  5934.64844  1.00431246E-15
  5937.52686  1.12719545E-15
  5940.40527  1.06019482E-15
  5943.28369  1.02401656E-15
  5946.16211  1.17942795E-15
  5949.04053  1.12171176E-15
  5951.91895  1.04813382E-15
  5954.79688  9.79954334E-16
  5957.67529  1.09236916E-15
  5960.55371  1.0642014E-15
  5963.43213  1.04201167E-15
  5966.31055  1.09350556E-15
  5969.18896  1.02129833E-15
  5972.06738  1.00485922E-15
  5974.9458  1.07610655E-15
  5977.82422  1.02473135E-15
  5980.70264  1.12435672E-15
  5983.58105  1.11610228E-15
  5986.45947  9.50399237E-16
  5989.3374  1.05447989E-15
  5992.21582  9.39118028E-16
  5995.09424  9.33426284E-16
  5997.97266  1.07599612E-15
  6000.85107  9.80970667E-16
  6003.72949  9.87960913E-16
  6006.60791  1.02766886E-15
  6009.48633  1.05687064E-15
  6012.36475  1.0738887E-15
  6015.24316  9.92813035E-16
  6018.12158  9.87619241E-16
  6021.  1.0036973E-15
  6023.87842  1.10499048E-15
  6026.75635  1.10391739E-15
  6029.63477  1.02078969E-15
  6032.51318  9.83733583E-16
  6035.3916  9.35746308E-16
  6038.27002  1.03906696E-15
  6041.14844  9.70346121E-16
  6044.02686  1.10077797E-15
  6046.90527  1.0110541E-15
  6049.78369  9.65898245E-16
  6052.66211  9.65253124E-16
  6055.54053  9.64805467E-16
  6058.41895  9.94629709E-16
  6061.29736  9.77806046E-16
  6064.17529  9.23347969E-16
  6067.05371  1.05808571E-15
  6069.93213  1.08220603E-15
  6072.81055  9.65361544E-16
  6075.68896  1.05443288E-15
  6078.56738  9.9874883E-16
  6081.4458  9.89136806E-16
  6084.32422  1.07196901E-15
  6087.20264  9.97154608E-16
  6090.08105  9.32595451E-16
  6092.95947  8.55468125E-16
  6095.83789  9.84275472E-16
  6098.71631  9.44845453E-16
  6101.59424  1.07631725E-15
  6104.47266  1.0208476E-15
  6107.35107  1.0695089E-15
  6110.22949  9.94925112E-16
  6113.10791  9.62453786E-16
  6115.98633  1.06097335E-15
  6118.86475  9.24284258E-16
  6121.74316  1.02315778E-15
  6124.62158  9.37681884E-16
  6127.5  8.76518005E-16
  6130.37842  9.41557377E-16
  6133.25684  9.31963353E-16
  6136.13525  9.77022011E-16
  6139.01318  1.00992098E-15
  6141.8916  9.85304723E-16
  6144.77002  1.01869667E-15
  6147.64844  1.017188E-15
  6150.52686  1.05199946E-15
  6153.40527  1.0553193E-15
  6156.28369  9.42023245E-16
  6159.16211  9.43602009E-16
  6162.04053  1.04335697E-15
  6164.91895  1.02920231E-15
  6167.79736  9.95599138E-16
  6170.67578  9.77524408E-16
  6173.5542  1.0517552E-15
  6176.43213  9.43214703E-16
  6179.31055  1.00511301E-15
  6182.18896  9.19130909E-16
  6185.06738  8.64698455E-16
  6187.9458  8.62905974E-16
  6190.82422  1.07902182E-15
  6193.70264  9.13974173E-16
  6196.58105  1.00960123E-15
  6199.45947  9.16696007E-16
  6202.33789  8.8204516E-16
  6205.21631  1.00185765E-15
  6208.09473  9.88117084E-16
  6210.97314  9.79209474E-16
  6213.85107  9.86156732E-16
  6216.72949  9.20097162E-16
  6219.60791  9.69063713E-16
  6222.48633  9.4273433E-16
  6225.36475  9.53836496E-16
  6228.24316  1.10046351E-15
  6231.12158  9.06039592E-16
  6234.  8.83062182E-16
  6236.87842  9.59971238E-16
  6239.75684  8.75235545E-16
  6242.63525  8.82235637E-16
  6245.51367  9.42063162E-16
  6248.39209  9.59270213E-16
  6251.27002  9.993588E-16
  6254.14844  9.65401884E-16
  6257.02686  9.12955933E-16
  6259.90527  9.22874795E-16
  6262.78369  8.85078703E-16
  6265.66211  9.24461076E-16
  6268.54053  8.85665749E-16
  6271.41895  1.01183559E-15
  6274.29736  9.97979724E-16
  6277.17578  9.12933593E-16
  6280.0542  9.18472765E-16
  6282.93262  8.75903377E-16
  6285.81104  9.35900468E-16
  6288.68896  8.69041722E-16
  6291.56738  8.85547324E-16
  6294.4458  9.10442363E-16
  6297.32422  8.56478741E-16
  6300.20264  8.97559839E-16
  6303.08105  9.8737953E-16
  6305.95947  9.77873703E-16
  6308.83789  9.17816103E-16
  6311.71631  8.80218851E-16
  6314.59473  9.09050264E-16
  6317.47314  9.4602537E-16
  6320.35156  9.61107745E-16
  6323.22998  9.97801741E-16
  6326.10791  8.78962172E-16
  6328.98633  8.84256922E-16
  6331.86475  8.95757035E-16
  6334.74316  1.01489529E-15
  6337.62158  9.59503253E-16
  6340.5  9.39965379E-16
  6343.37842  1.03346765E-15
  6346.25684  9.17938181E-16
  6349.13525  9.67544348E-16
  6352.01367  1.04079756E-15
  6354.89209  1.02840981E-15
  6357.77051  9.25632099E-16
  6360.64893  8.97441043E-16
  6363.52686  1.02799518E-15
  6366.40527  1.02640371E-15
  6369.28369  1.00406894E-15
  6372.16211  9.19169344E-16
  6375.04053  8.75901207E-16
  6377.91895  8.52469205E-16
  6380.79736  9.46704055E-16
  6383.67578  9.89319553E-16
  6386.5542  9.18797708E-16
  6389.43262  8.78876569E-16
  6392.31104  9.6937701E-16
  6395.18945  9.41051699E-16
  6398.06787  8.72598837E-16
  6400.9458  8.78732944E-16
  6403.82422  8.45082495E-16
  6406.70264  8.45474724E-16
  6409.58105  8.02825398E-16
  6412.45947  8.62875057E-16
  6415.33789  7.81789917E-16
  6418.21631  8.03883395E-16
  6421.09473  7.48787237E-16
  6423.97314  7.96351525E-16
  6426.85156  7.84606143E-16
  6429.72998  7.53472335E-16
  6432.6084  6.91909769E-16
  6435.48682  7.2623869E-16
  6438.36475  8.07781705E-16
  6441.24316  7.73351245E-16
  6444.12158  8.68673845E-16
  6447.  8.40605714E-16
  6449.87842  8.39314995E-16
  6452.75684  8.96667278E-16
  6455.63525  7.94356868E-16
  6458.51367  8.83029201E-16
  6461.39209  9.55804789E-16
  6464.27051  1.07799183E-15
  6467.14893  1.11062685E-15
  6470.02734  1.12640622E-15
  6472.90576  1.12198799E-15
  6475.78369  1.19038781E-15
  6478.66211  1.23617397E-15
  6481.54053  1.2956775E-15
  6484.41895  1.32855868E-15
  6487.29736  1.30263228E-15
  6490.17578  1.5210141E-15
  6493.0542  1.43962228E-15
  6495.93262  1.39333923E-15
  6498.81104  1.51805901E-15
  6501.68945  1.63495168E-15
  6504.56787  1.62280067E-15
  6507.44629  1.60336031E-15
  6510.32471  1.70785061E-15
  6513.20264  1.75417675E-15
  6516.08105  1.71985413E-15
  6518.95947  1.78189347E-15
  6521.83789  1.79581446E-15
  6524.71631  1.84436024E-15
  6527.59473  1.9049555E-15
  6530.47314  1.79881782E-15
  6533.35156  1.75282584E-15
  6536.22998  1.85366448E-15
  6539.1084  1.89914019E-15
  6541.98682  1.96592366E-15
  6544.86523  1.93686069E-15
  6547.74365  1.87654368E-15
  6550.62158  1.936553E-15
  6553.5  1.96360851E-15
  6556.37842  1.99925081E-15
  6559.25684  1.92761829E-15
  6562.13525  1.88113524E-15
  6565.01367  1.90387468E-15
  6567.89209  1.88488272E-15
  6570.77051  1.87749067E-15
  6573.64893  1.82210763E-15
  6576.52734  1.84399263E-15
  6579.40576  1.82910687E-15
  6582.28418  1.80162171E-15
  6585.1626  1.84675841E-15
  6588.04053  1.7462409E-15
  6590.91895  1.82169703E-15
  6593.79736  1.76815142E-15
  6596.67578  1.76168972E-15
  6599.5542  1.71874176E-15
  6602.43262  1.77094568E-15
  6605.31104  1.74201717E-15
  6608.18945  1.69168361E-15
  6611.06787  1.7261262E-15
  6613.94629  1.67839769E-15
  6616.82471  1.65390478E-15
  6619.70312  1.72680192E-15
  6622.58154  1.68998288E-15
  6625.45947  1.63007128E-15
  6628.33789  1.65515966E-15
  6631.21631  1.58216628E-15
  6634.09473  1.53947518E-15
  6636.97314  1.47318956E-15
  6639.85156  1.50761531E-15
  6642.72998  1.44558105E-15
  6645.6084  1.44911053E-15
  6648.48682  1.41842284E-15
  6651.36523  1.41369937E-15
  6654.24365  1.50958011E-15
  6657.12207  1.43010322E-15
  6660.00049  1.35568682E-15
  6662.87842  1.24427065E-15
  6665.75684  1.35230441E-15
  6668.63525  1.2618614E-15
  6671.51367  1.32559756E-15
  6674.39209  1.19963678E-15
  6677.27051  1.2157303E-15
  6680.14893  1.23498854E-15
  6683.02734  1.21749551E-15
  6685.90576  1.23427756E-15
  6688.78418  1.21873356E-15
  6691.6626  1.14474152E-15
  6694.54102  1.2489342E-15
  6697.41943  1.17095275E-15
  6700.29736  1.17503047E-15
  6703.17578  1.2647644E-15
  6706.0542  1.23762578E-15
  6708.93262  1.2613931E-15
  6711.81104  1.15302815E-15
  6714.68945  1.17804082E-15
  6717.56787  1.1834703E-15
  6720.44629  1.17068837E-15
  6723.32471  1.07147656E-15
  6726.20312  1.10223E-15
  6729.08154  1.10537927E-15
  6731.95996  1.12014962E-15
  6734.83838  1.17965326E-15
  6737.71631  1.08762609E-15
  6740.59473  1.10141515E-15
  6743.47314  1.05400227E-15
  6746.35156  9.06481743E-16
  6749.22998  1.02281568E-15
  6752.1084  1.05223557E-15
  6754.98682  9.89048926E-16
  6757.86523  9.94245368E-16
  6760.74365  1.03723727E-15
  6763.62207  1.03563828E-15
  6766.50049  1.05749533E-15
  6769.37891  1.08252844E-15
  6772.25732  9.90161187E-16
  6775.13525  1.00790473E-15
  6778.01367  9.15672792E-16
  6780.89209  9.73350865E-16
  6783.77051  1.06882196E-15
  6786.64893  1.02311013E-15
  6789.52734  1.02607041E-15
  6792.40576  9.98627493E-16
  6795.28418  9.69902594E-16
  6798.1626  1.00497939E-15
  6801.04102  9.75945327E-16
  6803.91943  9.99237145E-16
  6806.79785  9.35248146E-16
  6809.67627  1.02458228E-15
  6812.5542  9.55118798E-16
  6815.43262  9.94427692E-16
  6818.31104  9.63113095E-16
  6821.18945  8.97602614E-16
  6824.06787  9.3982276E-16
  6826.94629  9.73789416E-16
  6829.82471  9.73044027E-16
  6832.70312  8.65183487E-16
  6835.58154  9.05475468E-16
  6838.45996  9.94934323E-16
  6841.33838  9.828028E-16
  6844.2168  9.27543217E-16
  6847.09521  9.29957473E-16
  6849.97314  9.98371159E-16
  6852.85156  9.72339296E-16
  6855.72998  1.00561678E-15
  6858.6084  1.01796144E-15
  6861.48682  9.47349494E-16
  6864.36523  9.75727427E-16
  6867.24365  9.41748807E-16
  6870.12207  9.57008211E-16
  6873.00049  1.02782334E-15
  6875.87891  9.45658923E-16
  6878.75732  9.10499855E-16
  6881.63574  9.48971351E-16
  6884.51416  1.00052262E-15
  6887.39209  9.57279897E-16
  6890.27051  8.80580799E-16
  6893.14893  9.27181534E-16
  6896.02734  9.51407312E-16
  6898.90576  8.5856186E-16
  6901.78418  8.74362412E-16
  6904.6626  9.28352134E-16
  6907.54102  9.0331564E-16
  6910.41943  1.02409237E-15
  6913.29785  9.97718944E-16
  6916.17627  1.00419578E-15
  6919.05469  9.01360688E-16
  6921.93311  8.85454679E-16
  6924.81104  9.18252219E-16
  6927.68945  8.79221258E-16
  6930.56787  8.42679939E-16
  6933.44629  8.53753465E-16
  6936.32471  9.54775432E-16
  6939.20312  9.55170997E-16
  6942.08154  9.67252757E-16
  6944.95996  8.32906396E-16
  6947.83838  9.02012479E-16
  6950.7168  9.05496008E-16
  6953.59521  9.00538536E-16
  6956.47363  8.93905951E-16
  6959.35156  9.19019842E-16
  6962.22998  8.98488822E-16
  6965.1084  8.68991641E-16
  6967.98682  8.65736811E-16
  6970.86523  9.10040128E-16
  6973.74365  9.53562693E-16
  6976.62207  9.26022475E-16
  6979.50049  9.24875381E-16
  6982.37891  9.74681448E-16
  6985.25732  9.04537379E-16
  6988.13574  8.98037566E-16
  6991.01416  9.24947696E-16
  6993.89258  9.12216368E-16
  6996.77051  8.79845098E-16
  6999.64893  9.43323229E-16
  7002.52734  1.02544837E-15
  7005.40576  9.42752117E-16
  7008.28418  9.12346599E-16
  7011.1626  9.16338559E-16
  7014.04102  9.54128617E-16
  7016.91943  9.57488267E-16
  7019.79785  8.94440323E-16
  7022.67627  8.99354067E-16
  7025.55469  9.24697292E-16
  7028.43311  9.83077026E-16
  7031.31152  9.96364644E-16
  7034.18945  9.16416592E-16
  7037.06787  9.16197528E-16
  7039.94629  9.22139359E-16
  7042.82471  1.06378963E-15
  7045.70312  9.90414767E-16
  7048.58154  9.49393491E-16
  7051.45996  9.13941774E-16
  7054.33838  9.50794907E-16
  7057.2168  9.9655565E-16
  7060.09521  1.04240713E-15
  7062.97363  9.85281112E-16
  7065.85205  9.66585824E-16
  7068.73047  8.94682045E-16
  7071.6084  9.75202691E-16
  7074.48682  9.91235224E-16
  7077.36523  9.82390824E-16
  7080.24365  9.78993587E-16
  7083.12207  9.43450708E-16
  7086.00049  9.43085213E-16
  7088.87891  9.42262426E-16
  7091.75732  9.09487969E-16
  7094.63574  9.81258976E-16
  7097.51416  1.05643717E-15
  7100.39258  1.00363377E-15
  7103.271  1.01353485E-15
  7106.14941  8.66693482E-16
  7109.02734  9.76076511E-16
  7111.90576  1.02808317E-15
  7114.78418  8.82925757E-16
  7117.6626  8.92957803E-16
  7120.54102  8.6405201E-16
  7123.41943  9.88425722E-16
  7126.29785  9.78116378E-16
  7129.17627  9.19512604E-16
  7132.05469  9.20820105E-16
  7134.93311  9.08787261E-16
  7137.81152  9.42789916E-16
  7140.68994  8.82546604E-16
  7143.56836  9.25125256E-16
  7146.44629  9.96224884E-16
  7149.32471  9.20696226E-16
  7152.20312  8.96155352E-16
  7155.08154  9.1336505E-16
  7157.95996  8.78143938E-16
  7160.83838  1.04240184E-15
  7163.7168  9.96667882E-16
  7166.59521  9.24791525E-16
  7169.47363  9.20892314E-16
  7172.35205  9.4480649E-16
  7175.23047  9.5879238E-16
  7178.10889  9.08482435E-16
  7180.9873  8.54952494E-16
  7183.86523  8.61388568E-16
  7186.74365  8.88438247E-16
  7189.62207  9.64729869E-16
  7192.50049  9.56094686E-16
  7195.37891  8.4747584E-16
  7198.25732  7.9972081E-16
  7201.13574  8.29507465E-16
  7204.01416  9.51990388E-16
  7206.89258  8.54937829E-16
  7209.771  9.70771544E-16
  7212.64941  8.92421314E-16
  7215.52783  9.39591626E-16
  7218.40625  8.88741379E-16
  7221.28418  8.44524512E-16
  7224.1626  9.29517651E-16
  7227.04102  9.91919309E-16
  7229.91943  9.93708878E-16
  7232.79785  8.72745215E-16
  7235.67627  8.11482974E-16
  7238.55469  8.51109029E-16
  7241.43311  8.67746926E-16
  7244.31152  8.62015001E-16
  7247.18994  9.8310339E-16
  7250.06836  9.50914656E-16
  7252.94678  9.22431267E-16
  7255.8252  8.72926003E-16
  7258.70312  8.30982679E-16
  7261.58154  9.12135794E-16
  7264.45996  9.38354746E-16
  7267.33838  9.7413257E-16
  7270.2168  8.90265827E-16
  7273.09521  8.73703897E-16
  7275.97363  9.56437629E-16
  7278.85205  9.11369652E-16
  7281.73047  8.6408695E-16
  7284.60889  9.09597765E-16
  7287.4873  9.2713823E-16
  7290.36572  9.1817895E-16
  7293.24414  9.34033395E-16
  7296.12207  8.86844555E-16
  7299.00049  9.10078139E-16
  7301.87891  9.54677388E-16
  7304.75732  8.62325386E-16
  7307.63574  9.128815E-16
  7310.51416  9.71153767E-16
  7313.39258  9.4673529E-16
  7316.271  8.7790174E-16
  7319.14941  9.12762492E-16
  7322.02783  9.36734583E-16
  7324.90625  9.32604768E-16
  7327.78467  8.92850018E-16
  7330.66309  8.89094274E-16
  7333.54102  9.25711085E-16
  7336.41943  9.07348258E-16
  7339.29785  8.43455609E-16
  7342.17627  8.934422E-16
  7345.05469  9.05323849E-16
  7347.93311  8.56543963E-16
  7350.81152  8.27725519E-16
  7353.68994  9.03647147E-16
  7356.56836  8.68463516E-16
  7359.44678  8.54526012E-16
  7362.3252  9.03916292E-16
  7365.20361  8.50755075E-16
  7368.08203  9.40537867E-16
  7370.95996  8.86943446E-16
  7373.83838  9.06863437E-16
  7376.7168  8.46735692E-16
  7379.59521  9.45216454E-16
  7382.47363  9.90564057E-16
  7385.35205  9.52532701E-16
  7388.23047  9.64233614E-16
  7391.10889  9.19441665E-16
  7393.9873  8.96261126E-16
  7396.86572  9.44763609E-16
  7399.74414  9.06941682E-16
  7402.62256  9.14501345E-16
  7405.50098  9.18600032E-16
  7408.37891  8.97580062E-16
  7411.25732  9.34789372E-16
  7414.13574  9.2842752E-16
  7417.01416  8.68924673E-16
  7419.89258  9.36592388E-16
  7422.771  8.53574742E-16
  7425.64941  8.38822128E-16
  7428.52783  9.51268081E-16
  7431.40625  9.24403478E-16
  7434.28467  8.88772402E-16
  7437.16309  8.2090124E-16
  7440.0415  8.99010065E-16
  7442.91992  9.33448307E-16
  7445.79785  9.46615752E-16
  7448.67627  8.9866257E-16
  7451.55469  8.74583117E-16
  7454.43311  9.21639503E-16
  7457.31152  8.66280183E-16
  7460.18994  8.61521234E-16
  7463.06836  9.32744317E-16
  7465.94678  9.04621129E-16
  7468.8252  9.23770321E-16
  7471.70361  9.67578124E-16
  7474.58203  9.21589105E-16
  7477.46045  9.66701656E-16
  7480.33887  8.62972466E-16
  7483.2168  8.43948741E-16
  7486.09521  1.00397788E-15
  7488.97363  9.48800462E-16
  7491.85205  9.54914134E-16
  7494.73047  9.56205647E-16
  7497.60889  9.00953053E-16
  7500.4873  8.93054259E-16
  7503.36572  9.0630916E-16
  7506.24414  9.40049764E-16
  7509.12256  9.82180972E-16
  7512.00098  9.22564569E-16
  7514.87939  9.02848713E-16
  7517.75781  8.86154117E-16
  7520.63574  8.52338179E-16
  7523.51416  9.43817155E-16
  7526.39258  8.87050119E-16
  7529.271  8.94198283E-16
  7532.14941  9.08183644E-16
  7535.02783  9.95936998E-16
  7537.90625  8.22773712E-16
  7540.78467  8.56145381E-16
  7543.66309  8.78290475E-16
  7546.5415  7.81255439E-16
  7549.41992  9.51214506E-16
  7552.29834  8.92822701E-16
  7555.17676  9.23960162E-16
  7558.05469  9.48962775E-16
  7560.93311  8.88055282E-16
  7563.81152  8.95473597E-16
  7566.68994  9.21609963E-16
  7569.56836  8.85168753E-16
  7572.44678  8.64698296E-16
  7575.3252  8.54601981E-16
  7578.20361  8.23832238E-16
  7581.08203  7.82260761E-16
  7583.96045  7.70622846E-16
  7586.83887  8.38442127E-16
  7589.71729  8.35617008E-16
  7592.5957  8.34848802E-16
  7595.47363  9.64128476E-16
  7598.35205  8.65287884E-16
  7601.23047  9.29253588E-16
  7604.10889  9.45054141E-16
  7606.9873  9.02707788E-16
  7609.86572  8.52688374E-16
  7612.74414  9.59761386E-16
  7615.62256  9.31159624E-16
  7618.50098  8.47672034E-16
  7621.37939  8.22881603E-16
  7624.25781  9.07316388E-16
  7627.13623  8.48041763E-16
  7630.01465  7.42037708E-16
  7632.89258  9.56357478E-16
  7635.771  9.6373577E-16
  7638.64941  8.78769048E-16
  7641.52783  9.76736773E-16
  7644.40625  8.50315623E-16
  7647.28467  8.44065526E-16
  7650.16309  1.00044332E-15
  7653.0415  8.92933133E-16
  7655.91992  8.866941E-16
  7658.79834  8.83387548E-16
  7661.67676  7.97459338E-16
  7664.55518  8.37881339E-16
  7667.43359  8.31007349E-16
  7670.31152  7.55703843E-16
  7673.18994  8.17745777E-16
  7676.06836  8.36095264E-16
  7678.94678  8.25841877E-16
  7681.8252  8.73939055E-16
  7684.70361  8.69835709E-16
  7687.58203  8.02164659E-16
  7690.46045  7.97493325E-16
  7693.33887  8.56266348E-16
  7696.21729  8.85397028E-16
  7699.0957  7.94072212E-16
  7701.97412  7.77817544E-16
  7704.85254  8.79028876E-16
  7707.73047  8.40093418E-16
  7710.60889  8.79326184E-16
  7713.4873  9.24034807E-16
  7716.36572  8.74566865E-16
  7719.24414  9.22226391E-16
  7722.12256  9.11147412E-16
  7725.00098  8.51942297E-16
  7727.87939  8.68555154E-16
  7730.75781  8.16225406E-16
  7733.63623  8.15168997E-16
  7736.51465  9.14961496E-16
  7739.39307  8.72008561E-16
  7742.27148  9.54463724E-16
  7745.14941  8.2523249E-16
  7748.02783  8.28882831E-16
  7750.90625  9.20301932E-16
  7753.78467  9.1120374E-16
  7756.66309  9.54078959E-16
  7759.5415  9.89676895E-16
  7762.41992  9.60375379E-16
  7765.29834  9.76510615E-16
  7768.17676  9.79868783E-16
  7771.05518  1.0156626E-15
  7773.93359  9.88944106E-16
  7776.81201  9.68132718E-16
  7779.69043  1.01883473E-15
  7782.56836  9.74925181E-16
  7785.44678  9.86363832E-16
  7788.3252  1.03067901E-15
  7791.20361  8.67754179E-16
  7794.08203  9.42350518E-16
  7796.96045  9.55539774E-16
  7799.83887  9.92081198E-16
  7802.71729  9.77432293E-16
  7805.5957  9.68482755E-16
  7808.47412  9.15295121E-16
  7811.35254  9.50967807E-16
  7814.23096  9.57603569E-16
  7817.10938  9.33924975E-16
  7819.9873  9.52621851E-16
  7822.86572  9.71790842E-16
  7825.74414  1.00794877E-15
  7828.62256  1.00470739E-15
  7831.50098  9.46866156E-16
  7834.37939  9.8908122E-16
  7837.25781  1.02093082E-15
  7840.13623  1.02666407E-15
  7843.01465  9.6580306E-16
  7845.89307  9.44997284E-16
  7848.77148  1.00359767E-15
  7851.6499  1.04731463E-15
  7854.52832  9.61520462E-16
  7857.40625  9.64699906E-16
  7860.28467  1.06337691E-15
  7863.16309  1.05702216E-15
  7866.0415  9.44843759E-16
  7868.91992  9.50340791E-16
  7871.79834  1.00339534E-15
  7874.67676  8.88877751E-16
  7877.55518  9.4896521E-16
  7880.43359  9.76842864E-16
  7883.31201  8.98748226E-16
  7886.19043  8.93692604E-16
  7889.06885  1.02307519E-15
  7891.94727  1.03722414E-15
  7894.8252  9.05948747E-16
  7897.70361  9.20440105E-16
  7900.58203  1.00773892E-15
  7903.46045  9.40577042E-16
  7906.33887  9.00890796E-16
  7909.21729  9.93557683E-16
  7912.0957  9.80568856E-16
  7914.97412  9.41740654E-16
  7917.85254  1.00539338E-15
  7920.73096  9.72305732E-16
  7923.60938  9.42757623E-16
  7926.48779  9.2624281E-16
  7929.36621  1.01603243E-15
  7932.24414  1.04289227E-15
  7935.12256  9.36932366E-16
  7938.00098  1.02505397E-15
  7940.87939  1.01855066E-15
  7943.75781  9.06241291E-16
  7946.63623  9.51353102E-16
  7949.51465  9.25537443E-16
  7952.39307  8.65887212E-16
  7955.27148  9.28065942E-16
  7958.1499  9.0581301E-16
  7961.02832  8.95486408E-16
  7963.90674  8.96672784E-16
  7966.78467  9.27872925E-16
  7969.66309  9.42040292E-16
  7972.5415  8.96442708E-16
  7975.41992  9.40512033E-16
  7978.29834  1.0002089E-15
  7981.17676  8.94013418E-16
  7984.05518  8.57927009E-16
  7986.93359  9.20768118E-16
  7989.81201  9.13961785E-16
  7992.69043  9.27490913E-16
  7995.56885  1.02684025E-15
  7998.44727  9.16879708E-16
  8001.32568  8.98931185E-16
  8004.20361  8.80078773E-16
  8007.08203  8.75809621E-16
  8009.96045  9.8040739E-16
  8012.83887  8.45695218E-16
  8015.71729  8.79401676E-16
  8018.5957  1.02543884E-15
  8021.47412  9.49620178E-16
  8024.35254  9.58656431E-16
  8027.23096  1.00438467E-15
  8030.10938  9.4665048E-16
  8032.98779  8.77009231E-16
  8035.86621  9.411886E-16
  8038.74463  8.14344728E-16
  8041.62256  8.19412526E-16
  8044.50098  8.71775468E-16
  8047.37939  9.28268913E-16
  8050.25781  9.3992218E-16
  8053.13623  8.5853846E-16
  8056.01465  8.68921867E-16
  8058.89307  9.56043546E-16
  8061.77148  8.69736554E-16
  8064.6499  8.53597717E-16
  8067.52832  8.19234755E-16
  8070.40674  9.60745956E-16
  8073.28516  9.2932908E-16
  8076.16357  8.94653245E-16
  8079.0415  9.23303288E-16
  8081.91992  9.42697484E-16
  8084.79834  9.64930193E-16
  8087.67676  9.18779073E-16
  8090.55518  9.12547028E-16
  8093.43359  9.56564472E-16
  8096.31201  9.08263477E-16
  8099.19043  8.55457855E-16
  8102.06885  8.97386303E-16
  8104.94727  8.74355795E-16
  8107.82568  9.78685161E-16
  8110.7041  8.86932699E-16
  8113.58252  9.48364558E-16
  8116.46045  1.02742195E-15
  8119.33887  9.36345478E-16
  8122.21729  9.5024063E-16
  8125.0957  9.99801374E-16
  8127.97412  9.23032449E-16
  8130.85254  8.73755196E-16
  8133.73096  8.94804864E-16
  8136.60938  8.48365383E-16
  8139.48779  9.36035252E-16
  8142.36621  8.55812761E-16
  8145.24463  9.17769833E-16
  8148.12305  9.62653156E-16
  8151.00146  9.25691921E-16
  8153.87939  8.28477367E-16
  8156.75781  7.9082167E-16
  8159.63623  8.69984681E-16
  8162.51465  9.1607312E-16
  8165.39307  9.30609159E-16
  8168.27148  8.33116937E-16
  8171.1499  9.82127714E-16
  8174.02832  1.01308804E-15
  8176.90674  7.94316158E-16
  8179.78516  9.54111676E-16
  8182.66357  9.22697024E-16
  8185.54199  8.61338698E-16
  8188.42041  8.06638846E-16
  8191.29834  8.29026562E-16
  8194.17676  9.47877302E-16
  8197.05566  8.78903515E-16
  8199.93359  9.63929106E-16
  8202.8125  9.0622308E-16
  8205.69043  9.23484871E-16
  8208.56934  9.73526412E-16
  8211.44727  8.98333074E-16
  8214.3252  9.07262601E-16
  8217.2041  8.662967E-16
  8220.08203  9.08222501E-16
  8222.96094  9.32324189E-16
  8225.83887  8.93802824E-16
  8228.71777  9.30919914E-16
  8231.5957  8.33506837E-16
  8234.47461  9.02957662E-16
  8237.35254  9.57297579E-16
  8240.23145  8.70181669E-16
  8243.10938  9.61872721E-16
  8245.98828  8.34312789E-16
  8248.86621  8.85515772E-16
  8251.74414  9.85291382E-16
  8254.62305  9.21184647E-16
  8257.50098  8.44108354E-16
  8260.37988  8.02028287E-16
  8263.25781  8.97295988E-16
  8266.13672  8.5080542E-16
  8269.01465  8.37752378E-16
  8271.89355  9.30567866E-16
  8274.77148  9.43554469E-16
  8277.65039  8.62957749E-16
  8280.52832  8.49752823E-16
  8283.40723  8.53553195E-16
  8286.28516  8.68823664E-16
  8289.16309  9.29857523E-16
  8292.04199  8.96153129E-16
  8294.91992  8.70212321E-16
  8297.79883  8.58840587E-16
  8300.67676  8.90836409E-16
  8303.55566  6.80934604E-16
  8306.43359  8.07092803E-16
  8309.3125  8.50764763E-16
  8312.19043  8.14623084E-16
  8315.06934  9.11556211E-16
  8317.94727  8.26174761E-16
  8320.82617  7.5729113E-16
  8323.7041  8.41750585E-16
  8326.58203  8.1435304E-16
  8329.46094  7.94755185E-16
  8332.33887  9.17744634E-16
  8335.21777  8.55001304E-16
  8338.0957  7.75700015E-16
  8340.97461  8.36595384E-16
  8343.85254  9.04490686E-16
  8346.73145  9.38026732E-16
  8349.60938  9.26758229E-16
  8352.48828  8.32956954E-16
  8355.36621  8.47561549E-16
  8358.24512  7.67938228E-16
  8361.12305  8.13746194E-16
  8364.00098  8.6849295E-16
  8366.87988  7.49894468E-16
  8369.75781  7.61130466E-16
  8372.63672  8.53329737E-16
  8375.51465  8.41441312E-16
  8378.39355  8.29790215E-16
  8381.27148  8.01476921E-16
  8384.15039  8.5865551E-16
  8387.02832  8.4289715E-16
  8389.90723  8.01738919E-16
  8392.78516  8.35679529E-16
  8395.66406  8.3864658E-16
  8398.54199  8.00491451E-16
  8401.41992  7.91455039E-16
  8404.29883  8.18688631E-16
  8407.17676  8.93083376E-16
  8410.05566  9.32184111E-16
  8412.93359  8.39634009E-16
  8415.8125  8.07883561E-16
  8418.69043  7.25756676E-16
  8421.56934  7.40986593E-16
  8424.44727  7.75016936E-16
  8427.32617  8.63285815E-16
  8430.2041  9.2958139E-16
  8433.08203  8.38426987E-16
  8435.96094  8.73213942E-16
  8438.83887  8.31759673E-16
  8441.71777  8.12272568E-16
  8444.5957  8.29373051E-16
  8447.47461  8.22598005E-16
  8450.35254  8.12102897E-16
  8453.23145  8.66937427E-16
  8456.10938  8.29741458E-16
  8458.98828  8.12742248E-16
  8461.86621  8.43367412E-16
  8464.74512  8.23678131E-16
  8467.62305  7.24505132E-16
  8470.50098  8.22735595E-16
  8473.37988  9.2901409E-16
  8476.25781  8.56186038E-16
  8479.13672  7.91187006E-16
  8482.01465  8.17125484E-16
  8484.89355  8.4205774E-16
  8487.77148  7.05534399E-16
  8490.65039  7.12915444E-16
  8493.52832  7.74696016E-16
  8496.40723  7.46935411E-16
  8499.28516  7.83927616E-16
  8502.16406  7.55113514E-16
  8505.04199  8.44661255E-16
  8507.91992  8.35486882E-16
  8510.79883  8.31599689E-16
  8513.67676  8.22237593E-16
  8516.55566  8.11821735E-16
  8519.43359  8.48715472E-16
  8522.3125  7.97941194E-16
  8525.19043  8.31814624E-16
  8528.06934  8.7058094E-16
  8530.94727  8.17693155E-16
  8533.82617  7.56690107E-16
  8536.7041  7.42928522E-16
  8539.58301  8.33771535E-16
  8542.46094  8.90082232E-16
  8545.33887  8.67558991E-16
  8548.21777  8.51369174E-16
  8551.0957  8.20455753E-16
  8553.97461  8.20069559E-16
  8556.85254  8.84087356E-16
  8559.73145  8.90271015E-16
  8562.60938  8.20011008E-16
  8565.48828  7.80501686E-16
  8568.36621  9.92535843E-16
  8571.24512  8.54075656E-16
  8574.12305  8.36241112E-16
  8577.00195  9.4410737E-16
  8579.87988  8.51825883E-16
  8582.75781  8.08481143E-16
  8585.63672  9.18231149E-16
  8588.51465  8.98153715E-16
  8591.39355  9.3057443E-16
  8594.27148  8.92026173E-16
  8597.15039  8.46341345E-16
  8600.02832  8.91448814E-16
  8602.90723  8.42187019E-16
  8605.78516  8.31976937E-16
  8608.66406  8.92332799E-16
  8611.54199  8.15490552E-16
  8614.4209  8.73220559E-16
  8617.29883  8.55069331E-16
  8620.17676  8.87125928E-16
  8623.05566  9.34702975E-16
  8625.93359  8.97377092E-16
  8628.8125  8.73521044E-16
  8631.69043  9.01049615E-16
  8634.56934  8.68072981E-16
  8637.44727  7.92519442E-16
  8640.32617  7.20602321E-16
  8643.2041  7.92582811E-16
  8646.08301  9.63765311E-16
  8648.96094  9.15683168E-16
  8651.83984  8.75166247E-16
  8654.71777  8.5540518E-16
  8657.5957  7.75906002E-16
  8660.47461  8.30830478E-16
  8663.35254  8.89187342E-16
  8666.23145  7.38983783E-16
  8669.10938  8.74715043E-16
  8671.98828  8.9943517E-16
  8674.86621  8.72837859E-16
  8677.74512  8.18988375E-16
  8680.62305  7.83784203E-16
  8683.50195  7.87092714E-16
  8686.37988  7.45134513E-16
  8689.25879  7.45728918E-16
  8692.13672  8.5224977E-16
  8695.01465  8.69210864E-16
  8697.89355  8.07474232E-16
  8700.77148  8.08634932E-16
  8703.65039  8.65501389E-16
  8706.52832  9.52552606E-16
  8709.40723  9.36021488E-16
  8712.28516  9.8611491E-16
  8715.16406  9.19387137E-16
  8718.04199  8.38744571E-16
  8720.9209  8.20151351E-16
  8723.79883  7.85301504E-16
  8726.67773  7.63233384E-16
  8729.55566  8.64562294E-16
  8732.43359  9.02218414E-16
  8735.3125  8.46673541E-16
  8738.19043  8.52112233E-16
  8741.06934  8.45628143E-16
  8743.94727  8.71146334E-16
  8746.82617  8.84727184E-16
  8749.7041  8.74545689E-16
  8752.58301  7.95613759E-16
  8755.46094  7.74190549E-16
  8758.33984  9.25840575E-16
  8761.21777  9.71457005E-16
  8764.09668  7.92595834E-16
  8766.97461  7.9202361E-16
  8769.85254  9.27283919E-16
  8772.73145  6.90574898E-16
  8775.60938  8.01606888E-16
  8778.48828  8.95569841E-16
  8781.36621  8.67490275E-16
  8784.24512  9.19351456E-16
  8787.12305  8.41226695E-16
  8790.00195  8.24268725E-16
  8792.87988  9.84703965E-16
  8795.75879  8.75105101E-16
  8798.63672  8.13581552E-16
  8801.51562  9.68337383E-16
  8804.39355  9.85503988E-16
  8807.27148  8.87154886E-16
  8810.15039  8.433717E-16
  8813.02832  7.13195706E-16
  8815.90723  7.90098198E-16
  8818.78516  8.35871435E-16
  8821.66406  8.40615032E-16
  8824.54199  8.68566113E-16
  8827.4209  9.03723486E-16
  8830.29883  9.57687002E-16
  8833.17773  9.60403543E-16
  8836.05566  9.18915445E-16
  8838.93457  8.87613713E-16
  8841.8125  9.00896831E-16
  8844.69043  9.67124961E-16
  8847.56934  9.26102732E-16
  8850.44727  9.64315882E-16
  8853.32617  9.96260777E-16
  8856.2041  8.5431166E-16
  8859.08301  7.93238149E-16
  8861.96094  7.2961327E-16
  8864.83984  7.3706626E-16
  8867.71777  7.38893945E-16
  8870.59668  7.85868433E-16
  8873.47461  8.52860005E-16
  8876.35352  7.9898098E-16
  8879.23145  7.05353293E-16
  8882.10938  8.15825818E-16
  8884.98828  7.67039103E-16
  8887.86621  8.36340268E-16
  8890.74512  9.29470429E-16
  8893.62305  9.02061396E-16
  8896.50195  9.07446937E-16
  8899.37988  8.82585091E-16
  8902.25879  7.82912871E-16
  8905.13672  8.05855923E-16
  8908.01562  7.67106865E-16
  8910.89355  8.29298513E-16
  8913.77246  9.52024799E-16
  8916.65039  7.57870395E-16
  8919.52832  8.69104773E-16
  8922.40723  8.85409204E-16
  8925.28516  8.38858762E-16
  8928.16406  7.83430037E-16
  8931.04199  7.59423906E-16
  8933.9209  7.85025583E-16
  8936.79883  7.32973873E-16
  8939.67773  7.32669841E-16
  8942.55566  7.97557118E-16
  8945.43457  8.29943316E-16
  8948.3125  7.86942101E-16
  8951.19141  6.78739994E-16
  8954.06934  7.87375676E-16
  8956.94727  7.73529228E-16
  8959.82617  6.27395081E-16
  8962.7041  7.91976864E-16
  8965.58301  9.3388887E-16
  8968.46094  7.35530959E-16
  8971.33984  6.50754767E-16
  8974.21777  7.89114423E-16
  8977.09668  7.5440423E-16
  8979.97461  7.15450402E-16
  8982.85352  6.83932306E-16
  8985.73145  6.71165243E-16
  8988.61035  6.6773386E-16
  8991.48828  7.54949772E-16
  8994.36621  7.06372009E-16
  8997.24512  5.17397106E-16
  9000.12305  7.09325984E-16
  9003.00195  7.34968E-16
  9005.87988  6.53198245E-16
  9008.75879  6.8306198E-16
  9011.63672  5.08873201E-16
  9014.51562  5.69037369E-16
  9017.39355  6.45661823E-16
  9020.27246  6.08075847E-16
  9023.15039  6.29841153E-16
  9026.0293  7.47962597E-16
  9028.90723  7.09832033E-16
  9031.78516  6.49261818E-16
  9034.66406  6.65821154E-16
  9037.54199  6.87470839E-16
  9040.4209  5.72798672E-16
  9043.29883  5.86972286E-16
  9046.17773  6.52539571E-16
  9049.05566  6.03220866E-16
  9051.93457  6.68822827E-16
  9054.8125  6.3977272E-16
  9057.69141  6.52493461E-16
  9060.56934  6.11916665E-16
  9063.44824  5.46442342E-16
  9066.32617  6.92551872E-16
  9069.2041  6.74554222E-16
  9072.08301  5.65325459E-16
  9074.96094  6.60048042E-16
  9077.83984  6.3266749E-16
  9080.71777  5.86893565E-16
  9083.59668  6.67433587E-16
  9086.47461  5.21338879E-16
  9089.35352  4.21271783E-16
  9092.23145  4.62912664E-16
  9095.11035  4.85901244E-16
  9097.98828  5.01210094E-16
  9100.86719  5.05929762E-16
  9103.74512  5.10719468E-16
  9106.62305  5.15583661E-16
  9109.50195  5.20519587E-16
  9112.37988  5.25465571E-16
  9115.25879  5.30489535E-16
  9118.13672  5.35590209E-16
  9121.01562  5.40771297E-16
