14982.9863281  2.377005E-16
14993.1250152338  2.420867E-16
15003.2637023676  2.303446E-16
15013.4023895014  2.217950E-16
15023.5410766352  2.166030E-16
15033.679763769  2.103718E-16
15043.8184509028  2.149386E-16
15053.9571380366  2.109205E-16
15064.0958251704  2.016521E-16
15074.2345123042  1.979798E-16
15084.373199438  1.965402E-16
15094.5118865718  2.022365E-16
15104.6505737056  1.992957E-16
15114.7892608394  1.933192E-16
15124.9279479732  1.891380E-16
15135.066635107  1.860044E-16
15145.2053222408  1.854611E-16
15155.3440093746  1.887860E-16
15165.4826965084  1.856121E-16
15175.6213836422  1.806241E-16
15185.760070776  1.824174E-16
15195.8987579098  1.852111E-16
15206.0374450436  1.839286E-16
15216.1761321774  1.836667E-16
15226.3148193112  1.757243E-16
15236.453506445  1.712972E-16
15246.5921935788  1.763648E-16
15256.7308807126  1.811438E-16
15266.8695678464  1.731777E-16
15277.0082549802  1.718103E-16
15287.146942114  1.699531E-16
15297.2856292478  1.767902E-16
15307.4243163816  1.704656E-16
15317.5630035154  1.706746E-16
15327.7016906492  1.845463E-16
15337.840377783  1.720344E-16
15347.9790649168  1.711006E-16
15358.1177520506  1.669337E-16
15368.2564391844  1.771698E-16
15378.3951263182  1.812517E-16
15388.533813452  1.770897E-16
15398.6725005858  1.789428E-16
15408.8111877196  1.767937E-16
15418.9498748534  1.766239E-16
15429.0885619872  1.827732E-16
15439.227249121  1.787041E-16
15449.3659362548  1.775817E-16
15459.5046233886  1.830241E-16
15469.6433105224  1.760210E-16
15479.7819976562  1.755255E-16
15489.92068479  1.785194E-16
15500.0593719238  1.873489E-16
15510.1980590576  1.776760E-16
15520.3367461914  1.867580E-16
15530.4754333252  1.916094E-16
15540.614120459  1.927412E-16
15550.7528075928  1.917411E-16
15560.8914947266  1.977305E-16
15571.0301818604  1.902533E-16
15581.1688689942  1.899106E-16
15591.307556128  1.861263E-16
15601.4462432618  1.860299E-16
15611.5849303956  1.877186E-16
15621.7236175294  1.907116E-16
15631.8623046632  1.886255E-16
15642.000991797  1.931517E-16
15652.1396789308  1.856282E-16
15662.2783660646  1.905256E-16
15672.4170531984  1.878546E-16
15682.5557403322  1.948750E-16
15692.694427466  1.979078E-16
15702.8331145998  1.956263E-16
15712.9718017336  1.890990E-16
15723.1104888674  1.902439E-16
15733.2491760012  1.968407E-16
15743.387863135  1.864062E-16
15753.5265502688  1.864879E-16
15763.6652374026  1.885128E-16
15773.8039245364  1.881324E-16
15783.9426116702  1.892082E-16
15794.081298804  1.866001E-16
15804.2199859378  1.872499E-16
15814.3586730716  1.831081E-16
15824.4973602054  1.996486E-16
15834.6360473392  1.924320E-16
15844.774734473  1.982314E-16
15854.9134216068  1.912929E-16
15865.0521087406  1.927542E-16
15875.1907958744  1.865955E-16
15885.3294830082  1.893639E-16
15895.468170142  1.939058E-16
15905.6068572758  1.984717E-16
15915.7455444096  1.908300E-16
15925.8842315434  1.936147E-16
15936.0229186772  1.916624E-16
15946.161605811  1.985104E-16
15956.3002929448  1.916166E-16
15966.4389800786  1.935594E-16
15976.5776672124  1.962835E-16
15986.7163543462  1.865359E-16
15996.85504148  1.846964E-16
16006.9937286138  1.813165E-16
16017.1324157476  1.781604E-16
16027.2711028814  1.851607E-16
16037.4097900152  1.833092E-16
16047.548477149  1.887627E-16
16057.6871642828  1.863728E-16
16067.8258514166  1.946044E-16
16077.9645385504  1.937211E-16
16088.1032256842  1.853440E-16
16098.241912818  1.820744E-16
16108.3805999518  1.839036E-16
16118.5192870856  1.955641E-16
16128.6579742194  1.969333E-16
16138.7966613532  1.890139E-16
16148.935348487  1.880884E-16
16159.0740356208  1.801761E-16
16169.2127227546  1.864987E-16
16179.3514098884  1.849031E-16
16189.4900970222  1.857600E-16
16199.628784156  1.843552E-16
16209.7674712898  1.844529E-16
16219.9061584236  1.855196E-16
16230.0448455574  1.815732E-16
16240.1835326912  1.867257E-16
16250.322219825  1.855220E-16
16260.4609069588  1.824730E-16
16270.5995940926  1.822914E-16
16280.7382812264  1.757173E-16
16290.8769683602  1.668924E-16
16301.015655494  1.758015E-16
16311.1543426278  1.749011E-16
16321.2930297616  1.755293E-16
16331.4317168954  1.774034E-16
16341.5704040292  1.680154E-16
16351.709091163  1.755557E-16
16361.8477782968  1.768974E-16
16371.9864654306  1.758821E-16
16382.1251525644  1.822858E-16
16392.2638396982  1.836021E-16
16402.402526832  1.791109E-16
16412.5412139658  1.786989E-16
16422.6799010996  1.760339E-16
16432.8185882334  1.802416E-16
16442.9572753672  1.790645E-16
16453.095962501  1.756489E-16
16463.2346496348  1.813911E-16
16473.3733367686  1.753172E-16
16483.5120239024  1.733425E-16
16493.6507110362  1.826955E-16
16503.78939817  1.699653E-16
16513.9280853038  1.690053E-16
16524.0667724376  1.695758E-16
16534.2054595714  1.696945E-16
16544.3441467052  1.720673E-16
16554.482833839  1.779339E-16
16564.6215209728  1.727326E-16
16574.7602081066  1.714578E-16
16584.8988952404  1.679380E-16
16595.0375823742  1.656265E-16
16605.176269508  1.626177E-16
16615.3149566418  1.712021E-16
16625.4536437756  1.690118E-16
16635.5923309094  1.651095E-16
16645.7310180432  1.676799E-16
16655.869705177  1.582376E-16
16666.0083923108  1.635328E-16
16676.1470794446  1.641302E-16
16686.2857665784  1.612284E-16
16696.4244537122  1.627086E-16
16706.563140846  1.545241E-16
16716.7018279798  1.505536E-16
16726.8405151136  1.548571E-16
16736.9792022474  1.605242E-16
16747.1178893812  1.664315E-16
16757.256576515  1.654992E-16
16767.3952636488  1.595476E-16
16777.5339507826  1.647895E-16
16787.6726379164  1.619651E-16
16797.8113250502  1.636986E-16
16807.950012184  1.601438E-16
16818.0886993178  1.609915E-16
16828.2273864516  1.647160E-16
16838.3660735854  1.684416E-16
16848.5047607192  1.672336E-16
16858.643447853  1.637756E-16
16868.7821349868  1.704312E-16
16878.9208221206  1.713409E-16
16889.0595092544  1.627253E-16
16899.1981963882  1.648527E-16
16909.336883522  1.668440E-16
16919.4755706558  1.706657E-16
16929.6142577896  1.682183E-16
16939.7529449234  1.621201E-16
16949.8916320572  1.674083E-16
16960.030319191  1.648643E-16
16970.1690063248  1.592160E-16
16980.3076934586  1.627657E-16
16990.4463805924  1.631003E-16
17000.5850677262  1.591233E-16
17010.72375486  1.556198E-16
17020.8624419938  1.568169E-16
17031.0011291276  1.576723E-16
17041.1398162614  1.578094E-16
17051.2785033952  1.541448E-16
17061.417190529  1.608867E-16
17071.5558776628  1.597239E-16
17081.6945647966  1.575223E-16
17091.8332519304  1.557255E-16
17101.9719390642  1.530995E-16
17112.110626198  1.510254E-16
17122.2493133318  1.576187E-16
17132.3880004656  1.531789E-16
17142.5266875994  1.590773E-16
17152.6653747332  1.541026E-16
17162.804061867  1.549922E-16
17172.9427490008  1.575407E-16
17183.0814361346  1.574424E-16
17193.2201232684  1.495670E-16
17203.3588104022  1.499570E-16
17213.497497536  1.490545E-16
17223.6361846698  1.462896E-16
17233.7748718036  1.371787E-16
17243.9135589374  1.450968E-16
17254.0522460712  1.380177E-16
17264.190933205  1.400400E-16
17274.3296203388  1.463492E-16
17284.4683074726  1.441315E-16
17294.6069946064  1.492827E-16
17304.7456817402  1.486719E-16
17314.884368874  1.526734E-16
17325.0230560078  1.582343E-16
17335.1617431416  1.537324E-16
17345.3004302754  1.495900E-16
17355.4391174092  1.548787E-16
17365.577804543  1.507055E-16
17375.7164916768  1.558541E-16
17385.8551788106  1.585951E-16
17395.9938659444  1.507323E-16
17406.1325530782  1.605054E-16
17416.271240212  1.594637E-16
17426.4099273458  1.562728E-16
17436.5486144796  1.555893E-16
17446.6873016134  1.559384E-16
17456.8259887472  1.512511E-16
17466.964675881  1.494186E-16
17477.1033630148  1.503263E-16
17487.2420501486  1.511382E-16
17497.3807372824  1.507271E-16
17507.5194244162  1.422719E-16
17517.65811155  1.450430E-16
17527.7967986838  1.456519E-16
17537.9354858176  1.457839E-16
17548.0741729514  1.431465E-16
17558.2128600852  1.453405E-16
17568.351547219  1.437216E-16
17578.4902343528  1.441062E-16
17588.6289214866  1.475481E-16
17598.7676086204  1.475176E-16
17608.9062957542  1.400468E-16
17619.044982888  1.366581E-16
17629.1836700218  1.446112E-16
17639.3223571556  1.416668E-16
17649.4610442894  1.309385E-16
17659.5997314232  1.387091E-16
17669.738418557  1.507037E-16
17679.8771056908  1.474628E-16
17690.0157928246  1.396685E-16
17700.1544799584  1.360381E-16
17710.2931670922  1.412294E-16
17720.431854226  1.403407E-16
17730.5705413598  1.343225E-16
17740.7092284936  1.362103E-16
17750.8479156274  1.323284E-16
17760.9866027612  1.340918E-16
17771.125289895  1.380243E-16
17781.2639770288  1.296211E-16
17791.4026641626  1.312514E-16
17801.5413512964  1.350522E-16
17811.6800384302  1.332951E-16
17821.818725564  1.322366E-16
17831.9574126978  1.254914E-16
17842.0960998316  1.266518E-16
17852.2347869654  1.283683E-16
17862.3734740992  1.407901E-16
17872.512161233  1.329816E-16
17882.6508483668  1.414021E-16
17892.7895355006  1.256784E-16
17902.9282226344  1.197422E-16
17913.0669097682  1.204576E-16
17923.205596902  1.171775E-16
17933.3442840358  1.210129E-16
17943.4829711696  1.195315E-16
17953.6216583034  1.210132E-16
17963.7603454372  1.229136E-16
17973.899032571  1.203153E-16
17984.0377197048  1.221416E-16
17994.1764068386  1.039608E-16
18004.3150939724  1.003786E-16
18014.4537811062  1.104992E-16
18024.59246824  1.093705E-16
18034.7311553738  1.146553E-16
18044.8698425076  1.044975E-16
18055.0085296414  9.789435E-17
18065.1472167752  1.008097E-16
18075.285903909  1.081857E-16
18085.4245910428  1.122105E-16
18095.5632781766  9.921476E-17
18105.7019653104  9.562944E-17
18115.8406524442  9.866900E-17
18125.979339578  1.056805E-16
18136.1180267118  1.080827E-16
18146.2567138456  9.697140E-17
18156.3954009794  9.708612E-17
18166.5340881132  1.055028E-16
18176.672775247  1.114926E-16
18186.8114623808  9.356371E-17
18196.9501495146  8.120655E-17
18207.0888366484  8.492152E-17
18217.2275237822  9.717372E-17
18227.366210916  1.095989E-16
18237.5048980498  1.144643E-16
18247.6435851836  9.673110E-17
18257.7822723174  8.775020E-17
18267.9209594512  8.228167E-17
18278.059646585  5.900024E-17
18288.1983337188  7.177780E-17
18298.3370208526  9.416731E-17
18308.4757079864  8.936225E-17
18318.6143951202  9.292867E-17
18328.753082254  8.054706E-17
18338.8917693878  5.981257E-17
18349.0304565216  4.015599E-17
18359.1691436554  2.697716E-17
18369.3078307892  6.632692E-17
18379.446517923  1.212001E-16
18389.5852050568  5.295019E-17
18399.7238921906  2.803061E-17
18409.8625793244  4.606183E-17
18420.0012664582  9.363957E-17
18430.139953592  1.090515E-16
18440.2786407258  1.096810E-16
18450.4173278596  1.180415E-16
18460.5560149934  9.529928E-17
18470.6947021272  8.630088E-17
18480.833389261  6.742408E-17
18490.9720763948  9.402009E-17
18501.1107635286  9.720157E-17
18511.2494506624  8.771646E-17
18521.3881377962  8.237370E-17
18531.52682493  7.479101E-17
18541.6655120638  5.569314E-17
18551.8041991976  7.807520E-17
18561.9428863314  3.089307E-17
18572.0815734652  8.602391E-17
18582.220260599  9.674816E-17
18592.3589477328  9.260088E-17
18602.4976348666  1.399334E-16
18612.6363220004  1.267550E-16
18622.7750091342  1.049357E-16
18632.913696268  1.028407E-16
18643.0523834018  1.157304E-16
18653.1910705356  1.428067E-16
18663.3297576694  1.070218E-16
18673.4684448032  1.318421E-16
18683.607131937  1.019715E-16
18693.7458190708  1.302085E-16
18703.8845062046  7.051105E-17
18714.0231933384  9.824208E-17
18724.1618804722  7.444735E-17
18734.300567606  1.274265E-16
18744.4392547398  8.709806E-17
18754.5779418736  1.265889E-16
18764.7166290074  1.217795E-16
18774.8553161412  2.091172E-16
18784.994003275  1.999743E-16
18795.1326904088  1.883978E-16
18805.2713775426  1.779363E-16
18815.4100646764  1.944007E-16
18825.5487518102  1.823573E-16
18835.687438944  1.493325E-16
18845.8261260778  1.688465E-16
18855.9648132116  1.923002E-16
18866.1035003454  1.879074E-16
18876.2421874792  1.876226E-16
18886.380874613  1.658515E-16
18896.5195617468  1.346480E-16
18906.6582488806  1.318733E-16
18916.7969360144  1.182559E-16
18926.9356231482  1.450353E-16
18937.074310282  1.884726E-16
18947.2129974158  1.682541E-16
18957.3516845496  1.496593E-16
18967.4903716834  1.496024E-16
18977.6290588172  1.299440E-16
18987.767745951  8.448295E-17
18997.9064330848  9.313333E-17
19008.0451202186  1.422144E-16
19018.1838073524  1.177929E-16
19028.3224944862  8.694872E-17
19038.46118162  9.911899E-17
19048.5998687538  1.080992E-16
19058.7385558876  1.068997E-16
19068.8772430214  1.091031E-16
19079.0159301552  1.173072E-16
19089.154617289  1.045574E-16
19099.2933044228  8.717155E-17
19109.4319915566  9.127172E-17
19119.5706786904  7.839508E-17
19129.7093658242  1.172008E-16
19139.848052958  9.738242E-17
19149.9867400918  1.103318E-16
19160.1254272256  1.038208E-16
19170.2641143594  1.119622E-16
19180.4028014932  1.090908E-16
19190.541488627  9.287609E-17
19200.6801757608  9.268761E-17
19210.8188628946  1.167978E-16
19220.9575500284  1.110959E-16
19231.0962371622  1.015664E-16
19241.234924296  1.086378E-16
19251.3736114298  1.170989E-16
19261.5122985636  9.462566E-17
19271.6509856974  8.903965E-17
19281.7896728312  7.836704E-17
19291.928359965  9.352639E-17
19302.0670470988  8.366513E-17
19312.2057342326  8.757186E-17
19322.3444213664  9.644761E-17
19332.4831085002  9.196623E-17
19342.621795634  9.663696E-17
19352.7604827678  9.221923E-17
19362.8991699016  8.994194E-17
19373.0378570354  9.020326E-17
19383.1765441692  8.116476E-17
19393.315231303  8.895223E-17
19403.4539184368  1.039690E-16
19413.5926055706  1.131047E-16
19423.7312927044  1.173381E-16
19433.8699798382  1.039268E-16
19444.008666972  9.983079E-17
19454.1473541058  1.019788E-16
19464.2860412396  1.019384E-16
19474.4247283734  9.759912E-17
19484.5634155072  1.018701E-16
19494.702102641  1.026622E-16
19504.8407897748  1.083075E-16
19514.9794769086  9.899610E-17
19525.1181640424  9.399114E-17
19535.2568511762  8.515425E-17
19545.39553831  9.615263E-17
19555.5342254438  9.699475E-17
19565.6729125776  9.259312E-17
19575.8115997114  9.504952E-17
19585.9502868452  9.733680E-17
19596.088973979  1.050275E-16
19606.2276611128  1.020099E-16
19616.3663482466  9.855500E-17
19626.5050353804  9.573037E-17
19636.6437225142  9.555568E-17
19646.782409648  1.000340E-16
19656.9210967818  9.187868E-17
19667.0597839156  9.905107E-17
19677.1984710494  1.003499E-16
19687.3371581832  9.056720E-17
19697.475845317  9.575082E-17
19707.6145324508  9.607290E-17
19717.7532195846  1.075656E-16
19727.8919067184  1.013536E-16
19738.0305938522  1.009435E-16
19748.169280986  1.076003E-16
19758.3079681198  1.050312E-16
19768.4466552536  1.008996E-16
19778.5853423874  9.867992E-17
19788.7240295212  9.545655E-17
19798.862716655  9.003260E-17
19809.0014037888  1.009772E-16
19819.1400909226  1.008891E-16
19829.2787780564  9.115516E-17
19839.4174651902  9.709960E-17
19849.556152324  9.909000E-17
19859.6948394578  9.247885E-17
19869.8335265916  9.830312E-17
19879.9722137254  9.624293E-17
19890.1109008592  9.842573E-17
19900.249587993  9.544237E-17
19910.3882751268  9.487483E-17
19920.5269622606  9.720304E-17
19930.6656493944  9.531932E-17
19940.8043365282  9.200994E-17
19950.943023662  8.903275E-17
19961.0817107958  9.417992E-17
19971.2203979296  8.649276E-17
19981.3590850634  8.504248E-17
19991.4977721972  8.168854E-17
20001.636459331  8.599860E-17
20011.7751464648  8.134855E-17
20021.9138335986  6.126607E-17
20032.0525207324  5.419693E-17
20042.1912078662  7.353338E-17
20052.329895  7.546972E-17
20062.4685821338  7.292093E-17
20072.6072692676  9.148724E-17
20082.7459564014  8.692376E-17
20092.8846435352  8.133865E-17
20103.023330669  8.232131E-17
20113.1620178028  8.843135E-17
20123.3007049366  7.699179E-17
20133.4393920704  8.695275E-17
20143.5780792042  9.459493E-17
20153.716766338  7.972529E-17
20163.8554534718  7.997326E-17
20173.9941406056  8.870020E-17
20184.1328277394  9.040675E-17
20194.2715148732  9.143504E-17
20204.410202007  9.614478E-17
20214.5488891408  9.177170E-17
20224.6875762746  9.343894E-17
20234.8262634084  9.094925E-17
20244.9649505422  9.175371E-17
20255.103637676  9.677973E-17
20265.2423248098  9.500253E-17
20275.3810119436  9.545177E-17
20285.5196990774  9.516631E-17
20295.6583862112  9.572832E-17
20305.797073345  9.059726E-17
20315.9357604788  9.547095E-17
20326.0744476126  9.217444E-17
20336.2131347464  9.067581E-17
20346.3518218802  8.915775E-17
20356.490509014  9.201983E-17
20366.6291961478  9.038523E-17
20376.7678832816  9.024934E-17
20386.9065704154  9.328073E-17
20397.0452575492  8.805512E-17
20407.183944683  9.423592E-17
20417.3226318168  9.530979E-17
20427.4613189506  8.918820E-17
20437.6000060844  9.071493E-17
20447.7386932182  9.089611E-17
20457.877380352  8.970146E-17
20468.0160674858  9.104505E-17
20478.1547546196  8.704580E-17
20488.2934417534  8.337736E-17
20498.4321288872  8.260449E-17
20508.570816021  8.337124E-17
20518.7095031548  8.121396E-17
20528.8481902886  8.235959E-17
20538.9868774224  8.925614E-17
20549.1255645562  8.697409E-17
20559.26425169  8.713748E-17
20569.4029388238  8.765904E-17
20579.5416259576  8.895138E-17
20589.6803130914  8.482867E-17
20599.8190002252  8.813123E-17
20609.957687359  8.613916E-17
20620.0963744928  8.572666E-17
20630.2350616266  8.432993E-17
20640.3737487604  8.553891E-17
20650.5124358942  7.799228E-17
20660.651123028  8.837724E-17
20670.7898101618  8.824084E-17
20680.9284972956  8.689951E-17
20691.0671844294  8.322956E-17
20701.2058715632  8.526947E-17
20711.344558697  9.226775E-17
20721.4832458308  9.014322E-17
20731.6219329646  8.846812E-17
20741.7606200984  8.550136E-17
20751.8993072322  8.682041E-17
20762.037994366  8.091033E-17
20772.1766814998  8.666072E-17
20782.3153686336  8.757299E-17
20792.4540557674  8.735708E-17
20802.5927429012  8.155016E-17
20812.731430035  8.408262E-17
20822.8701171688  8.603051E-17
20833.0088043026  8.430978E-17
20843.1474914364  8.637783E-17
20853.2861785702  8.545029E-17
20863.424865704  8.027309E-17
20873.5635528378  8.621369E-17
20883.7022399716  8.401057E-17
20893.8409271054  8.329749E-17
20903.9796142392  8.295737E-17
20914.118301373  8.468964E-17
20924.2569885068  7.836790E-17
20934.3956756406  8.270487E-17
20944.5343627744  8.268662E-17
20954.6730499082  8.446338E-17
20964.811737042  8.327313E-17
20974.9504241758  8.243523E-17
20985.0891113096  8.239745E-17
20995.2277984434  8.429864E-17
21005.3664855772  7.890096E-17
21015.505172711  8.153585E-17
21025.6438598448  8.017549E-17
21035.7825469786  8.289029E-17
21045.9212341124  8.275135E-17
21056.0599212462  8.404609E-17
21066.19860838  8.069121E-17
21076.3372955138  8.348768E-17
21086.4759826476  7.898805E-17
21096.6146697814  7.829474E-17
21106.7533569152  8.315061E-17
21116.892044049  7.875982E-17
21127.0307311828  8.404703E-17
21137.1694183166  7.780242E-17
21147.3081054504  8.264159E-17
21157.4467925842  8.403587E-17
21167.585479718  8.174237E-17
21177.7241668518  7.697021E-17
21187.8628539856  7.995084E-17
21198.0015411194  7.970654E-17
21208.1402282532  7.591479E-17
21218.278915387  7.815743E-17
21228.4176025208  7.723084E-17
21238.5562896546  7.824025E-17
21248.6949767884  7.692754E-17
21258.8336639222  7.454100E-17
21268.972351056  7.856726E-17
21279.1110381898  8.033223E-17
21289.2497253236  7.853031E-17
21299.3884124574  7.606538E-17
21309.5270995912  7.781604E-17
21319.665786725  7.608475E-17
21329.8044738588  7.426261E-17
21339.9431609926  7.066196E-17
21350.0818481264  7.201019E-17
21360.2205352602  6.991163E-17
21370.359222394  7.486982E-17
21380.4979095278  7.871592E-17
21390.6365966616  7.639745E-17
21400.7752837954  7.560785E-17
21410.9139709292  7.199265E-17
21421.052658063  7.399207E-17
21431.1913451968  7.944542E-17
21441.3300323306  7.298669E-17
21451.4687194644  7.027235E-17
21461.6074065982  7.472526E-17
21471.746093732  6.999703E-17
21481.8847808658  6.918228E-17
21492.0234679996  6.772914E-17
21502.1621551334  6.827929E-17
21512.3008422672  6.868412E-17
21522.439529401  6.617884E-17
21532.5782165348  6.956257E-17
21542.7169036686  6.584698E-17
21552.8555908024  7.140788E-17
21562.9942779362  7.504002E-17
21573.13296507  6.877884E-17
21583.2716522038  7.529842E-17
21593.4103393376  7.381927E-17
21603.5490264714  7.709296E-17
21613.6877136052  7.756091E-17
21623.826400739  8.051312E-17
21633.9650878728  7.950980E-17
21644.1037750066  8.351456E-17
21654.2424621404  7.942724E-17
21664.3811492742  7.672784E-17
21674.519836408  8.232181E-17
21684.6585235418  8.094055E-17
21694.7972106756  8.410322E-17
21704.9358978094  8.385980E-17
21715.0745849432  8.202450E-17
21725.213272077  7.876041E-17
21735.3519592108  7.542451E-17
21745.4906463446  8.060823E-17
21755.6293334784  8.019486E-17
21765.7680206122  8.330219E-17
21775.906707746  8.218135E-17
21786.0453948798  7.963126E-17
21796.1840820136  8.235355E-17
21806.3227691474  7.702540E-17
21816.4614562812  7.402969E-17
21826.600143415  7.483848E-17
21836.7388305488  7.213597E-17
21846.8775176826  6.916207E-17
21857.0162048164  7.637473E-17
21867.1548919502  7.579558E-17
21877.293579084  7.342643E-17
21887.4322662178  7.593478E-17
21897.5709533516  7.811300E-17
21907.7096404854  7.636269E-17
21917.8483276192  7.734792E-17
21927.987014753  7.525574E-17
21938.1257018868  7.327706E-17
21948.2643890206  6.998788E-17
21958.4030761544  7.495938E-17
21968.5417632882  6.900087E-17
21978.680450422  7.332412E-17
21988.8191375558  7.041941E-17
21998.9578246896  7.272123E-17
22009.0965118234  8.454588E-17
22019.2351989572  7.325421E-17
22029.373886091  7.072947E-17
22039.5125732248  7.633191E-17
22049.6512603586  7.234094E-17
22059.7899474924  7.218652E-17
22069.9286346262  7.186942E-17
22080.06732176  7.646313E-17
22090.2060088938  6.993817E-17
22100.3446960276  7.260350E-17
22110.4833831614  7.022209E-17
22120.6220702952  6.571971E-17
22130.760757429  6.813324E-17
22140.8994445628  7.203546E-17
22151.0381316966  7.076144E-17
22161.1768188304  7.007231E-17
22171.3155059642  7.392418E-17
22181.454193098  6.950498E-17
22191.5928802318  6.999847E-17
22201.7315673656  7.344596E-17
22211.8702544994  7.013739E-17
22222.0089416332  7.455166E-17
22232.147628767  7.336649E-17
22242.2863159008  7.283499E-17
22252.4250030346  6.306845E-17
22262.5636901684  6.417714E-17
22272.7023773022  7.140050E-17
22282.841064436  6.683170E-17
22292.9797515698  6.710709E-17
22303.1184387036  6.860933E-17
22313.2571258374  7.111577E-17
22323.3958129712  7.128831E-17
22333.534500105  7.413310E-17
22343.6731872388  7.008963E-17
22353.8118743726  6.985201E-17
22363.9505615064  6.358934E-17
22374.0892486402  6.382964E-17
22384.227935774  6.785830E-17
22394.3666229078  6.766762E-17
22404.5053100416  6.215538E-17
22414.6439971754  6.701758E-17
22424.7826843092  7.258289E-17
22434.921371443  6.835018E-17
22445.0600585768  6.188166E-17
22455.1987457106  6.841169E-17
22465.3374328444  6.462200E-17
22475.4761199782  6.579550E-17
22485.614807112  6.888773E-17
22495.7534942458  6.971676E-17
22505.8921813796  6.704096E-17
22516.0308685134  7.283863E-17
22526.1695556472  6.457722E-17
22536.308242781  6.485027E-17
22546.4469299148  6.337483E-17
22556.5856170486  5.843429E-17
22566.7243041824  6.109663E-17
22576.8629913162  7.041145E-17
22587.00167845  6.875679E-17
22597.1403655838  6.555318E-17
22607.2790527176  6.611383E-17
22617.4177398514  6.621850E-17
22627.5564269852  6.542215E-17
22637.695114119  6.928989E-17
22647.8338012528  6.572960E-17
22657.9724883866  6.529342E-17
22668.1111755204  6.110107E-17
22678.2498626542  6.426864E-17
22688.388549788  6.167934E-17
22698.5272369218  6.113035E-17
22708.6659240556  6.676113E-17
22718.8046111894  6.716104E-17
22728.9432983232  6.551894E-17
22739.081985457  6.419129E-17
22749.2206725908  5.777739E-17
22759.3593597246  6.306870E-17
22769.4980468584  6.293575E-17
22779.6367339922  6.470079E-17
22789.775421126  6.207840E-17
22799.9141082598  5.672506E-17
22810.0527953936  6.091463E-17
22820.1914825274  6.281848E-17
22830.3301696612  6.267209E-17
22840.468856795  6.430593E-17
22850.6075439288  6.113891E-17
22860.7462310626  6.086026E-17
22870.8849181964  6.230161E-17
22881.0236053302  6.329425E-17
22891.162292464  6.852116E-17
22901.3009795978  6.013431E-17
22911.4396667316  6.176475E-17
22921.5783538654  6.406487E-17
22931.7170409992  6.096654E-17
22941.855728133  6.020080E-17
22951.9944152668  5.560093E-17
22962.1331024006  5.970993E-17
22972.2717895344  5.839309E-17
22982.4104766682  5.683823E-17
22992.549163802  6.049153E-17
23002.6878509358  5.806989E-17
23012.8265380696  5.912166E-17
23022.9652252034  6.088389E-17
23033.1039123372  6.133619E-17
23043.242599471  6.135410E-17
23053.3812866048  5.697854E-17
23063.5199737386  5.875989E-17
23073.6586608724  5.783072E-17
23083.7973480062  5.855443E-17
23093.93603514  5.513778E-17
23104.0747222738  6.038297E-17
23114.2134094076  5.235734E-17
23124.3520965414  6.191972E-17
23134.4907836752  5.509215E-17
23144.629470809  5.722572E-17
23154.7681579428  5.668863E-17
23164.9068450766  5.140181E-17
23175.0455322104  5.963889E-17
23185.1842193442  5.570566E-17
23195.322906478  5.753052E-17
23205.4615936118  6.777269E-17
23215.6002807456  6.109203E-17
23225.7389678794  5.560504E-17
23235.8776550132  5.536697E-17
23246.016342147  5.857178E-17
23256.1550292808  5.517805E-17
23266.2937164146  4.649126E-17
23276.4324035484  5.313332E-17
23286.5710906822  6.105127E-17
23296.709777816  6.622356E-17
23306.8484649498  5.337765E-17
23316.9871520836  5.354332E-17
23327.1258392174  5.339768E-17
23337.2645263512  4.912817E-17
23347.403213485  5.376064E-17
23357.5419006188  5.778990E-17
23367.6805877526  4.932634E-17
23377.8192748864  4.717655E-17
23387.9579620202  5.788686E-17
23398.096649154  6.135398E-17
23408.2353362878  5.814883E-17
23418.3740234216  6.073646E-17
23428.5127105554  5.614760E-17
23438.6513976892  6.026808E-17
23448.790084823  5.078722E-17
23458.9287719568  6.344833E-17
23469.0674590906  5.247913E-17
23479.2061462244  5.217487E-17
23489.3448333582  5.449081E-17
23499.483520492  6.993397E-17
23509.6222076258  5.360241E-17
23519.7608947596  5.331833E-17
23529.8995818934  5.276135E-17
23540.0382690272  5.158063E-17
23550.176956161  5.093192E-17
23560.3156432948  5.978899E-17
23570.4543304286  5.080565E-17
23580.5930175624  5.983903E-17
23590.7317046962  5.380543E-17
23600.87039183  5.367129E-17
23611.0090789638  5.309916E-17
23621.1477660976  5.376432E-17
23631.2864532314  4.669133E-17
23641.4251403652  4.667852E-17
23651.563827499  5.271874E-17
23661.7025146328  6.424687E-17
23671.8412017666  5.445744E-17
23681.9798889004  5.603895E-17
23692.1185760342  5.064415E-17
23702.257263168  5.047306E-17
23712.3959503018  5.095935E-17
23722.5346374356  5.429941E-17
23732.6733245694  5.461321E-17
23742.8120117032  5.666756E-17
23752.950698837  4.437123E-17
23763.0893859708  5.264300E-17
23773.2280731046  4.805438E-17
23783.3667602384  6.137666E-17
23793.5054473722  5.217794E-17
23803.644134506  5.462801E-17
23813.7828216398  4.649879E-17
23823.9215087736  5.255373E-17
23834.0601959074  4.567980E-17
23844.1988830412  5.193310E-17
23854.337570175  5.232636E-17
23864.4762573088  4.566081E-17
23874.6149444426  5.789033E-17
23884.7536315764  5.761039E-17
23894.8923187102  4.048274E-17
23905.031005844  3.996716E-17
23915.1696929778  7.118055E-17
23925.3083801116  5.576062E-17
23935.4470672454  4.994876E-17
23945.5857543792  4.741854E-17
23955.724441513  4.325177E-17
23965.8631286468  5.957824E-17
23976.0018157806  5.901515E-17
23986.1405029144  4.854622E-17
23996.2791900482  5.396620E-17
24006.417877182  5.693660E-17
24016.5565643158  4.118347E-17
24026.6952514496  5.275906E-17
24036.8339385834  4.591176E-17
24046.9726257172  5.561039E-17
24057.111312851  7.305704E-17
24067.2499999848  5.055963E-17
24077.3886871186  4.820701E-17
24087.5273742524  6.543208E-17
24097.6660613862  4.875505E-17
24107.80474852  5.258483E-17
24117.9434356538  5.280975E-17
24128.0821227876  3.986715E-17
24138.2208099214  5.278020E-17
24148.3594970552  5.314398E-17
24158.498184189  6.462985E-17
24168.6368713228  4.101847E-17
24178.7755584566  3.530419E-17
24188.9142455904  4.107099E-17
24199.0529327242  3.887592E-17
24209.191619858  4.250574E-17
24219.3303069918  5.514683E-17
24229.4689941256  4.637610E-17
24239.6076812594  4.531695E-17
24249.7463683932  4.663202E-17
24259.885055527  5.536641E-17
24270.0237426608  4.270746E-17
24280.1624297946  3.697156E-17
24290.3011169284  4.249731E-17
24300.4398040622  5.484902E-17
24310.578491196  5.009048E-17
24320.7171783298  5.310859E-17
24330.8558654636  4.893094E-17
24340.9945525974  3.821622E-17
24351.1332397312  4.834075E-17
24361.271926865  4.582622E-17
24371.4106139988  6.440187E-17
24381.5493011326  5.868596E-17
24391.6879882664  4.534151E-17
24401.8266754002  4.193607E-17
24411.965362534  4.422835E-17
24422.1040496678  3.595367E-17
24432.2427368016  5.323438E-17
24442.3814239354  5.243772E-17
24452.5201110692  1.741677E-17
24462.658798203  5.514933E-17
24472.7974853368  4.396586E-17
24482.9361724706  5.663883E-17
24493.0748596044  5.903260E-17
24503.2135467382  3.373856E-17
24513.352233872  2.674163E-17
24523.4909210058  4.440931E-17
24533.6296081396  3.740548E-17
24543.7682952734  4.201546E-17
24553.9069824072  4.780048E-17
24564.045669541  5.544308E-17
24574.1843566748  4.798519E-17
24584.3230438086  3.260928E-17
24594.4617309424  4.944552E-17
24604.6004180762  4.038718E-17
24614.73910521  4.106996E-17
24624.8777923438  3.880877E-17
24635.0164794776  4.193714E-17
24645.1551666114  6.312438E-17
24655.2938537452  3.315566E-17
24665.432540879  6.693939E-17
24675.5712280128  3.428953E-17
24685.7099151466  5.223597E-17
24695.8486022804  3.013480E-17
24705.9872894142  3.113444E-17
24716.125976548  4.649157E-17
24726.2646636818  5.316675E-17
24736.4033508156  4.119126E-17
24746.5420379494  4.864215E-17
24756.6807250832  3.504394E-17
24766.819412217  3.845631E-17
24776.9580993508  3.786660E-17
24787.0967864846  3.293898E-17
24797.2354736184  2.640048E-17
24807.3741607522  6.712544E-18
24817.512847886  1.503357E-17
24827.6515350198  2.343045E-17
24837.7902221536  1.387098E-17
24847.9289092874  2.839644E-17
24858.0675964212  4.591614E-17
24868.206283555  1.135940E-17
24878.3449706888  2.742090E-17
24888.4836578226  5.097888E-17
24898.6223449564  4.319663E-17
24908.7610320902  6.743352E-17
24918.899719224  4.676105E-17
24929.0384063578  1.198893E-17
24939.1770934916  2.844339E-17
24949.3157806254  3.408992E-17
24959.4544677592  1.980020E-17
24969.593154893  2.852351E-17
24979.7318420268  4.099644E-17
24989.8705291606  2.970555E-17
25000.0092162944  3.728166E-17
25010.1479034282  1.079102E-17
25020.286590562  3.378522E-17
25030.4252776958  4.813560E-17
25040.5639648296  3.008051E-17
25050.7026519634  7.051246E-17
25060.8413390972  5.176410E-17
25070.980026231  1.998381E-17
25081.1187133648  5.127866E-17
25091.2574004986  1.695365E-17
25101.3960876324  2.159778E-17
25111.5347747662  3.736825E-17
25121.6734619  1.151505E-17
25131.8121490338  4.307189E-18
25141.9508361676  6.868517E-17
25152.0895233014  3.616559E-17
25162.2282104352  4.436787E-17
25172.366897569  2.987139E-17
25182.5055847028  5.226687E-17
25192.6442718366  4.134261E-17
25202.7829589704  6.055201E-17
25212.9216461042  1.975434E-17
25223.060333238  6.754809E-17
25233.1990203718  0.
25243.3377075056  3.829753E-17
25253.4763946394  3.053515E-18
25263.6150817732  2.602704E-17
25273.753768907  8.254271E-17
25283.8924560408  2.914818E-17
25294.0311431746  0.
25304.1698303084  6.133092E-17
25314.3085174422  2.060652E-16
25324.447204576  8.227496E-17
25334.5858917098  1.090322E-16
25344.7245788436  1.043056E-16
25354.8632659774  9.902072E-17
