3349.82538676     0.0             
3353.91254264     0.0             
3357.99969852     1.02801e-13     
3362.0868544      1.3539e-13      
3366.17401028     6.83061e-14     
3370.26116616     8.95339e-14     
3374.34832204     -1.46869e-14    
3378.43547792     5.1421e-14      
3382.5226338      -5.98463e-14    
3386.60978968     -4.70756e-14    
3390.69694556     -1.284e-13      
3394.78410144     -7.76263e-14    
3398.87125732     -8.66801e-14    
3402.9584132      -6.88901e-15    
3407.04556908     -1.02542e-13    
3411.13272496     -8.96587e-14    
3415.21988084     -9.34438e-14    
3419.30703672     -9.07851e-14    
3423.3941926      -7.15205e-14    
3427.48134848     -8.18471e-14    
3431.56850436     -2.99678e-14    
3435.65566024     -5.30374e-14    
3439.74281612     3.85931e-14     
3443.829972       1.57087e-14     
3447.91712788     3.4667e-14      
3452.00428376     3.63385e-14     
3456.09143964     6.60932e-14     
3460.17859552     3.41659e-14     
3464.2657514      5.97286e-14     
3468.35290728     5.43959e-14     
3472.44006316     5.82083e-14     
3476.52721904     2.70955e-14     
3480.61437491     6.02636e-14     
3484.70153079     9.09039e-15     
3488.78868667     2.75545e-14     
3492.87584255     -2.14521e-15    
3496.96299843     1.80386e-14     
3501.05015431     -5.40616e-15    
3505.13731019     -2.49162e-14    
3509.22446607     1.8316e-15      
3513.31162195     -1.91908e-14    
3517.39877783     -2.9034e-14     
3521.48593371     -5.2195e-15     
3525.57308959     -3.30984e-14    
3529.66024547     -2.26786e-14    
3533.74740135     -5.43988e-14    
3537.83455723     -1.30523e-14    
3541.92171311     -3.34227e-14    
3546.00886899     -1.11201e-14    
3550.09602487     9.23648e-15     
3554.18318075     -2.73347e-14    
3558.27033663     -7.84827e-15    
3562.35749251     2.89859e-15     
3566.44464839     2.15906e-14     
3570.53180427     4.54911e-15     
3574.61896015     3.20266e-14     
3578.70611603     4.57853e-14     
3582.79327191     4.57505e-14     
3586.88042779     2.19449e-15     
3590.96758367     2.50556e-14     
3595.05473955     2.64632e-14     
3599.14189543     3.83125e-14     
3603.22905131     1.29653e-14     
3607.31620719     1.21514e-14     
3611.40336307     2.95699e-14     
3615.49051895     9.0583e-15      
3619.57767483     3.68346e-14     
3623.66483071     3.97522e-15     
3627.75198659     2.07811e-14     
3631.83914247     4.78181e-15     
3635.92629835     -4.12225e-15    
3640.01345423     2.40155e-14     
3644.10061011     3.70118e-15     
3648.18776599     -4.12673e-15    
3652.27492187     7.30444e-15     
3656.36207775     -5.32864e-15    
3660.44923363     -2.41491e-14    
3664.53638951     -1.12705e-14    
3668.62354539     -2.75963e-14    
3672.71070127     -5.55554e-15    
3676.79785715     -1.08556e-14    
3680.88501303     -2.27787e-15    
3684.97216891     -3.38245e-15    
3689.05932479     -1.14509e-14    
3693.14648067     2.2903e-15      
3697.23363655     -7.93911e-15    
3701.32079243     -1.34958e-14    
3705.40794831     8.97386e-15     
3709.49510419     2.00653e-15     
3713.58226007     8.70371e-15     
3717.66941595     1.02031e-14     
3721.75657183     1.97739e-14     
3725.84372771     1.58366e-14     
3729.93088359     1.4146e-14      
3734.01803947     2.04339e-14     
3738.10519534     3.46299e-14     
3742.19235122     2.63471e-14     
3746.2795071      1.10379e-14     
3750.36666298     2.58512e-14     
3754.45381886     5.21179e-15     
3758.54097474     1.60391e-14     
3762.62813062     5.57184e-15     
3766.7152865      3.23987e-15     
3770.80244238     8.69204e-15     
3774.88959826     6.78198e-15     
3778.97675414     -4.89091e-15    
3783.06391002     1.29136e-15     
3787.1510659      -3.78098e-15    
3791.23822178     -1.98015e-15    
3795.32537766     -9.84336e-15    
3799.41253354     -1.00796e-14    
3803.49968942     6.0293e-15      
3807.5868453      1.25343e-14     
3811.67400118     -7.36157e-15    
3815.76115706     -3.79682e-15    
3819.84831294     1.67072e-15     
3823.93546882     1.14494e-15     
3828.0226247      3.55962e-15     
3832.10978058     3.03994e-15     
3836.19693646     -2.84326e-15    
3840.28409234     1.92024e-15     
3844.37124822     -5.75708e-15    
3848.4584041      8.62912e-15     
3852.54555998     -3.35544e-16    
3856.63271586     1.2976e-14      
3860.71987174     1.45778e-14     
3864.80702762     1.41076e-14     
3868.8941835      2.07866e-14     
3872.98133938     1.72977e-14     
3877.06849526     3.21256e-14     
3881.15565114     1.57072e-14     
3885.24280702     7.01616e-15     
3889.3299629      1.78357e-14     
3893.41711878     5.46678e-15     
3897.50427466     1.25676e-14     
3901.59143054     2.60063e-15     
3905.67858642     4.01748e-15     
3909.7657423      8.75801e-15     
3913.85289818     -1.78463e-15    
3917.94005406     -1.37938e-14    
3922.02720994     -4.89764e-15    
3926.11436582     -6.72538e-15    
3930.2015217      -9.02628e-15    
3934.28867758     -1.17337e-14    
3938.37583346     3.07303e-15     
3942.46298934     -1.85995e-14    
3946.55014522     -2.15612e-15    
3950.6373011      -9.2656e-15     
3954.72445698     -3.29858e-15    
3958.81161286     -9.30033e-15    
3962.89876874     -6.44396e-15    
3966.98592462     -2.69236e-15    
3971.0730805      6.30015e-15     
3975.16023638     6.81551e-15     
3979.24739226     5.12449e-15     
3983.33454814     1.5652e-14      
3987.42170402     6.69681e-15     
3991.5088599      2.49281e-14     
3995.59601577     1.11137e-14     
3999.68317165     6.66301e-15     
4003.77032753     1.93497e-14     
4007.85748341     2.25629e-14     
4011.94463929     2.61622e-14     
4016.03179517     1.35604e-14     
4020.11895105     1.73406e-14     
4024.20610693     2.4683e-14      
4028.29326281     1.70215e-14     
4032.38041869     1.80635e-14     
4036.46757457     3.4055e-15      
4040.55473045     -1.2476e-15     
4044.64188633     1.19316e-16     
4048.72904221     -5.24995e-15    
4052.81619809     -4.99594e-15    
4056.90335397     -6.55093e-15    
4060.99050985     -1.10198e-14    
4065.07766573     -4.26547e-15    
4069.16482161     -3.7844e-15     
4073.25197749     -1.292e-14      
4077.33913337     -1.60632e-15    
4081.42628925     -1.0053e-14     
4085.51344513     -2.05019e-14    
4089.60060101     -6.15555e-15    
4093.68775689     5.92545e-16     
4097.77491277     -7.74587e-15    
4101.86206865     7.41996e-15     
4105.94922453     1.20792e-14     
4110.03638041     1.05001e-14     
4114.12353629     3.32451e-15     
4118.21069217     1.58752e-14     
4122.29784805     1.41114e-14     
4126.38500393     1.50131e-14     
4130.47215981     1.11908e-14     
4134.55931569     1.92616e-14     
4138.64647157     2.26459e-14     
4142.73362745     1.35756e-14     
4146.82078333     1.01996e-14     
4150.90793921     1.79628e-14     
4154.99509509     1.36438e-14     
4159.08225097     1.44511e-14     
4163.16940685     1.06878e-14     
4167.25656273     1.11762e-15     
4171.34371861     -2.22171e-15    
4175.43087449     4.15325e-16     
4179.51803037     3.74299e-15     
4183.60518625     -9.46549e-16    
4187.69234213     4.97091e-15     
4191.77949801     -1.41225e-14    
4195.86665389     -2.59925e-15    
4199.95380977     -1.5118e-15     
4204.04096565     -6.69396e-15    
4208.12812153     -9.35023e-15    
4212.21527741     -4.3844e-15     
4216.30243329     -1.12508e-14    
4220.38958917     -1.2482e-14     
4224.47674505     -1.24441e-15    
4228.56390093     -8.54439e-15    
4232.65105681     -1.32927e-14    
4236.73821269     3.45492e-15     
4240.82536857     3.25687e-15     
4244.91252445     -5.36056e-15    
4248.99968033     8.23294e-15     
4253.0868362      7.53872e-15     
4257.17399208     1.90271e-14     
4261.26114796     1.30723e-14     
4265.34830384     3.74038e-15     
4269.43545972     9.18737e-15     
4273.5226156      1.50135e-14     
4277.60977148     1.65433e-14     
4281.69692736     1.68802e-14     
4285.78408324     1.42039e-14     
4289.87123912     1.8132e-14      
4293.958395       1.58921e-14     
4298.04555088     1.13518e-14     
4302.13270676     1.69302e-14     
4306.21986264     9.08514e-15     
4310.30701852     1.12744e-14     
4314.3941744      9.68753e-15     
4318.48133028     8.08897e-15     
4322.56848616     -4.1642e-15     
4326.65564204     -4.10133e-16    
4330.74279792     -4.97709e-15    
4334.8299538      -6.4618e-15     
4338.91710968     -9.97473e-15    
4343.00426556     -1.11228e-14    
4347.09142144     -1.0723e-14     
4351.17857732     -1.53763e-14    
4355.2657332      -2.25076e-15    
4359.35288908     -6.93233e-15    
4363.44004496     -8.18947e-15    
4367.52720084     -2.74413e-15    
4371.61435672     -1.01325e-15    
4375.7015126      5.68742e-15     
4379.78866848     2.10894e-16     
4383.87582436     9.76752e-15     
4387.96298024     2.53654e-15     
4392.05013612     6.71531e-16     
4396.137292       1.4137e-14      
4400.22444788     1.28893e-14     
4404.31160376     4.27232e-15     
4408.39875964     1.42929e-14     
4412.48591552     7.04397e-15     
4416.5730714      1.3238e-14      
4420.66022728     1.58534e-14     
4424.74738316     1.44297e-14     
4428.83453904     1.37139e-14     
4432.92169492     1.43751e-14     
4437.0088508      1.40052e-14     
4441.09600668     1.70591e-14     
4445.18316256     9.11098e-15     
4449.27031844     1.65621e-14     
4453.35747432     1.16818e-14     
4457.4446302      -3.41514e-15    
4461.53178608     -1.74225e-15    
4465.61894196     5.12501e-15     
4469.70609784     -3.82416e-16    
4473.79325372     -8.05015e-15    
4477.8804096      -8.48331e-15    
4481.96756548     -1.431e-14      
4486.05472136     -1.26072e-14    
4490.14187724     -5.60016e-15    
4494.22903312     4.13888e-15     
4498.316189       -5.24911e-15    
4502.40334488     -9.33991e-15    
4506.49050076     -7.91012e-15    
4510.57765664     -5.59677e-15    
4514.66481251     -1.43269e-15    
4518.75196839     -2.27505e-15    
4522.83912427     -8.50672e-15    
4526.92628015     2.04588e-15     
4531.01343603     4.50833e-15     
4535.10059191     1.01711e-14     
4539.18774779     6.2205e-15      
4543.27490367     1.35862e-14     
4547.36205955     1.18122e-14     
4551.44921543     1.07713e-14     
4555.53637131     1.73734e-14     
4559.62352719     1.41415e-14     
4563.71068307     1.77153e-14     
4567.79783895     1.79271e-14     
4571.88499483     1.15642e-14     
4575.97215071     9.17085e-15     
4580.05930659     1.28609e-14     
4584.14646247     1.31476e-15     
4588.23361835     1.21268e-14     
4592.32077423     2.71125e-15     
4596.40793011     8.92729e-15     
4600.49508599     9.60185e-15     
4604.58224187     3.63603e-15     
4608.66939775     2.79087e-15     
4612.75655363     4.77185e-16     
4616.84370951     -8.20339e-16    
4620.93086539     -1.05126e-14    
4625.01802127     -4.9068e-16     
4629.10517715     3.58166e-15     
4633.19233303     -1.40759e-14    
4637.27948891     -1.27952e-14    
4641.36664479     -1.07827e-14    
4645.45380067     -4.72806e-15    
4649.54095655     -3.69395e-15    
4653.62811243     -9.7285e-15     
4657.71526831     -8.38793e-15    
4661.80242419     -6.85996e-15    
4665.88958007     -1.68685e-15    
4669.97673595     8.91385e-16     
4674.06389183     5.91352e-15     
4678.15104771     1.30874e-14     
4682.23820359     5.29424e-15     
4686.32535947     9.56968e-15     
4690.41251535     1.80255e-14     
4694.49967123     7.73123e-15     
4698.58682711     1.41725e-14     
4702.67398299     1.7782e-14      
4706.76113887     1.65072e-14     
4710.84829475     1.73531e-14     
4714.93545063     1.04213e-14     
4719.02260651     1.13798e-14     
4723.10976239     1.23101e-14     
4727.19691827     9.38689e-15     
4731.28407415     1.62436e-14     
4735.37123003     1.98173e-16     
4739.45838591     4.83891e-15     
4743.54554179     6.71706e-15     
4747.63269767     1.07183e-15     
4751.71985355     5.46963e-15     
4755.80700943     3.71725e-15     
4759.89416531     -6.97289e-15    
4763.98132119     -7.27085e-15    
4768.06847707     -5.24891e-15    
4772.15563294     3.10169e-15     
4776.24278882     7.61704e-15     
4780.3299447      -9.50832e-15    
4784.41710058     2.93197e-15     
4788.50425646     -8.85312e-15    
4792.59141234     -1.51491e-16    
4796.67856822     -1.00253e-14    
4800.7657241      -8.41565e-15    
4804.85287998     -2.9207e-15     
4808.94003586     -5.68643e-15    
4813.02719174     -8.28022e-15    
4817.11434762     -3.66157e-15    
4821.2015035      1.18106e-15     
4825.28865938     3.61431e-15     
4829.37581526     -4.68889e-16    
4833.46297114     1.8141e-14      
4837.55012702     -2.36662e-15    
4841.6372829      1.09337e-14     
4845.72443878     1.26712e-14     
4849.81159466     1.08505e-14     
4853.89875054     6.47931e-15     
4857.98590642     1.05341e-14     
4862.0730623      1.94682e-14     
4866.16021818     1.96725e-14     
4870.24737406     9.995e-15       
4874.33452994     1.67532e-14     
4878.42168582     5.72767e-15     
4882.5088417      8.58075e-15     
4886.59599758     1.01391e-14     
4890.68315346     1.97191e-16     
4894.77030934     7.63045e-15     
4898.85746522     7.46858e-15     
4902.9446211      1.69622e-15     
4907.03177698     -2.42253e-15    
4911.11893286     8.29933e-15     
4915.20608874     -8.72948e-16    
4919.29324462     -6.88274e-15    
4923.3804005      -3.68451e-15    
4927.46755638     -1.61565e-14    
4931.55471226     1.04036e-15     
4935.64186814     -3.9768e-15     
4939.72902402     -1.64049e-14    
4943.8161799      -1.14855e-14    
4947.90333578     -8.51008e-15    
4951.99049166     5.16122e-16     
4956.07764754     -8.20486e-15    
4960.16480342     -1.30283e-14    
4964.2519593      -2.55509e-15    
4968.33911518     -5.56741e-16    
4972.42627106     -3.26674e-15    
4976.51342694     1.51701e-15     
4980.60058282     7.67158e-15     
4984.6877387      4.53e-15        
4988.77489458     2.60584e-15     
4992.86205046     7.49896e-15     
4996.94920634     9.89965e-15     
5001.03636222     1.52157e-14     
5005.1235181      1.73542e-14     
5009.21067398     2.55905e-14     
5013.29782986     2.05537e-14     
5017.38498574     1.52653e-14     
5021.47214162     1.25043e-14     
5025.5592975      1.22966e-14     
5029.64645337     1.04052e-14     
5033.73360925     1.21879e-14     
5037.82076513     8.96735e-15     
5041.90792101     1.84086e-15     
5045.99507689     3.87244e-15     
5050.08223277     3.78777e-15     
5054.16938865     -3.32132e-15    
5058.25654453     -2.93585e-15    
5062.34370041     -8.34831e-16    
5066.43085629     -7.17776e-16    
5070.51801217     -4.59597e-15    
5074.60516805     -4.17523e-15    
5078.69232393     -1.62561e-14    
5082.77947981     -1.60597e-14    
5086.86663569     -5.6937e-15     
5090.95379157     -1.71916e-14    
5095.04094745     -2.14622e-14    
5099.12810333     -4.74656e-15    
5103.21525921     3.09174e-16     
5107.30241509     3.96068e-15     
5111.38957097     -9.34536e-16    
5115.47672685     -9.79549e-15    
5119.56388273     -4.65993e-15    
5123.65103861     4.97412e-16     
5127.73819449     2.80006e-15     
5131.82535037     5.75861e-15     
5135.91250625     6.87537e-15     
5139.99966213     -2.95627e-16    
5144.08681801     4.1963e-15      
5148.17397389     5.83463e-15     
5152.26112977     9.2657e-15      
5156.34828565     5.45655e-15     
5160.43544153     8.31726e-15     
5164.52259741     1.98573e-14     
5168.60975329     6.597e-15       
5172.69690917     1.67941e-14     
5176.78406505     1.42468e-14     
5180.87122093     1.00604e-14     
5184.95837681     1.19825e-14     
5189.04553269     3.69833e-15     
5193.13268857     8.40346e-15     
5197.21984445     2.22102e-15     
5201.30700033     1.42383e-14     
5205.39415621     1.16096e-14     
5209.48131209     3.30546e-15     
5213.56846797     2.49314e-15     
5217.65562385     -4.05318e-15    
5221.74277973     -3.23784e-15    
5225.82993561     4.8773e-15      
5229.91709149     -5.28697e-15    
5234.00424737     -8.32863e-15    
5238.09140325     -1.71324e-14    
5242.17855913     -9.30195e-15    
5246.26571501     -2.2001e-15     
5250.35287089     -8.43131e-15    
5254.44002677     -5.85138e-15    
5258.52718265     -2.82778e-15    
5262.61433853     -1.31876e-14    
5266.70149441     -1.50523e-14    
5270.78865029     -3.98322e-15    
5274.87580617     -5.14964e-15    
5278.96296205     -1.2322e-15     
5283.05011793     -3.2448e-15     
5287.1372738      -1.76798e-15    
5291.22442968     9.67507e-15     
5295.31158556     9.31407e-15     
5299.39874144     1.08775e-14     
5303.48589732     1.79683e-14     
5307.5730532      2.01225e-14     
5311.66020908     1.09917e-14     
5315.74736496     1.94342e-14     
5319.83452084     1.45928e-14     
5323.92167672     1.29064e-14     
5328.0088326      9.00286e-15     
5332.09598848     1.03381e-14     
5336.18314436     1.33473e-14     
5340.27030024     9.62257e-16     
5344.35745612     1.05246e-14     
5348.444612       8.44918e-15     
5352.53176788     7.62711e-15     
5356.61892376     5.3339e-15      
5360.70607964     4.89791e-15     
5364.79323552     -5.46201e-15    
5368.8803914      -2.02228e-15    
5372.96754728     1.75903e-16     
5377.05470316     -1.17756e-14    
5381.14185904     -2.26869e-15    
5385.22901492     -4.07794e-15    
5389.3161708      -9.91694e-15    
5393.40332668     -9.71482e-16    
5397.49048256     1.64398e-15     
5401.57763844     -4.73356e-15    
5405.66479432     -4.65098e-15    
5409.7519502      -1.4243e-14     
5413.83910608     -9.38323e-15    
5417.92626196     -5.78678e-15    
5422.01341784     5.7572e-15      
5426.10057372     -5.47935e-15    
5430.1877296      2.64474e-15     
5434.27488548     1.5762e-15      
5438.36204136     7.71838e-15     
5442.44919724     5.11688e-15     
5446.53635312     5.52382e-15     
5450.623509       -3.70313e-17    
5454.71066488     7.62678e-15     
5458.79782076     1.35653e-14     
5462.88497664     1.61684e-14     
5466.97213252     1.68473e-14     
5471.0592884      8.79893e-15     
5475.14644428     1.10865e-14     
5479.23360016     2.23379e-14     
5483.32075604     1.92052e-14     
5487.40791192     1.81157e-14     
5491.4950678      2.35293e-14     
5495.58222368     2.23185e-14     
5499.66937956     1.1062e-14      
5503.75653544     9.34226e-15     
5507.84369132     3.95331e-15     
5511.9308472      7.46278e-15     
5516.01800308     -4.37156e-15    
5520.10515896     -2.18951e-15    
5524.19231484     -2.48235e-15    
5528.27947072     -9.04425e-15    
5532.3666266      5.6418e-16      
5536.45378248     5.03802e-15     
5540.54093836     -8.43452e-15    
5544.62809423     -9.01296e-15    
5548.71525011     -1.84815e-14    
5552.80240599     -1.79145e-14    
5556.88956187     -4.3082e-15     
5560.97671775     -5.31647e-15    
5565.06387363     -1.12993e-14    
5569.15102951     -6.41888e-15    
5573.23818539     -4.75816e-15    
5577.32534127     -3.04778e-15    
5581.41249715     -1.68225e-15    
5585.49965303     4.57726e-15     
5589.58680891     8.15011e-15     
5593.67396479     3.86026e-15     
5597.76112067     1.08152e-14     
5601.84827655     7.59883e-15     
5605.93543243     1.37622e-14     
5610.02258831     1.71332e-14     
5614.10974419     1.46901e-14     
5618.19690007     7.94563e-15     
5622.28405595     2.34298e-14     
5626.37121183     1.84271e-14     
5630.45836771     1.29127e-14     
5634.54552359     1.2859e-14      
5638.63267947     1.19472e-14     
5642.71983535     9.80062e-15     
5646.80699123     2.23012e-14     
5650.89414711     2.63255e-14     
5654.98130299     8.54753e-15     
5659.06845887     9.98898e-15     
5663.15561475     1.44318e-14     
5667.24277063     5.03421e-17     
5671.32992651     6.21302e-16     
5675.41708239     8.47211e-15     
5679.50423827     -1.15406e-15    
5683.59139415     -3.33099e-15    
5687.67855003     -1.27019e-14    
5691.76570591     1.21791e-15     
5695.85286179     -1.81929e-14    
5699.94001767     -1.56993e-14    
5704.02717355     -1.35775e-14    
5708.11432943     -8.75541e-15    
5712.20148531     -8.58179e-15    
5716.28864119     -5.56803e-15    
5720.37579707     -6.67317e-15    
5724.46295295     -1.41794e-14    
5728.55010883     -4.89428e-15    
5732.63726471     -6.89228e-15    
5736.72442059     -3.13025e-15    
5740.81157647     -3.31012e-15    
5744.89873235     3.82975e-15     
5748.98588823     7.21411e-15     
5753.07304411     2.60584e-15     
5757.16019999     7.50043e-15     
5761.24735587     4.64432e-15     
5765.33451175     1.30937e-14     
5769.42166763     1.68442e-14     
5773.50882351     1.08795e-14     
5777.59597939     1.15545e-14     
5781.68313527     1.55847e-14     
5785.77029115     1.53989e-14     
5789.85744703     1.24083e-14     
5793.94460291     7.41451e-15     
5798.03175879     1.0803e-14      
5802.11891466     1.29301e-14     
5806.20607054     1.6128e-15      
5810.29322642     2.20384e-15     
5814.3803823      1.19621e-14     
5818.46753818     -7.56545e-15    
5822.55469406     5.01107e-15     
5826.64184994     6.36709e-15     
5830.72900582     -2.02661e-15    
5834.8161617      3.77844e-15     
5838.90331758     4.12148e-15     
5842.99047346     1.2307e-15      
5847.07762934     2.52541e-15     
5851.16478522     -5.98846e-15    
5855.2519411      -9.78438e-15    
5859.33909698     -7.70817e-15    
5863.42625286     -1.02982e-14    
5867.51340874     -8.1797e-15     
5871.60056462     1.25234e-16     
5875.6877205      -5.77168e-15    
5879.77487638     -8.59694e-15    
5883.86203226     -5.92013e-15    
5887.94918814     -2.75345e-17    
5892.03634402     6.59171e-15     
5896.1234999      4.61257e-15     
5900.21065578     -6.69427e-15    
5904.29781166     2.92218e-16     
5908.38496754     1.2924e-14      
5912.47212342     4.81554e-15     
5916.5592793      9.14151e-15     
5920.64643518     5.22158e-15     
5924.73359106     6.65142e-15     
5928.82074694     1.05696e-14     
5932.90790282     1.08751e-14     
5936.9950587      9.52566e-15     
5941.08221458     1.48607e-14     
5945.16937046     1.99328e-14     
5949.25652634     1.12882e-14     
5953.34368222     1.58285e-14     
5957.4308381      1.1777e-14      
5961.51799398     1.5756e-14      
5965.60514986     9.22872e-15     
5969.69230574     8.60529e-15     
5973.77946162     5.41874e-16     
5977.8666175      8.11446e-15     
5981.95377338     8.45424e-15     
5986.04092926     2.93458e-15     
5990.12808514     -1.13926e-16    
5994.21524102     -1.22672e-14    
5998.3023969      -7.39382e-15    
6002.38955278     -3.64678e-15    
6006.47670866     -1.65862e-14    
6010.56386454     -8.44018e-15    
6014.65102042     -8.2093e-15     
6018.7381763      -7.37978e-15    
6022.82533218     -3.70381e-15    
6026.91248806     -2.54126e-15    
6030.99964394     -1.63708e-14    
6035.08679982     -9.63419e-15    
6039.1739557      -1.29949e-14    
6043.26111158     3.80114e-15     
6047.34826746     -3.94687e-15    
6051.43542334     -1.36108e-14    
6055.52257922     -1.22386e-14    
6059.60973509     -9.86505e-15    
6063.69689097     -2.97642e-15    
6067.78404685     1.16717e-15     
6071.87120273     2.85778e-17     
6075.95835861     8.33439e-15     
6080.04551449     5.89985e-15     
6084.13267037     2.04353e-14     
6088.21982625     1.92847e-14     
6092.30698213     2.55006e-14     
6096.39413801     1.63375e-14     
6100.48129389     2.93244e-14     
6104.56844977     2.1155e-14      
6108.65560565     1.45466e-14     
6112.74276153     1.44169e-14     
6116.82991741     1.80448e-14     
6120.91707329     1.37737e-14     
6125.00422917     6.76357e-15     
6129.09138505     -1.58864e-15    
6133.17854093     -1.29452e-14    
6137.26569681     -6.67895e-15    
6141.35285269     5.39472e-15     
6145.44000857     -4.77406e-15    
6149.52716445     -1.47139e-14    
6153.61432033     -9.88844e-15    
6157.70147621     -6.13305e-15    
6161.78863209     -2.14851e-15    
6165.87578797     -7.69684e-15    
6169.96294385     -9.28089e-15    
6174.05009973     -4.86196e-15    
6178.13725561     -4.66824e-15    
6182.22441149     -8.38476e-15    
6186.31156737     -7.10153e-15    
6190.39872325     -9.27918e-15    
6194.48587913     -7.82652e-15    
6198.57303501     -1.46186e-14    
6202.66019089     -7.89126e-15    
6206.74734677     1.39394e-15     
6210.83450265     -6.3549e-15     
6214.92165853     -1.71172e-16    
6219.00881441     -6.66657e-15    
6223.09597029     2.40137e-15     
6227.18312617     1.32304e-14     
6231.27028205     7.45948e-15     
6235.35743793     -1.02355e-15    
6239.44459381     4.02683e-15     
6243.53174969     1.239e-14       
6247.61890557     1.26985e-14     
6251.70606145     2.03361e-14     
6255.79321733     1.74057e-14     
6259.88037321     3.22977e-15     
6263.96752909     1.81465e-14     
6268.05468497     1.91205e-14     
6272.14184085     1.14419e-14     
6276.22899673     1.21412e-14     
6280.31615261     1.0284e-14      
6284.40330849     6.06492e-15     
6288.49046437     4.86222e-15     
6292.57762025     1.22377e-14     
6296.66477613     9.95135e-15     
6300.75193201     1.26372e-15     
6304.83908789     -9.37568e-15    
6308.92624377     -1.68187e-15    
6313.01339965     3.69159e-15     
6317.10055552     -7.87505e-15    
6321.1877114      -1.83961e-14    
6325.27486728     -1.29701e-14    
6329.36202316     -9.1347e-15     
6333.44917904     -1.43229e-14    
6337.53633492     -1.41985e-14    
6341.6234908      -1.75076e-14    
6345.71064668     -1.38128e-14    
6349.79780256     -6.87467e-15    
6353.88495844     -1.67098e-14    
6357.97211432     -1.33891e-14    
6362.0592702      -4.73377e-15    
6366.14642608     -1.27114e-14    
6370.23358196     -1.03119e-14    
6374.32073784     -1.07655e-14    
6378.40789372     -5.88304e-15    
6382.4950496      5.78174e-15     
6386.58220548     3.33203e-15     
6390.66936136     1.29253e-14     
6394.75651724     1.28083e-14     
6398.84367312     7.91606e-15     
6402.930829       9.73606e-15     
6407.01798488     1.22745e-14     
6411.10514076     1.72786e-14     
6415.19229664     2.0724e-14      
6419.27945252     1.72047e-14     
6423.3666084      1.3789e-14      
6427.45376428     1.67984e-16     
6431.54092016     2.35795e-15     
6435.62807604     7.82123e-15     
6439.71523192     1.24188e-14     
6443.8023878      1.4119e-14      
6447.88954368     9.01281e-16     
6451.97669956     8.3834e-15      
6456.06385544     4.86293e-15     
6460.15101132     -1.93558e-15    
6464.2381672      -4.08487e-15    
6468.32532308     -1.46478e-15    
6472.41247896     2.15685e-15     
6476.49963484     -1.27751e-14    
6480.58679072     -1.8069e-14     
6484.6739466      -4.59473e-15    
6488.76110248     -5.21454e-15    
6492.84825836     -1.56578e-14    
6496.93541424     -7.87063e-15    
6501.02257012     -5.00816e-15    
6505.109726       -1.30833e-14    
6509.19688188     -8.66062e-15    
6513.28403776     -1.09767e-15    
6517.37119364     2.13041e-15     
6521.45834952     5.53056e-16     
6525.5455054      3.63648e-15     
6529.63266128     8.29119e-15     
6533.71981716     1.43917e-15     
6537.80697304     -2.18615e-15    
6541.89412892     6.15606e-15     
6545.9812848      7.19839e-15     
6550.06844068     1.41915e-14     
6554.15559656     1.30789e-14     
6558.24275244     2.46368e-14     
6562.32990832     1.89691e-14     
6566.4170642      1.84875e-14     
6570.50422008     1.44195e-14     
6574.59137596     4.96928e-15     
6578.67853183     9.02988e-15     
6582.76568771     1.20093e-14     
6586.85284359     1.08996e-14     
6590.93999947     7.00635e-15     
6595.02715535     3.1312e-15      
6599.11431123     9.66516e-15     
6603.20146711     -6.5354e-15     
6607.28862299     -6.0732e-15     
6611.37577887     -3.51594e-15    
6615.46293475     -3.31241e-15    
6619.55009063     -1.26382e-14    
6623.63724651     -1.01302e-14    
6627.72440239     -1.92568e-15    
6631.81155827     -2.27985e-15    
6635.89871415     3.63862e-16     
6639.98587003     -8.75665e-15    
6644.07302591     -7.70977e-15    
6648.16018179     1.37878e-15     
6652.24733767     -4.18648e-15    
6656.33449355     -4.65828e-15    
6660.42164943     -9.41749e-15    
6664.50880531     -1.58793e-14    
6668.59596119     -1.087e-14      
6672.68311707     -8.46266e-15    
6676.77027295     -4.31845e-15    
6680.85742883     -2.99162e-15    
6684.94458471     6.16513e-15     
6689.03174059     9.32423e-15     
6693.11889647     6.78061e-15     
6697.20605235     1.40024e-15     
6701.29320823     -3.67171e-15    
6705.38036411     9.30552e-15     
6709.46751999     -1.40941e-15    
6713.55467587     9.25298e-15     
6717.64183175     1.99361e-14     
6721.72898763     1.08569e-14     
6725.81614351     1.73111e-14     
6729.90329939     2.3015e-14      
6733.99045527     1.64787e-14     
6738.07761115     1.41595e-14     
6742.16476703     2.2705e-14      
6746.25192291     1.80928e-14     
6750.33907879     1.07269e-14     
6754.42623467     1.79281e-14     
6758.51339055     1.92326e-14     
6762.60054643     1.06686e-14     
6766.68770231     1.22929e-14     
6770.77485819     9.40947e-15     
6774.86201407     -8.75707e-15    
6778.94916995     -7.23836e-15    
6783.03632583     -9.86349e-15    
6787.12348171     -8.22751e-15    
6791.21063759     -1.67449e-14    
6795.29779347     -1.27267e-14    
6799.38494935     -6.35147e-15    
6803.47210523     -1.85271e-14    
6807.55926111     -1.58105e-14    
6811.64641699     -1.49998e-14    
6815.73357287     -1.90148e-14    
6819.82072875     -1.6764e-14     
6823.90788463     -1.55208e-14    
6827.99504051     -7.78404e-15    
6832.08219639     -4.02018e-15    
6836.16935226     -7.08157e-15    
6840.25650814     7.08599e-18     
6844.34366402     1.00396e-15     
6848.4308199      3.73656e-15     
6852.51797578     3.7924e-15      
6856.60513166     2.95543e-15     
6860.69228754     1.26023e-14     
6864.77944342     7.49922e-15     
6868.8665993      1.69606e-14     
6872.95375518     1.22297e-14     
6877.04091106     1.4531e-14      
6881.12806694     2.27411e-14     
6885.21522282     2.09922e-14     
6889.3023787      1.89631e-14     
6893.38953458     1.15634e-14     
6897.47669046     1.08786e-14     
6901.56384634     7.73395e-15     
6905.65100222     4.78768e-15     
6909.7381581      8.37445e-15     
6913.82531398     1.42032e-14     
6917.91246986     1.84221e-14     
6921.99962574     -8.37467e-15    
6926.08678162     5.28203e-15     
6930.1739375      -1.52723e-16    
6934.26109338     -8.78084e-15    
6938.34824926     -6.60753e-15    
6942.43540514     -9.10686e-15    
6946.52256102     4.03496e-15     
6950.6097169      -6.00607e-15    
6954.69687278     -1.68951e-14    
6958.78402866     -2.24922e-14    
6962.87118454     -2.29232e-14    
6966.95834042     -9.47271e-15    
6971.0454963      -7.51413e-15    
6975.13265218     -2.02077e-14    
6979.21980806     -9.40986e-15    
6983.30696394     -7.12356e-15    
6987.39411982     -6.78949e-16    
6991.4812757      -2.59417e-15    
6995.56843158     7.2362e-15      
6999.65558746     5.57302e-15     
7003.74274334     -6.61451e-15    
7007.82989922     -2.96061e-15    
7011.9170551      -9.62166e-16    
7016.00421098     5.33373e-15     
7020.09136686     8.62852e-15     
7024.17852274     8.35545e-15     
7028.26567862     1.54006e-14     
7032.3528345      9.97051e-15     
7036.43999038     1.43693e-14     
7040.52714626     1.40117e-14     
7044.61430214     3.2189e-14      
7048.70145802     1.73414e-14     
7052.7886139      1.81396e-14     
7056.87576978     1.24091e-14     
7060.96292566     1.57219e-14     
7065.05008154     2.14538e-14     
7069.13723742     1.43986e-15     
7073.2243933      2.79858e-15     
7077.31154918     2.93436e-15     
7081.39870506     6.45368e-16     
7085.48586094     4.23244e-15     
7089.57301682     3.42144e-15     
7093.66017269     -1.21762e-14    
7097.74732857     -9.67073e-15    
7101.83448445     -4.81813e-15    
7105.92164033     -4.66405e-15    
7110.00879621     -2.16997e-15    
7114.09595209     -1.01615e-14    
7118.18310797     -1.27151e-14    
7122.27026385     -1.01263e-14    
7126.35741973     -1.88028e-14    
7130.44457561     -1.71879e-14    
7134.53173149     -4.9739e-15     
7138.61888737     -1.85454e-15    
7142.70604325     -3.56305e-15    
7146.79319913     -1.13597e-14    
7150.88035501     -1.82397e-14    
7154.96751089     -1.42617e-15    
7159.05466677     7.19291e-15     
7163.14182265     2.59739e-16     
7167.22897853     -6.65637e-15    
7171.31613441     -2.24163e-15    
7175.40329029     -9.15519e-16    
7179.49044617     8.85275e-15     
7183.57760205     2.05137e-14     
7187.66475793     1.56052e-14     
7191.75191381     2.82531e-14     
7195.83906969     2.0415e-14      
7199.92622557     1.88916e-14     
7204.01338145     3.80859e-14     
7208.10053733     2.03757e-14     
7212.18769321     1.1116e-14      
7216.27484909     2.00781e-14     
7220.36200497     1.49217e-14     
7224.44916085     -1.02418e-15    
7228.53631673     1.17276e-15     
7232.62347261     8.71582e-15     
7236.71062849     5.51672e-16     
7240.79778437     1.92286e-15     
7244.88494025     1.03616e-14     
7248.97209613     -3.96364e-15    
7253.05925201     -9.36419e-15    
7257.14640789     -4.25963e-15    
7261.23356377     -1.25783e-14    
7265.32071965     -1.22862e-14    
7269.40787553     -1.19375e-14    
7273.49503141     -1.6488e-14     
7277.58218729     -2.21626e-14    
7281.66934317     -1.4381e-14     
7285.75649905     -1.62674e-14    
7289.84365493     -1.62724e-14    
7293.93081081     8.81061e-15     
7298.01796669     -3.35546e-15    
7302.10512257     -8.63064e-15    
7306.19227845     -8.92074e-15    
7310.27943433     1.03082e-14     
7314.36659021     -2.19366e-15    
7318.45374609     3.4041e-16      
7322.54090197     5.85008e-15     
7326.62805785     -7.41517e-15    
7330.71521373     9.26807e-15     
7334.80236961     2.11061e-14     
7338.88952549     7.86498e-15     
7342.97668137     2.23145e-14     
7347.06383725     2.92035e-14     
7351.15099312     2.04784e-14     
7355.238149       2.81358e-14     
7359.32530488     2.47255e-14     
7363.41246076     2.4161e-14      
7367.49961664     1.02542e-14     
7371.58677252     1.69525e-14     
7375.6739284      1.21482e-14     
7379.76108428     1.95331e-14     
7383.84824016     1.54193e-14     
7387.93539604     5.41013e-15     
7392.02255192     4.86651e-15     
7396.1097078      1.82771e-14     
7400.19686368     1.26163e-14     
7404.28401956     -6.56789e-15    
7408.37117544     1.57621e-14     
7412.45833132     4.12102e-15     
7416.5454872      -8.75745e-15    
7420.63264308     -9.89334e-15    
7424.71979896     -7.32554e-15    
7428.80695484     3.15752e-16     
7432.89411072     -7.92476e-15    
7436.9812666      -7.25462e-15    
7441.06842248     -4.31083e-15    
7445.15557836     -3.03771e-15    
7449.24273424     -3.38615e-15    
7453.32989012     -2.91747e-15    
7457.417046       1.35822e-15     
7461.50420188     3.92099e-15     
7465.59135776     -3.53777e-15    
7469.67851364     -5.62278e-15    
7473.76566952     -1.72068e-15    
7477.8528254      -3.60653e-15    
