4745.59545795291  0.
4749.10596247155  -3.439488E-18
4752.6164669902  -1.853346E-18
4756.12697150885  4.443373E-17
4759.63747602749  -1.425383E-15
4763.14798054614  -6.587805E-15
4766.65848506479  -7.544699E-15
4770.16898958344  -5.877402E-15
4773.67949410208  6.120076E-15
4777.18999862073  5.294495E-15
4780.70050313938  5.443117E-16
4784.21100765802  -7.908346E-17
4787.72151217667  9.763681E-17
4791.23201669532  -3.658725E-16
4794.74252121397  -1.654135E-16
4798.25302573261  3.062587E-16
4801.76353025126  5.644690E-16
4805.27403476991  6.063963E-16
4808.78453928856  1.012097E-15
4812.2950438072  6.630602E-16
4815.80554832585  8.397825E-16
4819.3160528445  2.706921E-16
4822.82655736315  -2.164847E-16
4826.33706188179  -2.142718E-16
4829.84756640044  2.217042E-16
4833.35807091909  2.976034E-16
4836.86857543774  5.049487E-16
4840.37907995638  4.771426E-16
4843.88958447503  2.563713E-16
4847.40008899368  2.830075E-19
4850.91059351232  1.134898E-16
4854.42109803097  2.057325E-17
4857.93160254962  3.877364E-16
4861.44210706827  3.900152E-16
4864.95261158691  5.740722E-16
4868.46311610556  4.691376E-16
4871.97362062421  2.930954E-16
4875.48412514286  1.175178E-16
4878.9946296615  1.094402E-16
4882.50513418015  4.132430E-16
4886.0156386988  5.704856E-16
4889.52614321745  1.914011E-16
4893.03664773609  6.085525E-16
4896.54715225474  2.390570E-16
4900.05765677339  1.552613E-16
4903.56816129203  1.759477E-18
4907.07866581068  4.211960E-16
4910.58917032933  3.837094E-16
4914.09967484798  8.242329E-16
4917.61017936662  2.502837E-16
4921.12068388527  1.333346E-17
4924.63118840392  1.660373E-16
4928.14169292256  4.551308E-16
4931.65219744121  2.865138E-16
4935.16270195986  1.087075E-16
4938.67320647851  4.386415E-16
4942.18371099715  3.158496E-16
4945.6942155158  1.456352E-16
4949.20472003445  1.649390E-16
4952.7152245531  3.230895E-17
4956.22572907174  -5.902592E-17
4959.73623359039  2.189426E-16
4963.24673810904  1.561180E-16
4966.75724262768  -3.098553E-17
4970.26774714633  2.196648E-16
4973.77825166498  2.108373E-16
4977.28875618363  2.487205E-16
4980.79926070227  2.813232E-16
4984.30976522092  -1.703283E-17
4987.82026973957  4.774133E-17
4991.33077425822  1.081901E-17
4994.84127877686  8.250554E-17
4998.35178329551  1.445321E-16
5001.86228781416  2.158845E-16
5005.37279233281  4.728782E-16
5008.88329685145  2.384056E-16
5012.3938013701  3.326659E-16
5015.90430588875  -3.073318E-17
5019.4148104074  -1.570226E-16
5022.92531492604  8.852377E-17
5026.43581944469  1.334011E-16
5029.94632396334  2.010088E-16
5033.45682848198  2.340879E-16
5036.96733300063  1.629784E-16
5040.47783751928  -1.240897E-17
5043.98834203793  2.640316E-16
5047.49884655657  4.942225E-17
5051.00935107522  5.103857E-16
5054.51985559387  5.295815E-16
5058.03036011252  7.348567E-16
5061.54086463116  6.791138E-16
5065.05136914981  2.116777E-16
5068.56187366846  3.154666E-16
5072.07237818711  2.788864E-16
5075.58288270575  3.374066E-16
5079.0933872244  4.239987E-16
5082.60389174305  4.298772E-16
5086.11439626169  4.167937E-16
5089.62490078034  1.530576E-16
5093.13540529899  3.132459E-16
5096.64590981764  -1.203797E-17
5100.15641433628  -7.809452E-17
5103.66691885493  -1.963021E-16
5107.17742337358  -1.562123E-16
5110.68792789223  3.064403E-16
5114.19843241087  2.198672E-16
5117.70893692952  2.798810E-16
5121.21944144817  2.515557E-16
5124.72994596681  -7.885334E-17
5128.24045048546  -2.864921E-17
5131.75095500411  2.760831E-17
5135.26145952276  1.632852E-16
5138.7719640414  6.839541E-17
5142.28246856005  2.823330E-16
5145.7929730787  2.992869E-16
5149.30347759735  2.340307E-16
5152.81398211599  1.256250E-16
5156.32448663464  2.230764E-16
5159.83499115329  -1.363008E-16
5163.34549567194  1.829911E-16
5166.85600019058  3.368831E-17
5170.36650470923  2.385903E-16
5173.87700922788  4.108023E-17
5177.38751374652  -1.235980E-16
5180.89801826517  5.048074E-17
5184.40852278382  2.306418E-16
5187.91902730247  1.604489E-16
5191.42953182111  3.344424E-16
5194.94003633976  2.942082E-16
5198.45054085841  2.035746E-16
5201.96104537705  6.879097E-17
5205.4715498957  1.162343E-16
5208.98205441435  -1.420371E-16
5212.492558933  -4.446472E-17
5216.00306345164  1.300599E-16
5219.51356797029  7.995284E-17
5223.02407248894  -9.365941E-17
5226.53457700759  -1.202922E-16
5230.04508152623  1.050244E-16
5233.55558604488  2.221701E-16
5237.06609056353  7.981964E-17
5240.57659508218  1.651284E-16
5244.08709960082  1.695636E-16
5247.59760411947  6.060603E-17
5251.10810863812  4.841831E-17
5254.61861315677  -5.818351E-17
5258.12911767541  -3.767336E-18
5261.63962219406  1.890345E-16
5265.15012671271  1.244467E-16
5268.66063123135  1.827810E-16
5272.17113575  1.390382E-16
5275.68164026865  4.660720E-16
5279.1921447873  4.469899E-16
5282.70264930594  2.554454E-16
5286.21315382459  2.362504E-16
5289.72365834324  5.157364E-16
5293.23416286189  1.445055E-16
5296.74466738053  1.005288E-16
5300.25517189918  2.157959E-16
5303.76567641783  2.098056E-16
5307.27618093647  4.106155E-16
5310.78668545512  2.177847E-16
5314.29718997377  1.556174E-16
5317.80769449242  2.711232E-17
5321.31819901107  6.687854E-18
5324.82870352971  1.123891E-16
5328.33920804836  1.296609E-16
5331.84971256701  1.224896E-16
5335.36021708565  1.279944E-16
5338.8707216043  2.178761E-16
5342.38122612295  3.285520E-16
5345.8917306416  6.130774E-17
5349.40223516024  2.373197E-16
5352.91273967889  3.642220E-16
5356.42324419754  3.445998E-16
5359.93374871618  4.792965E-16
5363.44425323483  2.304896E-16
5366.95475775348  1.919676E-16
5370.46526227213  2.207998E-17
5373.97576679077  6.442687E-17
5377.48627130942  2.504677E-16
5380.99677582807  4.810043E-16
5384.50728034672  4.467431E-16
5388.01778486536  2.445810E-16
5391.52828938401  1.616303E-16
5395.03879390266  1.502308E-16
5398.5492984213  2.140271E-16
5402.05980293995  3.538900E-16
5405.5703074586  2.773612E-16
5409.08081197725  9.237099E-17
5412.59131649589  4.429480E-16
5416.10182101454  4.354541E-16
5419.61232553319  1.536914E-16
5423.12283005184  1.477279E-16
5426.63333457048  3.040343E-16
5430.14383908913  2.819550E-16
5433.65434360778  2.631055E-16
5437.16484812643  2.147836E-16
5440.67535264507  1.842681E-17
5444.18585716372  2.123583E-16
5447.69636168237  3.360987E-16
5451.20686620101  1.565642E-16
5454.71737071966  1.062520E-16
5458.22787523831  3.083626E-16
5461.73837975696  3.709660E-16
5465.2488842756  1.607525E-16
5468.75938879425  2.408257E-16
5472.2698933129  8.290169E-17
5475.78039783155  1.330297E-16
5479.29090235019  2.972458E-16
5482.80140686884  2.103912E-16
5486.31191138749  1.946684E-16
5489.82241590613  9.521955E-17
5493.33292042478  1.293108E-16
5496.84342494343  3.415270E-17
5500.35392946208  2.135689E-16
5503.86443398072  9.164253E-17
5507.37493849937  1.396580E-16
5510.88544301802  1.415370E-16
5514.39594753666  2.067854E-16
5517.90645205531  2.564991E-17
5521.41695657396  1.263086E-16
5524.92746109261  1.055255E-16
5528.43796561125  1.407325E-16
5531.9484701299  1.028570E-16
5535.45897464855  2.529276E-16
5538.9694791672  1.453485E-16
5542.47998368584  1.453826E-16
5545.99048820449  1.304853E-16
5549.50099272314  1.255122E-16
5553.01149724179  1.548415E-16
5556.52200176043  2.651773E-16
5560.03250627908  3.430300E-16
5563.54301079773  1.873881E-16
5567.05351531638  -5.450278E-17
5570.56401983502  1.533550E-16
5574.07452435367  6.172072E-16
5577.58502887232  5.926802E-16
5581.09553339097  5.462403E-16
5584.60603790961  1.962484E-16
5588.11654242826  -6.849877E-18
5591.62704694691  1.132475E-16
5595.13755146555  8.174808E-18
5598.6480559842  1.364165E-16
5602.15856050285  8.888695E-17
5605.6690650215  5.610419E-18
5609.17956954014  1.493057E-16
5612.69007405879  3.968452E-17
5616.20057857744  2.224094E-16
5619.71108309608  2.718259E-16
5623.22158761473  2.128806E-16
5626.73209213338  3.516333E-17
5630.24259665203  2.534726E-16
5633.75310117067  5.966664E-17
5637.26360568932  1.508056E-16
5640.77411020797  1.908687E-16
5644.28461472662  3.330299E-16
5647.79511924526  2.346376E-16
5651.30562376391  8.502744E-17
5654.81612828256  1.473425E-16
5658.3266328012  3.235039E-17
5661.83713731985  1.583860E-16
5665.3476418385  1.175347E-16
5668.85814635715  -3.076214E-17
5672.3686508758  -1.292705E-16
5675.87915539444  1.234645E-16
5679.38965991309  2.615683E-16
5682.90016443174  1.032658E-16
5686.41066895038  -9.335754E-18
5689.92117346903  1.791917E-16
5693.43167798768  -5.707542E-17
5696.94218250632  -7.012891E-17
5700.45268702497  -5.375010E-17
5703.96319154362  5.174758E-17
5707.47369606227  -1.216822E-17
5710.98420058091  3.025194E-16
5714.49470509956  3.382442E-16
5718.00520961821  1.638010E-16
5721.51571413686  1.163770E-16
5725.0262186555  1.878708E-16
5728.53672317415  3.056380E-16
5732.0472276928  2.697989E-16
5735.55773221145  -9.621121E-18
5739.06823673009  1.153937E-16
5742.57874124874  3.439357E-16
5746.08924576739  1.427073E-16
5749.59975028604  2.804123E-16
5753.11025480468  1.900039E-16
5756.62075932333  1.945593E-16
5760.13126384198  1.972621E-16
5763.64176836062  1.179394E-16
5767.15227287927  1.753841E-16
5770.66277739792  2.104364E-16
5774.17328191657  3.972953E-17
5777.68378643521  -3.908393E-17
5781.19429095386  1.180078E-16
5784.70479547251  1.238675E-16
5788.21529999116  1.442595E-16
5791.7258045098  8.936317E-17
5795.23630902845  2.017040E-16
5798.7468135471  2.596840E-16
5802.25731806574  1.296463E-16
5805.76782258439  -5.897906E-18
5809.27832710304  -4.078989E-17
5812.78883162169  1.558814E-16
5816.29933614033  2.149312E-16
5819.80984065898  2.597086E-16
5823.32034517763  2.873608E-16
5826.83084969628  1.669437E-16
5830.34135421492  1.329712E-16
5833.85185873357  -2.675928E-17
5837.36236325222  -1.401361E-16
5840.87286777086  -9.435212E-17
5844.38337228951  1.468611E-17
5847.89387680816  9.420579E-17
5851.40438132681  1.923223E-16
5854.91488584545  -1.129829E-16
5858.4253903641  7.744087E-17
5861.93589488275  1.246376E-16
5865.4463994014  1.166344E-16
5868.95690392004  -1.577752E-17
5872.46740843869  -6.730429E-17
5875.97791295734  -9.742235E-17
5879.48841747599  -1.568552E-17
5882.99892199463  1.337830E-16
5886.50942651328  3.372717E-16
5890.01993103193  3.076734E-16
5893.53043555058  2.270204E-16
5897.04094006922  2.163700E-16
5900.55144458787  1.170169E-16
5904.06194910652  2.376856E-16
5907.57245362516  1.190424E-16
5911.08295814381  2.336039E-16
5914.59346266246  3.617074E-16
5918.10396718111  1.811994E-16
5921.61447169975  2.713463E-16
5925.1249762184  3.645245E-16
5928.63548073705  2.838915E-16
5932.1459852557  3.835786E-16
5935.65648977434  3.500035E-16
5939.16699429299  3.873105E-16
5942.67749881164  3.080238E-16
5946.18800333028  2.107950E-16
5949.69850784893  3.630197E-16
5953.20901236758  1.399196E-16
5956.71951688623  2.486743E-16
5960.23002140487  1.480569E-16
5963.74052592352  5.842068E-17
5967.25103044217  1.366180E-16
5970.76153496082  9.960499E-17
5974.27203947946  3.592262E-16
5977.78254399811  4.777253E-16
5981.29304851676  1.777060E-16
5984.8035530354  6.374926E-17
5988.31405755405  -2.397725E-18
5991.8245620727  2.092505E-16
5995.33506659135  6.614943E-18
5998.84557110999  9.354218E-17
6002.35607562864  9.454308E-17
6005.86658014729  7.790384E-17
6009.37708466594  -1.292067E-17
6012.88758918458  1.441125E-16
6016.39809370323  2.275489E-17
6019.90859822188  -5.086196E-17
6023.41910274052  2.190746E-16
6026.92960725917  2.551280E-16
6030.44011177782  1.959920E-16
6033.95061629647  1.312970E-16
6037.46112081512  7.945227E-17
6040.97162533376  2.067909E-16
6044.48212985241  2.408921E-16
6047.99263437106  1.392708E-16
6051.5031388897  2.169466E-16
6055.01364340835  1.300243E-16
6058.524147927  2.371469E-16
6062.03465244565  1.678394E-16
6065.54515696429  1.907531E-16
6069.05566148294  1.344490E-16
6072.56616600159  2.031941E-16
6076.07667052023  1.481970E-16
6079.58717503888  8.837521E-17
6083.09767955753  9.809237E-17
6086.60818407618  5.042969E-17
6090.11868859482  2.141023E-16
6093.62919311347  1.336360E-16
6097.13969763212  1.236047E-16
6100.65020215077  6.547612E-17
6104.16070666941  1.516706E-16
6107.67121118806  1.304429E-16
6111.18171570671  1.884417E-16
6114.69222022535  2.562666E-16
6118.202724744  5.301399E-17
6121.71322926265  1.163184E-16
6125.2237337813  1.170246E-16
6128.73423829994  1.206004E-17
6132.24474281859  1.746052E-16
6135.75524733724  1.483697E-16
6139.26575185589  1.111341E-17
6142.77625637453  1.612752E-16
6146.28676089318  1.702145E-16
6149.79726541183  2.877620E-16
6153.30776993047  1.955070E-16
6156.81827444912  1.768129E-16
6160.32877896777  2.874189E-17
6163.83928348642  2.076281E-16
6167.34978800506  2.072872E-16
6170.86029252371  -6.352468E-17
6174.37079704236  3.909124E-17
6177.88130156101  1.253983E-16
6181.39180607965  2.351309E-16
6184.9023105983  4.332791E-16
6188.41281511695  3.459015E-16
6191.9233196356  2.432397E-16
6195.43382415424  3.812445E-17
6198.94432867289  4.349352E-17
6202.45483319154  2.608496E-16
6205.96533771018  2.782413E-16
6209.47584222883  1.924332E-16
6212.98634674748  2.328007E-16
6216.49685126613  1.110169E-16
6220.00735578477  9.399811E-17
6223.51786030342  2.724384E-16
6227.02836482207  1.084688E-16
6230.53886934071  2.875925E-17
6234.04937385936  3.291169E-16
6237.55987837801  1.666441E-16
6241.07038289666  8.311243E-18
6244.58088741531  1.329552E-16
6248.09139193395  2.658249E-16
6251.6018964526  2.344182E-16
6255.11240097125  2.865218E-16
6258.62290548989  1.004392E-16
6262.13341000854  1.359731E-16
6265.64391452719  5.891587E-17
6269.15441904584  2.223665E-17
6272.66492356448  1.018517E-16
6276.17542808313  3.562936E-17
6279.68593260178  3.645379E-17
6283.19643712043  5.862435E-17
6286.70694163907  1.176648E-16
6290.21744615772  2.816777E-16
6293.72795067637  -8.441476E-17
6297.23845519501  -2.226663E-16
6300.74895971366  -9.038210E-17
6304.25946423231  1.817522E-16
6307.76996875096  5.528654E-16
6311.2804732696  1.609174E-16
6314.79097778825  4.521983E-17
6318.3014823069  2.824779E-16
6321.81198682555  3.502160E-16
6325.32249134419  2.883662E-16
6328.83299586284  3.890028E-16
6332.34350038149  3.286059E-16
6335.85400490014  4.022290E-16
6339.36450941878  4.648402E-16
6342.87501393743  2.549593E-16
6346.38551845608  1.607210E-16
6349.89602297472  8.093998E-17
6353.40652749337  5.061208E-18
6356.91703201202  1.246149E-16
6360.42753653067  1.409284E-16
6363.93804104931  2.164890E-16
6367.44854556796  9.816291E-17
6370.95905008661  2.103196E-16
6374.46955460525  2.083830E-16
6377.9800591239  1.946499E-16
6381.49056364255  2.223062E-16
6385.0010681612  3.385978E-16
6388.51157267985  4.186302E-16
6392.02207719849  1.520687E-16
6395.53258171714  1.106442E-16
6399.04308623579  2.492758E-16
6402.55359075443  2.504790E-16
6406.06409527308  8.775817E-17
6409.57459979173  7.764239E-17
6413.08510431037  9.576762E-17
6416.59560882902  5.314701E-17
6420.10611334767  2.005420E-17
6423.61661786632  2.041422E-16
6427.12712238497  1.780095E-16
6430.63762690361  1.944975E-16
6434.14813142226  1.663982E-16
6437.65863594091  2.325013E-16
6441.16914045955  1.162465E-16
6444.6796449782  2.920454E-17
6448.19014949685  1.411688E-16
6451.7006540155  1.470565E-16
6455.21115853414  7.174985E-17
6458.72166305279  6.688816E-18
6462.23216757144  9.606145E-17
6465.74267209008  3.447330E-17
6469.25317660873  9.902527E-17
6472.76368112738  1.918208E-16
6476.27418564603  1.865958E-16
6479.78469016467  1.653728E-16
6483.29519468332  4.516818E-17
6486.80569920197  -3.151493E-17
6490.31620372062  -2.731356E-17
6493.82670823926  8.956260E-17
6497.33721275791  1.482841E-16
6500.84771727656  1.956943E-16
6504.35822179521  7.272616E-17
6507.86872631385  1.486005E-16
6511.3792308325  2.600167E-16
6514.88973535115  2.044274E-16
6518.40023986979  7.458820E-17
6521.91074438844  1.894849E-16
6525.42124890709  1.514101E-16
6528.93175342574  1.750650E-16
6532.44225794438  3.530352E-16
6535.95276246303  2.855164E-16
6539.46326698168  2.283797E-16
6542.97377150033  1.676007E-16
6546.48427601897  2.407046E-16
6549.99478053762  3.465859E-16
6553.50528505627  5.330710E-16
6557.01578957491  3.698372E-16
6560.52629409356  4.129844E-16
6564.03679861221  5.905010E-16
6567.54730313086  6.539563E-16
6571.0578076495  8.066067E-16
6574.56831216815  7.680180E-16
6578.0788166868  8.893284E-16
6581.58932120544  9.726637E-16
6585.0998257241  1.040398E-15
6588.61033024274  1.105755E-15
6592.12083476139  1.118336E-15
6595.63133928004  1.183117E-15
6599.14184379868  1.250959E-15
6602.65234831733  1.167005E-15
6606.16285283598  1.183406E-15
6609.67335735463  1.106516E-15
6613.18386187327  9.324205E-16
6616.69436639192  7.227780E-16
6620.20487091057  8.012578E-16
6623.71537542921  1.019831E-15
6627.22587994786  8.470453E-16
6630.73638446651  8.391055E-16
6634.24688898516  8.242851E-16
6637.7573935038  6.427145E-16
6641.26789802245  5.301873E-16
6644.7784025411  5.742924E-16
6648.28890705975  6.086369E-16
6651.79941157839  5.296213E-16
6655.30991609704  4.412754E-16
6658.82042061569  4.231344E-16
6662.33092513433  3.685811E-16
6665.84142965298  3.439785E-16
6669.35193417163  3.566910E-16
6672.86243869028  3.217910E-16
6676.37294320892  2.537815E-16
6679.88344772757  2.409870E-16
6683.39395224622  1.947220E-16
6686.90445676487  8.374935E-17
6690.41496128351  1.363480E-16
6693.92546580216  2.718105E-16
6697.43597032081  2.218856E-16
6700.94647483946  2.246071E-16
6704.4569793581  2.278033E-16
6707.96748387675  3.609551E-17
6711.4779883954  1.071402E-16
6714.98849291404  1.327485E-16
6718.49899743269  1.367640E-16
6722.00950195134  2.839588E-17
6725.52000646999  9.307671E-17
6729.03051098863  2.224168E-16
6732.54101550728  1.617555E-16
6736.05152002593  1.716986E-16
6739.56202454457  1.216658E-16
6743.07252906322  2.938250E-17
6746.58303358187  1.568325E-16
6750.09353810052  1.663485E-16
6753.60404261916  9.866279E-17
6757.11454713781  1.579856E-17
6760.62505165646  5.226585E-17
6764.13555617511  2.307854E-16
6767.64606069375  1.810623E-16
6771.1565652124  8.810289E-17
6774.66706973105  3.279934E-17
6778.17757424969  2.002532E-16
6781.68807876834  1.240641E-16
6785.19858328699  4.511810E-17
6788.70908780564  1.089458E-16
6792.21959232429  7.772003E-17
6795.73009684293  -3.098803E-18
6799.24060136158  5.467217E-17
6802.75110588023  1.507103E-16
6806.26161039887  8.803115E-17
6809.77211491752  1.813541E-16
6813.28261943617  9.340951E-18
6816.79312395482  9.763076E-17
6820.30362847346  1.680646E-16
6823.81413299211  8.984653E-17
6827.32463751076  7.463258E-17
6830.8351420294  1.627527E-17
6834.34564654805  2.387056E-17
6837.8561510667  1.050043E-16
6841.36665558535  7.810984E-17
6844.87716010399  3.454481E-17
6848.38766462264  1.222347E-16
6851.89816914129  2.590073E-16
6855.40867365994  1.505272E-16
6858.91917817858  3.397661E-17
6862.42968269723  1.502974E-16
6865.94018721588  -3.932958E-18
6869.45069173453  2.277457E-17
6872.96119625317  5.025782E-17
6876.47170077182  2.398721E-17
6879.98220529047  1.550681E-16
6883.49270980911  1.437498E-16
6887.00321432776  2.022289E-16
6890.51371884641  8.931945E-17
6894.02422336506  6.683429E-17
6897.5347278837  2.122354E-16
6901.04523240235  2.666642E-16
6904.555736921  1.818863E-16
6908.06624143965  1.188286E-16
6911.57674595829  1.359464E-16
6915.08725047694  1.075352E-16
6918.59775499559  8.652050E-17
6922.10825951424  7.756350E-17
6925.61876403288  1.418017E-16
6929.12926855153  2.039046E-16
6932.63977307018  5.587264E-17
6936.15027758882  7.971006E-17
6939.66078210747  8.682913E-17
6943.17128662612  1.865404E-16
6946.68179114477  7.283278E-17
6950.19229566341  -2.765458E-17
6953.70280018206  2.775228E-16
6957.21330470071  1.864761E-16
6960.72380921936  1.207970E-16
6964.234313738  1.688427E-16
6967.74481825665  2.160976E-16
6971.2553227753  7.990680E-17
6974.76582729395  3.148757E-17
6978.27633181259  2.046584E-16
6981.78683633124  3.093278E-16
6985.29734084989  1.964826E-16
6988.80784536853  1.842610E-16
6992.31834988718  1.243598E-16
6995.82885440583  7.632982E-17
6999.33935892448  3.973949E-18
7002.84986344312  4.537587E-17
7006.36036796177  8.089068E-17
7009.87087248042  2.331157E-17
7013.38137699907  7.692821E-17
7016.89188151771  1.596769E-16
7020.40238603636  1.618566E-16
7023.91289055501  2.393544E-16
7027.42339507365  2.915216E-17
7030.9338995923  1.194884E-16
7034.44440411095  3.076838E-16
7037.9549086296  2.134907E-16
7041.46541314824  6.443241E-17
7044.97591766689  5.096848E-17
7048.48642218554  2.685073E-17
7051.99692670419  -5.208194E-18
7055.50743122283  1.327173E-16
7059.01793574148  2.242150E-16
7062.52844026013  2.045013E-16
7066.03894477877  1.130066E-16
7069.54944929742  9.355124E-17
7073.05995381607  2.528227E-17
7076.57045833472  3.326510E-17
7080.08096285336  2.434760E-17
7083.59146737201  9.623676E-17
7087.10197189066  1.574847E-16
7090.61247640931  2.071052E-16
7094.12298092795  5.402882E-17
7097.6334854466  8.239905E-17
7101.14398996525  1.618750E-16
7104.65449448389  1.178469E-16
7108.16499900254  2.050317E-16
7111.67550352119  1.748455E-16
7115.18600803984  3.650030E-17
7118.69651255848  1.521292E-16
7122.20701707713  7.595536E-17
7125.71752159578  1.221009E-16
7129.22802611443  1.959524E-16
7132.73853063307  2.015829E-16
7136.24903515172  1.923251E-16
7139.75953967037  1.258188E-16
7143.27004418901  6.236094E-17
7146.78054870766  1.068615E-16
7150.29105322631  1.638082E-16
7153.80155774496  7.787384E-17
7157.3120622636  3.036413E-17
7160.82256678225  7.274485E-17
7164.3330713009  2.406303E-17
7167.84357581954  1.570076E-17
7171.35408033819  1.580332E-16
7174.86458485684  2.788670E-16
7178.37508937549  2.968143E-16
7181.88559389414  4.989616E-18
7185.39609841278  -7.241449E-17
7188.90660293143  5.283606E-17
7192.41710745008  1.267322E-16
7195.92761196873  6.435883E-17
7199.43811648737  1.491998E-16
7202.94862100602  2.039932E-16
7206.45912552467  1.415199E-16
7209.96963004331  1.728891E-16
7213.48013456196  2.371122E-16
7216.99063908061  1.159968E-16
7220.50114359926  8.667181E-17
7224.0116481179  4.940059E-17
7227.52215263655  9.962734E-17
7231.0326571552  -3.044998E-18
7234.54316167384  1.029902E-16
7238.05366619249  4.007232E-16
7241.56417071114  2.415354E-16
7245.07467522979  1.631381E-16
7248.58517974844  5.332554E-17
7252.09568426708  1.424133E-16
7255.60618878573  2.013313E-16
7259.11669330438  2.920642E-16
7262.62719782302  1.684091E-16
7266.13770234167  3.582182E-17
7269.64820686032  2.382273E-17
7273.15871137896  8.022933E-17
7276.66921589761  -1.007505E-17
7280.17972041626  1.844485E-16
7283.69022493491  1.379200E-16
7287.20072945356  6.108994E-17
7290.7112339722  1.358759E-16
7294.22173849085  -3.374185E-17
7297.7322430095  -4.874496E-18
7301.24274752815  1.601408E-16
7304.75325204679  3.089362E-16
7308.26375656544  1.919251E-16
7311.77426108409  1.167586E-16
7315.28476560273  2.504430E-16
7318.79527012138  2.313414E-16
7322.30577464003  1.211531E-16
7325.81627915867  1.449677E-16
7329.32678367732  2.521418E-16
7332.83728819597  2.443749E-16
7336.34779271462  1.361582E-16
7339.85829723327  1.165109E-16
7343.36880175191  1.239914E-16
7346.87930627056  1.996826E-16
7350.38981078921  2.673060E-16
7353.90031530785  2.819939E-16
7357.4108198265  2.609941E-16
7360.92132434515  3.115124E-16
7364.4318288638  3.187919E-16
7367.94233338244  2.628141E-16
7371.45283790109  4.166637E-16
7374.96334241974  3.547965E-16
7378.47384693838  2.277707E-16
7381.98435145703  1.801993E-16
7385.49485597568  8.523760E-17
7389.00536049433  3.736558E-17
7392.51586501297  1.864906E-17
7396.02636953162  4.592781E-17
7399.53687405027  9.415853E-17
7403.04737856892  1.047414E-16
7406.55788308756  1.370423E-16
7410.06838760621  -2.477205E-17
7413.57889212486  6.839169E-17
7417.0893966435  2.691835E-16
7420.59990116215  1.538890E-16
7424.1104056808  3.976576E-17
7427.62091019945  1.410021E-16
7431.13141471809  1.190463E-16
7434.64191923674  1.616252E-16
7438.15242375539  1.713222E-16
7441.66292827404  1.520791E-16
7445.17343279268  1.475445E-16
7448.68393731133  1.746863E-16
7452.19444182998  3.963787E-17
7455.70494634863  3.444458E-17
7459.21545086727  1.705284E-16
7462.72595538592  3.082654E-16
7466.23645990457  2.070609E-16
7469.74696442321  1.060486E-16
7473.25746894186  9.616853E-17
7476.76797346051  6.514781E-17
7480.27847797916  1.181902E-16
7483.7889824978  7.789091E-17
7487.29948701645  1.801687E-16
7490.8099915351  1.577521E-16
7494.32049605374  3.961961E-17
7497.83100057239  3.153923E-17
7501.34150509104  2.814382E-17
7504.85200960969  6.781850E-17
7508.36251412833  9.122101E-17
7511.87301864698  5.824328E-17
7515.38352316563  -1.445566E-17
7518.89402768428  6.372349E-17
7522.40453220292  1.825942E-16
7525.91503672157  2.138726E-16
7529.42554124022  1.584478E-16
7532.93604575886  1.976351E-16
7536.44655027751  4.271488E-17
7539.95705479616  -1.030851E-17
7543.46755931481  3.542616E-17
7546.97806383345  6.934612E-17
7550.4885683521  -2.604702E-18
7553.99907287075  -1.751201E-17
7557.5095773894  -6.082772E-18
7561.02008190804  1.001203E-16
7564.53058642669  1.028607E-16
7568.04109094534  2.278355E-17
7571.55159546399  5.176013E-17
7575.06209998263  -7.024009E-18
7578.57260450128  1.592767E-17
7582.08310901993  9.679754E-17
7585.59361353858  9.992286E-17
7589.10411805722  1.399987E-16
7592.61462257587  9.637693E-17
7596.12512709452  1.239180E-16
7599.63563161316  1.643786E-16
7603.14613613181  1.176944E-16
7606.65664065046  2.016883E-16
7610.16714516911  1.455747E-16
7613.67764968776  2.476142E-16
7617.1881542064  2.699323E-16
7620.69865872505  1.785006E-17
7624.2091632437  5.479604E-17
7627.71966776234  1.012112E-16
7631.23017228099  1.906958E-16
7634.74067679964  2.441148E-17
7638.25118131828  6.033490E-17
7641.76168583693  1.699275E-16
7645.27219035558  1.120381E-16
7648.78269487423  8.675573E-17
7652.29319939288  7.816711E-17
7655.80370391152  1.309410E-16
7659.31420843017  4.376614E-17
7662.82471294882  8.066258E-17
7666.33521746746  1.543388E-16
7669.84572198611  1.830577E-16
7673.35622650476  7.794305E-17
7676.86673102341  1.116025E-16
7680.37723554205  2.164189E-17
7683.8877400607  4.457698E-17
7687.39824457935  1.818035E-16
7690.90874909799  2.279811E-16
7694.41925361664  1.211394E-16
7697.92975813529  7.019961E-17
7701.44026265394  6.612109E-17
7704.95076717258  7.318341E-17
7708.46127169123  2.168933E-17
7711.97177620988  1.985645E-16
7715.48228072853  2.705096E-16
7718.99278524717  1.792851E-16
7722.50328976582  1.483910E-16
7726.01379428447  1.989804E-16
7729.52429880312  1.031834E-16
7733.03480332176  2.427432E-17
7736.54530784041  1.112800E-16
7740.05581235906  2.143374E-16
7743.5663168777  2.235206E-16
7747.07682139635  2.899475E-16
7750.587325915  1.956475E-16
7754.09783043365  6.248414E-17
7757.60833495229  1.402741E-16
7761.11883947094  1.153660E-16
7764.62934398959  1.205104E-16
7768.13984850824  1.679358E-16
7771.65035302688  1.599182E-17
7775.16085754553  1.414400E-17
7778.67136206418  2.104212E-16
7782.18186658282  1.752970E-16
7785.69237110147  9.918410E-17
7789.20287562012  9.899213E-17
7792.71338013877  1.821600E-16
7796.22388465741  1.313519E-16
7799.73438917606  1.118814E-16
7803.24489369471  1.774382E-16
7806.75539821336  1.303106E-16
7810.265902732  1.266283E-16
7813.77640725065  2.436544E-16
7817.2869117693  2.832798E-16
7820.79741628794  1.681437E-16
7824.30792080659  2.012134E-17
7827.81842532524  7.888124E-17
7831.32892984389  1.702072E-16
7834.83943436253  2.059618E-16
7838.34993888118  9.080398E-17
7841.86044339983  1.183001E-16
7845.37094791848  1.407126E-16
7848.88145243712  6.818684E-17
7852.39195695577  1.067065E-16
7855.90246147442  2.949946E-16
7859.41296599307  2.677734E-16
7862.92347051171  1.950917E-16
7866.43397503036  9.908578E-17
7869.94447954901  4.018404E-17
7873.45498406765  2.737934E-17
7876.9654885863  4.951732E-17
7880.47599310495  2.988595E-17
7883.9864976236  -2.604274E-17
7887.49700214224  5.829158E-17
7891.00750666089  8.060254E-17
7894.51801117954  1.419277E-16
7898.02851569819  1.090723E-16
7901.53902021683  8.090474E-17
7905.04952473548  3.488096E-17
7908.56002925413  1.599334E-16
7912.07053377278  1.310163E-17
7915.58103829142  -1.213975E-16
7919.09154281007  -1.357531E-17
7922.60204732872  9.344078E-17
7926.11255184736  1.258635E-16
7929.62305636601  9.741688E-17
7933.13356088466  2.242488E-18
7936.6440654033  7.872225E-17
7940.15456992195  1.923317E-16
7943.6650744406  1.656841E-16
7947.17557895925  2.105520E-16
7950.6860834779  4.076802E-17
7954.19658799654  9.172260E-17
7957.70709251519  2.076415E-16
7961.21759703384  1.608705E-16
7964.72810155249  -4.740889E-17
7968.23860607113  1.160001E-16
7971.74911058978  1.466505E-16
7975.25961510843  7.646038E-17
7978.77011962707  7.147598E-17
7982.28062414572  2.538100E-17
7985.79112866437  6.394080E-17
7989.30163318302  2.661397E-16
7992.81213770166  2.787129E-16
7996.32264222031  -4.983416E-17
7999.83314673896  2.681659E-17
8003.34365125761  1.530529E-16
8006.85415577625  1.089828E-16
8010.3646602949  2.534823E-17
8013.87516481355  1.452193E-16
8017.38566933219  2.035972E-16
8020.89617385084  1.201113E-16
8024.40667836949  1.258210E-16
8027.91718288814  1.629927E-16
8031.42768740678  5.480062E-17
8034.93819192543  1.484115E-16
8038.44869644408  1.660287E-16
8041.95920096273  3.054071E-17
8045.46970548137  1.279827E-16
8048.98021000002  1.443410E-16
8052.49071451867  1.650065E-16
8056.00121903732  1.621675E-17
8059.51172355596  1.752802E-16
8063.02222807461  2.052586E-16
8066.53273259326  3.706548E-17
8070.0432371119  1.739611E-16
8073.55374163055  1.249761E-16
8077.0642461492  -3.924749E-17
8080.57475066785  2.172420E-17
8084.08525518649  8.456034E-17
8087.59575970514  1.300052E-16
8091.10626422379  1.727486E-16
8094.61676874244  2.540604E-16
8098.12727326108  1.322837E-16
8101.63777777973  2.655097E-17
8105.14828229838  1.685838E-16
8108.65878681702  2.433985E-16
8112.16929133567  1.469571E-16
8115.67979585432  1.195017E-16
8119.19030037297  4.795328E-17
8122.70080489161  2.825016E-17
8126.21130941026  7.292741E-17
8129.72181392891  3.245185E-17
8133.23231844755  7.284528E-17
8136.7428229662  8.723038E-17
8140.25332748485  6.670981E-17
8143.7638320035  7.507787E-17
8147.27433652214  5.174961E-17
8150.78484104079  3.405652E-17
8154.29534555944  1.407543E-16
8157.80585007809  2.350310E-16
8161.31635459673  1.651850E-16
8164.82685911538  1.809643E-16
8168.33736363403  2.698774E-16
8171.84786815268  1.204803E-16
8175.35837267132  4.988066E-17
8178.86887718997  9.267404E-17
8182.37938170862  2.642266E-17
8185.88988622726  1.834009E-16
8189.40039074591  1.370183E-16
8192.91089526456  1.708014E-16
8196.42139978321  1.806958E-16
8199.93190430185  1.265613E-16
8203.4424088205  1.313768E-16
8206.95291333915  2.709950E-17
8210.46341785779  2.002550E-17
8213.97392237644  1.230533E-16
8217.48442689509  1.702841E-16
8220.99493141374  2.101715E-16
8224.50543593238  1.034758E-16
8228.01594045103  1.117782E-16
8231.52644496968  1.642403E-16
8235.03694948833  1.377562E-16
8238.54745400697  1.990380E-16
8242.05795852562  6.238891E-17
8245.56846304427  -3.968649E-18
8249.07896756292  9.512173E-17
8252.58947208156  4.593680E-17
8256.09997660021  -3.959759E-18
8259.61048111886  7.136884E-17
8263.1209856375  1.282110E-16
8266.63149015615  4.404404E-17
8270.1419946748  4.506508E-18
8273.65249919345  1.196643E-16
8277.16300371209  9.201330E-17
8280.67350823074  6.815604E-17
8284.18401274939  1.721449E-16
8287.69451726804  1.848826E-16
8291.20502178668  1.431172E-16
8294.71552630533  9.547739E-17
8298.22603082398  1.770157E-16
8301.73653534262  2.443194E-16
8305.24703986127  1.843409E-16
8308.75754437992  1.440706E-16
8312.26804889857  2.152332E-16
8315.77855341721  1.998761E-16
8319.28905793586  9.495212E-17
8322.79956245451  2.065035E-17
8326.31006697316  8.230593E-17
8329.82057149181  7.519156E-17
8333.33107601045  4.113172E-17
8336.8415805291  -1.850541E-17
8340.35208504775  2.159446E-17
8343.86258956639  1.800452E-16
8347.37309408504  2.705593E-16
8350.88359860369  1.786181E-16
8354.39410312234  1.614347E-16
8357.90460764098  1.872453E-16
8361.41511215963  1.481993E-17
8364.92561667828  -6.680019E-17
8368.43612119693  4.438707E-17
8371.94662571557  1.026477E-16
8375.45713023422  -6.040351E-18
8378.96763475287  1.881965E-17
8382.47813927151  1.574221E-16
8385.98864379016  1.208520E-16
8389.49914830881  7.703163E-17
8393.00965282746  7.987393E-17
8396.5201573461  1.031415E-16
8400.03066186475  9.362437E-17
8403.5411663834  5.950869E-17
8407.05167090204  8.641510E-17
8410.56217542069  1.291099E-16
8414.07267993934  2.459834E-16
8417.58318445799  1.396757E-16
8421.09368897664  3.221654E-17
8424.60419349528  1.055306E-16
8428.11469801393  2.608552E-17
8431.62520253258  1.272177E-16
8435.13570705123  2.049189E-16
8438.64621156987  1.788328E-16
8442.15671608852  -1.564952E-17
8445.66722060717  7.519344E-18
8449.17772512581  2.356137E-16
8452.68822964446  1.759852E-16
8456.19873416311  1.039342E-16
8459.70923868175  2.096828E-16
8463.2197432004  1.246476E-16
8466.73024771905  1.071645E-16
8470.2407522377  2.544941E-17
8473.75125675634  1.141507E-16
8477.26176127499  1.632792E-16
8480.77226579364  1.116552E-16
8484.28277031229  6.392567E-17
8487.79327483093  8.639716E-17
8491.30377934958  3.725795E-17
8494.81428386823  1.245527E-16
8498.32478838688  3.206782E-16
8501.83529290552  2.029152E-16
8505.34579742417  7.638999E-18
8508.85630194282  -2.099435E-18
8512.36680646146  1.035248E-16
8515.87731098011  1.939082E-16
8519.38781549876  2.017431E-16
8522.89832001741  1.120636E-16
8526.40882453605  5.666939E-17
8529.9193290547  1.796942E-16
8533.42983357335  1.251878E-16
8536.94033809199  1.459401E-16
8540.45084261064  2.738155E-16
8543.96134712929  1.996238E-16
8547.47185164794  2.557441E-16
8550.98235616658  3.215993E-16
8554.49286068523  2.416079E-16
8558.00336520388  2.909975E-16
8561.51386972253  3.355875E-16
8565.02437424117  3.690050E-16
8568.53487875982  3.191349E-16
8572.04538327847  2.820150E-16
8575.55588779712  2.650842E-16
8579.06639231576  3.299446E-16
8582.57689683441  4.552939E-16
8586.08740135306  4.054237E-16
8589.5979058717  3.174322E-16
8593.10841039035  2.524727E-16
8596.618914909  2.055713E-16
8600.12941942765  2.329600E-16
8603.63992394629  2.308075E-16
8607.15042846494  2.037306E-16
8610.66093298359  1.089261E-16
8614.17143750223  8.496516E-17
8617.68194202088  1.794756E-16
8621.19244653953  2.486318E-16
8624.70295105818  3.391199E-16
8628.21345557682  3.508309E-16
8631.72396009547  1.631917E-16
8635.23446461412  1.069846E-17
8638.74496913277  1.135620E-16
8642.25547365141  1.812175E-16
8645.76597817006  5.306618E-17
8649.27648268871  1.499783E-16
8652.78698720736  1.364667E-16
8656.297491726  1.864810E-16
8659.80799624465  2.871582E-16
8663.3185007633  2.431341E-16
8666.82900528195  2.327499E-16
8670.33950980059  1.954950E-16
8673.85001431924  2.014469E-16
8677.36051883789  1.969256E-16
8680.87102335653  3.243821E-16
8684.38152787518  3.594066E-16
8687.89203239383  2.081277E-16
8691.40253691248  1.815150E-16
8694.91304143113  2.085436E-16
8698.42354594977  3.126357E-16
8701.93405046842  1.908458E-16
8705.44455498706  2.186930E-16
8708.95505950571  2.946076E-16
8712.46556402436  1.748693E-16
8715.97606854301  2.611259E-16
8719.48657306166  3.613746E-16
8722.9970775803  3.177358E-16
8726.50758209895  2.918983E-16
8730.0180866176  3.243891E-16
8733.52859113624  3.189679E-16
8737.03909565489  3.144902E-16
8740.54960017354  4.010446E-16
8744.06010469219  3.679073E-16
8747.57060921083  2.208009E-16
8751.08111372948  4.033510E-16
8754.59161824813  4.656103E-16
8758.10212276678  3.370209E-16
8761.61262728542  4.607877E-16
8765.12313180407  4.082547E-16
8768.63363632272  3.971256E-16
8772.14414084137  4.047635E-16
8775.65464536001  2.033589E-16
8779.16514987866  1.759424E-17
8782.67565439731  1.078101E-16
8786.18615891595  3.225908E-16
8789.6966634346  3.510934E-16
8793.20716795325  2.407311E-16
8796.7176724719  6.677429E-17
8800.22817699054  7.092764E-17
8803.73868150919  1.079138E-16
8807.24918602784  1.592200E-16
8810.75969054649  1.457707E-16
8814.27019506513  9.946252E-17
8817.78069958378  1.502950E-16
8821.29120410243  5.417918E-17
8824.80170862108  1.070065E-16
8828.31221313972  1.745837E-16
8831.82271765837  1.610080E-16
8835.33322217702  3.388802E-16
8838.84372669566  1.905968E-16
8842.35423121431  -4.769835E-18
8845.86473573296  -2.817566E-18
8849.3752402516  4.033987E-18
8852.88574477025  4.149610E-17
8856.3962492889  9.903879E-17
8859.90675380755  1.448040E-16
8863.41725832619  2.523149E-16
8866.92776284484  2.947967E-16
8870.43826736349  2.728925E-16
8873.94877188214  2.046773E-16
8877.45927640078  1.507946E-16
8880.96978091943  7.419403E-17
8884.48028543808  8.494275E-17
8887.99078995673  4.978797E-17
8891.50129447537  1.043420E-16
8895.01179899402  2.207917E-16
8898.52230351267  1.340755E-16
8902.03280803132  1.809676E-16
8905.54331254996  2.985361E-16
8909.05381706861  2.050091E-16
8912.56432158725  2.552992E-16
8916.0748261059  4.531837E-16
8919.58533062455  2.377690E-16
8923.0958351432  -7.486141E-17
8926.60633966185  -9.852652E-18
8930.11684418049  5.589858E-17
8933.62734869914  7.764817E-17
8937.13785321779  4.186764E-17
8940.64835773643  6.842591E-17
8944.15886225508  9.946602E-17
8947.66936677373  8.337336E-17
8951.17987129238  3.112780E-17
8954.69037581102  2.261235E-17
8958.20088032967  -6.764164E-18
8961.71138484832  2.073096E-16
8965.22188936697  3.962003E-16
8968.73239388561  1.698644E-16
8972.24289840426  7.393601E-17
8975.75340292291  1.520936E-16
8979.26390744156  1.125316E-16
8982.7744119602  1.299292E-16
8986.28491647885  1.748814E-16
8989.7954209975  6.342869E-17
8993.30592551615  3.710403E-17
8996.81643003479  3.488499E-16
9000.32693455344  2.681244E-16
9003.83743907209  -6.955452E-18
9007.34794359073  -3.913227E-18
9010.85844810938  -4.010004E-17
9014.36895262803  2.806421E-17
9017.87945714668  1.185717E-16
9021.38996166532  1.937188E-16
9024.90046618397  1.708051E-16
9028.41097070262  8.164327E-17
9031.92147522126  -1.323790E-17
9035.43197973991  1.112412E-16
9038.94248425856  2.078644E-16
9042.45298877721  1.168836E-16
9045.96349329585  1.255171E-16
9049.4739978145  1.600496E-16
9052.98450233315  1.713138E-16
9056.4950068518  1.429334E-16
9060.00551137044  1.453502E-16
9063.51601588909  7.963773E-17
9067.02652040774  -1.770099E-17
9070.53702492638  1.420162E-16
9074.04752944503  2.433388E-16
9077.55803396368  5.825108E-17
9081.06853848233  -6.663421E-17
9084.57904300098  2.908499E-17
9088.08954751962  5.924635E-17
9091.60005203827  7.970440E-18
9095.11055655692  4.390137E-17
9098.62106107556  6.666077E-17
9102.13156559421  1.694483E-17
9105.64207011286  1.026429E-16
9109.15257463151  1.614737E-16
9112.66307915015  1.470058E-16
9116.1735836688  1.906140E-16
9119.68408818745  1.201021E-16
9123.1945927061  8.513824E-17
9126.70509722474  9.610869E-17
9130.21560174339  3.651087E-17
9133.72610626204  -1.537803E-17
9137.23661078069  1.008043E-16
9140.74711529933  1.582359E-16
9144.25761981798  1.369893E-16
9147.76812433663  1.341495E-16
9151.27862885528  7.076364E-17
9154.78913337392  9.068509E-18
9158.29963789257  6.923400E-17
9161.81014241121  1.234871E-18
9165.32064692986  -4.586439E-17
9168.83115144851  1.383887E-16
9172.34165596716  2.069249E-16
9175.8521604858  1.078720E-16
9179.36266500445  3.203898E-17
9182.8731695231  2.225946E-16
9186.38367404175  1.701315E-16
9189.89417856039  -3.466923E-17
9193.40468307904  1.184969E-16
9196.91518759769  1.502873E-16
9200.42569211634  1.208073E-17
9203.93619663498  6.296940E-18
9207.44670115363  -3.551093E-17
9210.95720567228  4.472072E-17
9214.46771019093  1.714930E-16
9217.97821470957  7.672290E-18
9221.48871922822  5.231023E-17
9224.99922374687  2.411028E-16
9228.50972826551  2.025183E-16
9232.02023278416  1.143775E-16
9235.53073730281  8.953300E-17
9239.04124182145  8.478124E-17
9242.5517463401  1.724359E-16
9246.06225085875  2.050710E-16
9249.5727553774  2.070174E-16
9253.08325989604  2.065502E-16
9256.59376441469  1.906207E-16
9260.10426893334  4.325284E-17
9263.61477345199  6.948409E-18
9267.12527797063  1.332270E-16
9270.63578248928  1.255607E-16
9274.14628700793  1.305382E-16
9277.65679152658  5.377179E-17
9281.16729604522  5.242120E-17
9284.67780056387  1.067207E-16
9288.18830508252  7.527225E-17
9291.69880960117  8.857979E-17
9295.20931411981  -1.703285E-16
9298.71981863846  -3.131608E-16
9302.23032315711  -4.305612E-17
9305.74082767575  1.324771E-16
9309.2513321944  1.794053E-16
9312.76183671305  3.290396E-16
9316.2723412317  8.281213E-16
9319.78284575034  8.053673E-16
9323.29335026899  7.341143E-17
9326.80385478764  1.362175E-16
9330.31435930629  1.511525E-16
9333.82486382493  2.483669E-16
9337.33536834358  7.408887E-16
9340.84587286223  -9.903938E-17
9344.35637738087  -6.027991E-16
9347.86688189952  -1.722318E-17
9351.37738641817  2.445446E-16
9354.88789093682  7.498247E-17
9358.39839545546  -6.590779E-17
9361.90889997411  1.829509E-17
9365.41940449276  -1.774241E-16
9368.92990901141  -2.598785E-16
9372.44041353005  -5.741195E-17
9375.9509180487  3.923064E-16
9379.46142256735  1.038821E-15
9382.971927086  8.028167E-16
9386.48243160464  1.777013E-16
9389.99293612329  4.165375E-18
9393.50344064194  2.922256E-16
9397.01394516058  2.899307E-16
9400.52444967923  1.336858E-16
9404.03495419788  3.411776E-16
9407.54545871653  3.213553E-16
9411.05596323517  2.143583E-16
9414.56646775382  1.969197E-16
9418.07697227247  4.725997E-17
9421.58747679112  3.827740E-16
9425.09798130976  8.614914E-16
9428.60848582841  3.337097E-16
9432.11899034706  4.057656E-16
9435.6294948657  3.965068E-16
9439.13999938435  3.309074E-17
9442.650503903  4.334121E-16
9446.16100842165  2.576989E-16
9449.6715129403  1.234472E-16
9453.18201745894  2.901507E-16
9456.69252197759  2.099131E-16
9460.20302649623  -3.883491E-17
9463.71353101489  1.436419E-16
9467.22403553353  2.340375E-16
9470.73454005218  1.000317E-16
9474.24504457083  -3.475882E-17
9477.75554908947  -3.262734E-16
9481.26605360812  -2.280520E-16
9484.77655812677  3.086170E-16
9488.28706264541  3.680601E-16
9491.79756716406  1.134269E-16
9495.30807168271  1.442669E-16
9498.81857620136  7.631818E-17
9502.32908072  2.050498E-16
9505.83958523865  9.513439E-17
9509.3500897573  -1.440607E-17
9512.86059427595  3.207481E-16
9516.37109879459  -5.852470E-17
9519.88160331324  -1.244437E-16
9523.39210783189  3.353631E-16
9526.90261235054  2.792930E-16
9530.41311686918  2.030603E-17
9533.92362138783  -4.941268E-17
9537.43412590648  5.826641E-17
9540.94463042513  4.091993E-17
9544.45513494377  -1.960500E-17
9547.96563946242  -6.836455E-17
9551.47614398107  8.837338E-18
9554.98664849971  7.540991E-17
9558.49715301836  5.572834E-17
9562.00765753701  6.413466E-17
9565.51816205565  8.770849E-17
9569.0286665743  1.549556E-16
9572.53917109295  6.321328E-17
9576.0496756116  -5.927329E-17
9579.56018013024  -2.256020E-17
9583.07068464889  2.126316E-16
9586.58118916754  5.217878E-18
9590.09169368619  -3.034340E-17
9593.60219820483  3.671177E-16
9597.11270272348  1.929820E-16
9600.62320724213  -1.220765E-18
9604.13371176078  -1.189577E-16
9607.64421627942  2.231977E-17
9611.15472079807  4.800806E-16
9614.66522531672  3.858252E-16
9618.17572983537  -4.734503E-17
9621.68623435401  -4.610849E-17
9625.19673887266  1.418097E-16
9628.70724339131  1.059651E-16
9632.21774790995  1.904798E-16
9635.7282524286  1.874930E-16
9639.23875694725  1.430868E-17
9642.74926146589  6.970310E-18
9646.25976598454  -3.809281E-17
9649.77027050319  2.912328E-18
9653.28077502184  6.420467E-17
9656.79127954049  1.080989E-16
9660.30178405913  1.964226E-17
9663.81228857778  4.336740E-17
9667.32279309643  2.127437E-16
9670.83329761507  2.832546E-16
9674.34380213372  2.632048E-16
9677.85430665237  1.266759E-16
9681.36481117102  1.952719E-16
9684.87531568966  1.627667E-16
9688.38582020831  2.563066E-17
9691.89632472696  -9.471737E-17
9695.40682924561  -1.815595E-16
9698.91733376425  -8.932714E-18
9702.4278382829  8.209874E-19
9705.93834280155  9.646905E-18
9709.44884732019  1.951325E-17
9712.95935183884  2.171799E-16
9716.46985635749  2.964399E-16
9719.98036087614  6.440590E-18
9723.49086539478  8.354013E-17
9727.00136991343  1.532152E-17
9730.51187443208  -1.481702E-16
9734.02237895072  -7.309480E-17
9737.53288346937  1.031791E-16
9741.04338798802  1.968545E-16
9744.55389250667  2.217478E-16
9748.06439702532  2.461243E-16
9751.57490154396  4.278385E-17
9755.08540606261  7.492538E-17
9758.59591058126  3.634908E-16
9762.1064150999  2.382321E-17
9765.61691961855  -1.877162E-16
9769.1274241372  7.039873E-17
9772.63792865585  2.075920E-16
9776.14843317449  2.910733E-16
9779.65893769314  2.190823E-16
9783.16944221179  -3.865495E-17
9786.67994673043  -1.386032E-16
9790.19045124909  -1.249308E-16
9793.70095576773  2.032805E-16
9797.21146028638  4.319801E-16
9800.72196480502  2.425436E-16
9804.23246932367  2.461776E-16
9807.74297384232  1.995834E-16
9811.25347836097  2.725360E-17
9814.76398287961  5.842765E-17
9818.27448739826  3.306563E-16
9821.78499191691  1.858983E-16
9825.29549643555  -1.395464E-16
9828.8060009542  -3.764312E-17
9832.31650547285  1.681066E-16
9835.8270099915  7.360307E-17
9839.33751451015  -1.022873E-16
9842.84801902879  1.568403E-17
9846.35852354744  1.140610E-16
9849.86902806609  2.010986E-16
9853.37953258474  1.624454E-16
9856.89003710338  -7.652117E-17
9860.40054162203  -3.957424E-17
9863.91104614068  1.527793E-17
9867.42155065932  -7.570584E-17
9870.93205517797  -1.740805E-16
9874.44255969662  5.454487E-17
9877.95306421527  1.901855E-16
9881.46356873391  -1.439994E-16
9884.97407325256  -4.419325E-16
9888.48457777121  -7.030641E-17
9891.99508228985  3.486991E-16
9895.5055868085  3.263217E-16
9899.01609132715  1.106330E-16
9902.5265958458  -8.308056E-18
9906.03710036444  -1.427542E-17
9909.54760488309  4.023380E-18
9913.05810940174  -3.073567E-17
9916.56861392039  -6.627848E-17
9920.07911843903  -1.499555E-16
9923.58962295768  -2.246706E-16
9927.10012747633  -4.215799E-17
9930.61063199498  1.852030E-16
9934.12113651362  1.956881E-16
9937.63164103227  -1.357078E-17
9941.14214555092  5.743564E-17
9944.65265006957  1.720850E-16
9948.16315458821  1.854538E-16
9951.67365910686  8.300423E-17
9955.18416362551  -2.765555E-17
9958.69466814415  -1.297686E-16
9962.2051726628  2.662742E-16
9965.71567718145  3.773474E-16
9969.22618170009  -2.914966E-17
9972.73668621874  2.371996E-16
9976.24719073739  -1.318142E-16
9979.75769525604  -5.729731E-16
9983.26819977468  -5.216378E-17
9986.77870429333  -1.936007E-16
9990.28920881198  -4.670140E-17
9993.79971333063  1.596402E-16
9997.31021784927  3.042557E-18
10000.8207223679  3.467457E-16
10004.3312268866  9.965036E-17
10007.8417314052  -1.795742E-16
10011.3522359239  6.319007E-17
10014.8627404425  5.152045E-16
10018.3732449612  3.341332E-17
10021.8837494798  -1.059814E-16
10025.3942539985  2.662017E-16
10028.9047585171  -3.713411E-17
10032.4152630357  -1.289862E-16
10035.9257675544  -5.069501E-17
10039.436272073  -2.346508E-17
10042.9467765917  -3.252408E-17
10046.4572811103  3.518854E-16
10049.967785629  4.300838E-16
10053.4782901476  1.983254E-16
10056.9887946663  2.048997E-16
10060.4992991849  -4.072312E-17
10064.0098037036  -2.505097E-16
10067.5203082222  -6.317808E-17
10071.0308127409  -1.789191E-19
10074.5413172595  3.573142E-17
10078.0518217782  -2.263411E-16
10081.5623262968  -1.684674E-16
10085.0728308155  2.053011E-16
10088.5833353341  4.153155E-16
10092.0938398528  2.805611E-16
10095.6043443714  3.867821E-16
10099.11484889  3.808739E-16
10102.6253534087  -3.523548E-16
10106.1358579273  -4.309971E-16
10109.646362446  -1.411642E-16
10113.1568669646  2.314345E-16
10116.6673714833  3.372783E-16
10120.1778760019  3.932931E-16
10123.6883805206  2.109766E-16
10127.1988850392  1.214794E-16
10130.7093895579  1.929417E-16
10134.2198940765  2.355446E-16
10137.7303985952  2.140919E-16
10141.2409031138  1.322551E-16
10144.7514076325  -4.388145E-17
10148.2619121511  5.067249E-17
10151.7724166698  -1.540981E-16
10155.2829211884  -2.919729E-16
10158.793425707  -2.302565E-16
10162.3039302257  -8.746798E-17
10165.8144347443  -2.766417E-16
10169.324939263  -2.491617E-16
10172.8354437816  4.250415E-16
10176.3459483003  4.011115E-16
10179.8564528189  1.628377E-16
10183.3669573376  1.023363E-16
10186.8774618562  -5.082526E-16
10190.3879663749  -3.591688E-16
10193.8984708935  4.726063E-17
10197.4089754122  4.260568E-16
10200.9194799308  3.922596E-16
10204.4299844495  -1.642366E-16
10207.9404889681  -2.242874E-18
10211.4509934868  2.581402E-16
10214.9614980054  4.126892E-16
10218.4720025241  -3.993358E-17
10221.9825070427  -4.086006E-16
10225.4930115614  -3.694562E-17
10229.00351608  1.943427E-16
10232.5140205986  1.470872E-16
10236.0245251173  1.975064E-16
10239.5350296359  3.780038E-17
10243.0455341546  7.088041E-17
10246.5560386732  1.776388E-16
10250.0665431919  2.461200E-16
10253.5770477105  1.305629E-16
10257.0875522292  -3.889906E-16
10260.5980567478  4.071003E-17
10264.1085612665  7.148374E-17
10267.6190657851  -3.611513E-16
10271.1295703038  -1.733417E-16
10274.6400748224  -3.158339E-16
10278.1505793411  -3.263614E-17
10281.6610838597  -1.441040E-17
10285.1715883784  -4.757667E-16
10288.682092897  3.205798E-16
10292.1925974156  1.033413E-15
10295.7031019343  8.828427E-16
10299.2136064529  6.973081E-16
10302.7241109716  -4.196275E-16
10306.2346154902  4.034425E-17
10309.7451200089  7.827262E-16
10313.2556245275  5.044027E-16
10316.7661290462  2.629667E-16
10320.2766335648  4.422807E-16
10323.7871380835  1.765727E-16
10327.2976426021  -3.037216E-16
10330.8081471208  -7.509013E-17
10334.3186516394  4.773892E-17
10337.8291561581  -3.830765E-17
10341.3396606767  1.736867E-16
10344.8501651954  7.376554E-16
10348.360669714  5.967036E-16
10351.8711742327  8.091576E-17
10355.3816787513  -5.042841E-17
10358.8921832699  1.389834E-16
10362.4026877886  1.615673E-16
10365.9131923072  -9.913435E-18
10369.4236968259  -3.356812E-17
10372.9342013445  8.059922E-16
10376.4447058632  1.431805E-15
10379.9552103818  8.849308E-16
10383.4657149005  1.046097E-15
10386.9762194191  1.202512E-15
10390.4867239378  7.365288E-16
10393.9972284564  9.467622E-16
10397.5077329751  6.448021E-16
10401.0182374937  5.487998E-16
10404.5287420124  -1.516922E-16
10408.039246531  -3.976028E-16
10411.5497510497  -4.417797E-18
10415.0602555683  1.867879E-16
10418.570760087  5.857718E-16
10422.0812646056  5.823634E-16
10425.5917691242  2.876666E-16
10429.1022736429  -1.058223E-16
10432.6127781615  1.642982E-17
10436.1232826802  5.352802E-16
10439.6337871988  1.358107E-16
10443.1442917175  -7.240890E-18
10446.6547962361  6.176622E-16
10450.1653007548  4.390150E-16
10453.6758052734  1.992726E-16
10457.1863097921  7.693157E-17
10460.6968143107  1.075321E-16
10464.2073188294  3.259544E-16
10467.717823348  6.025465E-16
10471.2283278667  5.152582E-16
10474.7388323853  2.411781E-16
10478.249336904  2.998446E-16
10481.7598414226  3.674783E-16
10485.2703459412  6.507102E-16
10488.7808504599  1.199020E-16
10492.2913549785  -4.617437E-16
10495.8018594972  2.371650E-16
10499.3123640158  7.197821E-16
10502.8228685345  4.591805E-16
10506.3333730531  1.588790E-16
10509.8438775718  -1.100219E-16
10513.3543820904  -2.613766E-16
10516.8648866091  -6.198648E-17
10520.3753911277  1.251196E-16
10523.8858956464  2.614911E-16
10527.396400165  1.786131E-16
10530.9069046837  8.571175E-17
10534.4174092023  1.665332E-16
10537.927913721  -2.243778E-16
10541.4384182396  3.026126E-17
10544.9489227583  -4.656912E-16
10548.4594272769  -2.743192E-16
10551.9699317955  2.054618E-16
10555.4804363142  3.421006E-16
10558.9909408328  1.298765E-18
10562.5014453515  -4.399329E-18
10566.0119498701  1.914760E-16
10569.5224543888  -9.385373E-17
10573.0329589074  6.361869E-16
10576.5434634261  6.386865E-17
10580.0539679447  -8.588070E-16
10583.5644724634  -2.824145E-16
10587.074976982  -9.188053E-17
10590.5854815007  2.477731E-16
10594.0959860193  9.042049E-16
10597.606490538  8.048108E-16
10601.1169950566  0.
10604.6274995753  0.
10608.1380040939  0.
10611.6485086126  0.
10615.1590131312  0.
10618.6695176498  0.
10622.1800221685  0.
10625.6905266871  0.
10629.2010312058  0.
10632.7115357244  0.
10636.2220402431  0.
10639.7325447617  0.
10643.2430492804  0.
10646.753553799  0.
10650.2640583177  0.
10653.7745628363  0.
10657.285067355  0.
10660.7955718736  0.
10664.3060763923  0.
10667.8165809109  0.
10671.3270854296  0.
10674.8375899482  0.
10678.3480944669  0.
10681.8585989855  0.
10685.3691035041  0.
10688.8796080228  0.
10692.3901125414  0.
10695.9006170601  0.
10699.4111215787  0.
10702.9216260974  0.
10706.432130616  0.
10709.9426351347  0.
10713.4531396533  0.
10716.963644172  0.
10720.4741486906  0.
10723.9846532093  0.
10727.4951577279  0.
10731.0056622466  0.
10734.5161667652  0.
10738.0266712839  0.
10741.5371758025  0.
10745.0476803211  0.
10748.5581848398  0.
10752.0686893584  0.
10755.5791938771  0.
10759.0896983957  0.
10762.6002029144  0.
10766.110707433  0.
10769.6212119517  0.
10773.1317164703  0.
10776.642220989  0.
10780.1527255076  0.
10783.6632300263  0.
10787.1737345449  0.
10790.6842390636  0.
10794.1947435822  0.
10797.7052481009  0.
10801.2157526195  0.
10804.7262571382  0.
10808.2367616568  0.
10811.7472661754  0.
10815.2577706941  0.
10818.7682752127  0.
10822.2787797314  0.
10825.78928425  0.
10829.2997887687  0.
10832.8102932873  0.
10836.320797806  0.
10839.8313023246  0.
10843.3418068433  0.
10846.8523113619  0.
10850.3628158806  0.
10853.8733203992  0.
10857.3838249179  0.
10860.8943294365  0.
10864.4048339552  0.
10867.9153384738  0.
10871.4258429925  0.
10874.9363475111  0.
10878.4468520297  0.
10881.9573565484  0.
10885.467861067  0.
10888.9783655857  0.
10892.4888701043  0.
10895.999374623  0.
10899.5098791416  0.
10903.0203836603  0.
10906.5308881789  0.
10910.0413926976  0.
10913.5518972162  0.
10917.0624017349  0.
10920.5729062535  0.
10924.0834107722  0.
10927.5939152908  0.
10931.1044198095  0.
10934.6149243281  0.
10938.1254288468  0.
10941.6359333654  0.
10945.146437884  0.
10948.6569424027  0.
10952.1674469213  0.
10955.67795144  0.
10959.1884559586  0.
10962.6989604773  0.
10966.2094649959  0.
10969.7199695146  0.
10973.2304740332  0.
10976.7409785519  0.
10980.2514830705  0.
10983.7619875892  0.
10987.2724921078  0.
10990.7829966265  0.
10994.2935011451  0.
10997.8040056638  0.
11001.3145101824  0.
11004.8250147011  0.
11008.3355192197  0.
11011.8460237383  0.
11015.356528257  0.
11018.8670327756  0.
11022.3775372943  0.
11025.8880418129  0.
11029.3985463316  0.
11032.9090508502  0.
11036.4195553689  0.
11039.9300598875  0.
11043.4405644062  0.
11046.9510689248  0.
11050.4615734435  0.
11053.9720779621  0.
11057.4825824808  0.
11060.9930869994  0.
