3412.4584960937  1.125419E-14
3414.75651123533  1.015094E-14
3417.05452637697  1.041747E-14
3419.3525415186  9.776249E-15
3421.65055666023  8.511992E-15
3423.94857180186  8.995799E-15
3426.24658694349  8.675119E-15
3428.54460208512  7.900408E-15
3430.84261722675  8.640034E-15
3433.14063236838  1.079707E-14
3435.43864751001  9.133422E-15
3437.73666265164  9.196580E-15
3440.03467779328  8.453267E-15
3442.33269293491  8.319253E-15
3444.63070807654  9.927546E-15
3446.92872321817  9.289627E-15
3449.2267383598  8.113844E-15
3451.52475350143  9.659393E-15
3453.82276864306  9.388941E-15
3456.12078378469  8.536141E-15
3458.41879892632  7.731034E-15
3460.71681406796  8.174803E-15
3463.01482920959  9.436634E-15
3465.31284435122  7.523252E-15
3467.61085949285  7.330913E-15
3469.90887463448  8.142374E-15
3472.20688977611  9.052024E-15
3474.50490491774  8.830074E-15
3476.80292005937  6.256245E-15
3479.100935201  8.400855E-15
3481.39895034263  9.175101E-15
3483.69696548426  8.611886E-15
3485.9949806259  7.636253E-15
3488.29299576753  8.715275E-15
3490.59101090916  9.141210E-15
3492.88902605079  7.945467E-15
3495.18704119242  6.350558E-15
3497.48505633405  6.094049E-15
3499.78307147568  7.089685E-15
3502.08108661731  8.601765E-15
3504.37910175894  6.924225E-15
3506.67711690058  6.019606E-15
3508.97513204221  9.051370E-15
3511.27314718384  1.028721E-14
3513.57116232547  8.952057E-15
3515.8691774671  8.298238E-15
3518.16719260873  6.092921E-15
3520.46520775036  6.444418E-15
3522.76322289199  9.469571E-15
3525.06123803362  8.522183E-15
3527.35925317525  6.210089E-15
3529.65726831688  7.515821E-15
3531.95528345852  8.528783E-15
3534.25329860015  8.590482E-15
3536.55131374178  9.119854E-15
3538.84932888341  7.174854E-15
3541.14734402504  7.969093E-15
3543.44535916667  8.628453E-15
3545.7433743083  9.513635E-15
3548.04138944993  8.815670E-15
3550.33940459156  7.618642E-15
3552.63741973319  6.077807E-15
3554.93543487483  7.909946E-15
3557.23345001646  8.401668E-15
3559.53146515809  6.145134E-15
3561.82948029972  7.053292E-15
3564.12749544135  6.186392E-15
3566.42551058298  7.544992E-15
3568.72352572461  8.445843E-15
3571.02154086624  7.942961E-15
3573.31955600787  8.037224E-15
3575.6175711495  6.897047E-15
3577.91558629114  7.665217E-15
3580.21360143277  7.818006E-15
3582.5116165744  8.089627E-15
3584.80963171603  7.266081E-15
3587.10764685766  6.751100E-15
3589.40566199929  8.405274E-15
3591.70367714092  8.715651E-15
3594.00169228255  8.079671E-15
3596.29970742418  7.778666E-15
3598.59772256581  7.528728E-15
3600.89573770745  7.745004E-15
3603.19375284908  7.489357E-15
3605.49176799071  8.697601E-15
3607.78978313234  8.588062E-15
3610.08779827397  7.502179E-15
3612.3858134156  7.748014E-15
3614.68382855723  8.081446E-15
3616.98184369886  8.363939E-15
3619.27985884049  7.707531E-15
3621.57787398212  8.233602E-15
3623.87588912376  7.999588E-15
3626.17390426539  8.327463E-15
3628.47191940702  8.766014E-15
3630.76993454865  8.103163E-15
3633.06794969028  7.963521E-15
3635.36596483191  7.357922E-15
3637.66397997354  7.932207E-15
3639.96199511517  7.999997E-15
3642.2600102568  7.432505E-15
3644.55802539843  8.031808E-15
3646.85604054007  8.491089E-15
3649.1540556817  8.675837E-15
3651.45207082333  7.421687E-15
3653.75008596496  6.671644E-15
3656.04810110659  8.732393E-15
3658.34611624822  8.129878E-15
3660.64413138985  6.735978E-15
3662.94214653148  7.639184E-15
3665.24016167311  7.937582E-15
3667.53817681475  8.611891E-15
3669.83619195638  7.942345E-15
3672.13420709801  7.792756E-15
3674.43222223964  7.937363E-15
3676.73023738127  8.994331E-15
3679.0282525229  8.408798E-15
3681.32626766453  7.603441E-15
3683.62428280616  8.243397E-15
3685.92229794779  7.616893E-15
3688.22031308942  7.099182E-15
3690.51832823106  6.883857E-15
3692.81634337269  7.446163E-15
3695.11435851432  7.793909E-15
3697.41237365595  7.844240E-15
3699.71038879758  7.451495E-15
3702.00840393921  7.621661E-15
3704.30641908084  7.409024E-15
3706.60443422247  7.732357E-15
3708.9024493641  8.413232E-15
3711.20046450573  7.917125E-15
3713.49847964737  7.696772E-15
3715.796494789  7.053535E-15
3718.09450993063  6.506310E-15
3720.39252507226  7.233985E-15
3722.69054021389  7.229472E-15
3724.98855535552  7.740385E-15
3727.28657049715  7.484941E-15
3729.58458563878  6.691107E-15
3731.88260078041  6.382653E-15
3734.18061592204  7.499689E-15
3736.47863106367  7.041528E-15
3738.77664620531  7.311494E-15
3741.07466134694  6.653387E-15
3743.37267648857  7.192762E-15
3745.6706916302  7.930156E-15
3747.96870677183  7.557330E-15
3750.26672191346  7.397140E-15
3752.56473705509  7.612538E-15
3754.86275219672  8.010098E-15
3757.16076733835  6.358048E-15
3759.45878247999  6.134020E-15
3761.75679762162  6.514183E-15
3764.05481276325  7.655497E-15
3766.35282790488  6.906127E-15
3768.65084304651  6.846107E-15
3770.94885818814  7.894557E-15
3773.24687332977  6.580338E-15
3775.5448884714  6.279730E-15
3777.84290361303  6.846297E-15
3780.14091875466  7.142770E-15
3782.4389338963  6.943480E-15
3784.73694903793  6.574129E-15
3787.03496417956  6.970285E-15
3789.33297932119  6.846012E-15
3791.63099446282  6.047210E-15
3793.92900960445  6.577792E-15
3796.22702474608  6.830992E-15
3798.52503988771  6.120732E-15
3800.82305502934  6.767346E-15
3803.12107017098  6.607838E-15
3805.4190853126  7.049670E-15
3807.71710045424  6.569925E-15
3810.01511559587  6.716380E-15
3812.3131307375  6.241621E-15
3814.61114587913  6.324446E-15
3816.90916102076  6.636437E-15
3819.20717616239  6.878525E-15
3821.50519130402  6.961306E-15
3823.80320644565  7.026423E-15
3826.10122158728  7.021312E-15
3828.39923672892  6.897950E-15
3830.69725187055  6.970519E-15
3832.99526701218  6.437905E-15
3835.29328215381  6.085692E-15
3837.59129729544  7.086407E-15
3839.88931243707  7.058259E-15
3842.1873275787  6.874564E-15
3844.48534272033  7.195154E-15
3846.78335786196  6.724806E-15
3849.08137300359  5.891508E-15
3851.37938814523  5.437870E-15
3853.67740328686  6.207862E-15
3855.97541842849  6.686047E-15
3858.27343357012  6.615884E-15
3860.57144871175  6.220627E-15
3862.86946385338  6.022456E-15
3865.16747899501  6.624835E-15
3867.46549413664  7.576912E-15
3869.76350927827  6.347211E-15
3872.0615244199  6.403508E-15
3874.35953956154  6.503428E-15
3876.65755470317  6.548507E-15
3878.9555698448  6.321363E-15
3881.25358498643  6.893823E-15
3883.55160012806  6.478388E-15
3885.84961526969  6.654029E-15
3888.14763041132  7.737494E-15
3890.44564555295  7.327331E-15
3892.74366069458  6.527022E-15
3895.04167583621  6.467900E-15
3897.33969097785  6.698846E-15
3899.63770611948  6.476955E-15
3901.93572126111  6.903089E-15
3904.23373640274  6.808084E-15
3906.53175154437  6.936990E-15
3908.829766686  7.285616E-15
3911.12778182763  7.575623E-15
3913.42579696926  7.218714E-15
3915.72381211089  6.859850E-15
3918.02182725252  6.522162E-15
3920.31984239415  6.879893E-15
3922.61785753579  7.713196E-15
3924.91587267742  7.395102E-15
3927.21388781905  7.285445E-15
3929.51190296068  6.953851E-15
3931.80991810231  6.971395E-15
3934.10793324394  7.187348E-15
3936.40594838557  7.462442E-15
3938.7039635272  7.432621E-15
3941.00197866883  7.437468E-15
3943.29999381047  6.650461E-15
3945.5980089521  7.174396E-15
3947.89602409373  7.366103E-15
3950.19403923536  7.140798E-15
3952.49205437699  6.790269E-15
3954.79006951862  6.329438E-15
3957.08808466025  6.275301E-15
3959.38609980188  6.788902E-15
3961.68411494351  7.212281E-15
3963.98213008514  6.942149E-15
3966.28014522677  7.176802E-15
3968.57816036841  6.320110E-15
3970.87617551004  6.693279E-15
3973.17419065167  6.324884E-15
3975.4722057933  6.327138E-15
3977.77022093493  6.494407E-15
3980.06823607656  6.885680E-15
3982.36625121819  6.592401E-15
3984.66426635982  6.363402E-15
3986.96228150145  6.237385E-15
3989.26029664309  6.020770E-15
3991.55831178472  5.905134E-15
3993.85632692635  5.493099E-15
3996.15434206798  6.544264E-15
3998.45235720961  6.326736E-15
4000.75037235124  5.741510E-15
4003.04838749287  5.827391E-15
4005.3464026345  6.519645E-15
4007.64441777613  6.415429E-15
4009.94243291776  6.242872E-15
4012.2404480594  6.259484E-15
4014.53846320103  5.803041E-15
4016.83647834266  5.077417E-15
4019.13449348429  6.249913E-15
4021.43250862592  5.958851E-15
4023.73052376755  6.003214E-15
4026.02853890918  6.169860E-15
4028.32655405081  6.078878E-15
4030.62456919244  6.626071E-15
4032.92258433408  6.118129E-15
4035.2205994757  6.460468E-15
4037.51861461734  6.689450E-15
4039.81662975897  6.015220E-15
4042.1146449006  6.455879E-15
4044.41266004223  6.729520E-15
4046.71067518386  5.917970E-15
4049.00869032549  5.773040E-15
4051.30670546712  6.847513E-15
4053.60472060875  6.737384E-15
4055.90273575039  6.706925E-15
4058.20075089201  6.870342E-15
4060.49876603365  6.789509E-15
4062.79678117528  7.149736E-15
4065.09479631691  6.179077E-15
4067.39281145854  6.115533E-15
4069.69082660017  6.729169E-15
4071.9888417418  7.516753E-15
4074.28685688343  6.876529E-15
4076.58487202506  5.947216E-15
4078.8828871667  6.195611E-15
4081.18090230833  6.147592E-15
4083.47891744996  6.551885E-15
4085.77693259159  6.574523E-15
4088.07494773322  6.026841E-15
4090.37296287485  6.085216E-15
4092.67097801648  7.616128E-15
4094.96899315811  6.090592E-15
4097.26700829974  6.417929E-15
4099.56502344137  5.671687E-15
4101.863038583  6.476840E-15
4104.16105372464  6.488116E-15
4106.45906886627  5.964739E-15
4108.7570840079  6.444555E-15
4111.05509914953  6.836864E-15
4113.35311429116  6.530554E-15
4115.65112943279  6.200424E-15
4117.94914457442  6.086328E-15
4120.24715971605  6.352770E-15
4122.54517485768  6.682180E-15
4124.84318999932  6.040664E-15
4127.14120514095  5.455375E-15
4129.43922028258  6.173517E-15
4131.73723542421  6.434302E-15
4134.03525056584  6.145380E-15
4136.33326570747  6.014894E-15
4138.6312808491  5.850265E-15
4140.92929599073  6.226690E-15
4143.22731113236  6.390452E-15
4145.52532627399  6.320321E-15
4147.82334141562  6.134982E-15
4150.12135655726  5.940600E-15
4152.41937169889  5.918631E-15
4154.71738684052  6.367437E-15
4157.01540198215  6.691135E-15
4159.31341712378  5.982869E-15
4161.61143226541  5.646393E-15
4163.90944740704  5.753387E-15
4166.20746254867  5.548196E-15
4168.5054776903  5.625330E-15
4170.80349283193  5.888400E-15
4173.10150797357  5.852892E-15
4175.3995231152  6.086723E-15
4177.69753825683  6.011176E-15
4179.99555339846  5.605469E-15
4182.29356854009  5.510951E-15
4184.59158368172  5.200260E-15
4186.88959882335  5.524695E-15
4189.18761396498  4.889959E-15
4191.48562910661  4.795235E-15
4193.78364424824  5.410234E-15
4196.08165938988  4.641354E-15
4198.37967453151  4.973690E-15
4200.67768967314  5.528488E-15
4202.97570481477  5.226304E-15
4205.2737199564  5.222532E-15
4207.57173509803  4.965021E-15
4209.86975023966  4.474647E-15
4212.16776538129  4.589950E-15
4214.46578052292  5.095115E-15
4216.76379566456  5.121563E-15
4219.06181080619  4.810310E-15
4221.35982594782  4.478855E-15
4223.65784108945  4.989450E-15
4225.95585623108  4.903785E-15
4228.25387137271  4.212398E-15
4230.55188651434  4.694426E-15
4232.84990165597  4.837348E-15
4235.1479167976  4.459818E-15
4237.44593193923  4.656225E-15
4239.74394708087  4.894649E-15
4242.0419622225  5.201015E-15
4244.33997736413  5.295168E-15
4246.63799250576  5.245288E-15
4248.93600764739  4.849489E-15
4251.23402278902  5.130262E-15
4253.53203793065  5.326184E-15
4255.83005307228  5.006095E-15
4258.12806821391  5.701967E-15
4260.42608335554  5.773077E-15
4262.72409849718  5.880784E-15
4265.02211363881  5.569796E-15
4267.32012878044  5.606260E-15
4269.61814392207  5.859129E-15
4271.9161590637  5.320681E-15
4274.21417420533  5.306744E-15
4276.51218934696  5.734248E-15
4278.81020448859  6.159266E-15
4281.10821963022  6.268149E-15
4283.40623477185  6.275001E-15
4285.70424991348  6.229841E-15
4288.00226505512  5.669366E-15
4290.30028019675  6.007465E-15
4292.59829533838  6.412059E-15
4294.89631048001  6.337393E-15
4297.19432562164  6.530403E-15
4299.49234076327  6.078182E-15
4301.7903559049  5.707171E-15
4304.08837104653  5.869869E-15
4306.38638618816  5.972773E-15
4308.6844013298  6.172724E-15
4310.98241647143  5.651944E-15
4313.28043161306  5.921400E-15
4315.57844675469  6.533675E-15
4317.87646189632  6.714875E-15
4320.17447703795  6.334320E-15
4322.47249217958  5.698598E-15
4324.77050732121  5.860610E-15
4327.06852246284  6.007390E-15
4329.36653760447  5.679962E-15
4331.66455274611  5.586136E-15
4333.96256788774  5.901811E-15
4336.26058302937  6.336874E-15
4338.558598171  5.371151E-15
4340.85661331263  5.617370E-15
4343.15462845426  5.580595E-15
4345.45264359589  5.765052E-15
4347.75065873752  6.227517E-15
4350.04867387915  5.640116E-15
4352.34668902078  5.664369E-15
4354.64470416241  5.334904E-15
4356.94271930405  5.974121E-15
4359.24073444568  6.159794E-15
4361.53874958731  5.627208E-15
4363.83676472894  5.834653E-15
4366.13477987057  5.579595E-15
4368.4327950122  5.395922E-15
4370.73081015383  5.739549E-15
4373.02882529546  5.715388E-15
4375.32684043709  5.732578E-15
4377.62485557873  5.810147E-15
4379.92287072036  5.410151E-15
4382.22088586199  5.377779E-15
4384.51890100362  5.619825E-15
4386.81691614525  5.866398E-15
4389.11493128688  5.776222E-15
4391.41294642851  6.218123E-15
4393.71096157014  5.348452E-15
4396.00897671177  5.521514E-15
4398.3069918534  6.184170E-15
4400.60500699503  6.059509E-15
4402.90302213667  6.126552E-15
4405.2010372783  5.384669E-15
4407.49905241993  5.455620E-15
4409.79706756156  5.333559E-15
4412.09508270319  5.326054E-15
4414.39309784482  5.661271E-15
4416.69111298645  5.377503E-15
4418.98912812808  5.838455E-15
4421.28714326971  6.412485E-15
4423.58515841135  5.811106E-15
4425.88317355298  4.894312E-15
4428.18118869461  5.347552E-15
4430.47920383624  5.508217E-15
4432.77721897787  5.566111E-15
4435.0752341195  5.389068E-15
4437.37324926113  5.392138E-15
4439.67126440276  5.810480E-15
4441.96927954439  5.342299E-15
4444.26729468602  4.884024E-15
4446.56530982766  4.967876E-15
4448.86332496929  4.795604E-15
4451.16134011092  4.703398E-15
4453.45935525255  5.380647E-15
4455.75737039418  5.707754E-15
4458.05538553581  4.827263E-15
4460.35340067744  5.166231E-15
4462.65141581907  5.330068E-15
4464.9494309607  5.275298E-15
4467.24744610233  4.905251E-15
4469.54546124397  4.498771E-15
4471.8434763856  4.538911E-15
4474.14149152723  4.683818E-15
4476.43950666886  5.386098E-15
4478.73752181049  5.073535E-15
4481.03553695212  4.941766E-15
4483.33355209375  5.140076E-15
4485.63156723538  4.781529E-15
4487.92958237701  5.458767E-15
4490.22759751864  5.398912E-15
4492.52561266028  5.559943E-15
4494.82362780191  5.485236E-15
4497.12164294354  5.038774E-15
4499.41965808517  4.939097E-15
4501.7176732268  4.922863E-15
4504.01568836843  4.969155E-15
4506.31370351006  4.836492E-15
4508.61171865169  4.493553E-15
4510.90973379332  4.976299E-15
4513.20774893495  5.310270E-15
4515.50576407658  4.910401E-15
4517.80377921822  5.063919E-15
4520.10179435985  5.331222E-15
4522.39980950148  4.934717E-15
4524.69782464311  4.864467E-15
4526.99583978474  4.971828E-15
4529.29385492637  4.435832E-15
4531.591870068  4.672946E-15
4533.88988520963  4.900486E-15
4536.18790035126  4.950370E-15
4538.4859154929  5.367206E-15
4540.78393063453  5.029774E-15
4543.08194577616  4.298499E-15
4545.37996091779  4.833454E-15
4547.67797605942  4.865298E-15
4549.97599120105  4.718854E-15
4552.27400634268  4.898702E-15
4554.57202148431  5.019173E-15
4556.87003662594  4.880331E-15
4559.16805176757  5.014561E-15
4561.46606690921  5.075145E-15
4563.76408205084  4.821342E-15
4566.06209719247  4.691359E-15
4568.3601123341  4.797145E-15
4570.65812747573  5.012168E-15
4572.95614261736  5.110307E-15
4575.25415775899  4.991334E-15
4577.55217290062  4.598145E-15
4579.85018804225  4.639693E-15
4582.14820318388  4.809064E-15
4584.44621832552  4.690515E-15
4586.74423346715  4.876542E-15
4589.04224860878  4.656353E-15
4591.34026375041  4.491225E-15
4593.63827889204  4.796866E-15
4595.93629403367  4.959077E-15
4598.2343091753  4.620283E-15
4600.53232431693  4.453108E-15
4602.83033945856  4.354604E-15
4605.12835460019  4.283607E-15
4607.42636974183  4.111569E-15
4609.72438488346  4.417877E-15
4612.02240002509  4.212290E-15
4614.32041516672  4.129518E-15
4616.61843030835  4.367620E-15
4618.91644544998  4.632407E-15
4621.21446059161  4.733327E-15
4623.51247573324  4.767225E-15
4625.81049087487  4.466371E-15
4628.1085060165  4.736754E-15
4630.40652115814  4.302532E-15
4632.70453629977  3.795996E-15
4635.0025514414  4.145599E-15
4637.30056658303  4.188804E-15
4639.59858172466  4.492875E-15
4641.89659686629  4.796023E-15
4644.19461200792  4.651208E-15
4646.49262714955  4.182378E-15
4648.79064229118  4.497379E-15
4651.08865743281  4.069529E-15
4653.38667257445  4.087614E-15
4655.68468771608  4.166337E-15
4657.98270285771  4.241886E-15
4660.28071799934  4.585329E-15
4662.57873314097  4.153338E-15
4664.8767482826  3.934299E-15
4667.17476342423  4.030819E-15
4669.47277856586  4.243559E-15
4671.77079370749  4.338286E-15
4674.06880884912  3.913659E-15
4676.36682399075  4.383906E-15
4678.66483913239  3.926938E-15
4680.96285427402  3.842275E-15
4683.26086941565  4.189560E-15
4685.55888455728  3.694509E-15
4687.85689969891  3.396701E-15
4690.15491484054  3.472775E-15
4692.45292998217  3.534109E-15
4694.7509451238  3.878978E-15
4697.04896026543  3.672323E-15
4699.34697540707  3.598934E-15
4701.6449905487  3.786749E-15
4703.94300569033  3.732261E-15
4706.24102083196  3.661133E-15
4708.53903597359  3.766383E-15
4710.83705111522  3.401948E-15
4713.13506625685  3.528780E-15
4715.43308139848  3.098763E-15
4717.73109654011  3.086100E-15
4720.02911168174  3.193396E-15
4722.32712682338  3.358631E-15
4724.62514196501  3.217844E-15
4726.92315710664  3.081638E-15
4729.22117224827  3.433517E-15
4731.5191873899  3.711700E-15
4733.81720253153  3.519976E-15
4736.11521767316  3.542524E-15
4738.41323281479  3.792655E-15
4740.71124795642  3.892419E-15
4743.00926309805  3.689290E-15
4745.30727823969  4.250113E-15
4747.60529338132  3.675434E-15
4749.90330852295  3.675292E-15
4752.20132366458  3.732737E-15
4754.49933880621  3.337628E-15
4756.79735394784  3.394767E-15
4759.09536908947  3.453282E-15
4761.3933842311  4.085883E-15
4763.69139937273  4.537497E-15
4765.98941451436  4.236588E-15
4768.287429656  4.261466E-15
4770.58544479763  4.465097E-15
4772.88345993926  4.750716E-15
4775.18147508089  4.775209E-15
4777.47949022252  4.484771E-15
4779.77750536415  4.410287E-15
4782.07552050578  4.571342E-15
4784.37353564741  4.732484E-15
4786.67155078904  4.642979E-15
4788.96956593067  4.449146E-15
4791.26758107231  5.096568E-15
4793.56559621394  5.056501E-15
4795.86361135557  4.771356E-15
4798.1616264972  4.602033E-15
4800.45964163883  4.942534E-15
4802.75765678046  5.130604E-15
4805.05567192209  5.333069E-15
4807.35368706372  5.264469E-15
4809.65170220535  5.014582E-15
4811.94971734699  5.610112E-15
4814.24773248862  5.469762E-15
4816.54574763025  4.909947E-15
4818.84376277188  4.835030E-15
4821.14177791351  5.212558E-15
4823.43979305514  5.171023E-15
4825.73780819677  5.182736E-15
4828.0358233384  5.458539E-15
4830.33383848003  5.462661E-15
4832.63185362166  5.298856E-15
4834.92986876329  5.726749E-15
4837.22788390493  5.613454E-15
4839.52589904656  5.335585E-15
4841.82391418819  4.990149E-15
4844.12192932982  5.180017E-15
4846.41994447145  5.294410E-15
4848.71795961308  5.327248E-15
4851.01597475471  5.020090E-15
4853.31398989634  5.047316E-15
4855.61200503797  5.266097E-15
4857.9100201796  5.084702E-15
4860.20803532124  5.174932E-15
4862.50605046287  5.190018E-15
4864.8040656045  5.130778E-15
4867.10208074613  4.920001E-15
4869.40009588776  5.069004E-15
4871.69811102939  4.965690E-15
4873.99612617102  5.025832E-15
4876.29414131265  4.955914E-15
4878.59215645428  4.867684E-15
4880.89017159591  4.553009E-15
4883.18818673755  5.229168E-15
4885.48620187918  5.214244E-15
4887.78421702081  5.078377E-15
4890.08223216244  4.899963E-15
4892.38024730407  5.197387E-15
4894.6782624457  5.144957E-15
4896.97627758733  5.179454E-15
4899.27429272896  4.855961E-15
4901.57230787059  4.901106E-15
4903.87032301222  5.151158E-15
4906.16833815386  4.991171E-15
4908.46635329549  4.705816E-15
4910.76436843712  4.522666E-15
4913.06238357875  4.670482E-15
4915.36039872038  4.464825E-15
4917.65841386201  4.855481E-15
4919.95642900364  5.033960E-15
4922.25444414527  5.106519E-15
4924.55245928691  5.239786E-15
4926.85047442854  5.038911E-15
4929.14848957017  4.939265E-15
4931.4465047118  4.970380E-15
4933.74451985343  4.875704E-15
4936.04253499506  4.591811E-15
4938.34055013669  4.729704E-15
4940.63856527832  4.529846E-15
4942.93658041995  4.914984E-15
4945.23459556158  5.142344E-15
4947.53261070321  4.920705E-15
4949.83062584485  4.877994E-15
4952.12864098648  4.566542E-15
4954.42665612811  4.713675E-15
4956.72467126974  4.864755E-15
4959.02268641137  4.844942E-15
4961.320701553  4.696821E-15
4963.61871669463  4.425777E-15
4965.91673183626  4.577474E-15
4968.21474697789  4.510377E-15
4970.51276211952  4.449887E-15
4972.81077726116  4.729117E-15
4975.10879240279  4.532145E-15
4977.40680754442  4.281365E-15
4979.70482268605  4.342115E-15
4982.00283782768  4.549688E-15
4984.30085296931  4.403370E-15
4986.59886811094  4.390700E-15
4988.89688325257  4.302828E-15
4991.1948983942  4.251836E-15
4993.49291353583  4.617344E-15
4995.79092867746  4.575522E-15
4998.0889438191  4.217593E-15
5000.38695896073  4.183831E-15
5002.68497410236  4.062678E-15
5004.98298924399  4.103734E-15
5007.28100438562  4.305549E-15
5009.57901952725  4.479746E-15
5011.87703466888  4.148099E-15
5014.17504981051  3.974730E-15
5016.47306495215  4.017080E-15
5018.77108009378  3.794311E-15
5021.06909523541  3.975542E-15
5023.36711037704  4.180383E-15
5025.66512551867  4.128672E-15
5027.9631406603  3.959876E-15
5030.26115580193  4.261179E-15
5032.55917094356  4.522980E-15
5034.85718608519  4.166593E-15
5037.15520122682  3.871068E-15
5039.45321636845  3.765986E-15
5041.75123151009  4.160519E-15
5044.04924665172  3.918619E-15
5046.34726179335  3.897828E-15
5048.64527693498  4.103738E-15
5050.94329207661  3.730465E-15
5053.24130721824  4.007492E-15
5055.53932235987  4.173228E-15
5057.8373375015  3.946405E-15
5060.13535264313  3.723879E-15
5062.43336778477  3.851502E-15
5064.7313829264  3.717976E-15
5067.02939806803  3.366267E-15
5069.32741320966  3.696066E-15
5071.62542835129  3.839602E-15
5073.92344349292  3.642702E-15
5076.22145863455  3.608500E-15
5078.51947377618  3.954842E-15
5080.81748891781  4.072432E-15
5083.11550405944  3.956538E-15
5085.41351920107  3.905677E-15
5087.71153434271  4.113587E-15
5090.00954948434  4.237576E-15
5092.30756462597  3.849942E-15
5094.6055797676  3.980240E-15
5096.90359490923  3.592367E-15
5099.20161005086  3.987045E-15
5101.49962519249  3.688241E-15
5103.79764033412  3.721020E-15
5106.09565547575  3.659918E-15
5108.39367061738  4.132182E-15
5110.69168575902  3.757699E-15
5112.98970090065  3.719131E-15
5115.28771604228  3.738490E-15
5117.58573118391  4.022936E-15
5119.88374632554  3.597746E-15
5122.18176146717  3.703208E-15
5124.4797766088  3.669395E-15
5126.77779175043  3.470985E-15
5129.07580689206  3.588707E-15
5131.3738220337  3.551531E-15
5133.67183717533  3.568545E-15
5135.96985231696  3.998950E-15
5138.26786745859  3.661479E-15
5140.56588260022  3.692353E-15
5142.86389774185  3.582517E-15
5145.16191288348  3.672715E-15
5147.45992802511  3.580198E-15
5149.75794316674  3.750903E-15
5152.05595830837  3.949538E-15
5154.35397345  3.575218E-15
5156.65198859164  3.285564E-15
5158.95000373327  3.731723E-15
5161.2480188749  3.556693E-15
5163.54603401653  3.553933E-15
5165.84404915816  3.710803E-15
5168.14206429979  3.494390E-15
5170.44007944142  3.537065E-15
5172.73809458305  3.701038E-15
5175.03610972468  3.937658E-15
5177.33412486632  3.314199E-15
5179.63214000795  3.585105E-15
5181.93015514958  3.794954E-15
5184.22817029121  3.902368E-15
5186.52618543284  3.673061E-15
5188.82420057447  3.655344E-15
5191.1222157161  3.801655E-15
5193.42023085773  3.771849E-15
5195.71824599936  3.608839E-15
5198.01626114099  3.288839E-15
5200.31427628262  3.586667E-15
5202.61229142426  3.964590E-15
5204.91030656589  3.626433E-15
5207.20832170752  3.640504E-15
5209.50633684915  3.684540E-15
5211.80435199078  3.646376E-15
5214.10236713241  3.615390E-15
5216.40038227404  3.607757E-15
5218.69839741567  3.413496E-15
5220.9964125573  3.274245E-15
5223.29442769894  3.693406E-15
5225.59244284057  3.601199E-15
5227.8904579822  3.807049E-15
5230.18847312383  3.608756E-15
5232.48648826546  3.257266E-15
5234.78450340709  3.444429E-15
5237.08251854872  3.618337E-15
5239.38053369035  3.455795E-15
5241.67854883198  3.444526E-15
5243.97656397361  3.735654E-15
5246.27457911525  3.808344E-15
5248.57259425688  3.640996E-15
5250.87060939851  3.405082E-15
5253.16862454014  3.334917E-15
5255.46663968177  3.311394E-15
5257.7646548234  3.419447E-15
5260.06266996503  3.480136E-15
5262.36068510666  3.133285E-15
5264.65870024829  3.506830E-15
5266.95671538992  3.548787E-15
5269.25473053155  3.364794E-15
5271.55274567319  3.720372E-15
5273.85076081482  3.568890E-15
5276.14877595645  3.015449E-15
5278.44679109808  3.162987E-15
5280.74480623971  3.085995E-15
5283.04282138134  3.315654E-15
5285.34083652297  3.729489E-15
5287.6388516646  3.668208E-15
5289.93686680624  3.496212E-15
5292.23488194786  3.522567E-15
5294.5328970895  3.692197E-15
5296.83091223113  3.439272E-15
5299.12892737276  3.144879E-15
5301.42694251439  3.434824E-15
5303.72495765602  3.395941E-15
5306.02297279765  3.374387E-15
5308.32098793928  3.077009E-15
5310.61900308091  3.303123E-15
5312.91701822254  3.209974E-15
5315.21503336418  3.448854E-15
5317.5130485058  3.453339E-15
5319.81106364744  3.565898E-15
5322.10907878907  3.298958E-15
5324.4070939307  3.551207E-15
5326.70510907233  3.288205E-15
5329.00312421396  3.023245E-15
5331.30113935559  3.014497E-15
5333.59915449722  3.218776E-15
5335.89716963885  3.385928E-15
5338.19518478049  3.263852E-15
5340.49319992212  3.381855E-15
5342.79121506375  3.265276E-15
5345.08923020538  3.194434E-15
5347.38724534701  3.007696E-15
5349.68526048864  3.400828E-15
5351.98327563027  3.291041E-15
5354.2812907719  3.564970E-15
5356.57930591353  3.137942E-15
5358.87732105516  3.331580E-15
5361.1753361968  3.271875E-15
5363.47335133843  3.058149E-15
5365.77136648006  3.272314E-15
5368.06938162169  3.451735E-15
5370.36739676332  3.338766E-15
5372.66541190495  3.428278E-15
5374.96342704658  3.316964E-15
5377.26144218821  2.994531E-15
5379.55945732984  3.496177E-15
5381.85747247147  3.402252E-15
5384.15548761311  3.156576E-15
5386.45350275474  3.570667E-15
5388.75151789637  3.632774E-15
5391.049533038  3.350477E-15
5393.34754817963  3.178213E-15
5395.64556332126  3.194080E-15
5397.94357846289  2.769897E-15
5400.24159360452  3.081506E-15
5402.53960874615  3.364723E-15
5404.83762388778  3.327256E-15
5407.13563902941  3.228685E-15
5409.43365417105  3.344485E-15
5411.73166931268  3.249040E-15
5414.02968445431  3.013753E-15
5416.32769959594  3.202933E-15
5418.62571473757  3.535450E-15
5420.9237298792  3.173454E-15
5423.22174502083  3.150813E-15
5425.51976016246  3.232944E-15
5427.81777530409  3.064904E-15
5430.11579044573  2.983957E-15
5432.41380558736  2.708394E-15
5434.71182072899  3.009006E-15
5437.00983587062  3.057825E-15
5439.30785101225  3.012373E-15
5441.60586615388  3.255599E-15
5443.90388129551  3.148867E-15
5446.20189643714  3.048675E-15
5448.49991157877  3.285872E-15
5450.79792672041  3.093285E-15
5453.09594186204  2.752859E-15
5455.39395700367  3.109825E-15
5457.6919721453  3.286781E-15
5459.98998728693  3.139910E-15
5462.28800242856  3.235162E-15
5464.58601757019  3.134369E-15
5466.88403271182  2.555329E-15
5469.18204785345  2.796748E-15
5471.48006299508  3.050461E-15
5473.77807813671  3.045082E-15
5476.07609327835  2.988777E-15
5478.37410841998  3.118394E-15
5480.67212356161  2.857738E-15
5482.97013870324  2.806610E-15
5485.26815384487  2.723614E-15
5487.5661689865  2.821889E-15
5489.86418412813  3.190828E-15
5492.16219926976  3.036918E-15
5494.46021441139  2.778471E-15
5496.75822955302  2.981347E-15
5499.05624469466  3.188067E-15
5501.35425983629  2.970184E-15
5503.65227497792  2.909385E-15
5505.95029011955  3.209846E-15
5508.24830526118  3.136126E-15
5510.54632040281  2.932500E-15
5512.84433554444  2.998908E-15
5515.14235068607  2.887560E-15
5517.4403658277  2.791757E-15
5519.73838096933  2.912574E-15
5522.03639611096  2.838152E-15
5524.3344112526  3.114811E-15
5526.63242639423  3.065444E-15
5528.93044153586  2.930758E-15
5531.22845667749  3.154320E-15
5533.52647181912  3.048833E-15
5535.82448696075  2.939875E-15
5538.12250210238  3.054350E-15
5540.42051724401  3.096338E-15
5542.71853238565  2.711667E-15
5545.01654752728  2.696744E-15
5547.31456266891  3.161112E-15
5549.61257781054  3.267368E-15
5551.91059295217  3.118765E-15
5554.2086080938  3.092420E-15
5556.50662323543  3.014845E-15
5558.80463837706  3.004210E-15
5561.10265351869  2.878696E-15
5563.40066866032  2.743116E-15
5565.69868380195  2.815340E-15
5567.99669894359  2.823195E-15
5570.29471408522  2.656220E-15
5572.59272922685  2.686856E-15
5574.89074436848  2.700753E-15
5577.18875951011  2.812904E-15
5579.48677465174  3.024427E-15
5581.78478979337  2.476018E-15
5584.082804935  2.918589E-15
5586.38082007663  3.188559E-15
5588.67883521826  2.889421E-15
5590.9768503599  2.946261E-15
5593.27486550153  2.767550E-15
5595.57288064316  2.833358E-15
5597.87089578479  2.953412E-15
5600.16891092642  2.970280E-15
5602.46692606805  2.576830E-15
5604.76494120968  2.716483E-15
5607.06295635131  2.936910E-15
5609.36097149294  3.024378E-15
5611.65898663457  2.862906E-15
5613.95700177621  2.878208E-15
5616.25501691784  2.896845E-15
5618.55303205947  3.072557E-15
5620.8510472011  3.027879E-15
5623.14906234273  2.599939E-15
5625.44707748436  2.990576E-15
5627.74509262599  2.809993E-15
5630.04310776762  2.395422E-15
5632.34112290925  2.956217E-15
5634.63913805088  2.644631E-15
5636.93715319252  2.649496E-15
5639.23516833415  2.824946E-15
5641.53318347578  2.748989E-15
5643.83119861741  3.046840E-15
5646.12921375904  3.005806E-15
5648.42722890067  2.683741E-15
5650.7252440423  2.404729E-15
5653.02325918393  2.668452E-15
5655.32127432556  2.903544E-15
5657.61928946719  2.749960E-15
5659.91730460883  2.820325E-15
5662.21531975046  2.755601E-15
5664.51333489209  2.877615E-15
5666.81135003372  2.642619E-15
5669.10936517535  2.746894E-15
5671.40738031698  2.665428E-15
5673.70539545861  2.135446E-15
5676.00341060024  2.458792E-15
5678.30142574187  2.613823E-15
5680.59944088351  2.401973E-15
5682.89745602514  2.663796E-15
5685.19547116677  2.520608E-15
5687.4934863084  2.624080E-15
5689.79150145003  2.606074E-15
5692.08951659166  2.529273E-15
5694.38753173329  2.429249E-15
5696.68554687492  2.938402E-15
5698.98356201655  2.469951E-15
5701.28157715818  2.532575E-15
5703.57959229981  2.425757E-15
5705.87760744145  2.423413E-15
5708.17562258308  2.713293E-15
5710.47363772471  2.389390E-15
5712.77165286634  2.242303E-15
5715.06966800797  2.216749E-15
5717.3676831496  2.342969E-15
5719.66569829123  2.449381E-15
5721.96371343286  2.660340E-15
5724.26172857449  2.357038E-15
5726.55974371612  2.282816E-15
5728.85775885776  2.919835E-15
5731.15577399939  2.796389E-15
5733.45378914102  2.620479E-15
5735.75180428265  2.301819E-15
5738.04981942428  2.322854E-15
5740.34783456591  2.636620E-15
5742.64584970754  2.756850E-15
5744.94386484917  2.656712E-15
5747.2418799908  2.287737E-15
5749.53989513243  2.207774E-15
5751.83791027407  2.493712E-15
5754.1359254157  2.633864E-15
5756.43394055733  2.478338E-15
5758.73195569896  2.798862E-15
5761.02997084059  2.941055E-15
5763.32798598222  2.666181E-15
5765.62600112385  2.482518E-15
5767.92401626548  2.530058E-15
5770.22203140711  2.391952E-15
5772.52004654875  2.509839E-15
5774.81806169038  2.952885E-15
5777.11607683201  2.727409E-15
5779.41409197364  2.478444E-15
5781.71210711527  2.733416E-15
5784.0101222569  2.692703E-15
5786.30813739853  2.639394E-15
5788.60615254016  2.455824E-15
5790.90416768179  2.721625E-15
5793.20218282342  2.726586E-15
5795.50019796505  2.613950E-15
5797.79821310669  3.006442E-15
5800.09622824832  2.803252E-15
5802.39424338995  2.323877E-15
5804.69225853158  2.380000E-15
5806.99027367321  2.608927E-15
5809.28828881484  2.903892E-15
5811.58630395647  2.808566E-15
5813.8843190981  2.646095E-15
5816.18233423973  2.590490E-15
5818.48034938136  2.635493E-15
5820.778364523  2.535792E-15
5823.07637966463  2.634657E-15
5825.37439480626  2.880928E-15
5827.67240994789  3.226501E-15
5829.97042508952  3.160494E-15
5832.26844023115  2.751350E-15
5834.56645537278  2.813339E-15
5836.86447051441  2.843507E-15
5839.16248565604  2.978141E-15
5841.46050079767  2.940074E-15
5843.75851593931  2.923743E-15
5846.05653108094  3.038173E-15
5848.35454622257  2.834266E-15
5850.6525613642  2.893882E-15
5852.95057650583  3.082428E-15
5855.24859164746  3.174689E-15
5857.54660678909  3.067208E-15
5859.84462193072  3.012595E-15
5862.14263707235  3.120763E-15
5864.44065221399  2.723961E-15
5866.73866735562  2.764529E-15
5869.03668249725  2.828531E-15
5871.33469763888  2.636070E-15
5873.63271278051  2.717423E-15
5875.93072792214  2.729803E-15
5878.22874306377  3.007593E-15
5880.5267582054  3.128369E-15
5882.82477334703  2.909947E-15
5885.12278848866  2.440488E-15
5887.42080363029  2.553131E-15
5889.71881877193  2.490409E-15
5892.01683391356  2.841706E-15
5894.31484905519  2.662270E-15
5896.61286419682  2.748700E-15
5898.91087933845  2.756944E-15
5901.20889448008  2.907478E-15
5903.50690962171  2.731622E-15
5905.80492476334  2.764415E-15
5908.10293990497  3.222212E-15
5910.4009550466  2.853026E-15
5912.69897018824  2.733416E-15
5914.99698532987  2.777764E-15
5917.2950004715  2.959683E-15
5919.59301561313  2.640040E-15
5921.89103075476  2.559393E-15
5924.18904589639  2.781242E-15
5926.48706103802  2.628746E-15
5928.78507617965  3.134780E-15
5931.08309132128  3.082027E-15
5933.38110646291  3.043983E-15
5935.67912160455  2.779656E-15
5937.97713674618  2.746021E-15
5940.27515188781  2.849932E-15
5942.57316702944  2.612394E-15
5944.87118217107  2.763239E-15
5947.1691973127  3.048670E-15
5949.46721245433  2.653550E-15
5951.76522759596  2.392815E-15
5954.06324273759  2.837464E-15
5956.36125787923  2.650779E-15
5958.65927302086  2.934609E-15
5960.95728816249  2.766875E-15
5963.25530330412  2.686983E-15
5965.55331844575  2.583416E-15
5967.85133358738  2.574949E-15
5970.14934872901  2.722432E-15
5972.44736387064  2.444531E-15
5974.74537901227  2.733138E-15
5977.0433941539  2.608767E-15
5979.34140929553  2.663836E-15
5981.63942443717  2.871158E-15
5983.9374395788  2.620483E-15
5986.23545472043  2.362831E-15
5988.53346986206  2.818476E-15
5990.83148500369  2.937804E-15
5993.12950014532  2.547062E-15
5995.42751528695  2.470504E-15
5997.72553042858  2.502176E-15
6000.02354557021  2.434281E-15
6002.32156071184  2.350290E-15
6004.61957585348  2.498406E-15
6006.91759099511  2.788850E-15
6009.21560613674  2.926788E-15
6011.51362127837  2.567648E-15
6013.81163642  2.646285E-15
6016.10965156163  2.459281E-15
6018.40766670326  2.586539E-15
6020.70568184489  2.431492E-15
6023.00369698652  2.698888E-15
6025.30171212816  2.859057E-15
6027.59972726979  2.635281E-15
6029.89774241142  2.401465E-15
6032.19575755305  2.802181E-15
6034.49377269468  2.036924E-15
6036.79178783631  2.339012E-15
6039.08980297794  2.462893E-15
6041.38781811957  2.350046E-15
6043.6858332612  2.505648E-15
6045.98384840283  2.460471E-15
6048.28186354446  2.608103E-15
6050.5798786861  2.571000E-15
6052.87789382773  2.427545E-15
6055.17590896936  2.318534E-15
6057.47392411099  2.203665E-15
6059.77193925262  2.644203E-15
6062.06995439425  2.675982E-15
6064.36796953588  2.394991E-15
6066.66598467751  2.449834E-15
6068.96399981914  2.480972E-15
6071.26201496078  2.293464E-15
6073.56003010241  2.406646E-15
6075.85804524404  2.569954E-15
6078.15606038567  2.432451E-15
6080.4540755273  2.533947E-15
6082.75209066893  2.595857E-15
6085.05010581056  2.821479E-15
6087.34812095219  2.518922E-15
6089.64613609382  2.547568E-15
6091.94415123545  2.557257E-15
6094.24216637708  2.748242E-15
6096.54018151872  2.629811E-15
6098.83819666035  2.435107E-15
6101.13621180198  2.085398E-15
6103.43422694361  2.203096E-15
6105.73224208524  2.498490E-15
6108.03025722687  2.605792E-15
6110.3282723685  2.440171E-15
6112.62628751013  2.435339E-15
6114.92430265176  1.961550E-15
6117.2223177934  2.172017E-15
6119.52033293503  2.721886E-15
6121.81834807666  2.321468E-15
6124.11636321829  2.205023E-15
6126.41437835992  2.492152E-15
6128.71239350155  2.509311E-15
6131.01040864318  2.049454E-15
6133.30842378481  2.248665E-15
6135.60643892644  2.186315E-15
6137.90445406807  2.202043E-15
6140.20246920971  2.188123E-15
6142.50048435134  2.451397E-15
6144.79849949297  2.598844E-15
6147.0965146346  2.716201E-15
6149.39452977623  2.345927E-15
6151.69254491786  2.407460E-15
6153.99056005949  2.255091E-15
6156.28857520112  2.396879E-15
6158.58659034275  2.556750E-15
6160.88460548438  2.244135E-15
6163.18262062601  2.193879E-15
6165.48063576765  2.224667E-15
6167.77865090928  2.288115E-15
6170.07666605091  2.171821E-15
6172.37468119254  2.234723E-15
6174.67269633417  2.437737E-15
6176.9707114758  2.344136E-15
6179.26872661743  2.179568E-15
6181.56674175906  2.142806E-15
6183.8647569007  2.187711E-15
6186.16277204233  2.187416E-15
6188.46078718396  2.260681E-15
6190.75880232559  2.074040E-15
6193.05681746722  2.206903E-15
6195.35483260885  2.347009E-15
6197.65284775048  2.451716E-15
6199.95086289211  2.402369E-15
6202.24887803374  2.378727E-15
6204.54689317537  2.273240E-15
6206.844908317  2.331431E-15
6209.14292345864  2.242819E-15
6211.44093860027  2.347923E-15
6213.7389537419  2.530741E-15
6216.03696888353  2.358648E-15
6218.33498402516  2.252232E-15
6220.63299916679  2.544723E-15
6222.93101430842  2.378012E-15
6225.22902945005  2.459821E-15
6227.52704459168  2.559854E-15
6229.82505973331  2.478614E-15
6232.12307487495  2.252907E-15
6234.42109001658  2.167640E-15
6236.71910515821  2.318507E-15
6239.01712029984  2.364649E-15
6241.31513544147  2.395085E-15
6243.6131505831  2.267017E-15
6245.91116572473  2.312809E-15
6248.20918086636  2.335712E-15
6250.50719600799  2.134563E-15
6252.80521114962  1.957050E-15
6255.10322629126  2.026509E-15
6257.40124143289  2.187275E-15
6259.69925657452  2.284386E-15
6261.99727171615  2.440443E-15
6264.29528685778  2.479965E-15
6266.59330199941  2.407584E-15
6268.89131714104  2.419310E-15
6271.18933228267  2.268882E-15
6273.4873474243  2.290054E-15
6275.78536256593  2.201433E-15
6278.08337770756  1.933489E-15
6280.3813928492  2.007880E-15
6282.67940799083  1.999324E-15
6284.97742313246  1.987546E-15
6287.27543827409  2.304012E-15
6289.57345341572  2.258855E-15
6291.87146855735  2.213070E-15
6294.16948369898  2.104450E-15
6296.46749884062  1.932481E-15
6298.76551398225  1.980051E-15
6301.06352912387  2.009923E-15
6303.36154426551  2.113809E-15
6305.65955940714  2.128057E-15
6307.95757454877  2.148135E-15
6310.2555896904  1.991510E-15
6312.55360483203  2.101258E-15
6314.85161997366  2.168752E-15
6317.14963511529  2.096469E-15
6319.44765025692  2.123451E-15
6321.74566539855  2.189282E-15
6324.04368054019  2.324902E-15
6326.34169568182  2.251716E-15
6328.63971082345  2.196313E-15
6330.93772596508  2.095343E-15
6333.23574110671  1.974968E-15
6335.53375624834  2.198747E-15
6337.83177138997  2.204358E-15
6340.1297865316  2.057289E-15
6342.42780167323  2.171497E-15
6344.72581681487  2.355817E-15
6347.0238319565  2.328267E-15
6349.32184709813  2.211151E-15
6351.61986223976  2.217198E-15
6353.91787738139  2.273046E-15
6356.21589252302  2.164347E-15
6358.51390766465  2.170873E-15
6360.81192280628  2.305829E-15
6363.10993794791  2.417587E-15
6365.40795308954  2.377927E-15
6367.70596823117  2.235794E-15
6370.00398337281  2.268746E-15
6372.30199851444  2.174114E-15
6374.60001365607  2.111399E-15
6376.8980287977  2.052299E-15
6379.19604393933  1.849374E-15
6381.49405908096  1.811081E-15
6383.79207422259  2.048220E-15
6386.09008936422  2.295594E-15
6388.38810450585  2.281968E-15
6390.68611964748  2.121265E-15
6392.98413478912  2.186943E-15
6395.28214993075  2.246083E-15
6397.58016507238  2.121536E-15
6399.87818021401  2.119727E-15
6402.17619535564  2.092200E-15
6404.47421049727  2.322287E-15
6406.7722256389  2.649882E-15
6409.07024078053  2.287432E-15
6411.36825592217  2.287183E-15
6413.66627106379  2.537650E-15
6415.96428620543  2.449346E-15
6418.26230134706  2.524575E-15
6420.56031648869  2.882160E-15
6422.85833163032  3.003337E-15
6425.15634677195  2.937532E-15
6427.45436191358  3.117017E-15
6429.75237705521  3.166293E-15
6432.05039219684  3.048817E-15
6434.34840733847  3.142482E-15
6436.6464224801  3.136030E-15
6438.94443762174  3.118210E-15
6441.24245276337  3.154247E-15
6443.540467905  3.071710E-15
6445.83848304663  3.214655E-15
6448.13649818826  3.340906E-15
6450.43451332989  3.135387E-15
6452.73252847152  3.077442E-15
6455.03054361315  3.257143E-15
6457.32855875478  3.281517E-15
6459.62657389642  3.546170E-15
6461.92458903805  3.784630E-15
6464.22260417968  3.553080E-15
6466.52061932131  3.493907E-15
6468.81863446294  3.197037E-15
6471.11664960457  3.566690E-15
6473.4146647462  3.833368E-15
6475.71267988783  3.531414E-15
6478.01069502946  3.783337E-15
6480.30871017109  3.697139E-15
6482.60672531272  3.566506E-15
6484.90474045436  3.546431E-15
6487.20275559599  3.679131E-15
6489.50077073762  3.731274E-15
6491.79878587925  3.532080E-15
6494.09680102088  3.345123E-15
6496.39481616251  3.356077E-15
6498.69283130414  3.411546E-15
6500.99084644577  3.478513E-15
6503.2888615874  3.457486E-15
6505.58687672903  3.587869E-15
6507.88489187067  3.769019E-15
6510.1829070123  3.999092E-15
6512.48092215393  3.873649E-15
6514.77893729556  3.499768E-15
6517.07695243719  3.707196E-15
6519.37496757882  3.949803E-15
6521.67298272045  3.662234E-15
6523.97099786208  3.373840E-15
6526.26901300371  3.296492E-15
6528.56702814534  3.468365E-15
6530.86504328698  3.704610E-15
6533.16305842861  3.713503E-15
6535.46107357024  3.837664E-15
6537.75908871187  3.852734E-15
6540.0571038535  3.814443E-15
6542.35511899513  3.652872E-15
6544.65313413676  3.398708E-15
6546.95114927839  3.412087E-15
6549.24916442002  3.391022E-15
6551.54717956165  3.253567E-15
6553.84519470329  3.496105E-15
6556.14320984492  3.571877E-15
6558.44122498655  3.489393E-15
6560.73924012818  3.434021E-15
6563.03725526981  3.634756E-15
6565.33527041144  3.760765E-15
6567.63328555307  3.474183E-15
6569.9313006947  3.480536E-15
6572.22931583633  3.348579E-15
6574.52733097797  3.434604E-15
6576.8253461196  3.642687E-15
6579.12336126123  3.528267E-15
6581.42137640286  3.533532E-15
6583.71939154449  3.499550E-15
6586.01740668612  3.520218E-15
6588.31542182775  3.488888E-15
6590.61343696938  3.693302E-15
6592.91145211101  3.513534E-15
6595.20946725264  3.179233E-15
6597.50748239427  3.450596E-15
6599.80549753591  3.524322E-15
6602.10351267754  3.401887E-15
6604.40152781917  3.384674E-15
6606.6995429608  3.538722E-15
6608.99755810243  3.224331E-15
6611.29557324406  3.029753E-15
6613.59358838569  3.349716E-15
6615.89160352732  3.290286E-15
6618.18961866896  3.207799E-15
6620.48763381058  3.443827E-15
6622.78564895222  3.317697E-15
6625.08366409385  3.428441E-15
6627.38167923548  3.338040E-15
6629.67969437711  3.167482E-15
6631.97770951874  3.241999E-15
6634.27572466037  3.043888E-15
6636.573739802  2.953283E-15
6638.87175494363  3.216442E-15
6641.16977008526  2.982132E-15
6643.46778522689  3.220974E-15
6645.76580036852  3.259079E-15
6648.06381551016  3.476630E-15
6650.36183065179  3.376754E-15
6652.65984579342  3.006714E-15
6654.95786093505  2.936439E-15
6657.25587607668  2.899668E-15
6659.55389121831  2.979389E-15
6661.85190635994  3.002722E-15
6664.14992150157  3.308148E-15
6666.44793664321  3.335267E-15
6668.74595178483  3.176802E-15
6671.04396692647  3.391647E-15
6673.3419820681  3.245664E-15
6675.63999720973  2.608413E-15
6677.93801235136  2.728998E-15
6680.23602749299  2.836257E-15
6682.53404263462  2.675564E-15
6684.83205777625  2.615365E-15
6687.13007291788  2.992030E-15
6689.42808805952  3.119028E-15
6691.72610320115  3.550832E-15
6694.02411834278  3.163356E-15
6696.32213348441  2.943234E-15
6698.62014862604  2.914730E-15
6700.91816376767  3.032305E-15
6703.2161789093  2.784019E-15
6705.51419405093  2.642919E-15
6707.81220919256  2.841574E-15
6710.11022433419  2.726403E-15
6712.40823947582  2.499010E-15
6714.70625461746  2.276600E-15
6717.00426975909  2.347487E-15
6719.30228490072  2.623945E-15
6721.60030004235  2.941940E-15
6723.89831518398  2.798124E-15
6726.19633032561  2.883483E-15
6728.49434546724  2.846753E-15
6730.79236060887  2.809767E-15
6733.09037575051  2.830974E-15
6735.38839089214  2.701417E-15
6737.68640603377  2.841390E-15
6739.9844211754  2.618722E-15
6742.28243631703  2.437208E-15
6744.58045145866  2.524968E-15
6746.87846660029  2.514484E-15
6749.17648174192  2.474321E-15
6751.47449688355  2.620206E-15
6753.77251202518  2.028423E-15
6756.07052716681  1.835730E-15
6758.36854230844  1.874723E-15
6760.66655745008  1.919361E-15
6762.96457259171  2.210540E-15
6765.26258773334  2.490649E-15
6767.56060287497  2.417008E-15
6769.8586180166  2.472164E-15
6772.15663315823  2.392040E-15
6774.45464829986  2.247512E-15
6776.75266344149  2.196171E-15
6779.05067858312  2.011983E-15
6781.34869372476  2.056253E-15
6783.64670886639  2.086197E-15
6785.94472400802  2.047638E-15
6788.24273914965  2.308334E-15
6790.54075429128  2.353309E-15
6792.83876943291  2.058217E-15
6795.13678457454  2.006850E-15
6797.43479971617  2.249000E-15
6799.7328148578  2.216593E-15
6802.03082999943  2.423952E-15
6804.32884514106  2.525619E-15
6806.6268602827  2.584316E-15
6808.92487542433  2.746341E-15
6811.22289056596  2.418156E-15
6813.52090570759  2.041365E-15
6815.81892084922  2.028648E-15
6818.11693599085  2.040468E-15
6820.41495113248  1.869581E-15
6822.71296627411  1.846618E-15
6825.01098141575  1.966882E-15
6827.30899655738  1.830515E-15
6829.60701169901  1.633962E-15
6831.90502684064  2.210627E-15
6834.20304198227  2.319435E-15
6836.5010571239  2.536063E-15
6838.79907226553  2.515655E-15
6841.09708740716  2.521620E-15
6843.39510254879  2.544764E-15
6845.69311769042  2.134436E-15
6847.99113283205  1.832465E-15
6850.28914797369  1.917700E-15
6852.58716311532  1.708081E-15
6854.88517825695  1.530188E-15
6857.18319339858  1.614203E-15
6859.48120854021  1.653831E-15
6861.77922368184  1.792589E-15
6864.07723882347  2.255007E-15
6866.3752539651  1.981774E-15
6868.67326910673  1.734299E-15
6870.97128424836  2.216653E-15
6873.26929939  1.825001E-15
6875.56731453163  1.746831E-15
6877.86532967326  1.981907E-15
6880.16334481489  1.983593E-15
6882.46135995652  2.025222E-15
6884.75937509815  2.377590E-15
6887.05739023978  2.106709E-15
6889.35540538141  2.200170E-15
6891.65342052304  2.024228E-15
6893.95143566467  1.697878E-15
6896.2494508063  1.713729E-15
6898.54746594794  1.867995E-15
6900.84548108957  1.348176E-15
6903.1434962312  1.769752E-15
6905.44151137283  1.784356E-15
6907.73952651446  2.144257E-15
6910.03754165609  1.660026E-15
6912.33555679772  1.675021E-15
6914.63357193935  1.637855E-15
6916.93158708098  1.577875E-15
6919.22960222261  1.579830E-15
6921.52761736425  1.874959E-15
6923.82563250588  1.882099E-15
6926.12364764751  2.060349E-15
6928.42166278914  2.021232E-15
6930.71967793077  2.007978E-15
6933.0176930724  1.841392E-15
6935.31570821403  1.828660E-15
6937.61372335566  1.660635E-15
6939.91173849729  1.608994E-15
6942.20975363893  1.588784E-15
6944.50776878056  1.598029E-15
6946.80578392219  1.445056E-15
6949.10379906382  1.507928E-15
6951.40181420545  1.858526E-15
6953.69982934708  1.838310E-15
6955.99784448871  1.896642E-15
6958.29585963034  2.169127E-15
6960.59387477197  2.148476E-15
6962.8918899136  2.197757E-15
6965.18990505524  2.272538E-15
6967.48792019687  2.102895E-15
6969.7859353385  2.002499E-15
6972.08395048013  1.669868E-15
6974.38196562176  1.653885E-15
6976.67998076339  1.565334E-15
6978.97799590502  1.864860E-15
6981.27601104665  1.844213E-15
6983.57402618828  1.981251E-15
6985.87204132992  2.054956E-15
6988.17005647154  1.970647E-15
6990.46807161318  2.285424E-15
6992.76608675481  2.509822E-15
6995.06410189644  2.202646E-15
6997.36211703807  2.170244E-15
6999.6601321797  1.978234E-15
7001.95814732133  1.720465E-15
7004.25616246296  1.906008E-15
7006.55417760459  2.005531E-15
7008.85219274622  1.994754E-15
7011.15020788785  2.100604E-15
7013.44822302949  1.897254E-15
7015.74623817112  2.012014E-15
7018.04425331275  1.882709E-15
7020.34226845438  1.550473E-15
7022.64028359601  1.543817E-15
7024.93829873764  1.418495E-15
7027.23631387927  1.451120E-15
7029.5343290209  1.181494E-15
7031.83234416253  1.315362E-15
7034.13035930417  1.702773E-15
7036.4283744458  1.640856E-15
7038.72638958743  1.607863E-15
7041.02440472906  1.818637E-15
7043.32241987069  2.235054E-15
7045.62043501232  2.491803E-15
7047.91845015395  2.512767E-15
7050.21646529558  2.432885E-15
7052.51448043721  2.630532E-15
7054.81249557884  2.588119E-15
7057.11051072047  2.152764E-15
7059.40852586211  1.613371E-15
7061.70654100374  1.396648E-15
7064.00455614537  1.291355E-15
7066.302571287  1.203303E-15
7068.60058642863  1.390712E-15
7070.89860157026  1.840376E-15
7073.19661671189  2.106025E-15
7075.49463185352  1.958021E-15
7077.79264699516  2.057157E-15
7080.09066213679  2.315693E-15
7082.38867727842  2.047367E-15
7084.68669242005  2.023321E-15
7086.98470756168  2.422394E-15
7089.28272270331  2.343431E-15
7091.58073784494  2.446338E-15
7093.87875298657  2.018077E-15
7096.1767681282  1.763359E-15
7098.47478326983  1.616357E-15
7100.77279841147  1.727007E-15
7103.07081355309  1.728673E-15
7105.36882869473  1.725447E-15
7107.66684383636  1.932176E-15
7109.96485897799  2.083686E-15
7112.26287411962  2.022962E-15
7114.56088926125  1.932094E-15
7116.85890440288  2.193104E-15
7119.15691954451  2.167211E-15
7121.45493468614  2.147565E-15
7123.75294982777  1.790589E-15
7126.05096496941  1.780827E-15
7128.34898011104  1.773683E-15
7130.64699525267  1.815569E-15
7132.9450103943  1.701340E-15
7135.24302553593  1.422340E-15
7137.54104067756  1.436878E-15
7139.83905581919  1.380730E-15
7142.13707096082  1.667360E-15
7144.43508610245  1.475867E-15
7146.73310124408  1.575571E-15
7149.03111638572  1.666818E-15
7151.32913152735  1.881023E-15
7153.62714666898  1.977813E-15
7155.92516181061  2.470576E-15
7158.22317695224  2.602995E-15
7160.52119209387  2.787383E-15
7162.8192072355  2.361897E-15
7165.11722237713  2.010987E-15
7167.41523751876  1.892462E-15
7169.7132526604  1.769164E-15
7172.01126780202  1.389871E-15
7174.30928294366  1.195136E-15
7176.60729808529  1.272287E-15
7178.90531322692  1.763289E-15
7181.20332836855  2.163146E-15
7183.50134351018  2.065311E-15
7185.79935865181  2.338910E-15
7188.09737379344  2.195852E-15
7190.39538893507  2.247202E-15
7192.69340407671  2.134736E-15
7194.99141921834  1.792041E-15
7197.28943435997  1.971359E-15
7199.5874495016  1.900297E-15
7201.88546464323  1.742280E-15
7204.18347978486  1.971752E-15
7206.48149492649  2.072982E-15
7208.77951006812  2.167077E-15
7211.07752520975  2.038994E-15
7213.37554035138  2.137073E-15
7215.67355549302  1.938877E-15
7217.97157063465  2.045517E-15
7220.26958577627  1.960950E-15
7222.56760091791  1.578630E-15
7224.86561605954  1.700134E-15
7227.16363120117  1.538937E-15
7229.4616463428  9.571529E-16
7231.75966148443  1.580292E-15
7234.05767662606  1.888853E-15
7236.35569176769  1.913921E-15
7238.65370690932  2.397374E-15
7240.95172205096  2.428079E-15
7243.24973719259  2.312953E-15
7245.54775233422  2.096487E-15
7247.84576747585  1.981804E-15
7250.14378261748  1.759425E-15
7252.44179775911  1.360488E-15
7254.73981290074  1.109459E-15
7257.03782804237  9.902922E-16
7259.335843184  7.838548E-16
7261.63385832564  9.568715E-16
7263.93187346727  7.326388E-16
7266.2298886089  8.627076E-16
7268.52790375053  1.364493E-15
7270.82591889216  1.522631E-15
7273.12393403379  1.872040E-15
7275.42194917542  2.000117E-15
7277.71996431705  2.449983E-15
7280.01797945868  2.475364E-15
7282.31599460031  2.264799E-15
7284.61400974195  2.151693E-15
7286.91202488357  2.099095E-15
7289.21004002521  1.890227E-15
7291.50805516684  1.322379E-15
7293.80607030847  9.476093E-16
7296.1040854501  9.750810E-16
7298.40210059173  1.262560E-15
7300.70011573336  1.236609E-15
7302.99813087499  1.334407E-15
7305.29614601663  1.611624E-15
7307.59416115826  2.286446E-15
7309.89217629989  2.278532E-15
7312.19019144152  2.310984E-15
7314.48820658315  2.816782E-15
7316.78622172478  3.100415E-15
7319.08423686641  2.664499E-15
7321.38225200804  2.349578E-15
7323.68026714967  2.277466E-15
7325.9782822913  1.635027E-15
7328.27629743293  1.252117E-15
7330.57431257457  1.151406E-15
7332.8723277162  7.490899E-16
7335.17034285782  1.044361E-15
7337.46835799946  1.043753E-15
7339.76637314109  1.158011E-15
7342.06438828272  1.297714E-15
7344.36240342435  1.282500E-15
7346.66041856598  1.840874E-15
7348.95843370761  1.590497E-15
7351.25644884924  2.193258E-15
7353.55446399088  2.473789E-15
7355.85247913251  2.475093E-15
7358.15049427414  2.562159E-15
7360.44850941577  2.308772E-15
7362.7465245574  1.937026E-15
7365.04453969903  1.584545E-15
7367.34255484066  1.160644E-15
7369.64056998229  5.848584E-16
7371.93858512392  4.867601E-16
7374.23660026555  4.020997E-16
7376.53461540719  5.908625E-16
7378.83263054882  1.248233E-15
7381.13064569045  1.527998E-15
7383.42866083208  1.662205E-15
7385.72667597371  2.078600E-15
7388.02469111534  2.584338E-15
7390.32270625697  2.655468E-15
7392.6207213986  2.739689E-15
7394.91873654023  2.640980E-15
7397.21675168186  2.342918E-15
7399.5147668235  1.769287E-15
7401.81278196513  1.422414E-15
7404.11079710676  1.076743E-15
7406.40881224839  9.174242E-16
7408.70682739002  7.598183E-16
7411.00484253165  8.749295E-16
7413.30285767328  1.134870E-15
7415.60087281491  1.084351E-15
7417.89888795654  8.548318E-16
7420.19690309818  1.048626E-15
7422.4949182398  1.782347E-15
7424.79293338144  1.857573E-15
7427.09094852307  1.886691E-15
7429.3889636647  2.062550E-15
7431.68697880633  2.056031E-15
7433.98499394796  2.108136E-15
7436.28300908959  2.192257E-15
7438.58102423122  2.062328E-15
7440.87903937285  1.816842E-15
7443.17705451448  1.475947E-15
7445.47506965612  1.456125E-15
7447.77308479775  1.570926E-15
7450.07109993938  1.418065E-15
7452.36911508101  1.473626E-15
7454.66713022264  1.431496E-15
7456.96514536427  1.256629E-15
7459.2631605059  9.300979E-16
7461.56117564753  8.654992E-16
7463.85919078916  8.726779E-16
7466.15720593079  9.500526E-16
7468.45522107243  1.472440E-15
7470.75323621406  2.198048E-15
7473.05125135569  2.393462E-15
7475.34926649732  2.458839E-15
7477.64728163895  2.578602E-15
7479.94529678058  2.191392E-15
7482.24331192221  1.731872E-15
7484.54132706384  1.437737E-15
7486.83934220547  1.071231E-15
7489.1373573471  9.010857E-16
7491.43537248874  8.342943E-16
7493.73338763037  4.429999E-16
7496.031402772  6.618663E-16
7498.32941791363  8.621517E-16
7500.62743305526  1.002979E-15
7502.92544819689  1.573813E-15
7505.22346333852  1.126753E-15
7507.52147848015  1.189131E-15
7509.81949362178  1.232847E-15
7512.11750876341  1.328687E-15
7514.41552390505  1.496333E-15
7516.71353904668  1.766846E-15
7519.01155418831  1.558226E-15
7521.30956932994  1.733648E-15
7523.60758447157  1.704731E-15
7525.9055996132  1.253556E-15
7528.20361475483  6.251846E-16
7530.50162989646  7.229299E-16
7532.79964503809  9.531851E-16
7535.09766017972  9.080574E-16
7537.39567532135  7.917445E-16
7539.69369046299  7.993202E-16
7541.99170560462  1.004975E-15
7544.28972074625  1.221846E-15
7546.58773588788  1.270613E-15
7548.88575102951  1.408255E-15
7551.18376617114  1.433059E-15
7553.48178131277  1.869258E-15
7555.7797964544  2.226067E-15
7558.07781159603  2.346989E-15
7560.37582673767  2.373167E-15
7562.6738418793  2.686115E-15
7564.97185702093  2.797590E-15
7567.26987216256  2.439306E-15
7569.56788730419  2.005375E-15
7571.86590244582  1.527506E-15
7574.16391758745  1.301485E-15
7576.46193272908  1.063232E-15
7578.75994787071  8.117329E-16
7581.05796301234  9.579064E-16
7583.35597815398  8.375930E-16
7585.65399329561  9.578745E-16
7587.95200843724  1.536304E-15
7590.25002357887  1.558445E-15
7592.5480387205  1.504175E-15
7594.84605386213  1.964589E-15
7597.14406900376  2.332166E-15
7599.44208414539  2.005503E-15
7601.74009928702  1.436051E-15
7604.03811442865  1.058375E-15
7606.33612957029  8.333473E-16
7608.63414471192  7.366902E-16
7610.93215985355  5.249971E-16
7613.23017499518  3.844472E-16
7615.52819013681  6.911372E-16
7617.82620527844  1.186397E-15
7620.12422042007  1.266783E-15
7622.4222355617  1.388195E-15
7624.72025070333  1.372432E-15
7627.01826584496  1.136209E-15
7629.3162809866  1.143272E-15
7631.61429612823  1.108680E-15
7633.91231126986  8.757240E-16
7636.21032641149  1.184549E-15
7638.50834155312  1.485843E-15
7640.80635669475  1.192008E-15
7643.10437183638  1.159489E-15
7645.40238697801  1.503734E-15
7647.70040211964  1.577653E-15
7649.99841726127  1.631963E-15
7652.29643240291  1.580775E-15
7654.59444754454  1.448796E-15
7656.89246268617  1.792304E-15
7659.1904778278  1.434148E-15
7661.48849296943  1.421868E-15
7663.78650811106  1.568277E-15
7666.08452325269  1.038749E-15
7668.38253839432  1.075928E-15
7670.68055353595  1.129346E-15
7672.97856867758  1.099525E-15
7675.27658381922  1.167568E-15
7677.57459896085  1.353172E-15
7679.87261410248  1.482623E-15
7682.17062924411  1.585717E-15
7684.46864438574  1.455366E-15
7686.76665952737  1.994881E-15
7689.064674669  2.473289E-15
7691.36268981063  2.477684E-15
7693.66070495226  2.299714E-15
7695.95872009389  1.958852E-15
7698.25673523553  1.840676E-15
7700.55475037716  1.838887E-15
7702.85276551879  1.843824E-15
7705.15078066042  1.746845E-15
7707.44879580205  1.319555E-15
7709.74681094368  1.131320E-15
7712.04482608531  1.088188E-15
7714.34284122694  1.028552E-15
7716.64085636857  1.174816E-15
7718.9388715102  1.213907E-15
7721.23688665184  1.438152E-15
7723.53490179347  2.138845E-15
7725.8329169351  2.453344E-15
7728.13093207673  2.229450E-15
7730.42894721836  2.253288E-15
7732.72696235999  1.992448E-15
7735.02497750162  1.662028E-15
7737.32299264325  1.773624E-15
7739.62100778488  1.411282E-15
7741.91902292651  1.230981E-15
7744.21703806815  1.162850E-15
7746.51505320978  1.215593E-15
7748.81306835141  1.447284E-15
7751.11108349304  1.806026E-15
7753.40909863467  1.912846E-15
7755.7071137763  1.393201E-15
7758.00512891793  1.356468E-15
7760.30314405956  1.056496E-15
7762.60115920119  7.153279E-16
7764.89917434282  6.764397E-16
7767.19718948446  4.991775E-16
7769.49520462609  6.098532E-16
7771.79321976772  4.602051E-16
7774.09123490935  9.561891E-16
7776.38925005098  1.372934E-15
7778.68726519261  1.300060E-15
7780.98528033424  1.700946E-15
7783.28329547587  1.903224E-15
7785.5813106175  1.743236E-15
7787.87932575913  1.377297E-15
7790.17734090077  1.162143E-15
7792.4753560424  1.510191E-15
7794.77337118403  1.214895E-15
7797.07138632566  8.834458E-16
7799.36940146729  5.295451E-16
7801.66741660892  6.841023E-16
7803.96543175055  9.803619E-16
7806.26344689218  1.380496E-15
7808.56146203381  1.313902E-15
7810.85947717544  1.849068E-15
7813.15749231707  2.255942E-15
7815.45550745871  2.210524E-15
7817.75352260034  2.118175E-15
7820.05153774197  1.959451E-15
7822.3495528836  1.596962E-15
7824.64756802523  1.422880E-15
7826.94558316686  9.730213E-16
7829.24359830849  3.040081E-16
7831.54161345012  2.506573E-16
7833.83962859175  3.663953E-16
7836.13764373339  4.841713E-16
7838.43565887502  6.979213E-16
7840.73367401665  1.050088E-15
7843.03168915828  1.630846E-15
7845.32970429991  2.281824E-15
7847.62771944154  2.625588E-15
7849.92573458317  2.747529E-15
7852.2237497248  2.987503E-15
7854.52176486643  3.102005E-15
7856.81978000806  3.020524E-15
7859.1177951497  2.786712E-15
7861.41581029133  2.462372E-15
7863.71382543296  2.156244E-15
7866.01184057459  1.866482E-15
7868.30985571622  1.331913E-15
7870.60787085785  1.145535E-15
7872.90588599948  8.729300E-16
7875.20390114111  6.719193E-16
7877.50191628274  8.726149E-16
7879.79993142437  1.282228E-15
7882.09794656601  1.279463E-15
7884.39596170764  1.283098E-15
7886.69397684927  1.259250E-15
7888.9919919909  1.278548E-15
7891.29000713253  1.239630E-15
7893.58802227416  7.062434E-16
7895.88603741579  4.223984E-16
7898.18405255742  6.020563E-16
7900.48206769905  7.050636E-16
7902.78008284068  4.774094E-16
7905.07809798232  4.126933E-16
7907.37611312395  6.959993E-16
7909.67412826558  1.032731E-15
7911.97214340721  1.626218E-15
7914.27015854884  1.667936E-15
7916.56817369047  1.316700E-15
7918.8661888321  1.362537E-15
7921.16420397373  1.422917E-15
7923.46221911536  1.376297E-15
7925.76023425699  1.122512E-15
7928.05824939863  1.082796E-15
7930.35626454026  1.269246E-15
7932.65427968189  1.193042E-15
7934.95229482352  1.450422E-15
7937.25030996515  2.021340E-15
7939.54832510678  2.272698E-15
7941.84634024841  2.478422E-15
7944.14435539004  2.893274E-15
7946.44237053167  2.729975E-15
7948.7403856733  1.896068E-15
7951.03840081494  1.303809E-15
7953.33641595657  6.078101E-16
7955.6344310982  -3.073223E-17
7957.93244623983  -5.879943E-16
7960.23046138146  -7.041357E-16
7962.52847652309  -2.504190E-16
7964.82649166472  8.178280E-17
7967.12450680635  1.075039E-16
7969.42252194798  7.259457E-16
7971.72053708961  1.430909E-15
7974.01855223125  1.173661E-15
7976.31656737288  1.282048E-15
7978.61458251451  1.848885E-15
7980.91259765614  0.
