3302.460	2.8386777002936113e-16	
3305.741	 2.636425575300027e-16	
3309.021	1.0934118771697655e-16	
3312.301	 4.332874384390776e-17	
3315.581	3.1240053278437234e-16	
3318.861	 5.709254754753706e-17	
3322.141	 9.629326085387399e-17	
3325.421	 2.367127033716824e-16	
3328.701	 1.600689751361812e-16	
3331.981	 3.697949721922512e-16	
3335.261	  4.33187889621147e-16	
3338.541	1.7749266523682853e-16	
3341.821	3.0127615377996827e-16	
3345.101	2.0521948536528703e-16	
3348.381	 3.713181266492589e-16	
3351.661	3.0194479959751375e-16	
3354.942	 1.725227048873097e-16	
3358.222	2.1238124598935923e-16	
3361.502	-2.9463515431327875e-1	
3364.782	2.0480241609802627e-16	
3368.062	 1.478983553181271e-16	
3371.342	 8.727083500014065e-17	
3374.622	1.3557628319441205e-16	
3377.902	 6.867185889561717e-17	
3381.182	2.1683654470444372e-16	
3384.462	1.0912100644707498e-16	
3387.742	 7.804210716834671e-17	
3391.022	1.4123756117319014e-16	
3394.302	 4.397058628608216e-17	
3397.582	 1.883117228377992e-16	
3400.863	2.1223554795063071e-16	
3404.143	2.1967570000889274e-16	
3407.423	 1.526718649945736e-16	
3410.703	2.2640025143144076e-16	
3413.983	2.0918521104976245e-16	
3417.263	  9.80589576620827e-17	
3420.543	1.2953925158494787e-16	
3423.823	 6.222130264732259e-17	
3427.103	1.0893995419231378e-16	
3430.383	1.6194014765726092e-16	
3433.663	 9.833681970371471e-17	
3436.943	 1.652886706705665e-16	
3440.223	 5.409391848932337e-17	
3443.503	1.0867410706003663e-16	
3446.784	 1.120141482838838e-16	
3450.064	1.3136565590929346e-16	
3453.344	 5.419118861754876e-17	
3456.624	 9.188383515477466e-17	
3459.904	 5.431721857190231e-17	
3463.184	1.0977952475481951e-16	
3466.464	 5.019847542116038e-17	
3469.744	 9.023261373291921e-17	
3473.024	 7.270938632287513e-17	
3476.304	 9.101032592590159e-17	
3479.584	1.4182702827774575e-16	
3482.864	 8.876352636800831e-17	
3486.144	1.2573418503322525e-16	
3489.424	 5.401881379732161e-17	
3492.705	 9.334727182955795e-17	
3495.985	 8.496257987140927e-17	
3499.265	 8.631433773356844e-17	
3502.545	 8.617769691099153e-17	
3505.825	1.0513181486204924e-16	
3509.105	1.0016176244425946e-16	
3512.385	 8.355079349661125e-17	
3515.665	1.3159479081854186e-16	
3518.945	 8.932194344819668e-17	
3522.225	 9.067560021844355e-17	
3525.505	3.2245220134723734e-17	
3528.785	 7.904189953931834e-17	
3532.065	1.1091523291073456e-16	
3535.345	1.2850762660930615e-16	
3538.625	1.4770432143716637e-16	
3541.906	 6.919187199829868e-17	
3545.186	4.4443621553527517e-17	
3548.466	 7.408337867246111e-17	
3551.746	 8.252740863121674e-17	
3555.026	1.2478565167208747e-16	
3558.306	 7.333832769858707e-17	
3561.586	  9.71416354447863e-17	
3564.866	 7.443511399297135e-17	
3568.146	  8.32983883318882e-17	
3571.426	 8.260702466849351e-17	
3574.706	 5.878404883791933e-17	
3577.986	 6.848260105621035e-17	
3581.266	 6.798619195648556e-17	
3584.546	  6.64942946774546e-17	
3587.827	 6.373987670785219e-17	
3591.107	 9.717999338815772e-17	
3594.387	 8.797719428316118e-17	
3597.667	 6.739778363704548e-17	
3600.947	 8.426696955901847e-17	
3604.227	 7.992170393621545e-17	
3607.507	 6.458872314865296e-17	
3610.787	 7.431577049679326e-17	
3614.067	 9.909522057687192e-17	
3617.347	 7.179082118392133e-17	
3620.627	 5.579758430000074e-17	
3623.907	 5.698902828542308e-17	
3627.187	  8.60076698316728e-17	
3630.467	  7.83323408838834e-17	
3633.748	 6.566844228731572e-17	
3637.028	 8.950088964126063e-17	
3640.308	 6.083523784571241e-17	
3643.588	 6.284248727120965e-17	
3646.868	5.0363968138136365e-17	
3650.148	  9.54865471555523e-17	
3653.428	  4.98846261941331e-17	
3656.708	 6.449534290487389e-17	
3659.988	 6.473430610204283e-17	
3663.268	 6.818503640460177e-17	
3666.548	 6.161999326142005e-17	
3669.828	 9.246681144623054e-17	
3673.108	 7.489924165520533e-17	
3676.388	 8.084890047556786e-17	
3679.668	  8.79619800013919e-17	
3682.949	 6.010151126916136e-17	
3686.229	 3.528181584615745e-17	
3689.509	 7.695914262313408e-17	
3692.789	 7.680317897219815e-17	
3696.069	5.4757270381291105e-17	
3699.349	 6.666716436463793e-17	
3702.629	  5.85964942615245e-17	
3705.909	5.2934491245112936e-17	
3709.189	 5.994361418453615e-17	
3712.469	 5.026280812546468e-17	
3715.749	 6.824784998243592e-17	
3719.029	 6.500391652489377e-17	
3722.309	  8.12663380159123e-17	
3725.589	 6.004510794468992e-17	
3728.870	 6.608909070860844e-17	
3732.150	 7.812312724675497e-17	
3735.430	 5.856225637327668e-17	
3738.710	 6.613437678936646e-17	
3741.990	 6.511846096245023e-17	
3745.270	 6.580738481666558e-17	
3748.550	 7.393880847005135e-17	
3751.830	 7.825118270306873e-17	
3755.110	 8.630638533666785e-17	
3758.390	 8.601740605132244e-17	
3761.670	 7.080014357177063e-17	
3764.950	 6.360458238373747e-17	
3768.230	 7.028755347343192e-17	
3771.510	 7.099339487242853e-17	
3774.791	 8.281252104918358e-17	
3778.071	  6.25419419093301e-17	
3781.351	 7.818652775981622e-17	
3784.631	 7.430715060492851e-17	
3787.911	 6.746876827392364e-17	
3791.191	 6.504660167699835e-17	
3794.471	 7.026676906127207e-17	
3797.751	 6.811810277164404e-17	
3801.031	 6.138863720513575e-17	
3804.311	 6.519095321726468e-17	
3807.591	 6.064944407499891e-17	
3810.871	 6.713892218482427e-17	
3814.151	  6.06784225632705e-17	
3817.431	  5.30594048716816e-17	
3820.712	5.5468233077857564e-17	
3823.992	 5.407308804302806e-17	
3827.272	  6.00878621479977e-17	
3830.552	 6.083500767503513e-17	
3833.832	 5.802922711879408e-17	
3837.112	 5.493026666234696e-17	
3840.392	 5.664392188041898e-17	
3843.672	 4.527754142590562e-17	
3846.952	4.3472301295337425e-17	
3850.232	 4.717084485760736e-17	
3853.512	4.7706981416233464e-17	
3856.792	 4.022431683387486e-17	
3860.072	4.6265042682709637e-17	
3863.352	  4.96092154702143e-17	
3866.632	 4.366120237019444e-17	
3869.913	    4.227345732264e-17	
3873.193	 4.068264419504098e-17	
3876.473	 5.111026203366779e-17	
3879.753	 4.418583039495574e-17	
3883.033	5.0977557129672657e-17	
3886.313	 4.753845044631716e-17	
3889.593	 5.234177873400741e-17	
3892.873	 4.970510457437591e-17	
3896.153	 5.399015754799823e-17	
3899.433	5.3843193570544585e-17	
3902.713	5.1117569952671956e-17	
3905.993	 5.480997946639194e-17	
3909.273	 6.242936543106451e-17	
3912.553	 6.058236083110092e-17	
3915.834	 6.817677327728684e-17	
3919.114	 7.353411087669525e-17	
3922.394	  7.08164741813248e-17	
3925.674	 7.568743812253854e-17	
3928.954	 7.830011698906192e-17	
3932.234	 8.093039240386458e-17	
3935.514	 8.894567193348666e-17	
3938.794	 9.703889876297513e-17	
3942.074	 9.374531749034019e-17	
3945.354	1.0168760989819164e-16	
3948.634	1.0818631785217658e-16	
3951.914	 1.211890046686566e-16	
3955.194	1.3966664630064336e-16	
3958.474	 1.638564336310907e-16	
3961.755	1.7741141498774297e-16	
3965.035	1.8227768344713988e-16	
3968.315	1.9900004349406561e-16	
3971.595	 2.086629537829773e-16	
3974.875	2.1565105063102948e-16	
3978.155	2.1037853092620474e-16	
3981.435	2.0518576536106313e-16	
3984.715	1.9635837463073677e-16	
3987.995	1.9794678247475806e-16	
3991.275	 1.979753236387428e-16	
3994.555	2.0344809183281525e-16	
3997.835	 2.023065603587646e-16	
4001.115	2.0255353349550345e-16	
4004.395	2.0082103880749473e-16	
4007.676	1.9600655875048947e-16	
4010.956	 1.997508602434059e-16	
4014.236	1.8798395979332937e-16	
4017.516	1.8603084651113222e-16	
4020.796	1.8041583283849067e-16	
4024.076	1.6546705294547105e-16	
4027.356	1.5891858209105467e-16	
4030.636	1.5685602265180314e-16	
4033.916	 1.450209916812469e-16	
4037.196	1.3075812040657006e-16	
4040.476	1.2613790440120283e-16	
4043.756	1.1542840804262517e-16	
4047.036	 1.074343157238482e-16	
4050.316	1.0029018617365689e-16	
4053.596	 9.490619480981758e-17	
4056.877	   9.0827432305722e-17	
4060.157	 8.574333031733195e-17	
4063.437	 8.564846547268431e-17	
4066.717	 8.836436437944117e-17	
4069.997	  9.20912074264847e-17	
4073.277	 9.697826029804143e-17	
4076.557	1.0793168003188378e-16	
4079.837	1.1722730697103386e-16	
4083.117	1.3411458430824234e-16	
4086.397	 1.586638982366264e-16	
4089.677	1.9144745305994442e-16	
4092.957	2.1909141174457624e-16	
4096.237	2.4780520373728095e-16	
4099.517	  2.67776077638227e-16	
4102.798	 2.797106574267139e-16	
4106.078	2.8672741052408946e-16	
4109.358	 2.833769310600269e-16	
4112.638	2.7800854526810825e-16	
4115.918	 2.851048223344897e-16	
4119.198	2.8393682123254997e-16	
4122.478	 2.876704197889721e-16	
4125.758	2.9079694318402545e-16	
4129.038	 2.780118827429291e-16	
4132.318	2.7551142359012147e-16	
4135.598	2.7352067740218636e-16	
4138.878	2.6286492589675735e-16	
4142.158	 2.567703516179691e-16	
4145.438	2.4768655075313474e-16	
4148.719	 2.429820922798771e-16	
4151.999	 2.362309561441014e-16	
4155.279	  2.34006126377356e-16	
4158.559	2.3232898773723705e-16	
4161.839	2.3934482015190343e-16	
4165.119	 2.378785178521878e-16	
4168.399	 2.434649903608446e-16	
4171.679	 2.423242644841645e-16	
4174.959	2.3852875001554966e-16	
4178.239	2.3691755527447603e-16	
4181.519	2.3187094808941753e-16	
4184.799	2.1833403513093302e-16	
4188.079	2.1115524187674088e-16	
4191.359	2.0320008292802857e-16	
4194.639	 2.055520819939801e-16	
4197.920	1.9750842241984739e-16	
4201.200	 1.960386675599723e-16	
4204.480	1.9351864389959454e-16	
4207.760	1.8447028931906379e-16	
4211.040	1.8432447619499661e-16	
4214.320	1.9019474914875967e-16	
4217.600	1.9291709283448081e-16	
4220.880	1.9178292682210367e-16	
4224.160	 1.946241536626483e-16	
4227.440	  1.92117710072231e-16	
4230.720	1.9172101090991097e-16	
4234.000	 1.906258588273355e-16	
4237.280	 1.868218280436607e-16	
4240.560	1.7565808985343894e-16	
4243.841	1.7183414930617802e-16	
4247.121	 1.567567040045498e-16	
4250.401	1.4823728164044578e-16	
4253.681	1.3939527507211108e-16	
4256.961	 1.259675781000036e-16	
4260.241	 1.178110198086571e-16	
4263.521	1.0901531207206055e-16	
4266.801	 9.904255752590654e-17	
4270.081	 9.336957536818795e-17	
4273.361	 8.779340299734015e-17	
4276.641	 8.703243572113108e-17	
4279.921	 8.314638361660177e-17	
4283.201	 8.034854394872744e-17	
4286.481	 8.136193940672728e-17	
4289.762	 7.864940099185895e-17	
4293.042	 8.018936941684323e-17	
4296.322	 8.296724177846212e-17	
4299.602	 8.608858633327629e-17	
4302.882	 9.273057553387816e-17	
4306.162	 9.544973135571876e-17	
4309.442	 1.056437604824915e-16	
4312.722	 1.149077619705811e-16	
4316.002	1.2731235028210685e-16	
4319.282	1.4635655703625829e-16	
4322.562	1.6593947826062157e-16	
4325.842	 1.842005292852726e-16	
4329.122	1.9902237004976334e-16	
4332.402	2.1018910045878995e-16	
4335.683	2.2565806608249905e-16	
4338.963	 2.302965806567113e-16	
4342.243	2.3657759318410953e-16	
4345.523	  2.42684826850149e-16	
4348.803	2.3376536784890415e-16	
4352.083	2.2410694588819976e-16	
4355.363	2.1096684717737392e-16	
4358.643	2.1020314087010502e-16	
4361.923	2.1078213520884368e-16	
4365.203	2.1057831907409788e-16	
4368.483	  2.09977803777032e-16	
4371.763	2.1452494059235768e-16	
4375.043	2.1930351402370473e-16	
4378.323	2.2104774741625556e-16	
4381.603	 2.272317430031734e-16	
4384.884	2.3350573532491406e-16	
4388.164	2.3443217230103133e-16	
4391.444	  2.38067487978248e-16	
4394.724	 2.427795420838564e-16	
4398.004	2.5011208935048245e-16	
4401.284	2.4942445445205993e-16	
4404.564	2.4852863017602304e-16	
4407.844	2.5434216605783256e-16	
4411.124	2.5487006250621147e-16	
4414.404	 2.478217760260463e-16	
4417.684	 2.461857228518247e-16	
4420.964	2.3958189594951854e-16	
4424.244	 2.401053040696902e-16	
4427.524	2.3896066529149606e-16	
4430.805	2.3483140334080163e-16	
4434.085	2.3132153068271144e-16	
4437.365	2.2910717368178306e-16	
4440.645	2.2919544413652615e-16	
4443.925	 2.283633771381003e-16	
4447.205	 2.287412023048821e-16	
4450.485	 2.267022353600534e-16	
4453.765	2.2929004428489494e-16	
4457.045	 2.315902549484548e-16	
4460.325	2.3552479250615657e-16	
4463.605	2.3145192237139974e-16	
4466.885	2.2867007956559753e-16	
4470.165	2.2117468654478442e-16	
4473.445	2.1209548909349598e-16	
4476.726	2.0740932918908338e-16	
4480.006	 1.986866661169268e-16	
4483.286	 1.987134810008318e-16	
4486.566	 1.928220323447575e-16	
4489.846	 1.850439897322246e-16	
4493.126	1.8618241390213179e-16	
4496.406	1.8011442433657126e-16	
4499.686	1.8055335981817519e-16	
4502.966	1.8165702821581058e-16	
4506.246	 1.791161741091375e-16	
4509.526	1.7815371542202332e-16	
4512.806	1.8004307142660942e-16	
4516.086	 1.819921567219539e-16	
4519.366	  1.83259131215131e-16	
4522.647	1.9053747328725375e-16	
4525.927	1.9537140276649053e-16	
4529.207	1.9645539157121712e-16	
4532.487	2.0664815475926475e-16	
4535.767	  2.14853854490214e-16	
4539.047	2.2463887032343134e-16	
4542.327	2.3371346436117385e-16	
4545.607	2.4001289054275573e-16	
4548.887	 2.542138459052399e-16	
4552.167	2.7135557692619933e-16	
4555.447	 2.870020041421039e-16	
4558.727	3.0743379482433567e-16	
4562.007	 3.283877276880139e-16	
4565.287	3.5009339798374165e-16	
4568.567	 3.707501805030305e-16	
4571.848	3.9194636800456303e-16	
4575.128	 4.185469630090111e-16	
4578.408	4.4986421553261345e-16	
4581.688	 4.735511950185072e-16	
4584.968	 4.955240934705759e-16	
4588.248	 5.127866640971159e-16	
4591.528	 5.180947451715828e-16	
4594.808	 5.248146931805849e-16	
4598.088	 5.186138951342245e-16	
4601.368	 5.200255318980823e-16	
4604.648	 5.182766950919855e-16	
4607.928	 5.127344153533696e-16	
4611.208	 5.210354057447195e-16	
4614.488	 5.249831781163658e-16	
4617.769	 5.351194344031372e-16	
4621.049	 5.547313571328398e-16	
4624.329	 5.608114306589583e-16	
4627.609	 5.784689741677386e-16	
4630.889	 5.925605984585071e-16	
4634.169	 5.948633409995173e-16	
4637.449	 5.819900101036777e-16	
4640.729	 5.799314786512789e-16	
4644.009	 5.763088223613135e-16	
4647.289	 5.659407842025049e-16	
4650.569	 5.659823300097568e-16	
4653.849	  5.67401332235288e-16	
4657.129	 5.794635416643357e-16	
4660.409	 5.921522756769836e-16	
4663.690	 6.050923560692389e-16	
4666.970	 6.176635879511273e-16	
4670.250	 6.201703767975605e-16	
4673.530	 6.089337895879745e-16	
4676.810	 5.892605263727724e-16	
4680.090	 5.713550890445441e-16	
4683.370	  5.49080782090556e-16	
4686.650	 5.326424526594138e-16	
4689.930	 5.290378647676162e-16	
4693.210	 5.217385771638595e-16	
4696.490	 5.288546489084884e-16	
4699.770	 5.281715023382731e-16	
4703.050	 5.336024945544163e-16	
4706.330	 5.258139791760666e-16	
4709.610	 5.314342867742858e-16	
4712.891	  5.25314393720995e-16	
4716.171	 5.141753988785826e-16	
4719.451	  5.12493886995595e-16	
4722.731	 5.135054871223119e-16	
4726.011	 5.086334643959827e-16	
4729.291	 4.962593736991987e-16	
4732.571	 4.711871119919976e-16	
4735.851	 4.557600374315565e-16	
4739.131	4.2519291114526248e-16	
4742.411	 3.944973496210371e-16	
4745.691	 3.613449462873519e-16	
4748.971	3.2795431630266514e-16	
4752.251	 2.995427384092503e-16	
4755.531	 2.719623068315522e-16	
4758.812	2.4709075395495346e-16	
4762.092	2.2196716418671532e-16	
4765.372	 2.029176635069861e-16	
4768.652	1.7978930825489035e-16	
4771.932	 1.626098292428543e-16	
4775.212	1.4841808070746198e-16	
4778.492	 1.351913227366341e-16	
4781.772	1.2718011722800017e-16	
4785.052	1.1699207253883713e-16	
4788.332	1.0845676839799966e-16	
4791.612	1.0170833676768216e-16	
4794.892	 9.727024331072557e-17	
4798.172	   9.4488342962254e-17	
4801.452	  9.33827066053277e-17	
4804.733	 9.809725806278479e-17	
4808.013	1.0168535422555413e-16	
4811.293	1.0622099401554887e-16	
4814.573	1.1167988291778036e-16	
4817.853	 1.234266089079919e-16	
4821.133	1.4215904947974557e-16	
4824.413	1.6712059909116716e-16	
4827.693	1.9657933848094114e-16	
4830.973	2.4268194971668285e-16	
4834.253	2.9884647211042924e-16	
4837.533	3.5525025692322505e-16	
4840.813	 4.282152823088393e-16	
4844.093	  5.08130656551429e-16	
4847.373	 5.813665928242209e-16	
4850.654	 6.501146612310908e-16	
4853.934	 6.972934354685311e-16	
4857.214	 7.164142890582221e-16	
4860.494	 7.122829555714322e-16	
4863.774	 6.906111203652668e-16	
4867.054	 6.625636724833348e-16	
4870.334	 6.472429367758044e-16	
4873.614	 6.184826503062859e-16	
4876.894	  5.91751203271795e-16	
4880.174	 5.823434371786661e-16	
4883.454	 5.752607401822451e-16	
4886.734	  5.63642529989702e-16	
4890.014	 5.528365921173371e-16	
4893.294	 5.498244635489001e-16	
4896.574	 5.365713510355217e-16	
4899.855	 5.388705259310339e-16	
4903.135	 5.499939842527287e-16	
4906.415	 5.746079761414331e-16	
4909.695	 6.106019515716789e-16	
4912.975	 6.444325528060175e-16	
4916.255	 6.845014699071157e-16	
4919.535	 7.242453860118718e-16	
4922.815	 7.537133322287376e-16	
4926.095	 7.808011985570217e-16	
4929.375	 7.977429112594109e-16	
4932.655	 8.053295669537719e-16	
4935.935	 7.962639495724438e-16	
4939.215	 7.877919423678628e-16	
4942.495	 7.754943834212799e-16	
4945.776	 7.470365412217286e-16	
4949.056	 7.195192914949482e-16	
4952.336	 6.911189919647211e-16	
4955.616	 6.578744052747787e-16	
4958.896	 6.272669991199579e-16	
4962.176	  5.91159549545805e-16	
4965.456	 5.580127853937134e-16	
4968.736	 5.325006675221993e-16	
4972.016	 4.977372996181177e-16	
4975.296	 4.716629898673076e-16	
4978.576	 4.540300746209979e-16	
4981.856	 4.414441118157628e-16	
4985.136	 4.364351375364422e-16	
4988.416	4.3770406848037637e-16	
4991.697	 4.451467524160886e-16	
4994.977	 4.747091836959845e-16	
4998.257	 4.931907382294853e-16	
5001.537	 5.238543060295665e-16	
5004.817	 5.729573071292032e-16	
5008.097	 6.338144342063264e-16	
5011.377	 6.915526335207471e-16	
5014.657	 7.328106123407577e-16	
5017.937	 7.768636687805151e-16	
5021.217	 8.117890768414133e-16	
5024.497	 8.310789907935784e-16	
5027.777	 8.494433884523355e-16	
5031.057	 8.656269189437107e-16	
5034.337	 8.823614780365331e-16	
5037.618	 8.983032142314087e-16	
5040.898	  9.05743941716364e-16	
5044.178	 9.034594977441988e-16	
5047.458	  8.87366424329001e-16	
5050.738	 8.775445811874162e-16	
5054.018	 8.515766102895169e-16	
5057.298	 8.115927412536796e-16	
5060.578	 7.832588459638522e-16	
5063.858	 7.492214363759631e-16	
5067.138	 7.146724724577829e-16	
5070.418	 6.838047432669401e-16	
5073.698	 6.588458406183074e-16	
5076.978	 6.369188612163593e-16	
5080.258	 6.180225391223707e-16	
5083.538	   5.9421782733504e-16	
5086.819	 5.669790841277881e-16	
5090.099	 5.436152642728184e-16	
5093.379	  5.17814397286636e-16	
5096.659	 4.952069182772617e-16	
5099.939	 4.640503248864121e-16	
5103.219	 4.401998091342994e-16	
5106.499	4.2003098845087855e-16	
5109.779	3.9641593730163987e-16	
5113.059	3.7331393659209454e-16	
5116.339	3.6015507897106907e-16	
5119.619	 3.470519226539493e-16	
5122.899	 3.377439355494284e-16	
5126.179	 3.311277945158869e-16	
5129.459	 3.332869105542642e-16	
5132.740	 3.268646883163447e-16	
5136.020	3.3405775215252926e-16	
5139.300	3.3891573446754346e-16	
5142.580	3.5275888951217067e-16	
5145.860	 3.709163637320384e-16	
5149.140	3.8572635070664836e-16	
5152.420	4.0551734622328746e-16	
5155.700	4.2455257632102435e-16	
5158.980	 4.479122531038027e-16	
5162.260	 4.695128504853448e-16	
5165.540	 4.883759129164641e-16	
5168.820	 5.074080357100575e-16	
5172.100	 5.293755251512097e-16	
5175.380	 5.401326668399877e-16	
5178.661	 5.563730494886552e-16	
5181.941	 5.683431906467843e-16	
5185.221	 5.764585483868948e-16	
5188.501	 5.898159282170882e-16	
5191.781	 5.947117736085176e-16	
5195.061	 5.969036889684097e-16	
5198.341	 5.961640354969183e-16	
5201.621	 5.910795652354445e-16	
5204.901	 5.823761214148422e-16	
5208.181	 5.756924252875142e-16	
5211.461	 5.722148916095841e-16	
5214.741	 5.643222239997578e-16	
5218.021	 5.768502988796529e-16	
5221.301	 5.787692318162716e-16	
5224.581	 5.837127225379013e-16	
5227.862	 5.881432779051765e-16	
5231.142	 5.913761401531406e-16	
5234.422	 5.900181331570929e-16	
5237.702	 5.857094531634461e-16	
5240.982	  5.76609885607217e-16	
5244.262	 5.708139577822206e-16	
5247.542	 5.559205339370908e-16	
5250.822	  5.51583082608782e-16	
5254.102	 5.477601778295689e-16	
5257.382	  5.50381821843973e-16	
5260.662	 5.640694965960864e-16	
5263.942	 5.713980158758598e-16	
5267.222	 5.879339376741755e-16	
5270.502	  6.00838686867466e-16	
5273.783	 6.108012793782174e-16	
5277.063	 6.224094771462982e-16	
5280.343	 6.229348417172269e-16	
5283.623	 6.209429446759052e-16	
5286.903	 6.146886319470735e-16	
5290.183	 6.052238986113138e-16	
5293.463	 5.945175095568797e-16	
5296.743	 5.976984683171136e-16	
5300.023	 5.948642616822263e-16	
5303.303	 5.996518117699881e-16	
5306.583	 6.236881903440174e-16	
5309.863	 6.351022391457988e-16	
5313.143	 6.557427946323383e-16	
5316.423	 6.784159873700807e-16	
5319.704	 6.966360680141731e-16	
5322.984	7.0084577461658245e-16	
5326.264	 7.191513636672903e-16	
5329.544	 7.417645969435971e-16	
5332.824	  7.46204359137964e-16	
5336.104	 7.450425726443114e-16	
5339.384	  7.48567981823119e-16	
5342.664	 7.464066791633074e-16	
5345.944	 7.436040059112099e-16	
5349.224	 7.381502267980143e-16	
5352.504	 7.328727584236277e-16	
5355.784	 7.348325466554665e-16	
5359.064	 7.428248781685622e-16	
5362.344	 7.475330193726565e-16	
5365.625	 7.520021283283789e-16	
5368.905	 7.635340245169359e-16	
5372.185	 7.595101807364431e-16	
5375.465	 7.616799997113147e-16	
5378.745	 7.494329632283984e-16	
5382.025	 7.402158935414095e-16	
5385.305	 7.387902163662366e-16	
5388.585	 7.310255236529869e-16	
5391.865	 7.250504079557153e-16	
5395.145	 7.213123210710859e-16	
5398.425	 7.145889205019243e-16	
5401.705	 7.112842450026437e-16	
5404.985	 7.079266302475849e-16	
5408.265	 7.123629398817926e-16	
5411.545	 7.177247658094083e-16	
5414.826	 7.250534001745202e-16	
5418.106	   7.4131231156271e-16	
5421.386	 7.568253548711214e-16	
5424.666	 7.660312612802613e-16	
5427.946	 7.764811251148489e-16	
5431.226	 7.910327455041938e-16	
5434.506	 7.977262238853068e-16	
5437.786	 8.072046523763656e-16	
5441.066	 8.185509159136833e-16	
5444.346	 8.159229422056535e-16	
5447.626	 8.246756425511973e-16	
5450.906	 8.258887571058871e-16	
5454.186	 8.219417903316114e-16	
5457.466	  8.25133912369694e-16	
5460.747	 8.185326173448382e-16	
5464.027	 8.062083585996889e-16	
5467.307	 7.993926595889316e-16	
5470.587	 7.923279159053397e-16	
5473.867	 7.846222619708165e-16	
5477.147	 7.797528862072761e-16	
5480.427	 7.789596029679747e-16	
5483.707	 7.737813381555027e-16	
5486.987	 7.742267184160709e-16	
5490.267	 7.777330234286631e-16	
5493.547	  7.77329419146024e-16	
5496.827	 7.823322939023962e-16	
5500.107	 7.753207196452599e-16	
5503.387	 7.677281945986278e-16	
5506.668	 7.501619137633954e-16	
5509.948	  7.41864375932205e-16	
5513.228	 7.433268804157452e-16	
5516.508	 7.547328732438213e-16	
5519.788	  7.72916817091578e-16	
5523.068	  8.01798633678709e-16	
5526.348	 8.383620513645858e-16	
5529.628	 8.797275198908938e-16	
5532.908	 9.253521817152297e-16	
5536.188	 9.579689778828467e-16	
5539.468	 9.890515714009457e-16	
5542.748	1.0028035788573634e-15	
5546.028	 9.982781931710422e-16	
5549.308	 9.983817699758255e-16	
5552.589	1.0008864872861631e-15	
5555.869	  9.90828028688318e-16	
5559.149	 9.830445770648685e-16	
5562.429	 9.790481235949742e-16	
5565.709	 9.740022069219476e-16	
5568.989	 9.712592629606083e-16	
5572.269	 9.709260909052221e-16	
5575.549	 9.612890748175062e-16	
5578.829	  9.46037620483842e-16	
5582.109	 9.310405047485902e-16	
5585.389	 9.009050635675652e-16	
5588.669	 8.894423336675357e-16	
5591.949	 8.724677065582933e-16	
5595.229	 8.666771877442134e-16	
5598.509	 8.540783353810497e-16	
5601.790	 8.383281011896846e-16	
5605.070	 8.353868651898547e-16	
5608.350	 8.185071834849969e-16	
5611.630	 8.034189201615359e-16	
5614.910	 7.918369618506669e-16	
5618.190	 7.802958588350179e-16	
5621.470	 7.671589825136742e-16	
5624.750	 7.463372827041026e-16	
5628.030	 7.258959399387631e-16	
5631.310	 7.086560411239368e-16	
5634.590	    6.952529724143e-16	
5637.870	 6.785426963279323e-16	
5641.150	 6.626214453233362e-16	
5644.430	 6.617052509423585e-16	
5647.711	  6.67936431518122e-16	
5650.991	 6.692736080678744e-16	
5654.271	 6.739353698804937e-16	
5657.551	  6.74737169434855e-16	
5660.831	 6.727686347172791e-16	
5664.111	 6.776933665287092e-16	
5667.391	 6.837768926149872e-16	
5670.671	 6.918685427753362e-16	
5673.951	 6.949954114264055e-16	
5677.231	 7.040148795869356e-16	
5680.511	 7.112776851383409e-16	
5683.791	 7.144937449268624e-16	
5687.071	 7.250498325290221e-16	
5690.351	 7.197822614937593e-16	
5693.632	 7.178019880716411e-16	
5696.912	 7.152489349190713e-16	
5700.192	 7.043494326663857e-16	
5703.472	 6.952102757536615e-16	
5706.752	 6.754015570948706e-16	
5710.032	 6.637096922855927e-16	
5713.312	 6.469701845232084e-16	
5716.592	 6.264687672110945e-16	
5719.872	 6.010410068928094e-16	
5723.152	 5.804487872485022e-16	
5726.432	  5.50396207511304e-16	
5729.712	 5.245649579957185e-16	
5732.992	 4.977659558674412e-16	
5736.272	  4.71898339384843e-16	
5739.552	 4.465566628998666e-16	
5742.833	 4.144164351195916e-16	
5746.113	3.9081220199218586e-16	
5749.393	 3.585611470307927e-16	
5752.673	3.3153841900418336e-16	
5755.953	3.1153969445128446e-16	
5759.233	2.8892807236971873e-16	
5762.513	 2.685899611531465e-16	
5765.793	2.4806782848007596e-16	
5769.073	 2.340400765522572e-16	
5772.353	 2.206080063372811e-16	
5775.633	2.0762384826032345e-16	
5778.913	 1.977574670926819e-16	
5782.193	1.9474648937763125e-16	
5785.473	1.8466754558950663e-16	
5788.754	1.7776956056161592e-16	
5792.034	1.7506678138346493e-16	
5795.314	1.7439134553093912e-16	
5798.594	1.7415323396527619e-16	
5801.874	1.7176739980976213e-16	
5805.154	1.7399418602726449e-16	
5808.434	 1.802243308349802e-16	
5811.714	1.8481301345755784e-16	
5814.994	1.9323116072365152e-16	
5818.274	1.9979977151233136e-16	
5821.554	2.0306382188706917e-16	
5824.834	2.1035194621297703e-16	
5828.114	2.2156010734391697e-16	
5831.394	 2.350740032346719e-16	
5834.675	2.4310178103207113e-16	
5837.955	2.5518792821155756e-16	
5841.235	2.6563986358224073e-16	
5844.515	 2.804404135590816e-16	
5847.795	2.9471985712252376e-16	
5851.075	 3.060472466643031e-16	
5854.355	3.2454433771852147e-16	
5857.635	3.4608957905217376e-16	
5860.915	 3.705851481274091e-16	
5864.195	 4.025979764378007e-16	
5867.475	4.3380842976713766e-16	
5870.755	 4.746091745366993e-16	
5874.035	 5.234607141713899e-16	
5877.315	 5.754820492884655e-16	
5880.596	  6.34569048771842e-16	
5883.876	 6.939891052252665e-16	
5887.156	 7.581251286858132e-16	
5890.436	 8.106854084437779e-16	
5893.716	 8.738008551211932e-16	
5896.996	 9.185115091859858e-16	
5900.276	  9.48983114641202e-16	
5903.556	 9.774041295323858e-16	
5906.836	 9.891203924334571e-16	
5910.116	 9.588161210606355e-16	
5913.396	 9.333151664669703e-16	
5916.676	 9.112884080764141e-16	
5919.956	 9.034357901644374e-16	
5923.236	 9.373653647900132e-16	
5926.516	  9.73127443262883e-16	
5929.797	 9.902491494349179e-16	
5933.077	 9.898617721850283e-16	
5936.357	 9.731145537049546e-16	
5939.637	 9.621924947258938e-16	
5942.917	 9.519475978794386e-16	
5946.197	 9.399817148788395e-16	
5949.477	 9.321144811288545e-16	
5952.757	 9.146421099299588e-16	
5956.037	  8.97538126900076e-16	
5959.317	 8.898949643044387e-16	
5962.597	 8.694894130794188e-16	
5965.877	 8.536890016804031e-16	
5969.157	 8.538611693470206e-16	
5972.437	 8.462712912631774e-16	
5975.718	 8.426008745576731e-16	
5978.998	 8.510708102261585e-16	
5982.278	 8.579719025581927e-16	
5985.558	 8.674016499510032e-16	
5988.838	 8.830306992807719e-16	
5992.118	 8.946217493333942e-16	
5995.398	 8.970045912701035e-16	
5998.678	 8.937195953637315e-16	
6001.958	 8.868026212549639e-16	
6005.238	  8.72418104777336e-16	
6008.518	 8.627152598759134e-16	
6011.798	 8.393212876622178e-16	
6015.078	 8.215768547227581e-16	
6018.358	 8.089982573791965e-16	
6021.639	  8.02448175330039e-16	
6024.919	 7.896381413704559e-16	
6028.199	 7.875645337386941e-16	
6031.479	 7.856157936993657e-16	
6034.759	 7.714539673520218e-16	
6038.039	  7.64060885197267e-16	
6041.319	  7.49841861436615e-16	
6044.599	 7.436685687861914e-16	
6047.879	 7.305090206531341e-16	
6051.159	  7.24085072135135e-16	
6054.439	 7.164432905635615e-16	
6057.719	 7.033220658482738e-16	
6060.999	 6.917806175766091e-16	
6064.279	 6.931840832814227e-16	
6067.560	  6.90854756027185e-16	
6070.840	 6.896005560065978e-16	
6074.120	 6.909579875759524e-16	
6077.400	 6.944188338797784e-16	
6080.680	 6.957812141186949e-16	
6083.960	 7.045264339172265e-16	
6087.240	  7.01450317900501e-16	
6090.520	 7.052057826712663e-16	
6093.800	7.1615523196092525e-16	
6097.080	 7.108137761382503e-16	
6100.360	 7.018603669621042e-16	
6103.640	 7.091890013272161e-16	
6106.920	  7.12946882890093e-16	
6110.200	 7.114027829014513e-16	
6113.480	 7.148309449691014e-16	
6116.761	 7.122332387051361e-16	
6120.041	 7.254327214507044e-16	
6123.321	 7.369671495167117e-16	
6126.601	 7.408044399632558e-16	
6129.881	 7.490011630377905e-16	
6133.161	 7.512652369050148e-16	
6136.441	 7.572869621644389e-16	
6139.721	 7.634394243685672e-16	
6143.001	   7.6814089062302e-16	
6146.281	  7.80214723671271e-16	
6149.561	 7.835268797175637e-16	
6152.841	 7.922116797133051e-16	
6156.121	 8.072893551856107e-16	
6159.401	 8.209048714303918e-16	
6162.682	   8.2876589057209e-16	
6165.962	 8.315246012248239e-16	
6169.242	 8.346716098101566e-16	
6172.522	 8.340803013401827e-16	
6175.802	 8.378551004478408e-16	
6179.082	 8.285746187392568e-16	
6182.362	 8.317273815915219e-16	
6185.642	 8.249817695520013e-16	
6188.922	8.1796950478283295e-16	
6192.202	 8.101628059209768e-16	
6195.482	 8.073063878157305e-16	
6198.762	 7.917692916715417e-16	
6202.042	 7.812438167694625e-16	
6205.322	  7.67426901182047e-16	
6208.603	 7.519166199217633e-16	
6211.883	 7.411935434932252e-16	
6215.163	 7.325584603637798e-16	
6218.443	 7.185666150616192e-16	
6221.723	 7.152903656409847e-16	
6225.003	 7.048213976401816e-16	
6228.283	 7.179377887712459e-16	
6231.563	 7.290724103707897e-16	
6234.843	 7.512301358767272e-16	
6238.123	 7.835492062732615e-16	
6241.403	 8.086494337177541e-16	
6244.683	  8.36706433682794e-16	
6247.963	 8.649082110038533e-16	
6251.243	 8.827748645729571e-16	
6254.523	  8.96464035434473e-16	
6257.804	 9.075591827628607e-16	
6261.084	 9.091213511496701e-16	
6264.364	  9.05482582912294e-16	
6267.644	 9.045429111222321e-16	
6270.924	 8.989534463947707e-16	
6274.204	 9.017930620405742e-16	
6277.484	 9.259531573536503e-16	
6280.764	 9.640218912690444e-16	
6284.044	 9.943496400509501e-16	
6287.324	1.0254935740545486e-15	
6290.604	 1.047778929201047e-15	
6293.884	1.0469116460889949e-15	
6297.164	1.0342779228682206e-15	
6300.444	1.0124713227304983e-15	
6303.725	 9.724447570340226e-16	
6307.005	 9.095261062856955e-16	
6310.285	 8.584193543548566e-16	
6313.565	 8.111924744458614e-16	
6316.845	 7.770899265562973e-16	
6320.125	 7.540137049626092e-16	
6323.405	 7.274918283297965e-16	
6326.685	  7.21101024389328e-16	
6329.965	 7.174441877537842e-16	
6333.245	 7.251132445506172e-16	
6336.525	  7.32718313899162e-16	
6339.805	 7.397230981213181e-16	
6343.085	  7.51895444219452e-16	
6346.365	 7.575864142156013e-16	
6349.646	 7.622477156868659e-16	
6352.926	 7.649544077665309e-16	
6356.206	 7.494182323050513e-16	
6359.486	 7.324453314758887e-16	
6362.766	  7.10319024267402e-16	
6366.046	 6.735299242324364e-16	
6369.326	 6.415391923070651e-16	
6372.606	 6.029618962801851e-16	
6375.886	 5.629447675814784e-16	
6379.166	 5.314827377018567e-16	
6382.446	 5.008135307201819e-16	
6385.726	 4.677522749747059e-16	
6389.006	 4.355385076630347e-16	
6392.286	 4.087511291539608e-16	
6395.567	 3.825082193820311e-16	
6398.847	3.5987473108612224e-16	
6402.127	3.4570657504515285e-16	
6405.407	 3.301835193122791e-16	
6408.687	 3.169269542387414e-16	
6411.967	 3.070852013335705e-16	
6415.247	2.9736566905804395e-16	
6418.527	 2.915199092814129e-16	
6421.807	 2.903914975359681e-16	
6425.087	2.8567403441944327e-16	
6428.367	 2.901909037907045e-16	
6431.647	2.8920911076669745e-16	
6434.927	 2.938256440412279e-16	
6438.207	3.0045824227819605e-16	
6441.487	3.0715218100066367e-16	
6444.768	3.1897754480277344e-16	
6448.048	3.3471339332680753e-16	
6451.328	3.5446330337754923e-16	
6454.608	3.7438469058287663e-16	
6457.888	 3.980859406507627e-16	
6461.168	4.2759405165081675e-16	
6464.448	 4.485913716871653e-16	
6467.728	 4.950734192844298e-16	
6471.008	 5.292597493005296e-16	
6474.288	  5.74150742090984e-16	
6477.568	 6.274034903315945e-16	
6480.848	 6.873813654214462e-16	
6484.128	 7.499575222019564e-16	
6487.408	 8.292341728150492e-16	
6490.689	 9.086770066571498e-16	
6493.969	1.0026691591818224e-15	
6497.249	1.1154621129694058e-15	
6500.529	 1.233453586589063e-15	
6503.809	1.3593845675513767e-15	
6507.089	1.4997012158447046e-15	
6510.369	1.6544967505933517e-15	
6513.649	1.8249093657965484e-15	
6516.929	 2.026841553548691e-15	
6520.209	 2.247308235090112e-15	
6523.489	2.4776423335672224e-15	
6526.769	2.7182581561991558e-15	
6530.049	2.9810796949232426e-15	
6533.329	  3.25541667263246e-15	
6536.610	3.5442670623985916e-15	
6539.890	 3.832353285516099e-15	
6543.170	 4.148950750430292e-15	
6546.450	 4.439869223731929e-15	
6549.730	 4.714107228049909e-15	
6553.010	 4.958535827951254e-15	
6556.290	5.1313284079576935e-15	
6559.570	 5.276791672595365e-15	
6562.850	 5.309490869865454e-15	
6566.130	5.3336277179401235e-15	
6569.410	  5.29744718917593e-15	
6572.690	 5.299130887680352e-15	
6575.970	 5.260855805752761e-15	
6579.250	5.2449141846432245e-15	
6582.531	 5.189432693734354e-15	
6585.811	 5.072201013520452e-15	
6589.091	 4.967634474824774e-15	
6592.371	4.8583908679664376e-15	
6595.651	 4.735319757669529e-15	
6598.931	 4.618383846775952e-15	
6602.211	4.4779244926627006e-15	
6605.491	 4.321182864837514e-15	
6608.771	4.1997954530450285e-15	
6612.051	 4.068153937578995e-15	
6615.331	 3.942371416703538e-15	
6618.611	 3.849534375722877e-15	
6621.891	 3.753743094099118e-15	
6625.171	 3.636634555197569e-15	
6628.451	 3.545222270709371e-15	
6631.732	3.4398167598949487e-15	
6635.012	3.3164084495558016e-15	
6638.292	3.1944007277880027e-15	
6641.572	3.0766615212306616e-15	
6644.852	2.9673189409810874e-15	
6648.132	2.8397537482099706e-15	
6651.412	2.7375821354115608e-15	
6654.692	2.6430901672611393e-15	
6657.972	2.5395053065041303e-15	
6661.252	 2.438024205737609e-15	
6664.532	2.3466245806366622e-15	
6667.812	 2.261929827365355e-15	
6671.092	2.1957856798307374e-15	
6674.372	2.1235799875095232e-15	
6677.653	2.0509772507699734e-15	
6680.933	 2.000366171392692e-15	
6684.213	 1.938114210011153e-15	
6687.493	1.8819491121907136e-15	
6690.773	1.8238793520156478e-15	
6694.053	1.7762800559507874e-15	
6697.333	1.7467503089070673e-15	
6700.613	1.6930434339201515e-15	
6703.893	1.6433714509062385e-15	
6707.173	 1.595151844866065e-15	
6710.453	  1.55651194241496e-15	
6713.733	1.5128577717589572e-15	
6717.013	1.4770075379166826e-15	
6720.293	1.4433945630577278e-15	
6723.574	 1.411045225217129e-15	
6726.854	1.3798743612442871e-15	
6730.134	1.3502226237416002e-15	
6733.414	 1.323082048328215e-15	
6736.694	1.2934717415474418e-15	
6739.974	1.2536476109616479e-15	
6743.254	1.2146152675057532e-15	
6746.534	1.1844847749942902e-15	
6749.814	  1.15485375285256e-15	
6753.094	1.1266562336890307e-15	
6756.374	1.0953201071698901e-15	
6759.654	1.0714913425467818e-15	
6762.934	1.0556428254762113e-15	
6766.214	1.0399327560680345e-15	
6769.494	1.0199624575937814e-15	
6772.775	1.0053314283207694e-15	
6776.055	 9.838134622123767e-16	
6779.335	 9.672958389829058e-16	
6782.615	 9.494812039868708e-16	
6785.895	 9.323583469614497e-16	
6789.175	 9.151932536167446e-16	
6792.455	 8.957953896169275e-16	
6795.735	 8.815357407317329e-16	
6799.015	 8.673253483714796e-16	
6802.295	 8.457272828673878e-16	
6805.575	 8.457911552303375e-16	
6808.855	 8.277069903711887e-16	
6812.135	 8.285919966253927e-16	
6815.415	 8.175318352399543e-16	
6818.696	 8.183740297481811e-16	
6821.976	  8.07993677458137e-16	
6825.256	 8.024177928006359e-16	
6828.536	 7.970048689826605e-16	
6831.816	 7.860595627651928e-16	
6835.096	  7.82115588209722e-16	
6838.376	 7.732919952955709e-16	
6841.656	 7.624525675896595e-16	
6844.936	 7.612110269563236e-16	
6848.216	 7.504226971407721e-16	
6851.496	  7.41832957634754e-16	
6854.776	  7.24887332030851e-16	
6858.056	 6.856380527116046e-16	
6861.336	 6.253488717807096e-16	
6864.617	 5.699045534362233e-16	
6867.897	 5.563507229329574e-16	
6871.177	 5.802752385578209e-16	
6874.457	 6.162333073624085e-16	
6877.737	 6.282136911156772e-16	
6881.017	 6.190144596561788e-16	
6884.297	 5.992821576622502e-16	
6887.577	 5.855128874050351e-16	
6890.857	 5.791377350706229e-16	
6894.137	 5.804104638307323e-16	
6897.417	 5.797250155537442e-16	
6900.697	 5.812534639363298e-16	
6903.977	 5.761691087601947e-16	
6907.257	 5.807411040086684e-16	
6910.538	 5.783191330568187e-16	
6913.818	 5.810730101253296e-16	
6917.098	 5.810562076658869e-16	
6920.378	 5.782184333855017e-16	
6923.658	 5.698646188237123e-16	
6926.938	 5.742451120686755e-16	
6930.218	 5.754951690170713e-16	
6933.498	  5.67861213248526e-16	
6936.778	 5.648007488378565e-16	
6940.058	 5.658088964044141e-16	
6943.338	  5.67610672466289e-16	
6946.618	 5.650726954930821e-16	
6949.898	 5.647741641246289e-16	
6953.178	 5.639133257915411e-16	
6956.458	 5.552698414323744e-16	
6959.739	  5.55875650655018e-16	
6963.019	 5.585788901745235e-16	
6966.299	 5.532488278003747e-16	
6969.579	 5.516126595408145e-16	
6972.859	 5.544750620836705e-16	
6976.139	 5.544885270682923e-16	
6979.419	 5.580183094899685e-16	
6982.699	 5.573028239395932e-16	
6985.979	 5.626005473335819e-16	
6989.259	 5.729949400349411e-16	
6992.539	 5.837218142796546e-16	
6995.819	 5.971264941840324e-16	
6999.099	 6.134122204561272e-16	
7002.379	 6.297888641457539e-16	
7005.660	 6.536440983967513e-16	
7008.940	 6.644368014551716e-16	
7012.220	 6.731446185186425e-16	
7015.500	6.8076764118001635e-16	
7018.780	 6.803247927968984e-16	
7022.060	 6.900427138776839e-16	
7025.340	 6.843111187569917e-16	
7028.620	 6.795286324241307e-16	
7031.900	 6.819298880150237e-16	
7035.180	 6.832321937071657e-16	
7038.460	 6.879172027581918e-16	
7041.740	  7.08457749085446e-16	
7045.020	 7.315350064471821e-16	
7048.300	 7.496231992931835e-16	
7051.581	 7.815835486891517e-16	
7054.861	 8.145022137000425e-16	
7058.141	   8.4568113364659e-16	
7061.421	 8.701839530981601e-16	
7064.701	 8.960717095150218e-16	
7067.981	 9.096684668496032e-16	
7071.261	 9.174758562234913e-16	
7074.541	 9.204668090896174e-16	
7077.821	 9.235247416228364e-16	
7081.101	 9.279983389067658e-16	
7084.381	 9.286141605538718e-16	
7087.661	 9.199885144221957e-16	
7090.941	  9.12990405149681e-16	
7094.221	 9.097432723197246e-16	
7097.502	 9.008942455457324e-16	
7100.782	 8.927511522390077e-16	
7104.062	 8.826703670854647e-16	
7107.342	 8.777779742541947e-16	
7110.622	 8.623828934178976e-16	
7113.902	  8.48377352960438e-16	
7117.182	 8.387692232927228e-16	
7120.462	 8.289797191312982e-16	
7123.742	 8.227855960345794e-16	
7127.022	 8.170712637146844e-16	
7130.302	 8.150743029184624e-16	
7133.582	 8.092818276536254e-16	
7136.862	 8.160870538985658e-16	
7140.142	 8.196521675192071e-16	
7143.422	 8.183582630567864e-16	
7146.703	 8.279373912191621e-16	
7149.983	  8.33929424461215e-16	
7153.263	 8.401296470808821e-16	
7156.543	 8.377606153848107e-16	
7159.823	  8.27680405657961e-16	
7163.103	 8.173596675733366e-16	
7166.383	 7.907895701836303e-16	
7169.663	 7.819561950156943e-16	
7172.943	  7.62765714796121e-16	
7176.223	  7.45549293390379e-16	
7179.503	 7.215187841686207e-16	
7182.783	7.0799326465866225e-16	
7186.063	 6.980120283230499e-16	
7189.343	 6.940368656408053e-16	
7192.624	 6.880798183417015e-16	
7195.904	  6.88007429663692e-16	
7199.184	 6.918808569065716e-16	
7202.464	 7.043227328678193e-16	
7205.744	 7.340199290792722e-16	
7209.024	  7.51800613900406e-16	
7212.304	7.6722688286347665e-16	
7215.584	 7.805369626194857e-16	
7218.864	 7.933306544609807e-16	
7222.144	 7.966763003408201e-16	
7225.424	 7.967242909270363e-16	
7228.704	  7.90851831351839e-16	
7231.984	 7.818854175324257e-16	
7235.264	 7.854841360719523e-16	
7238.545	 7.845705886537635e-16	
7241.825	 7.785423035300366e-16	
7245.105	 7.775056147994943e-16	
7248.385	 7.723400093742737e-16	
7251.665	 7.722988088230376e-16	
7254.945	 7.856878371213594e-16	
7258.225	 8.104845845278368e-16	
7261.505	 8.422466418853142e-16	
7264.785	 8.874167166219902e-16	
7268.065	  9.37892340555683e-16	
7271.345	1.0106446882354755e-15	
7274.625	1.1027038674122144e-15	
7277.905	1.2146405862802558e-15	
7281.185	1.2846769199679527e-15	
7284.465	1.3376875286560474e-15	
7287.746	1.3866874132922555e-15	
7291.026	1.4178824451862136e-15	
7294.306	1.4492408982610519e-15	
7297.586	1.4647382899634072e-15	
7300.866	 1.497908186268567e-15	
7304.146	1.5586064955783559e-15	
7307.426	 1.611563014157286e-15	
7310.706	 1.661263768505861e-15	
7313.986	1.7147980154848047e-15	
7317.266	1.7600138941862628e-15	
7320.546	1.7829630615660833e-15	
7323.826	 1.789449271252291e-15	
7327.106	1.7878472833383092e-15	
7330.386	 1.777161609644832e-15	
7333.667	1.7573036344610996e-15	
7336.947	 1.729614101982363e-15	
7340.227	1.6877817322371597e-15	
7343.507	1.6323923095992084e-15	
7346.787	 1.573278725402604e-15	
7350.067	1.5227643177097868e-15	
7353.347	  1.47768539056132e-15	
7356.627	1.4488070265343486e-15	
7359.907	1.4333717809148634e-15	
7363.187	1.4167292900929593e-15	
7366.467	 1.410236175286433e-15	
7369.747	1.4021030944041705e-15	
7373.027	1.3908581059648631e-15	
7376.307	 1.362236382243077e-15	
7379.588	1.3401123767413633e-15	
7382.868	1.3087274540386359e-15	
7386.148	1.2748797050888387e-15	
7389.428	1.2400088474784598e-15	
7392.708	1.2116449149152454e-15	
7395.988	1.1819264279161424e-15	
7399.268	1.1464507968511678e-15	
7402.548	1.1167555570904718e-15	
7405.828	1.0900493137451451e-15	
7409.108	1.0563362146415663e-15	
7412.388	1.0257443450074628e-15	
7415.668	  1.00849052086666e-15	
7418.948	 9.889031113140894e-16	
7422.228	  9.78757763285565e-16	
7425.509	 9.623848023267748e-16	
7428.789	 9.469238926767712e-16	
7432.069	 9.349215276238205e-16	
7435.349	 9.273215220301763e-16	
7438.629	 9.205525476669102e-16	
7441.909	 9.121143755518916e-16	
7445.189	 9.190606964220147e-16	
7448.469	  9.14178661271223e-16	
7451.749	 9.201004924567002e-16	
7455.029	 9.301429541924735e-16	
7458.309	 9.337840241366225e-16	
7461.589	 9.382326479020654e-16	
7464.869	 9.392495419543602e-16	
7468.149	 9.372512001340744e-16	
7471.429	 9.380822313644525e-16	
7474.710	  9.35009682993225e-16	
7477.990	 9.254264117586579e-16	
7481.270	  9.16094141647682e-16	
7484.550	 9.045226561026302e-16	
7487.830	  8.95459110257398e-16	
7491.110	 8.824985446748631e-16	
7494.390	 8.638289406980112e-16	
7497.670	 8.534573348937045e-16	
7500.950	 8.479148249844112e-16	
7504.230	 8.355266938763122e-16	
7507.510	 8.292454511782366e-16	
7510.790	 8.326225153555269e-16	
7514.070	 8.283083112656251e-16	
7517.350	 8.269184256307718e-16	
7520.631	 8.183185586149527e-16	
7523.911	 8.194888614236655e-16	
7527.191	 8.159291568139406e-16	
7530.471	 8.143039216615519e-16	
7533.751	 8.050581957252396e-16	
7537.031	 7.985021292384724e-16	
7540.311	 7.862334567118901e-16	
7543.591	 7.736497956134279e-16	
7546.871	 7.538131112173455e-16	
7550.151	 7.398423265321576e-16	
7553.431	 7.272976793634972e-16	
7556.711	 7.026824215360678e-16	
7559.991	 6.854915490755054e-16	
7563.271	 6.703183527721221e-16	
7566.552	 6.590563317026947e-16	
7569.832	 6.469770896435273e-16	
7573.112	  6.34614852736624e-16	
7576.392	 6.282514391067538e-16	
7579.672	 6.163769338650413e-16	
7582.952	 5.779036749842991e-16	
7586.232	 4.974310575319751e-16	
7589.512	 3.818738689954027e-16	
7592.792	2.6862897508294826e-16	
7596.072	1.9680766779281902e-16	
7599.352	1.7735329689172569e-16	
7602.632	1.9310940043536181e-16	
7605.912	2.4744314526189404e-16	
7609.192	3.2066619197675723e-16	
7612.473	3.6409686690510566e-16	
7615.753	3.5733146018733757e-16	
7619.033	3.2049183768870536e-16	
7622.313	2.9237545368892305e-16	
7625.593	 2.913729453039593e-16	
7628.873	 2.974047980731843e-16	
7632.153	3.1360766290145246e-16	
7635.433	3.3180461139247646e-16	
7638.713	 3.557059948642716e-16	
7641.993	 3.840200954758514e-16	
7645.273	 4.157818075773128e-16	
7648.553	 4.481248157242858e-16	
7651.833	 4.791863486254122e-16	
7655.113	 5.123561298452333e-16	
7658.393	 5.394177567163056e-16	
7661.674	 5.670765614096231e-16	
7664.954	  5.96581450020195e-16	
7668.234	 6.144098952568678e-16	
7671.514	 6.345460317041125e-16	
7674.794	 6.500326053846347e-16	
7678.074	 6.620691507831637e-16	
7681.354	 6.795075718071581e-16	
7684.634	  6.91551022326006e-16	
7687.914	 7.047637398855189e-16	
7691.194	  7.14208333287015e-16	
7694.474	 7.306737077727396e-16	
7697.754	 7.476394733109061e-16	
7701.034	 7.812042274129675e-16	
7704.314	 8.147771525740729e-16	
7707.595	  8.43213819071313e-16	
7710.875	 8.621437460841869e-16	
7714.155	 8.728963994447576e-16	
7717.435	 8.853333267364434e-16	
7720.715	 8.769007938030187e-16	
7723.995	 8.630518844914592e-16	
7727.275	 8.365831772851019e-16	
7730.555	  8.05581028418718e-16	
7733.835	 7.735655531455375e-16	
7737.115	 7.378613625980076e-16	
7740.395	 7.110454429249488e-16	
7743.675	 6.872227778247892e-16	
7746.955	 6.644071094378003e-16	
7750.235	 6.555964060815778e-16	
7753.516	 6.659167989101863e-16	
7756.796	 6.850328189156541e-16	
7760.076	 7.100631895595873e-16	
7763.356	 7.474502730141686e-16	
7766.636	 7.897195067048801e-16	
7769.916	 8.310352583648922e-16	
7773.196	 8.596107177805419e-16	
7776.476	 8.838884303097164e-16	
7779.756	    9.011541082404e-16	
7783.036	  9.04465458689322e-16	
7786.316	 9.188443359853563e-16	
7789.596	 9.234867634610826e-16	
7792.876	  9.23431982839886e-16	
7796.156	 9.186073752730798e-16	
7799.436	 9.147199076188851e-16	
7802.717	 9.073689466980753e-16	
7805.997	 8.981534882058274e-16	
7809.277	  8.91640348550376e-16	
7812.557	 8.879831666588162e-16	
7815.837	  8.80214100702698e-16	
7819.117	 8.737463046706739e-16	
7822.397	 8.706778993716378e-16	
7825.677	 8.564576096722608e-16	
7828.957	 8.460811702837307e-16	
7832.237	 8.433535326724318e-16	
7835.517	 8.363002975227047e-16	
7838.797	 8.233513555593734e-16	
7842.077	 8.184765707849167e-16	
7845.357	 8.062215934136334e-16	
7848.638	 7.934444738609037e-16	
7851.918	 7.728961017306214e-16	
7855.198	 7.553204989829585e-16	
7858.478	 7.444811863623858e-16	
7861.758	 7.174815904888448e-16	
7865.038	  7.02052099136292e-16	
7868.318	 6.847263466588342e-16	
7871.598	 6.676998160618614e-16	
7874.878	 6.526118979944162e-16	
7878.158	 6.487012981871533e-16	
7881.438	 6.305584398052939e-16	
7884.718	 6.228244748774633e-16	
7887.998	 6.190633709251042e-16	
7891.278	 6.114333280580728e-16	
7894.559	  6.09089269880488e-16	
7897.839	 6.031286549358863e-16	
7901.119	 6.022202863579367e-16	
7904.399	 6.022653998106867e-16	
7907.679	 5.983451328349773e-16	
7910.959	 6.016567134545769e-16	
7914.239	   6.0762147147137e-16	
7917.519	 6.059704572031241e-16	
7920.799	 6.019658326741857e-16	
7924.079	  5.99450987854047e-16	
7927.359	 6.012773921783927e-16	
7930.639	 6.045391408463575e-16	
7933.919	 6.035411207896011e-16	
7937.199	 6.033605518932622e-16	
7940.480	 5.982673351460511e-16	
7943.760	 5.962863712119012e-16	
7947.040	 5.990157351032799e-16	
7950.320	 5.997728815462458e-16	
7953.600	 5.935315734606812e-16	
7956.880	 5.974383754517688e-16	
7960.160	 5.981150772430197e-16	
7963.440	 6.034611364792406e-16	
7966.720	 6.028994049412992e-16	
7970.000	 6.042206997143181e-16	
7973.280	 6.069898831328691e-16	
7976.560	 6.055112667019181e-16	
7979.840	 6.051787851585637e-16	
7983.120	6.1355619221477595e-16	
7986.400	 6.134163635283185e-16	
7989.681	 6.152305688067675e-16	
7992.961	 6.174490688798871e-16	
7996.241	6.1843788210955175e-16	
7999.521	 6.214266483542433e-16	
8002.801	 6.221461618914713e-16	
8006.081	 6.217055001297877e-16	
8009.361	 6.201928184385968e-16	
8012.641	 6.184556052517035e-16	
8015.921	 6.150581709694725e-16	
8019.201	 6.076581836943987e-16	
8022.481	 6.052639483091634e-16	
8025.761	 6.059888708573079e-16	
8029.041	 6.038826940747086e-16	
8032.321	 5.994615757052027e-16	
8035.602	  6.02638161222568e-16	
8038.882	 6.006069049954287e-16	
8042.162	 5.981950615533802e-16	
8045.442	 5.981296930810281e-16	
8048.722	 5.949172009380045e-16	
8052.002	 5.881616915593603e-16	
8055.282	 5.838192915614895e-16	
8058.562	 5.811956910963285e-16	
8061.842	 5.766960845258645e-16	
8065.122	 5.738445000048414e-16	
8068.402	 5.683168361042339e-16	
8071.682	 5.660877481799585e-16	
8074.962	 5.606086502922604e-16	
8078.242	 5.544505489065384e-16	
8081.523	 5.543673422066959e-16	
8084.803	  5.50403688058316e-16	
8088.083	 5.428989731250725e-16	
8091.363	 5.469508977281954e-16	
8094.643	 5.506759799695574e-16	
8097.923	 5.484674923209002e-16	
8101.203	 5.440203646648597e-16	
8104.483	 5.407293843208782e-16	
8107.763	 5.437982499612688e-16	
8111.043	  5.45759879558526e-16	
8114.323	  5.48197387031093e-16	
8117.603	    5.447711814142e-16	
8120.883	 5.423213598103976e-16	
8124.163	  5.37393175438808e-16	
8127.444	  5.30705566409966e-16	
8130.724	 5.278279726024086e-16	
8134.004	 5.199327731151319e-16	
8137.284	 5.126167981372711e-16	
8140.564	 4.991848430076337e-16	
8143.844	 4.881413689962993e-16	
8147.124	 4.824381999542533e-16	
8150.404	  4.67262356688081e-16	
8153.684	  4.56126814405828e-16	
8156.964	 4.469566995370075e-16	
8160.244	4.3944945272631366e-16	
8163.524	 4.484104575348105e-16	
8166.804	 4.499832137727757e-16	
8170.084	4.4119909512978095e-16	
8173.364	 4.444272388788606e-16	
8176.645	 4.482675215442096e-16	
8179.925	 4.539942830806784e-16	
8183.205	 4.567363063593084e-16	
8186.485	 4.626396088052635e-16	
8189.765	 4.690032526058109e-16	
8193.045	 4.748250746320032e-16	
8196.325	  4.85736315589231e-16	
8199.605	 4.999358899276513e-16	
8202.885	 5.079276460140538e-16	
8206.165	 5.009496766758026e-16	
8209.445	 5.046032909218643e-16	
8212.725	  4.97030790724157e-16	
8216.005	 4.829771445951424e-16	
8219.285	 4.566928041012994e-16	
8222.566	4.4423700281407525e-16	
8225.846	 4.558651103457421e-16	
8229.126	  4.81280211276776e-16	
8232.406	 5.015725185285662e-16	
8235.686	 5.078544517386735e-16	
8238.966	 5.144427421202622e-16	
8242.246	 5.133603645102767e-16	
8245.526	 5.104531937706867e-16	
8248.806	 5.097029524480395e-16	
8252.086	 5.054162537540746e-16	
8255.366	 5.050172528849815e-16	
8258.646	 5.105485995164259e-16	
8261.926	 5.058803929248425e-16	
8265.206	 4.999339334768944e-16	
8268.487	  4.89280598763577e-16	
8271.767	 4.828914060178496e-16	
8275.047	 4.865422582157837e-16	
8278.327	 4.858102003766431e-16	
8281.607	 4.872616566676731e-16	
8284.887	 4.784515287381439e-16	
8288.167	 4.859143526081196e-16	
8291.447	 4.851343041827627e-16	
8294.727	 4.792924573076457e-16	
8298.007	 4.769236557822515e-16	
8301.287	 4.805581658620977e-16	
8304.567	 4.893654166581606e-16	
8307.847	 4.902549112405719e-16	
8311.127	 4.879884205812359e-16	
8314.407	 4.898982617761014e-16	
8317.688	 4.957486249662783e-16	
8320.968	 5.044625415526976e-16	
8324.248	 5.135831697258995e-16	
8327.528	 5.187528031379728e-16	
8330.808	 5.189684730625993e-16	
8334.088	 5.260515153150363e-16	
8337.368	  5.19636083112097e-16	
8340.648	 5.214590348762832e-16	
8343.928	  5.17463156833082e-16	
8347.208	 5.088034454411659e-16	
8350.488	 4.937950513427266e-16	
8353.768	 4.933866134758645e-16	
8357.048	 4.810233408009134e-16	
8360.328	 4.828278789109158e-16	
8363.609	 4.747933110785363e-16	
8366.889	 4.682584202940804e-16	
8370.169	 4.589647037715518e-16	
8373.449	 4.518174439001493e-16	
8376.729	 4.418375885886007e-16	
8380.009	 4.325366216897373e-16	
8383.289	 4.173454720735248e-16	
8386.569	 4.008505206557677e-16	
8389.849	3.8569032899565153e-16	
8393.129	3.6651860768627796e-16	
8396.409	 3.539350616731544e-16	
8399.689	 3.461021233540864e-16	
8402.969	3.3657593444748866e-16	
8406.249	3.2682498387451114e-16	
8409.530	 3.258185625880334e-16	
8412.810	3.2538158355718645e-16	
8416.090	 3.229600729466915e-16	
8419.370	3.2589613010628223e-16	
8422.650	 3.245355912327842e-16	
8425.930	 3.252777765817259e-16	
8429.210	3.3272736563775703e-16	
8432.490	 3.389068728964676e-16	
8435.770	 3.430568502081186e-16	
8439.050	 3.458969261952768e-16	
8442.330	 3.591641942053088e-16	
8445.610	 3.659458279558263e-16	
8448.890	  3.78702001976922e-16	
8452.170	 3.969194356582254e-16	
8455.451	4.1535472588558967e-16	
8458.731	 4.353441285260581e-16	
8462.011	 4.561664037623229e-16	
8465.291	 4.880838263269752e-16	
8468.571	 5.224747780751914e-16	
8471.851	 5.649690036029601e-16	
8475.131	 6.105419921102431e-16	
8478.411	 6.578633570822685e-16	
8481.691	 7.132110037422905e-16	
8484.971	 7.686892722616782e-16	
8488.251	 8.282444389026754e-16	
8491.531	 8.918956078314977e-16	
8494.811	 9.540812800579747e-16	
8498.091	1.0193228132815752e-15	
8501.371	1.0940453068736846e-15	
8504.652	1.1811990885758863e-15	
8507.932	1.2696916580225815e-15	
8511.212	1.3778546135510126e-15	
8514.492	 1.491610716537742e-15	
8517.772	1.6091416186321296e-15	
8521.052	1.7308340065720332e-15	
8524.332	 1.845203514413757e-15	
8527.612	1.9488010345580173e-15	
8530.892	2.0256492694402963e-15	
8534.172	2.1031592450198014e-15	
8537.452	2.1513293643643567e-15	
8540.732	 2.166251329373471e-15	
8544.012	   2.1746767270159e-15	
8547.292	  2.16452504929375e-15	
8550.573	 2.129356120656272e-15	
8553.853	 2.075927752188885e-15	
8557.133	2.0342070152221698e-15	
8560.413	 1.972472937864548e-15	
8563.693	 1.890534478453863e-15	
8566.973	 1.833859552583212e-15	
8570.253	1.7554473079487053e-15	
8573.533	1.6719218217180632e-15	
8576.813	1.6178259582865165e-15	
8580.093	 1.544698432402731e-15	
8583.373	1.4938479755210613e-15	
8586.653	 1.455442847160799e-15	
8589.933	1.4241971777178355e-15	
8593.213	1.3901894601473177e-15	
8596.494	1.3718908913022673e-15	
8599.774	1.3555982599098536e-15	
8603.054	1.3432634133135485e-15	
8606.334	1.3550412468707968e-15	
8609.614	1.3538754323902914e-15	
8612.894	1.3776969466370647e-15	
8616.174	1.4154875192889463e-15	
8619.454	1.4550515570093953e-15	
8622.734	1.5096607010513124e-15	
8626.014	 1.581002102479279e-15	
8629.294	 1.673103748145979e-15	
8632.574	1.7865847971733397e-15	
8635.854	1.8990001559648186e-15	
8639.134	2.0283583783120727e-15	
8642.415	2.1734245985314085e-15	
8645.695	2.3106327918278508e-15	
8648.975	2.4422708547337243e-15	
8652.255	2.5591895028265038e-15	
8655.535	 2.668636810734248e-15	
8658.815	2.7622944101794707e-15	
8662.095	2.8557667222294693e-15	
8665.375	 2.916011595304985e-15	
8668.655	2.9548022595497184e-15	
8671.935	2.9620664461251877e-15	
8675.215	 2.992611245855784e-15	
8678.495	2.9997948726941995e-15	
8681.775	2.9780494979566377e-15	
8685.055	 2.973450687824259e-15	
8688.335	2.9544535509736148e-15	
8691.616	2.9164615789790994e-15	
8694.896	2.8915559608422604e-15	
8698.176	2.8566482759235142e-15	
8701.456	 2.828352243710102e-15	
8704.736	2.8111780586236436e-15	
8708.016	2.7871252228461877e-15	
8711.296	  2.77559597362042e-15	
8714.576	2.7705322187199025e-15	
8717.856	 2.738529287748635e-15	
8721.136	2.6907424025817776e-15	
8724.416	 2.644412497802206e-15	
8727.696	2.5902257169531276e-15	
8730.976	2.5382577814331847e-15	
8734.256	2.4830674564310947e-15	
8737.537	2.4323079169669567e-15	
8740.817	2.3862991002822133e-15	
8744.097	2.3397390248253456e-15	
8747.377	2.2842874561045243e-15	
8750.657	 2.229117846463391e-15	
8753.937	2.1964094423662102e-15	
8757.217	2.1402224783314273e-15	
8760.497	 2.077277703211227e-15	
8763.777	 2.023158822711951e-15	
8767.057	1.9543009628920107e-15	
8770.337	 1.892012174202105e-15	
8773.617	1.8342094120127025e-15	
8776.897	1.7834464199884054e-15	
8780.177	1.7256344509719111e-15	
8783.458	1.6674208341235351e-15	
8786.738	 1.607231202010571e-15	
8790.018	1.5670330440741707e-15	
8793.298	1.5401790311540196e-15	
8796.578	 1.488867082064371e-15	
8799.858	1.4543863637520092e-15	
8803.138	 1.434129042443168e-15	
8806.418	1.4060424655460955e-15	
8809.698	1.3793208007653897e-15	
8812.978	1.3513308955527815e-15	
8816.258	1.3281435015219593e-15	
8819.538	1.3192232369233438e-15	
8822.818	 1.304785781189938e-15	
8826.098	 1.271381110793936e-15	
8829.378	 1.257876997156966e-15	
8832.659	1.2377428171604784e-15	
8835.939	1.2212200150907685e-15	
8839.219	1.1958897320543185e-15	
8842.499	1.1748532830028296e-15	
8845.779	1.1533047041943562e-15	
8849.059	1.1337553878888784e-15	
8852.339	 1.120964688266188e-15	
8855.619	1.1067017019061726e-15	
8858.899	1.0938701469882623e-15	
8862.179	1.0762065039565339e-15	
8865.459	1.0572472301823045e-15	
8868.739	1.0518616966749274e-15	
8872.019	1.0376622374218456e-15	
8875.299	   1.0196986819976e-15	
8878.580	 1.007781480095249e-15	
8881.860	 9.934194052586574e-16	
8885.140	 9.867237402561101e-16	
8888.420	 9.665574514501397e-16	
8891.700	 9.455549525735519e-16	
8894.980	 9.252056780791307e-16	
8898.260	 9.049806957504497e-16	
8901.540	 8.846067929935579e-16	
8904.820	 8.676458610396146e-16	
8908.100	 8.489909879861097e-16	
8911.380	 8.357086437967147e-16	
8914.660	 8.244760845739815e-16	
8917.940	 8.062385109584147e-16	
8921.220	 7.809276773441961e-16	
8924.501	  7.70321987961079e-16	
8927.781	 7.603944964786153e-16	
8931.061	 7.620511499284549e-16	
8934.341	 7.506498755992634e-16	
8937.621	 7.393544797816283e-16	
8940.901	 7.259392120260948e-16	
8944.181	 7.045281601973062e-16	
8947.461	 6.854091479730334e-16	
8950.741	 6.713314490082414e-16	
8954.021	 6.618844388146336e-16	
8957.301	6.4242880197481515e-16	
8960.581	  6.26257355443998e-16	
8963.861	 6.231929781318146e-16	
8967.141	 6.233898891462415e-16	
8970.422	  6.24852623800459e-16	
8973.702	 6.281851499516925e-16	
8976.982	 6.086086735062935e-16	
8980.262	 5.830714670309541e-16	
8983.542	 5.782467443788092e-16	
8986.822	  6.02028554183749e-16	
8990.102	 6.280651159434825e-16	
8993.382	 6.374719613539022e-16	
8996.662	6.3461957123550855e-16	
8999.942	 6.371745808388355e-16	
9003.222	 6.450457274903347e-16	
9006.502	 6.500987794543574e-16	
9009.782	 6.484727387045983e-16	
9013.062	 6.486160199512151e-16	
9016.342	 6.473243021102287e-16	
9019.623	 6.444277192217943e-16	
9022.903	 6.507590240421817e-16	
9026.183	  6.60777893283532e-16	
9029.463	 6.590962663152057e-16	
9032.743	 6.502265241802568e-16	
9036.023	 6.394277215988883e-16	
9039.303	 6.313639220904921e-16	
9042.583	 6.222829983591238e-16	
9045.863	 6.141397899670606e-16	
9049.143	 5.966075743920681e-16	
9052.423	 5.826941022055269e-16	
9055.703	 5.638127412055626e-16	
9058.983	 5.462336858977403e-16	
9062.263	 5.281229363253637e-16	
9065.544	 5.227142706649182e-16	
9068.824	 5.213003321942875e-16	
9072.104	 5.174508427018467e-16	
9075.384	 5.199353049925821e-16	
9078.664	 5.233639274015868e-16	
9081.944	 5.236568195884462e-16	
9085.224	 5.315422368219378e-16	
9088.504	  5.41530723533885e-16	
9091.784	 5.450127455400225e-16	
9095.064	 5.438423276459711e-16	
9098.344	 5.557382387606722e-16	
9101.624	 5.697123609206809e-16	
9104.904	 5.772522919675508e-16	
9108.184	 5.803566038922451e-16	
9111.465	 5.808098099558413e-16	
9114.745	 5.876873097934526e-16	
9118.025	 5.860966002426584e-16	
9121.305	 5.709965982146552e-16	
9124.585	 5.468310938906626e-16	
9127.865	 5.313270272386658e-16	
9131.145	 5.415080517221713e-16	
9134.425	 5.529559356135153e-16	
9137.705	 5.675759166940173e-16	
9140.985	  5.56582389719656e-16	
9144.265	 5.302764131821471e-16	
9147.545	 5.130107352514637e-16	
9150.825	 5.097034127893942e-16	
9154.105	 5.215742353002699e-16	
9157.386	 5.293087756547938e-16	
9160.666	 5.227147310062728e-16	
9163.946	 5.056074105015691e-16	
9167.226	 4.844509274418702e-16	
9170.506	 4.775155396789189e-16	
9173.786	  4.75438019145643e-16	
9177.066	 4.769750989286272e-16	
9180.346	 4.788496089245277e-16	
9183.626	 4.759448549770493e-16	
9186.906	 4.731010962590544e-16	
9190.186	 4.643096121543862e-16	
9193.466	 4.745721170576547e-16	
9196.746	 4.769152545525302e-16	
9200.026	 4.793682985458148e-16	
9203.306	 4.785716778316925e-16	
9206.587	 4.821029563627714e-16	
9209.867	 4.929869220947395e-16	
9213.147	 5.034059430585693e-16	
9216.427	 5.265889638465229e-16	
9219.707	 5.336256267074847e-16	
9222.987	 5.452917124009054e-16	
9226.267	 5.513338077652701e-16	
9229.547	 5.560096099892043e-16	
9232.827	 5.627721395735063e-16	
9236.107	 5.627499281031472e-16	
9239.387	  5.67070692057352e-16	
9242.667	 5.766056274496871e-16	
9245.947	 5.893235931383516e-16	
9249.227	 6.006540899842744e-16	
9252.508	 6.185166004811871e-16	
9255.788	  6.27584519569288e-16	
9259.068	 6.567052533194524e-16	
9262.348	 6.767726838195243e-16	
9265.628	 6.798918417529041e-16	
9268.908	 6.754261853573413e-16	
9272.188	 6.609658276415444e-16	
9275.468	 6.523038145428554e-16	
9278.748	 6.481640798263439e-16	
9282.028	 6.481590160714434e-16	
9285.308	 6.427296350500413e-16	
9288.588	 6.196651521608953e-16	
9291.868	 5.965913473593186e-16	
9295.148	 5.875930549010999e-16	
9298.429	 5.699815455277789e-16	
9301.709	 5.472244555781619e-16	
9304.989	 5.221569123698454e-16	
9308.269	 4.972511791476681e-16	
9311.549	 4.738508772403469e-16	
9314.829	 4.550538737936115e-16	
9318.109	  4.63456714709665e-16	
9321.389	 4.729066020367391e-16	
