3302.460	 4.547742401814873e-16	
3305.741	 3.765032399640448e-16	
3309.021	 5.920875307245261e-16	
3312.301	2.9361779076255864e-16	
3315.581	 2.615351156767935e-16	
3318.861	2.0633342452865415e-16	
3322.141	 3.732331069901615e-16	
3325.421	 3.625271723033276e-16	
3328.701	3.0386694754157997e-16	
3331.981	 2.920716096929617e-16	
3335.261	2.9683153515163445e-16	
3338.541	3.4240970947427236e-16	
3341.821	 4.635677210880715e-16	
3345.101	2.1282742551545657e-16	
3348.381	 2.946046416148097e-16	
3351.661	 3.575469567898233e-16	
3354.942	 3.865079112272489e-16	
3358.222	2.8405400331773304e-16	
3361.502	3.0146066339025083e-16	
3364.782	 2.423928615325694e-16	
3368.062	  2.39880279330885e-16	
3371.342	3.2228445145485763e-16	
3374.622	2.7687706266645725e-16	
3377.902	3.3731337599528464e-16	
3381.182	2.2460109880905003e-16	
3384.462	2.1677371532583818e-16	
3387.742	 3.275214020690296e-16	
3391.022	 1.841803034171753e-16	
3394.302	2.2014093385237932e-16	
3397.582	2.1915884110333462e-16	
3400.863	1.5496129780798239e-16	
3404.143	2.8649602386122924e-16	
3407.423	 2.685220359085293e-16	
3410.703	1.6362317160460272e-16	
3413.983	 2.958033799141024e-16	
3417.263	1.6765237389426142e-16	
3420.543	 1.938506926210715e-16	
3423.823	1.7705418335759322e-16	
3427.103	1.8986380707907804e-16	
3430.383	 1.487091501947979e-16	
3433.663	 1.355403402993505e-16	
3436.943	1.4934754591436042e-16	
3440.223	1.8346689164493347e-16	
3443.503	2.0129904762758786e-16	
3446.784	1.6127813537752597e-16	
3450.064	1.2238094537407745e-16	
3453.344	1.5038369881472866e-16	
3456.624	1.7326551837045283e-16	
3459.904	2.0009271661041264e-16	
3463.184	 1.549219169112317e-16	
3466.464	 1.351869245909787e-16	
3469.744	 1.504933376609523e-16	
3473.024	1.0284386989996221e-16	
3476.304	1.6466894194762218e-16	
3479.584	 5.367061452531671e-17	
3482.864	 8.900376250746138e-17	
3486.144	 1.927064194180561e-16	
3489.424	1.4808816710824597e-16	
3492.705	 1.731755193544853e-16	
3495.985	1.6423281623245006e-16	
3499.265	 8.565711518456993e-17	
3502.545	1.1846482396274913e-16	
3505.825	1.2730335499543612e-16	
3509.105	1.3274905473325828e-16	
3512.385	 7.163222128605619e-17	
3515.665	1.0732974886119504e-16	
3518.945	1.2203228776891202e-16	
3522.225	1.2349079825602542e-16	
3525.505	 1.062346764700584e-16	
3528.785	 1.185782085497948e-16	
3532.065	 1.521068408291076e-16	
3535.345	1.1075143248401351e-16	
3538.625	1.1340058237134492e-16	
3541.906	1.0905339705676615e-16	
3545.186	 1.099679652347756e-16	
3548.466	1.0703424028120727e-16	
3551.746	 1.081509772273687e-16	
3555.026	1.2439645764505274e-16	
3558.306	1.2072563163944908e-16	
3561.586	1.2298988134825578e-16	
3564.866	 7.552344870635371e-17	
3568.146	 8.947237493154684e-17	
3571.426	1.4264955390711416e-16	
3574.706	 1.149490918744258e-16	
3577.986	 9.400236252186523e-17	
3581.266	 6.677334752793846e-17	
3584.546	  9.22470273836644e-17	
3587.827	 9.268113849769169e-17	
3591.107	1.0224819587301868e-16	
3594.387	1.1689859811794233e-16	
3597.667	1.0633935474059879e-16	
3600.947	 1.199822539406309e-16	
3604.227	 1.285266937006682e-16	
3607.507	1.1989751920906191e-16	
3610.787	1.1396750530657325e-16	
3614.067	 9.558265008019043e-17	
3617.347	 1.111209447542963e-16	
3620.627	1.0673407483425154e-16	
3623.907	1.1028321488125795e-16	
3627.187	 1.229532338299428e-16	
3630.467	1.0825859134882367e-16	
3633.748	  9.46863449195944e-17	
3637.028	  8.85276282308603e-17	
3640.308	1.0442548365301091e-16	
3643.588	 9.537989414185555e-17	
3646.868	 8.935548757065137e-17	
3650.148	 8.921793789349158e-17	
3653.428	  8.65019012234271e-17	
3656.708	 8.414097090691626e-17	
3659.988	 1.110742748483784e-16	
3663.268	 9.509769812722179e-17	
3666.548	 6.658325624303162e-17	
3669.828	  8.21879517659261e-17	
3673.108	 7.891846670396874e-17	
3676.388	 8.870401212908323e-17	
3679.668	 7.695493924142917e-17	
3682.949	 7.431832240041586e-17	
3686.229	 8.469589734789024e-17	
3689.509	 8.949947587257552e-17	
3692.789	 7.757322944403876e-17	
3696.069	 7.894010088812203e-17	
3699.349	 7.763327265705374e-17	
3702.629	  8.76829737991131e-17	
3705.909	 8.560098981398233e-17	
3709.189	 9.170156653098398e-17	
3712.469	1.0312662271390734e-16	
3715.749	 9.702307977511958e-17	
3719.029	 9.042421829254758e-17	
3722.309	 8.160856664974654e-17	
3725.589	 9.185034330698606e-17	
3728.870	1.0000087286327809e-16	
3732.150	 9.043159841432939e-17	
3735.430	  7.75994800006646e-17	
3738.710	 7.316214381576068e-17	
3741.990	  8.05513363645364e-17	
3745.270	 7.953576479144169e-17	
3748.550	 9.341115301303663e-17	
3751.830	 8.891344965915473e-17	
3755.110	 9.831493516652353e-17	
3758.390	 9.523882144359828e-17	
3761.670	 9.855236451652193e-17	
3764.950	 9.440071699647774e-17	
3768.230	 7.997341917381415e-17	
3771.510	 8.841209743555983e-17	
3774.791	 9.860989707082377e-17	
3778.071	 9.650191561966324e-17	
3781.351	 8.682024869880551e-17	
3784.631	 8.624053962666298e-17	
3787.911	 7.714127466189011e-17	
3791.191	  8.39995033873291e-17	
3794.471	  8.14201052682785e-17	
3797.751	 8.231305950938239e-17	
3801.031	 7.951685386210228e-17	
3804.311	 7.442964176819749e-17	
3807.591	 7.573838336417216e-17	
3810.871	 7.518392260989497e-17	
3814.151	 7.698575555240837e-17	
3817.431	 6.439323294424446e-17	
3820.712	 6.791864321696201e-17	
3823.992	 7.355190333373018e-17	
3827.272	 6.511061317703288e-17	
3830.552	 6.393065419996965e-17	
3833.832	 5.620931567651701e-17	
3837.112	 5.960104349638296e-17	
3840.392	  5.92049668371352e-17	
3843.672	 5.690293576414505e-17	
3846.952	 5.046143589059429e-17	
3850.232	 5.437713210972122e-17	
3853.512	5.4470735135776956e-17	
3856.792	 5.307882796992905e-17	
3860.072	5.2601266262366055e-17	
3863.352	 5.617620130292537e-17	
3866.632	 5.630692765761471e-17	
3869.913	 5.745671823562474e-17	
3873.193	  5.37819237694745e-17	
3876.473	4.9775307284610323e-17	
3879.753	 5.093688176077402e-17	
3883.033	 5.845162749245513e-17	
3886.313	 6.130938477270287e-17	
3889.593	 5.999382997788162e-17	
3892.873	 6.229749095431054e-17	
3896.153	  6.28445918340536e-17	
3899.433	 6.032582409820088e-17	
3902.713	 6.426515897900206e-17	
3905.993	 7.630622754917027e-17	
3909.273	 8.041291605572609e-17	
3912.553	 8.266654608312111e-17	
3915.834	 8.673384356930239e-17	
3919.114	 8.897239952079465e-17	
3922.394	 9.251760147812599e-17	
3925.674	 9.662723595922022e-17	
3928.954	1.0931205564596408e-16	
3932.234	1.0748423536104477e-16	
3935.514	 1.206841247816913e-16	
3938.794	1.3055556915511669e-16	
3942.074	1.3805241631984277e-16	
3945.354	1.4925177643280218e-16	
3948.634	1.6684764703495246e-16	
3951.914	1.8240826429963293e-16	
3955.194	2.0968626750933774e-16	
3958.474	 2.315466134192665e-16	
3961.755	2.4826689179520426e-16	
3965.035	 2.606680272946094e-16	
3968.315	 2.679498486889024e-16	
3971.595	2.7289594759005453e-16	
3974.875	 2.700428066822794e-16	
3978.155	2.6797525898474926e-16	
3981.435	2.5937544300228876e-16	
3984.715	2.5706583945866374e-16	
3987.995	 2.571728461626881e-16	
3991.275	  2.62551021329475e-16	
3994.555	2.6298147781529485e-16	
3997.835	2.5891056619540145e-16	
4001.115	2.5521696203615027e-16	
4004.395	 2.509996628154818e-16	
4007.676	2.4900095576008654e-16	
4010.956	2.3892126844420316e-16	
4014.236	   2.2650191042188e-16	
4017.516	2.2591028584447383e-16	
4020.796	2.1486571594007941e-16	
4024.076	2.0380494823753564e-16	
4027.356	1.8728015703801323e-16	
4030.636	1.8058408851929723e-16	
4033.916	1.6867192405152659e-16	
4037.196	1.5201248865488743e-16	
4040.476	 1.409394713674932e-16	
4043.756	1.3552394002872426e-16	
4047.036	1.2948266750019702e-16	
4050.316	1.2137111389570193e-16	
4053.596	1.1798810251596513e-16	
4056.877	1.1249056982406496e-16	
4060.157	 1.155691638348318e-16	
4063.437	1.1985996056460306e-16	
4066.717	1.2681094193169493e-16	
4069.997	1.3792192280850179e-16	
4073.277	1.5003433255589418e-16	
4076.557	1.6762655865346086e-16	
4079.837	1.9700531504690205e-16	
4083.117	 2.320772937811356e-16	
4086.397	2.6840196972974702e-16	
4089.677	3.1797816558060604e-16	
4092.957	3.5329807186276363e-16	
4096.237	 3.872954279260241e-16	
4099.517	4.0598313135968117e-16	
4102.798	4.0722945069103773e-16	
4106.078	  4.16333018195944e-16	
4109.358	4.1556959572191594e-16	
4112.638	4.1150415085889797e-16	
4115.918	 4.052264917136282e-16	
4119.198	 4.055934730779501e-16	
4122.478	3.9913166521496956e-16	
4125.758	 3.902150810424502e-16	
4129.038	 3.960902249037078e-16	
4132.318	 3.829177705036768e-16	
4135.598	3.7688864632376164e-16	
4138.878	 3.579989765944295e-16	
4142.158	3.5064365769103366e-16	
4145.438	 3.343771201357554e-16	
4148.719	 3.222662289319396e-16	
4151.999	3.1033391845272067e-16	
4155.279	 3.073944230335616e-16	
4158.559	 3.084472799132714e-16	
4161.839	 3.051754259233347e-16	
4165.119	2.9947086512383776e-16	
4168.399	2.9986426914639085e-16	
4171.679	 2.999170132266148e-16	
4174.959	2.8332479869229557e-16	
4178.239	 2.758749251422027e-16	
4181.519	  2.70797725312279e-16	
4184.799	 2.627308168889332e-16	
4188.079	 2.512026414735413e-16	
4191.359	 2.459658933318461e-16	
4194.639	2.3888411474469803e-16	
4197.920	 2.353300141220084e-16	
4201.200	2.2783002863389086e-16	
4204.480	 2.293043319741999e-16	
4207.760	2.2580267172301885e-16	
4211.040	2.2777748702614376e-16	
4214.320	2.2762927717307696e-16	
4217.600	 2.310543015917637e-16	
4220.880	 2.325311358380336e-16	
4224.160	 2.338605701211441e-16	
4227.440	2.2659403539885455e-16	
4230.720	 2.272734317949827e-16	
4234.000	2.2271041082006346e-16	
4237.280	2.1381447884018453e-16	
4240.560	1.9862408249945587e-16	
4243.841	1.8618184508724672e-16	
4247.121	 1.738908546152574e-16	
4250.401	1.6595828668031298e-16	
4253.681	1.5712066677377185e-16	
4256.961	 1.421843733915116e-16	
4260.241	1.3229905965342079e-16	
4263.521	1.2554559018751292e-16	
4266.801	1.1532731046121385e-16	
4270.081	1.0903163126550291e-16	
4273.361	1.0426563163252419e-16	
4276.641	1.0104309993795237e-16	
4279.921	1.0177370162348024e-16	
4283.201	1.0061186393309661e-16	
4286.481	 9.817934947238936e-17	
4289.762	1.0096428752633178e-16	
4293.042	1.0524235886093192e-16	
4296.322	 1.111721702909437e-16	
4299.602	1.1671323456537037e-16	
4302.882	 1.274241298278875e-16	
4306.162	1.4003958244405658e-16	
4309.442	1.5842722166699636e-16	
4312.722	1.8501631227416026e-16	
4316.002	 2.002413314084332e-16	
4319.282	 2.253098537143239e-16	
4322.562	2.4807474541465723e-16	
4325.842	 2.667245864951401e-16	
4329.122	 2.904921219009201e-16	
4332.402	2.9951085343801902e-16	
4335.683	3.0449106895152334e-16	
4338.963	3.1669135175387615e-16	
4342.243	 3.166058071323997e-16	
4345.523	3.0638428784647074e-16	
4348.803	3.0094810431506135e-16	
4352.083	2.9117870606997703e-16	
4355.363	2.8160519994626184e-16	
4358.643	 2.810130691876635e-16	
4361.923	 2.771897814069788e-16	
4365.203	2.8448658576455993e-16	
4368.483	 2.876526478853335e-16	
4371.763	 2.912044200745392e-16	
4375.043	  3.04410687378207e-16	
4378.323	 3.039483414772806e-16	
4381.603	 3.111765076652038e-16	
4384.884	 3.144756954395175e-16	
4388.164	3.2477000358088025e-16	
4391.444	3.2792837174753283e-16	
4394.724	3.3571131252207237e-16	
4398.004	3.4110173727370977e-16	
4401.284	3.3814948608850807e-16	
4404.564	3.4179085234872746e-16	
4407.844	  3.39722292288813e-16	
4411.124	3.3907772115870606e-16	
4414.404	3.3938780775702827e-16	
4417.684	 3.369853705827597e-16	
4420.964	 3.296682177412533e-16	
4424.244	  3.26228817776709e-16	
4427.524	 3.218207894828316e-16	
4430.805	 3.221623605513067e-16	
4434.085	 3.180186600759795e-16	
4437.365	 3.202999174728431e-16	
4440.645	 3.216736932283875e-16	
4443.925	 3.157354791905857e-16	
4447.205	3.1596670275916816e-16	
4450.485	3.2036076045214165e-16	
4453.765	 3.273980963306175e-16	
4457.045	 3.313316303749564e-16	
4460.325	 3.300148506216501e-16	
4463.605	 3.248328712849476e-16	
4466.885	 3.200381205602537e-16	
4470.165	3.1087816447053985e-16	
4473.445	 3.055176044092404e-16	
4476.726	2.9495542518098224e-16	
4480.006	 2.865564618955741e-16	
4483.286	2.7957308493218346e-16	
4486.566	 2.753486991748247e-16	
4489.846	 2.710193314382102e-16	
4493.126	2.7002053470982397e-16	
4496.406	2.6703274960493207e-16	
4499.686	2.6947962948787304e-16	
4502.966	 2.626732134692644e-16	
4506.246	 2.636053967527613e-16	
4509.526	2.6652980797239377e-16	
4512.806	2.6399404267210804e-16	
4516.086	 2.670592734994017e-16	
4519.366	2.7303140167707876e-16	
4522.647	 2.831421685181613e-16	
4525.927	2.8614675883863317e-16	
4529.207	 2.968891385713031e-16	
4532.487	 3.078082767762783e-16	
4535.767	 3.205063381630092e-16	
4539.047	3.3302176937560596e-16	
4542.327	3.5333066993153924e-16	
4545.607	 3.731095987792725e-16	
4548.887	 3.951248361340047e-16	
4552.167	 4.215130740441163e-16	
4555.447	  4.51882528266869e-16	
4558.727	 4.845648255928766e-16	
4562.007	  5.15162770005774e-16	
4565.287	 5.476574765819642e-16	
4568.567	 5.833876933384933e-16	
4571.848	 6.185115050268049e-16	
4575.128	 6.569327834733769e-16	
4578.408	 6.968775660721366e-16	
4581.688	 7.364824986184746e-16	
4584.968	 7.631565264296845e-16	
4588.248	 7.832917056004656e-16	
4591.528	 8.053485510491941e-16	
4594.808	  8.04006158527564e-16	
4598.088	 8.015604934794843e-16	
4601.368	 7.924326292773539e-16	
4604.648	 7.835869104717381e-16	
4607.928	 7.730585441471168e-16	
4611.208	 7.822923014546487e-16	
4614.488	 7.924447776259658e-16	
4617.769	 8.152742580464198e-16	
4621.049	  8.35883830230501e-16	
4624.329	 8.543160133983516e-16	
4627.609	 8.649672805164313e-16	
4630.889	 8.759553605997798e-16	
4634.169	 8.763590907186531e-16	
4637.449	 8.649785177388975e-16	
4640.729	 8.560921019654314e-16	
4644.009	 8.499463536388406e-16	
4647.289	  8.34424914798434e-16	
4650.569	 8.401420288914966e-16	
4653.849	 8.448100318456716e-16	
4657.129	 8.538069975915073e-16	
4660.409	 8.758261831595385e-16	
4663.690	 8.900555438888166e-16	
4666.970	 8.951566354710107e-16	
4670.250	 8.797208424883188e-16	
4673.530	 8.485316784429689e-16	
4676.810	 8.155302844934186e-16	
4680.090	7.8917282239979075e-16	
4683.370	 7.772253264848068e-16	
4686.650	  7.66841829217384e-16	
4689.930	 7.630439517325463e-16	
4693.210	 7.580247602672449e-16	
4696.490	  7.66098957699758e-16	
4699.770	 7.634588178376473e-16	
4703.050	 7.642520037657747e-16	
4706.330	 7.664906407062577e-16	
4709.610	  7.57553201868621e-16	
4712.891	 7.517485184293133e-16	
4716.171	 7.298256085240324e-16	
4719.451	 7.219654244995681e-16	
4722.731	 7.010662154373283e-16	
4726.011	 6.773840221805479e-16	
4729.291	 6.540300368087692e-16	
4732.571	 6.219744930349042e-16	
4735.851	 5.857223022330113e-16	
4739.131	 5.415454399227717e-16	
4742.411	  4.98662579212191e-16	
4745.691	 4.478261946653101e-16	
4748.971	 4.059760448229908e-16	
4752.251	3.6645139261373063e-16	
4755.531	3.3633847101916874e-16	
4758.812	3.0338961867736534e-16	
4762.092	2.7251904507436613e-16	
4765.372	 2.511672087900895e-16	
4768.652	 2.260622414383627e-16	
4771.932	2.0304405666946846e-16	
4775.212	  1.90399346780392e-16	
4778.492	1.7437668732350042e-16	
4781.772	1.5923964248042628e-16	
4785.052	1.5231680478761893e-16	
4788.332	 1.461602241835158e-16	
4791.612	 1.399107087125306e-16	
4794.892	 1.377076056917378e-16	
4798.172	1.3969345574485198e-16	
4801.452	1.4582037413109407e-16	
4804.733	1.5245043662235133e-16	
4808.013	 1.619460920787111e-16	
4811.293	 1.798227920062763e-16	
4814.573	1.9876388974473274e-16	
4817.853	2.3039616480570667e-16	
4821.133	2.7427620246485875e-16	
4824.413	3.2719552261751177e-16	
4827.693	3.9046533702385817e-16	
4830.973	 4.614701062277265e-16	
4834.253	 5.495992888713598e-16	
4837.533	 6.499245023953315e-16	
4840.813	 7.454624566762535e-16	
4844.093	 8.467649036098252e-16	
4847.373	  9.34033983171726e-16	
4850.654	1.0152172462601892e-15	
4853.934	1.0618051508249642e-15	
4857.214	 1.079905177894514e-15	
4860.494	1.0670512127005951e-15	
4863.774	1.0403380064651115e-15	
4867.054	 1.012245051536016e-15	
4870.334	 9.902652468647355e-16	
4873.614	  9.61732218007169e-16	
4876.894	 9.256943443220402e-16	
4880.174	  9.01425993244729e-16	
4883.454	 8.821409960043134e-16	
4886.734	 8.713342300239995e-16	
4890.014	 8.477435543267631e-16	
4893.294	 8.327610972197771e-16	
4896.574	 8.229973682040451e-16	
4899.855	 8.245821202804852e-16	
4903.135	 8.489776240732691e-16	
4906.415	 8.787928098905977e-16	
4909.695	 9.334453956814731e-16	
4912.975	 9.741155359286097e-16	
4916.255	1.0323352818169328e-15	
4919.535	1.0885568268310523e-15	
4922.815	1.1285775366086374e-15	
4926.095	1.1614205970812777e-15	
4929.375	1.1830983128170721e-15	
4932.655	1.1851463219205846e-15	
4935.935	1.1813995687361558e-15	
4939.215	1.1653232540728944e-15	
4942.495	1.1517009058292644e-15	
4945.776	 1.119275951021355e-15	
4949.056	1.0825879382130053e-15	
4952.336	 1.051192555949966e-15	
4955.616	1.0102833969438875e-15	
4958.896	 9.618920700276556e-16	
4962.176	 9.083753548320058e-16	
4965.456	 8.624655305922593e-16	
4968.736	 8.247435920807868e-16	
4972.016	 7.855276091625109e-16	
4975.296	 7.486227483314362e-16	
4978.576	 7.241068746511548e-16	
4981.856	 7.066844217254413e-16	
4985.136	 7.003649520136985e-16	
4988.416	 7.037868381089938e-16	
4991.697	 7.193995920364676e-16	
4994.977	 7.553139575107074e-16	
4998.257	 7.904001093183218e-16	
5001.537	 8.358247082672559e-16	
5004.817	  8.92086241595557e-16	
5008.097	 9.820094316204726e-16	
5011.377	1.0498876208365566e-15	
5014.657	1.1037645345685532e-15	
5017.937	1.1538622995198225e-15	
5021.217	1.2007893454833501e-15	
5024.497	1.2199776621160616e-15	
5027.777	1.2496621519495722e-15	
5031.057	 1.267087945671154e-15	
5034.337	1.2873189955597319e-15	
5037.618	1.3064455580869987e-15	
5040.898	1.3091050340706503e-15	
5044.178	1.3029994765307177e-15	
5047.458	 1.273818130802222e-15	
5050.738	1.2611210817778756e-15	
5054.018	1.2193378490891609e-15	
5057.298	1.1720989955112576e-15	
5060.578	1.1293955254151814e-15	
5063.858	 1.084200631491253e-15	
5067.138	1.0428152572195827e-15	
5070.418	1.0145733837837512e-15	
5073.698	 9.836276928918343e-16	
5076.978	 9.521635712228985e-16	
5080.258	  9.26810271378294e-16	
5083.538	  8.84541104745098e-16	
5086.819	 8.476072903498314e-16	
5090.099	 8.071374966185548e-16	
5093.379	 7.708362062410216e-16	
5096.659	  7.28219293128806e-16	
5099.939	 6.875207054986694e-16	
5103.219	 6.547912320855517e-16	
5106.499	 6.185428882607192e-16	
5109.779	  5.74074263111314e-16	
5113.059	 5.446578468371756e-16	
5116.339	 5.257172552799113e-16	
5119.619	 5.037623547232854e-16	
5122.899	 4.873148067736878e-16	
5126.179	 4.773862651617859e-16	
5129.459	 4.716800845824741e-16	
5132.740	 4.707410172347636e-16	
5136.020	 4.845251409874106e-16	
5139.300	 4.950251611652705e-16	
5142.580	 5.086113680717798e-16	
5145.860	 5.337430617904531e-16	
5149.140	 5.560132119935612e-16	
5152.420	 5.852911370935224e-16	
5155.700	 6.131548931788043e-16	
5158.980	6.5085223128433725e-16	
5162.260	 6.803897260996425e-16	
5165.540	 7.171495154010416e-16	
5168.820	  7.43930144971322e-16	
5172.100	 7.689223351534337e-16	
5175.380	 7.958088578291155e-16	
5178.661	 8.251128006423543e-16	
5181.941	 8.466734872865196e-16	
5185.221	 8.579927111057844e-16	
5188.501	 8.786442963288155e-16	
5191.781	 8.848089758319934e-16	
5195.061	 8.892767335065466e-16	
5198.341	 8.886869311814322e-16	
5201.621	 8.823200829101024e-16	
5204.901	 8.762132092990703e-16	
5208.181	 8.704633959009935e-16	
5211.461	 8.631370305617896e-16	
5214.741	  8.60578183399141e-16	
5218.021	 8.687377229806537e-16	
5221.301	 8.679647843002129e-16	
5224.581	8.7086317780656785e-16	
5227.862	 8.656751242955593e-16	
5231.142	 8.653273778165398e-16	
5234.422	 8.576977087069888e-16	
5237.702	 8.500627753130393e-16	
5240.982	 8.301594271282712e-16	
5244.262	 8.236252353548105e-16	
5247.542	 8.126903042966397e-16	
5250.822	 8.219214294619724e-16	
5254.102	 8.273339237135883e-16	
5257.382	 8.367006042021836e-16	
5260.662	 8.557947711331517e-16	
5263.942	  8.70722661907622e-16	
5267.222	 8.997011302142966e-16	
5270.502	 9.132979669258412e-16	
5273.783	  9.22377338969762e-16	
5277.063	 9.384563870114611e-16	
5280.343	 9.365889833573142e-16	
5283.623	 9.312778265803704e-16	
5286.903	 9.117459141544153e-16	
5290.183	 8.996103213084216e-16	
5293.463	 8.897396868249037e-16	
5296.743	 8.825602152676671e-16	
5300.023	 8.831431335285679e-16	
5303.303	  8.94130909903201e-16	
5306.583	 9.158501324967533e-16	
5309.863	 9.357563152961977e-16	
5313.143	 9.716379814654234e-16	
5316.423	 9.955546378504163e-16	
5319.704	1.0173371330929895e-15	
5322.984	 1.028658381637023e-15	
5326.264	1.0567757344995811e-15	
5329.544	1.0869289481170396e-15	
5332.824	 1.084687577798119e-15	
5336.104	1.0871547049287466e-15	
5339.384	1.0831315768133938e-15	
5342.664	1.0783613252584008e-15	
5345.944	1.0718467733151965e-15	
5349.224	 1.063429992451824e-15	
5352.504	1.0694697464367747e-15	
5355.784	1.0698787408400465e-15	
5359.064	1.0848991615364451e-15	
5362.344	1.0954338045078494e-15	
5365.625	1.0932390028586083e-15	
5368.905	1.0931043586614913e-15	
5372.185	1.0900520860727174e-15	
5375.465	1.0950683416871039e-15	
5378.745	1.0866444742870411e-15	
5382.025	 1.084477006422177e-15	
5385.305	1.0782084585383663e-15	
5388.585	 1.069913161161114e-15	
5391.865	1.0720644312278288e-15	
5395.145	1.0651044398355165e-15	
5398.425	1.0572100379624615e-15	
5401.705	 1.048907654048519e-15	
5404.985	1.0428436033663441e-15	
5408.265	1.0559435726196567e-15	
5411.545	1.0654780015553366e-15	
5414.826	1.0772497513603997e-15	
5418.106	 1.111830025684561e-15	
5421.386	1.1385847387778024e-15	
5424.666	1.1669845407455904e-15	
5427.946	1.1838930172887762e-15	
5431.226	 1.203157261100313e-15	
5434.506	1.2151385699189336e-15	
5437.786	1.2398351502848193e-15	
5441.066	1.2611838482457043e-15	
5444.346	1.2662557837912296e-15	
5447.626	1.2730882175231157e-15	
5450.906	1.2798720578605537e-15	
5454.186	1.2642108117748701e-15	
5457.466	1.2581315756569303e-15	
5460.747	 1.248930213945697e-15	
5464.027	1.2306621347203474e-15	
5467.307	1.2244867241758957e-15	
5470.587	1.2138731169385132e-15	
5473.867	1.2005625763092587e-15	
5477.147	1.1919990029001574e-15	
5480.427	1.1933768281052392e-15	
5483.707	1.1864998504284423e-15	
5486.987	1.1878807127206773e-15	
5490.267	1.1952476737914928e-15	
5493.547	 1.184274677907671e-15	
5496.827	1.1914452406759255e-15	
5500.107	1.1790033069724315e-15	
5503.387	1.1605449036188267e-15	
5506.668	1.1460924182200409e-15	
5509.948	1.1388135326766623e-15	
5513.228	 1.148973601565862e-15	
5516.508	1.1696966595732275e-15	
5519.788	1.2033901044487103e-15	
5523.068	1.2534939435742854e-15	
5526.348	1.3076188860904445e-15	
5529.628	1.3678878559171411e-15	
5532.908	1.4153534786691358e-15	
5536.188	1.4529961492059147e-15	
5539.468	1.4880087022681876e-15	
5542.748	1.5045830992245426e-15	
5546.028	1.4974398702406652e-15	
5549.308	 1.488476413689751e-15	
5552.589	1.4883275964192538e-15	
5555.869	1.4827656774797095e-15	
5559.149	1.4681643748104263e-15	
5562.429	 1.456740877665575e-15	
5565.709	 1.453770606429932e-15	
5568.989	1.4374654978678106e-15	
5572.269	1.4478098167109594e-15	
5575.549	1.4182700946984089e-15	
5578.829	1.4075147567272192e-15	
5582.109	 1.398463224648868e-15	
5585.389	1.3768341023075215e-15	
5588.669	1.3665596364688919e-15	
5591.949	1.3533665298762204e-15	
5595.229	 1.345377978301422e-15	
5598.509	1.3402351773889934e-15	
5601.790	1.3244473860052679e-15	
5605.070	1.3147135216798738e-15	
5608.350	 1.296718780298295e-15	
5611.630	1.2775193276793558e-15	
5614.910	1.2498595626145178e-15	
5618.190	 1.223961308098425e-15	
5621.470	1.2049673650435063e-15	
5624.750	1.1667284130623531e-15	
5628.030	1.1365286307752152e-15	
5631.310	1.1114584886895095e-15	
5634.590	1.0821799561721177e-15	
5637.870	 1.061503466834432e-15	
5641.150	 1.046277536574013e-15	
5644.430	 1.041696596784891e-15	
5647.711	1.0539127736766778e-15	
5650.991	1.0452732730887515e-15	
5654.271	1.0484753753104072e-15	
5657.551	1.0544260414055363e-15	
5660.831	1.0528214470263631e-15	
5664.111	1.0587994469058695e-15	
5667.391	1.0803739016784616e-15	
5670.671	1.0916698411628868e-15	
5673.951	 1.108016456582766e-15	
5677.231	1.1179629170088708e-15	
5680.511	1.1391121795800417e-15	
5683.791	1.1454799389775174e-15	
5687.071	1.1566716051363558e-15	
5690.351	1.1459780212706109e-15	
5693.632	1.1414760457474669e-15	
5696.912	 1.125812774937015e-15	
5700.192	1.1022925596617283e-15	
5703.472	 1.079403046151883e-15	
5706.752	1.0472939484078868e-15	
5710.032	 1.027499226706958e-15	
5713.312	 9.945604979889978e-16	
5716.592	  9.54513871734374e-16	
5719.872	 9.107220108388973e-16	
5723.152	 8.781416584049926e-16	
5726.432	 8.308541101964027e-16	
5729.712	 7.855218386969201e-16	
5732.992	 7.425737818487881e-16	
5736.272	 7.023325795438946e-16	
5739.552	 6.631025247884763e-16	
5742.833	 6.156313340433679e-16	
5746.113	 5.739752540701259e-16	
5749.393	 5.346507459042491e-16	
5752.673	 5.007523988821767e-16	
5755.953	 4.664987126632021e-16	
5759.233	4.3813302730776626e-16	
5762.513	 4.127241487682617e-16	
5765.793	3.8699414888044564e-16	
5769.073	3.6494560480326874e-16	
5772.353	 3.518103041027429e-16	
5775.633	 3.389634254455145e-16	
5778.913	 3.253884557614714e-16	
5782.193	 3.212974993663681e-16	
5785.473	3.1154693106163245e-16	
5788.754	 3.082650546840908e-16	
5792.034	  3.10592678278157e-16	
5795.314	3.0706975841690493e-16	
5798.594	 3.086830591125833e-16	
5801.874	 3.067175575433943e-16	
5805.154	 3.128032727805939e-16	
5808.434	3.2449383112243333e-16	
5811.714	 3.329002858894856e-16	
5814.994	 3.433246825972355e-16	
5818.274	3.5270766212021864e-16	
5821.554	3.6686210803305587e-16	
5824.834	 3.812622542965716e-16	
5828.114	3.9828229317451134e-16	
5831.394	 4.138025171800568e-16	
5834.675	 4.333575114683748e-16	
5837.955	 4.550153849014363e-16	
5841.235	 4.762452315184004e-16	
5844.515	 5.023443387315455e-16	
5847.795	 5.259445306351947e-16	
5851.075	 5.510451448286689e-16	
5854.355	 5.842310924408839e-16	
5857.635	 6.216813128884004e-16	
5860.915	 6.624797194496326e-16	
5864.195	  7.13198771196169e-16	
5867.475	 7.704125325831768e-16	
5870.755	   8.4150294764476e-16	
5874.035	 9.191935605072626e-16	
5877.315	 9.967003283607697e-16	
5880.596	1.0955350407462829e-15	
5883.876	1.1885316617338055e-15	
5887.156	1.2833343372149839e-15	
5890.436	1.3581104600092206e-15	
5893.716	1.4511273282444296e-15	
5896.996	1.5202595307459911e-15	
5900.276	1.5535166474338249e-15	
5903.556	 1.590470911549255e-15	
5906.836	1.5883651977898353e-15	
5910.116	1.5258842161533638e-15	
5913.396	1.4686786549016692e-15	
5916.676	1.4535134663843105e-15	
5919.956	1.4701678399690281e-15	
5923.236	 1.534977255089473e-15	
5926.516	1.5815783203652444e-15	
5929.797	1.5902542659990071e-15	
5933.077	 1.587470269442082e-15	
5936.357	1.5684591162266296e-15	
5939.637	1.5478990485631423e-15	
5942.917	1.5322428642893806e-15	
5946.197	1.5206452408144234e-15	
5949.477	1.5140993056373044e-15	
5952.757	1.4978326668457876e-15	
5956.037	1.4797275779643162e-15	
5959.317	1.4605483725930638e-15	
5962.597	1.4385456885318974e-15	
5965.877	1.4193928045826378e-15	
5969.157	1.4138582194274708e-15	
5972.437	 1.409054559913795e-15	
5975.718	1.4093096752346477e-15	
5978.998	1.4234159326979904e-15	
5982.278	 1.439101475480898e-15	
5985.558	1.4405926852730257e-15	
5988.838	1.4591928193604376e-15	
5992.118	1.4743397853548782e-15	
5995.398	 1.464338657360019e-15	
5998.678	1.4601707614237065e-15	
6001.958	 1.440305174355874e-15	
6005.238	  1.42483526476083e-15	
6008.518	1.4166938464659969e-15	
6011.798	1.3821368564766754e-15	
6015.078	 1.361630444019558e-15	
6018.358	1.3434686628445638e-15	
6021.639	1.3333673109736556e-15	
6024.919	1.3241457020147356e-15	
6028.199	1.3077504932004084e-15	
6031.479	1.3028881166684407e-15	
6034.759	1.2926743925728712e-15	
6038.039	1.2754470218786192e-15	
6041.319	1.2577833229967186e-15	
6044.599	 1.252566619630233e-15	
6047.879	1.2361531882929878e-15	
6051.159	  1.22029250681759e-15	
6054.439	1.2168231409264694e-15	
6057.719	1.2106446932948646e-15	
6060.999	1.1907922669380285e-15	
6064.279	 1.187882737445446e-15	
6067.560	1.1812487267408897e-15	
6070.840	 1.170742429916247e-15	
6074.120	1.1747291129857634e-15	
6077.400	 1.177385551882262e-15	
6080.680	1.1740477931011051e-15	
6083.960	1.1777307674553209e-15	
6087.240	1.1826113665102064e-15	
6090.520	1.1784637178215805e-15	
6093.800	1.1812011457088258e-15	
6097.080	 1.179338398921647e-15	
6100.360	1.1623175501537998e-15	
6103.640	 1.161635217906757e-15	
6106.920	1.1586416623362744e-15	
6110.200	1.1557463059170725e-15	
6113.480	1.1563041175908418e-15	
6116.761	1.1460873564081192e-15	
6120.041	 1.163901897285286e-15	
6123.321	 1.173321929271536e-15	
6126.601	1.1671090613188635e-15	
6129.881	1.1756797212646553e-15	
6133.161	1.1780425750696965e-15	
6136.441	1.1868896099464118e-15	
6139.721	 1.184190651829771e-15	
6143.001	1.1905067807456458e-15	
6146.281	 1.207304909788939e-15	
6149.561	1.2100696714605616e-15	
6152.841	1.2272018800906856e-15	
6156.121	1.2560592698561937e-15	
6159.401	1.2679221322758473e-15	
6162.682	1.2844681830854406e-15	
6165.962	1.2888223537004714e-15	
6169.242	1.3006568699733634e-15	
6172.522	 1.297724056145941e-15	
6175.802	 1.306811020907744e-15	
6179.082	 1.291187232230281e-15	
6182.362	1.2938031766314062e-15	
6185.642	1.2810018542814731e-15	
6188.922	 1.270790154910672e-15	
6192.202	1.2564915485943054e-15	
6195.482	1.2490486603446645e-15	
6198.762	 1.224954435597459e-15	
6202.042	1.2119506407706583e-15	
6205.322	 1.191946360056172e-15	
6208.603	1.1800409784163763e-15	
6211.883	 1.158585982405136e-15	
6215.163	1.1420318326964678e-15	
6218.443	 1.125957542757975e-15	
6221.723	 1.124678929066558e-15	
6225.003	1.1210718818911678e-15	
6228.283	1.1277089296828769e-15	
6231.563	1.1445303430610099e-15	
6234.843	1.1734282273218913e-15	
6238.123	 1.218681838264111e-15	
6241.403	1.2573854645796743e-15	
6244.683	 1.281441219556275e-15	
6247.963	 1.313637380465324e-15	
6251.243	1.3345102681055713e-15	
6254.523	1.3456877611910289e-15	
6257.804	 1.352435156482631e-15	
6261.084	1.3426081548178777e-15	
6264.364	1.3359711070261686e-15	
6267.644	1.3197399009181038e-15	
6270.924	1.3008684537116898e-15	
6274.204	1.2908865606021332e-15	
6277.484	1.3134996991810545e-15	
6280.764	 1.348694477472508e-15	
6284.044	1.3685843612375646e-15	
6287.324	1.3659147616300695e-15	
6290.604	1.3729395442149795e-15	
6293.884	1.3572944959274454e-15	
6297.164	1.3185321525935904e-15	
6300.444	1.2693009698433133e-15	
6303.725	1.1953043660850156e-15	
6307.005	1.1073533592210258e-15	
6310.285	1.0264605429006287e-15	
6313.565	 9.735939668281995e-16	
6316.845	 9.400527812553211e-16	
6320.125	 9.201782853985067e-16	
6323.405	 9.077617619908596e-16	
6326.685	 9.067327968634201e-16	
6329.965	 9.059560112059188e-16	
6333.245	 9.015617510404684e-16	
6336.525	 8.954587244064965e-16	
6339.805	 8.923853946801283e-16	
6343.085	  8.97727124801079e-16	
6346.365	  9.01317265524651e-16	
6349.646	 9.024631585074816e-16	
6352.926	 8.939118346832306e-16	
6356.206	 8.654810544264821e-16	
6359.486	 8.429245069048451e-16	
6362.766	 8.072062360244512e-16	
6366.046	 7.652317680813355e-16	
6369.326	 7.334870195594619e-16	
6372.606	 6.896059695379253e-16	
6375.886	 6.540353010931677e-16	
6379.166	 6.234392801688005e-16	
6382.446	 5.916443184726637e-16	
6385.726	 5.633565850208219e-16	
6389.006	 5.358758056255345e-16	
6392.286	 5.104430353337596e-16	
6395.567	 4.872419166820157e-16	
6398.847	 4.677273156528327e-16	
6402.127	 4.528899300755222e-16	
6405.407	4.4103314183017467e-16	
6408.687	 4.351062662510774e-16	
6411.967	4.3203182292608636e-16	
6415.247	 4.266684282501107e-16	
6418.527	4.2401047081003563e-16	
6421.807	4.3087540137445893e-16	
6425.087	 4.355579823469683e-16	
6428.367	 4.455551621285283e-16	
6431.647	 4.518236087761007e-16	
6434.927	 4.631141827398888e-16	
6438.207	 4.783262436356422e-16	
6441.487	 4.972940677410451e-16	
6444.768	 5.139603872018978e-16	
6448.048	 5.439114320512043e-16	
6451.328	 5.689966583364366e-16	
6454.608	 6.044386555221451e-16	
6457.888	 6.403078696340435e-16	
6461.168	 6.790181775413436e-16	
6464.448	 7.187275858857451e-16	
6467.728	 7.854224247107783e-16	
6471.008	 8.307564172263142e-16	
6474.288	  8.89839910700953e-16	
6477.568	  9.62374460703792e-16	
6480.848	 1.040212473529454e-15	
6484.128	 1.123919657278306e-15	
6487.408	1.2197853132630374e-15	
6490.689	 1.322906570456308e-15	
6493.969	 1.449837578566785e-15	
6497.249	1.5849059555225581e-15	
6500.529	1.7335835200109646e-15	
6503.809	1.8879687836222596e-15	
6507.089	2.0529899264433925e-15	
6510.369	2.2319027059023888e-15	
6513.649	2.4330024193765008e-15	
6516.929	2.6562991904895718e-15	
6520.209	2.8944776886523874e-15	
6523.489	 3.145679216527306e-15	
6526.769	3.4047629979266672e-15	
6530.049	 3.691170440079267e-15	
6533.329	 3.988191489469249e-15	
6536.610	 4.278979423658873e-15	
6539.890	4.5882885276699294e-15	
6543.170	 4.915902155952172e-15	
6546.450	 5.212908019906389e-15	
6549.730	 5.468870688074842e-15	
6553.010	 5.708943316258751e-15	
6556.290	 5.877184783824457e-15	
6559.570	 6.020604138088621e-15	
6562.850	 6.029601002598218e-15	
6566.130	 6.066761788640052e-15	
6569.410	 6.003605561293229e-15	
6572.690	5.9820483166811704e-15	
6575.970	  5.87540403839041e-15	
6579.250	5.7992045340837964e-15	
6582.531	  5.68517709692407e-15	
6585.811	 5.554707882280338e-15	
6589.091	 5.418107801037064e-15	
6592.371	5.2862182419681074e-15	
6595.651	  5.14980646012832e-15	
6598.931	 5.035783072418131e-15	
6602.211	 4.920885003607875e-15	
6605.491	 4.785415731147906e-15	
6608.771	 4.678299691986044e-15	
6612.051	 4.542213890834013e-15	
6615.331	 4.437207614881108e-15	
6618.611	 4.338400033807495e-15	
6621.891	  4.24266193548319e-15	
6625.171	  4.13495568905126e-15	
6628.451	 4.039150774809589e-15	
6631.732	 3.938001599541006e-15	
6635.012	 3.799476005042724e-15	
6638.292	 3.688480593224086e-15	
6641.572	3.5748834100777024e-15	
6644.852	 3.468712917382811e-15	
6648.132	3.3653183223457697e-15	
6651.412	 3.275432690965313e-15	
6654.692	 3.188898991439394e-15	
6657.972	 3.078439119322069e-15	
6661.252	 2.985036541018428e-15	
6664.532	 2.889955465881557e-15	
6667.812	2.8145810369181775e-15	
6671.092	 2.759373879013163e-15	
6674.372	2.6988376455170016e-15	
6677.653	 2.631945800971976e-15	
6680.933	 2.586131341268834e-15	
6684.213	  2.52918494478753e-15	
6687.493	2.4794283459597823e-15	
6690.773	 2.424783049178074e-15	
6694.053	2.3679389012975872e-15	
6697.333	2.3454907777873126e-15	
6700.613	2.2770874762024734e-15	
6703.893	 2.217890598140789e-15	
6707.173	 2.167120624566321e-15	
6710.453	2.1309873863445874e-15	
6713.733	2.0817612654062317e-15	
6717.013	 2.045558174179979e-15	
6720.293	2.0115853172864195e-15	
6723.574	1.9747980929644048e-15	
6726.854	1.9425492892113703e-15	
6730.134	 1.907175322777889e-15	
6733.414	1.8627943682109676e-15	
6736.694	1.8233699398777564e-15	
6739.974	  1.78283292528416e-15	
6743.254	1.7408462077561936e-15	
6746.534	1.7046896851996204e-15	
6749.814	 1.668363085762479e-15	
6753.094	1.6480550963326917e-15	
6756.374	 1.616469389941397e-15	
6759.654	1.5856257451778211e-15	
6762.934	1.5695291832668732e-15	
6766.214	 1.548950893080468e-15	
6769.494	1.5371659825644083e-15	
6772.775	1.5124663651113698e-15	
6776.055	1.4872585417413946e-15	
6779.335	1.4738376536122473e-15	
6782.615	1.4491319619849026e-15	
6785.895	1.4309985269566697e-15	
6789.175	1.4129774641530983e-15	
6792.455	1.3961094821052858e-15	
6795.735	1.3729810510727373e-15	
6799.015	1.3672146349315576e-15	
6802.295	1.3413882581447526e-15	
6805.575	1.3390345156011705e-15	
6808.855	 1.312968208929278e-15	
6812.135	1.3155011396148875e-15	
6815.415	 1.308074449163396e-15	
6818.696	1.2922694476191366e-15	
6821.976	 1.285901688221661e-15	
6825.256	1.2813825025379835e-15	
6828.536	1.2799915166219052e-15	
6831.816	1.2758124846993648e-15	
6835.096	 1.268556883490826e-15	
6838.376	1.2574462063227346e-15	
6841.656	  1.24502047041739e-15	
6844.936	1.2427942855342344e-15	
6848.216	1.2301498793538733e-15	
6851.496	 1.215765222234838e-15	
6854.776	1.1929830191377324e-15	
6858.056	1.1160546139143967e-15	
6861.336	 9.900806932020712e-16	
6864.617	  9.12446266451899e-16	
6867.897	 9.320653432791457e-16	
6871.177	 9.939888169505631e-16	
6874.457	1.0493308215251715e-15	
6877.737	1.0577040708060175e-15	
6881.017	1.0242991492100706e-15	
6884.297	 9.993628414315743e-16	
6887.577	 9.861129413091417e-16	
6890.857	  9.84957633356137e-16	
6894.137	 9.932116263481082e-16	
6897.417	 9.937477734668528e-16	
6900.697	 9.955906779512984e-16	
6903.977	  9.97513761536584e-16	
6907.257	1.0008962667351286e-15	
6910.538	1.0047994299079375e-15	
6913.818	1.0068167644312045e-15	
6917.098	1.0047163149561835e-15	
6920.378	1.0013506149732188e-15	
6923.658	 9.887493354304304e-16	
6926.938	 9.919535636130934e-16	
6930.218	 9.966904072094031e-16	
6933.498	 9.839817160176366e-16	
6936.778	  9.80046157248529e-16	
6940.058	 9.831339637569934e-16	
6943.338	 9.833515204333872e-16	
6946.618	  9.78295681449773e-16	
6949.898	 9.746702092789877e-16	
6953.178	 9.712083348695111e-16	
6956.458	 9.709628369913095e-16	
6959.739	 9.738580921742732e-16	
6963.019	 9.689924760826756e-16	
6966.299	 9.634098037142528e-16	
6969.579	 9.644845276214643e-16	
6972.859	 9.627773809327577e-16	
6976.139	 9.518524722621922e-16	
6979.419	  9.55899492129815e-16	
6982.699	 9.546019472618112e-16	
6985.979	 9.568730810348312e-16	
6989.259	 9.693575339584672e-16	
6992.539	  9.78316434878652e-16	
6995.819	1.0064907837434483e-15	
6999.099	1.0242809266871526e-15	
7002.379	1.0398470107087084e-15	
7005.660	1.0636355020158442e-15	
7008.940	  1.07454876851899e-15	
7012.220	1.0823419341536116e-15	
7015.500	1.0842552990600072e-15	
7018.780	1.0852636119948063e-15	
7022.060	1.0841419144729616e-15	
7025.340	1.0839849983033896e-15	
7028.620	1.0793686258308158e-15	
7031.900	1.0856877918338432e-15	
7035.180	1.0944599118941178e-15	
7038.460	1.0907870611637456e-15	
7041.740	 1.117388907536952e-15	
7045.020	1.1455497919820366e-15	
7048.300	1.1612160998796416e-15	
7051.581	1.2004917109423553e-15	
7054.861	1.2293956693775426e-15	
7058.141	1.2603051176961004e-15	
7061.421	1.2922076935136921e-15	
7064.701	1.3205973718576368e-15	
7067.981	1.3321545008372206e-15	
7071.261	 1.341317392777849e-15	
7074.541	 1.348917197197062e-15	
7077.821	1.3522387581800698e-15	
7081.101	1.3503324798103643e-15	
7084.381	1.3567903394600459e-15	
7087.661	1.3420584420431831e-15	
7090.941	1.3328803646667897e-15	
7094.221	 1.323595989240041e-15	
7097.502	1.3145839392946787e-15	
7100.782	1.2987759006632665e-15	
7104.062	1.2871762524635403e-15	
7107.342	1.2782138082750105e-15	
7110.622	1.2582237006339048e-15	
7113.902	1.2509559510767542e-15	
7117.182	1.2427740382865477e-15	
7120.462	1.2288722780248408e-15	
7123.742	1.2241951638092067e-15	
7127.022	1.2169405749630524e-15	
7130.302	1.2123991173069195e-15	
7133.582	1.2067551970142443e-15	
7136.862	1.2070923136882283e-15	
7140.142	1.2079143519443094e-15	
7143.422	1.2087262665765473e-15	
7146.703	1.2139824520760214e-15	
7149.983	1.2162298965692483e-15	
7153.263	1.2128384825817215e-15	
7156.543	1.1961172930796377e-15	
7159.823	 1.184232158687529e-15	
7163.103	1.1570087218103398e-15	
7166.383	1.1323182156187604e-15	
7169.663	1.1181937356324995e-15	
7172.943	1.1015191148000951e-15	
7176.223	1.0772406400989407e-15	
7179.503	1.0595931390151892e-15	
7182.783	1.0507177579917122e-15	
7186.063	1.0480886528795907e-15	
7189.343	1.0485523148516169e-15	
7192.624	1.0439227816680467e-15	
7195.904	1.0410173016250014e-15	
7199.184	 1.062891415663357e-15	
7202.464	1.0908720996040296e-15	
7205.744	1.1228131451922263e-15	
7209.024	1.1515065322514718e-15	
7212.304	1.1655905177423592e-15	
7215.584	 1.179693738118549e-15	
7218.864	1.1988334613568123e-15	
7222.144	1.2011720184646292e-15	
7225.424	1.1846522890770284e-15	
7228.704	 1.176253730736574e-15	
7231.984	 1.178724907316739e-15	
7235.264	1.1849286640079523e-15	
7238.545	1.1797706776597584e-15	
7241.825	1.1749670181460826e-15	
7245.105	1.1720605257406529e-15	
7248.385	1.1690598836334799e-15	
7251.665	1.1743110073210327e-15	
7254.945	1.1795722546324286e-15	
7258.225	1.2103733801758625e-15	
7261.505	1.2486184063313214e-15	
7264.785	1.2888264031500085e-15	
7268.065	1.3311046810446639e-15	
7271.345	1.4050830622800433e-15	
7274.625	1.5088512190369046e-15	
7277.905	1.5917545870525936e-15	
7281.185	1.6302172711206848e-15	
7284.465	1.6528698918325953e-15	
7287.746	1.7052272496257033e-15	
7291.026	1.7236522450206249e-15	
7294.306	1.7519720703600503e-15	
7297.586	1.7702938047917696e-15	
7300.866	1.8067975676461705e-15	
7304.146	1.8666150238494527e-15	
7307.426	 1.916017295842683e-15	
7310.706	1.9659146130418536e-15	
7313.986	 2.013563473385413e-15	
7317.266	 2.045364812964571e-15	
7320.546	 2.062827051731989e-15	
7323.826	2.0576629912094893e-15	
7327.106	2.0425737298709555e-15	
7330.386	 2.029804803117321e-15	
7333.667	2.0097630649946144e-15	
7336.947	 1.979324365184773e-15	
7340.227	 1.928689035807421e-15	
7343.507	 1.881697198651296e-15	
7346.787	 1.836111532847014e-15	
7350.067	 1.800758826023604e-15	
7353.347	1.7691822308937684e-15	
7356.627	1.7579409589780975e-15	
7359.907	1.7477130618091472e-15	
7363.187	1.7376967483785232e-15	
7366.467	 1.731865541044746e-15	
7369.747	1.7205564408493243e-15	
7373.027	 1.700663519997115e-15	
7376.307	1.6704364039255999e-15	
7379.588	1.6399977041157584e-15	
7382.868	1.6121901341428072e-15	
7386.148	1.5663078461599148e-15	
7389.428	1.4834874918597414e-15	
7392.708	  1.48930958793206e-15	
7395.988	 1.487230195594633e-15	
7399.268	 1.457529507962973e-15	
7402.548	1.4329695965189725e-15	
7405.828	1.4117737652781224e-15	
7409.108	1.3904554381887672e-15	
7412.388	1.3637877882605787e-15	
7415.668	1.3525029847623813e-15	
7418.948	1.3420857758275603e-15	
7422.228	1.3338917146887419e-15	
7425.509	1.3246539079316726e-15	
7428.789	1.3135381689516593e-15	
7432.069	1.3011863355003713e-15	
7435.349	1.2951607545888013e-15	
7438.629	1.2810798061850668e-15	
7441.909	1.2908885853269018e-15	
7445.189	1.2976977347239482e-15	
7448.469	 1.293149190531125e-15	
7451.749	1.2947325253002268e-15	
7455.029	1.3076107871913698e-15	
7458.309	1.3198785945647577e-15	
7461.589	1.3186597102540168e-15	
7464.869	1.3282022380887714e-15	
7468.149	 1.329218649922645e-15	
7471.429	1.3264781849482467e-15	
7474.710	1.3311310024666564e-15	
7477.990	1.3227941982316466e-15	
7481.270	1.3063767174448639e-15	
7484.550	1.2998166091943643e-15	
7487.830	  1.29145550826213e-15	
7491.110	1.2750532129111124e-15	
7494.390	 1.259791849967242e-15	
7497.670	1.2543311672661315e-15	
7500.950	1.2439078841570042e-15	
7504.230	 1.228929982680748e-15	
7507.510	1.2250425111248963e-15	
7510.790	1.2344989881569823e-15	
7514.070	1.2257815356654619e-15	
7517.350	1.2250971786936503e-15	
7520.631	1.2305922817158282e-15	
7523.911	1.2230997877093547e-15	
7527.191	1.2225814581685746e-15	
7530.471	1.2163311328076818e-15	
7533.751	1.2161873773491061e-15	
7537.031	1.2071034496744558e-15	
7540.311	1.1869331415289382e-15	
7543.591	 1.179007356421969e-15	
7546.871	1.1563921931182788e-15	
7550.151	  1.13419513547932e-15	
7553.431	1.1199582832683977e-15	
7556.711	1.0948709310221582e-15	
7559.991	1.0825190975708705e-15	
7563.271	1.0657452652248014e-15	
7566.552	1.0552895865193754e-15	
7569.832	1.0476371392561767e-15	
7573.112	1.0335926358982783e-15	
7576.392	1.0276794272113697e-15	
7579.672	1.0221164959094416e-15	
7582.952	 9.466919550080374e-16	
7586.232	 7.707551160140362e-16	
7589.512	 5.608582771287566e-16	
7592.792	3.9662546089630645e-16	
7596.072	3.1504818636785976e-16	
7599.352	 3.018773517476437e-16	
7602.632	3.5657640497196006e-16	
7605.912	 4.775207068864258e-16	
7609.192	 6.212208904760042e-16	
7612.473	  6.72247497914902e-16	
7615.753	   6.1910383825788e-16	
7619.033	 5.439445363011721e-16	
7622.313	 5.181355721473778e-16	
7625.593	 5.300901545990521e-16	
7628.873	 5.382109207012446e-16	
7632.153	 5.692359808040936e-16	
7635.433	 5.996649619350454e-16	
7638.713	 6.432852274063767e-16	
7641.993	  6.90116200179631e-16	
7645.273	 7.370910296476993e-16	
7648.553	 7.829365688760404e-16	
7651.833	 8.321782801951146e-16	
7655.113	 8.752770778022744e-16	
7658.393	 9.160509851938058e-16	
7661.674	 9.486746667377602e-16	
7664.954	 9.848905137300553e-16	
7668.234	1.0089555824405918e-15	
7671.514	 1.026768301065467e-15	
7674.794	1.0450019599697492e-15	
7678.074	 1.055999252550795e-15	
7681.354	1.0746601283812673e-15	
7684.634	1.0893869639862083e-15	
7687.914	1.1043638531000805e-15	
7691.194	1.1000481522556544e-15	
7694.474	1.1147091843056137e-15	
7697.754	1.1386566165070902e-15	
7701.034	 1.174481084201601e-15	
7704.314	1.2070933260506125e-15	
7707.595	1.2279348304569452e-15	
7710.875	1.2420107170487579e-15	
7714.155	1.2300729398126636e-15	
7717.435	1.2202914944552058e-15	
7720.715	1.1993943101177345e-15	
7723.995	1.1753588023888208e-15	
7727.275	1.1266631593398576e-15	
7730.555	 1.081533056608527e-15	
7733.835	1.0492893146674137e-15	
7737.115	1.0091138146812636e-15	
7740.395	 9.803443992069546e-16	
7743.675	 9.629090892789599e-16	
7746.955	 9.519869139868319e-16	
7750.235	 9.583048651549983e-16	
7753.516	 9.853075057961635e-16	
7756.796	 1.023496345839292e-15	
7760.076	1.0653828394912088e-15	
7763.356	1.1184235418937437e-15	
7766.636	1.1772802661942913e-15	
7769.916	1.2277029994709322e-15	
7773.196	1.2669411531254253e-15	
7776.476	 1.296974907981532e-15	
7779.756	 1.321155183531406e-15	
7783.036	1.3337084770971769e-15	
7786.316	1.3443089236235629e-15	
7789.596	1.3519664326986831e-15	
7792.876	1.3507890552456998e-15	
7796.156	1.3514146951992199e-15	
7799.436	1.3438462740139213e-15	
7802.717	1.3348109397337191e-15	
7805.997	1.3249879875185035e-15	
7809.277	1.3164254264717865e-15	
7812.557	1.3094360765703284e-15	
7815.837	 1.301019295706956e-15	
7819.117	1.2970974038300368e-15	
7822.397	1.2912631594091063e-15	
7825.677	1.2735417558712983e-15	
7828.957	1.2655643402827278e-15	
7832.237	1.2568964935480398e-15	
7835.517	 1.251692950892551e-15	
7838.797	1.2443330763584257e-15	
7842.077	1.2290332436439503e-15	
7845.357	1.2077169412793638e-15	
7848.638	1.2063512644228941e-15	
7851.918	1.1900977863423738e-15	
7855.198	1.1653414765958124e-15	
7858.478	1.1511279087197298e-15	
7861.758	1.1313655826150998e-15	
7865.038	1.1083971048392764e-15	
7868.318	1.0896734625409754e-15	
7871.598	1.0741954540468569e-15	
7874.878	1.0601185550926598e-15	
7878.158	1.0561632552570576e-15	
7881.438	1.0327432638578202e-15	
7884.718	1.0246119691868307e-15	
7887.998	1.0216427103135719e-15	
7891.278	 1.012196458141568e-15	
7894.559	 1.012956641055966e-15	
7897.839	1.0089583158190295e-15	
7901.119	 1.006008393067312e-15	
7904.399	1.0053342609555823e-15	
7907.679	 9.967644108996983e-16	
7910.959	1.0007690127834175e-15	
7914.239	1.0044872173486081e-15	
7917.519	1.0008772343223031e-15	
7920.799	1.0043552052936906e-15	
7924.079	1.0074619429787422e-15	
7927.359	1.0067815342202296e-15	
7930.639	1.0046320864058067e-15	
7933.919	1.0028111501851009e-15	
7937.199	 9.996816343464017e-16	
7940.480	  9.99717876919761e-16	
7943.760	 9.940234397441074e-16	
7947.040	  9.93809223863582e-16	
7950.320	 9.940452055353708e-16	
7953.600	  9.87785566440542e-16	
7956.880	  9.93052584217529e-16	
7960.160	 9.902801285917852e-16	
7963.440	 9.992060264982406e-16	
7966.720	1.0050247817746908e-15	
7970.000	 9.974460344930717e-16	
7973.280	   9.9581420756576e-16	
7976.560	 1.006947156706307e-15	
7979.840	 1.005863220301398e-15	
7983.120	1.0027921177722752e-15	
7986.400	1.0006936930220228e-15	
7989.681	1.0023290632176798e-15	
7992.961	 9.998619360870522e-16	
7996.241	1.0005131888088955e-15	
7999.521	1.0020050060184537e-15	
8002.801	1.0031148589004016e-15	
8006.081	1.0071319128414485e-15	
8009.361	1.0112916086424481e-15	
8012.641	1.0024141016579643e-15	
8015.921	  9.98817886760086e-16	
8019.201	 9.935399354693484e-16	
8022.481	 9.851505896265914e-16	
8025.761	   9.8735460377353e-16	
8029.041	 9.856207307178773e-16	
8032.321	 9.775398516936275e-16	
8035.602	  9.78525588947256e-16	
8038.882	 9.768841445772929e-16	
8042.162	 9.763461752062564e-16	
8045.442	 9.682929336750991e-16	
8048.722	 9.613053047896943e-16	
8052.002	 9.598608661397232e-16	
8055.282	  9.46799974074446e-16	
8058.562	  9.47032007532936e-16	
8061.842	 9.426695355463539e-16	
8065.122	    9.404923490026e-16	
8068.402	 9.358108816287133e-16	
8071.682	 9.234728163058524e-16	
8074.962	 9.162643911844238e-16	
8078.242	 9.133796645702573e-16	
8081.523	 9.040048851825872e-16	
8084.803	 9.020247043588252e-16	
8088.083	 8.982612471950549e-16	
8091.363	 9.000783364387002e-16	
8094.643	 9.005314698419292e-16	
8097.923	 8.968154924739842e-16	
8101.203	  8.91215205000074e-16	
8104.483	 8.937825560067508e-16	
8107.763	  8.94593154567889e-16	
8111.043	 8.897121505680497e-16	
8114.323	 8.836496184294514e-16	
8117.603	 8.818863868646528e-16	
8120.883	 8.717783534020079e-16	
8124.163	 8.609286632565984e-16	
8127.444	 8.571842385056534e-16	
8130.724	 8.510834390689272e-16	
8134.004	 8.390100052733317e-16	
8137.284	  8.31294487833589e-16	
8140.564	 8.122041678796814e-16	
8143.844	 7.958488461432969e-16	
8147.124	 7.874232577271807e-16	
8150.404	  7.75049759720868e-16	
8153.684	 7.521277493784856e-16	
8156.964	 7.457518910819352e-16	
8160.244	 7.514404565557597e-16	
8163.524	 7.633022053767903e-16	
8166.804	 7.556863043956664e-16	
8170.084	 7.464322998404477e-16	
8173.364	 7.576270030864392e-16	
8176.645	   7.7176828828828e-16	
8179.925	  7.73483027694869e-16	
8183.205	 7.890078073311439e-16	
8186.485	 7.896762702135212e-16	
8189.765	 7.950544453803082e-16	
8193.045	  8.12056059262853e-16	
8196.325	 8.331785954670775e-16	
8199.605	 8.491789829515136e-16	
8202.885	 8.531114033972298e-16	
8206.165	 8.546073712925637e-16	
8209.445	8.6368512355666935e-16	
8212.725	 8.526505760398799e-16	
8216.005	 8.128286942345785e-16	
8219.285	  7.71240645013564e-16	
8222.566	 7.670872258593472e-16	
8225.846	 8.011362124042089e-16	
8229.126	 8.381439292535319e-16	
8232.406	 8.570725749346611e-16	
8235.686	 8.618695528566005e-16	
8238.966	  8.70853155418963e-16	
8242.246	 8.750478789584606e-16	
8245.526	 8.694889971060696e-16	
8248.806	 8.655248897177238e-16	
8252.086	 8.687754840975895e-16	
8255.366	 8.850608515932163e-16	
8258.646	   8.9250485344148e-16	
8261.926	 8.819464199540439e-16	
8265.206	 8.683152641576701e-16	
8268.487	 8.520898285151959e-16	
8271.767	 8.539128906969089e-16	
8275.047	  8.51537483598302e-16	
8278.327	 8.479007742050505e-16	
8281.607	 8.394404617591516e-16	
8284.887	 8.308454038798974e-16	
8288.167	 8.345881076147889e-16	
8291.447	 8.289240413106655e-16	
8294.727	 8.181810541605649e-16	
8298.007	 8.176283042987172e-16	
8301.287	 8.273309878626738e-16	
8304.567	 8.266057314505352e-16	
8307.847	 8.158580874334666e-16	
8311.127	 8.012636688283968e-16	
8314.407	 7.969896773142055e-16	
8317.688	 7.993761191628016e-16	
8320.968	 8.008015253999473e-16	
8324.248	 8.043991576051633e-16	
8327.528	 8.028218970103674e-16	
8330.808	 7.874681053808068e-16	
8334.088	 7.763979227080887e-16	
8337.368	   7.7222071303784e-16	
8340.648	  7.54528263064224e-16	
8343.928	 7.289531546212114e-16	
8347.208	 7.081081069465336e-16	
8350.488	 6.795302304353409e-16	
8353.768	 6.602521172591389e-16	
8357.048	 6.350280960910141e-16	
8360.328	 6.107368656238169e-16	
8363.609	 5.873306423530065e-16	
8366.889	 5.576021147557771e-16	
8370.169	 5.395381277871096e-16	
8373.449	  5.17117743006166e-16	
8376.729	 4.925724095805004e-16	
8380.009	 4.696383521257444e-16	
8383.289	  4.52964136238294e-16	
8386.569	 4.330054118311026e-16	
8389.849	4.1878445370961447e-16	
8393.129	4.0444828874878886e-16	
8396.409	 3.922810089601654e-16	
8399.689	 3.852834589233941e-16	
8402.969	 3.829074444073566e-16	
8406.249	  3.80142682735734e-16	
8409.530	 3.758158459050804e-16	
8412.810	3.7517097106625814e-16	
8416.090	 3.769988925874159e-16	
8419.370	3.7943352288550636e-16	
8422.650	 3.824287994720424e-16	
8425.930	3.8522150234547265e-16	
8429.210	3.9070496320023057e-16	
8432.490	3.9968856576259302e-16	
8435.770	4.1023090268811813e-16	
8439.050	4.1965235198170606e-16	
8442.330	4.3929046122177806e-16	
8445.610	 4.574074959793846e-16	
8448.890	 4.702641945517411e-16	
8452.170	 4.946946248467847e-16	
8455.451	 5.226988968310124e-16	
8458.731	 5.526031705381626e-16	
8462.011	 5.854634411713365e-16	
8465.291	 6.265774010877663e-16	
8468.571	 6.665638930167608e-16	
8471.851	  7.10095171834509e-16	
8475.131	 7.631653339824282e-16	
8478.411	 8.187120382311493e-16	
8481.691	 8.692191012944057e-16	
8484.971	 9.345809625679832e-16	
8488.251	 9.932509060086203e-16	
8491.531	1.0573629046824963e-15	
8494.811	1.1272736138576123e-15	
8498.091	1.1911708904697704e-15	
8501.371	1.2740975428202988e-15	
8504.652	 1.365389345552599e-15	
8507.932	1.4634406919251127e-15	
8511.212	1.5580186229569687e-15	
8514.492	1.6620044376264623e-15	
8517.772	1.7536374064822836e-15	
8521.052	 1.826038527122867e-15	
8524.332	1.9029325120251352e-15	
8527.612	1.9515734875053446e-15	
8530.892	2.0034702204135794e-15	
8534.172	 2.029422130136042e-15	
8537.452	2.0316290801338953e-15	
8540.732	 2.023631417297638e-15	
8544.012	  2.00796915884957e-15	
8547.292	1.9813035336461504e-15	
8550.573	1.9495062435165296e-15	
8553.853	1.9010849506737215e-15	
8557.133	1.8667415691474947e-15	
8560.413	1.8292841609270493e-15	
8563.693	1.7591183364310806e-15	
8566.973	1.7113854500096212e-15	
8570.253	1.6553025986421556e-15	
8573.533	1.5952128169574864e-15	
8576.813	 1.570741993403308e-15	
8580.093	1.5206118328557401e-15	
8583.373	1.4881291733919237e-15	
8586.653	1.4739075066167665e-15	
8589.933	 1.459248499291576e-15	
8593.213	1.4522996438854912e-15	
8596.494	1.4491086776500629e-15	
8599.774	 1.459281907250259e-15	
8603.054	1.4739915326946665e-15	
8606.334	1.5096611089443737e-15	
8609.614	 1.539425575406247e-15	
8612.894	1.5790798100007023e-15	
8616.174	1.6376976167785463e-15	
8619.454	1.7153680836296006e-15	
8622.734	 1.794122790594279e-15	
8626.014	 1.884236203511211e-15	
8629.294	1.9971378936995552e-15	
8632.574	 2.121117865459692e-15	
8635.854	 2.251851306685737e-15	
8639.134	 2.382763936053809e-15	
8642.415	2.5291859571499137e-15	
8645.695	2.6552260863621753e-15	
8648.975	2.7450550254491093e-15	
8652.255	2.8474402951889672e-15	
8655.535	  2.91700477642864e-15	
8658.815	3.0037946036377964e-15	
8662.095	 3.079095130147119e-15	
8665.375	 3.124917688749336e-15	
8668.655	3.1610418157096102e-15	
8671.935	 3.184297804402585e-15	
8675.215	 3.205251681033579e-15	
8678.495	3.2289703193361957e-15	
8681.775	3.2218554364990798e-15	
8685.055	 3.205681935046922e-15	
8688.335	3.1902575817591736e-15	
8691.616	 3.163608154353903e-15	
8694.896	 3.144412751184501e-15	
8698.176	3.1174302565547843e-15	
8701.456	 3.096202029717635e-15	
8704.736	3.0816007270483516e-15	
8708.016	 3.053874146066147e-15	
8711.296	 3.022667063206595e-15	
8714.576	2.9917485036265782e-15	
8717.856	2.9538628661175585e-15	
8721.136	2.8961571978480015e-15	
8724.416	 2.843196472073829e-15	
8727.696	2.7858258957534877e-15	
8730.976	2.7429321015291558e-15	
8734.256	2.6886299955957376e-15	
8737.537	2.6436507348596732e-15	
8740.817	 2.603809213224116e-15	
8744.097	2.5730637676118204e-15	
8747.377	2.5212358753457205e-15	
8750.657	2.4844071441659482e-15	
8753.937	2.4390664700586757e-15	
8757.217	2.3905135701059038e-15	
8760.497	2.3465912156990865e-15	
8763.777	2.2887347054342635e-15	
8767.057	2.2182418878881543e-15	
8770.337	2.1585013712260808e-15	
8773.617	 2.108088761573283e-15	
8776.897	2.0533725994246715e-15	
8780.177	 2.007411347175801e-15	
8783.458	 1.948494893494578e-15	
8786.738	1.8900157803633875e-15	
8790.018	 1.853318656293579e-15	
8793.298	 1.830854334985155e-15	
8796.578	 1.791212248739312e-15	
8799.858	1.7595374544581958e-15	
8803.138	1.7387850379416847e-15	
8806.418	1.7200806305286861e-15	
8809.698	1.6856947297823173e-15	
8812.978	1.6664598444799266e-15	
8816.258	 1.639444954253911e-15	
8819.538	1.6244174470208218e-15	
8822.818	1.6192574359478594e-15	
8826.098	1.5890404435001877e-15	
8829.378	1.5710851842515981e-15	
8832.659	1.5501262458086825e-15	
8835.939	1.5344062827047073e-15	
8839.219	  1.50204713145178e-15	
8842.499	1.4868880171087271e-15	
8845.779	1.4736220204243838e-15	
8849.059	  1.44856402668729e-15	
8852.339	1.4457840795799024e-15	
8855.619	  1.43328646594527e-15	
8858.899	1.4154375047470356e-15	
8862.179	1.4003644412066516e-15	
8865.459	1.3875094636503486e-15	
8868.739	1.3773828027198319e-15	
8872.019	 1.354138962375469e-15	
8875.299	1.3355651497100498e-15	
8878.580	1.3233894673136362e-15	
8881.860	1.3070600620542908e-15	
8885.140	 1.284135115860994e-15	
8888.420	1.2646572635863623e-15	
8891.700	1.2318384998109461e-15	
8894.980	1.2102650574007384e-15	
8898.260	 1.184768710751227e-15	
8901.540	1.1552249392891393e-15	
8904.820	1.1383721426770918e-15	
8908.100	1.1322098928436362e-15	
8911.380	 1.115769127722014e-15	
8914.660	 1.107119503510244e-15	
8917.940	1.0930679136156552e-15	
8921.220	1.0803981983756858e-15	
8924.501	 1.078451425510607e-15	
8927.781	1.0773388392502211e-15	
8931.061	1.0768255715213628e-15	
8934.341	1.0604465605051847e-15	
8937.621	  1.05149930175242e-15	
8940.901	1.0347092716082014e-15	
8944.181	  1.00406698572287e-15	
8947.461	 9.953662372106911e-16	
8950.741	   9.8312060057352e-16	
8954.021	  9.54327394583179e-16	
8957.301	 9.318130625729691e-16	
8960.581	    9.238032513881e-16	
8963.861	 9.182500387650612e-16	
8967.141	 9.225275735475975e-16	
8970.422	 9.219664210779598e-16	
8973.702	 9.226170663823728e-16	
8976.982	 8.962146553988806e-16	
8980.262	 8.523521316089775e-16	
8983.542	 8.624646194661134e-16	
8986.822	 9.141051234548726e-16	
8990.102	 9.391426674718026e-16	
8993.382	 9.323621679302331e-16	
8996.662	 9.283713341749407e-16	
8999.942	 9.379939398742962e-16	
9003.222	  9.51973348330882e-16	
9006.502	 9.465476933682694e-16	
9009.782	 9.400146151934317e-16	
9013.062	 9.368093746483842e-16	
9016.342	 9.392755906528662e-16	
9019.623	 9.326209277556694e-16	
9022.903	 9.394431366274737e-16	
9026.183	 9.467757786134605e-16	
9029.463	  9.34170955802327e-16	
9032.743	 9.066365212006697e-16	
9036.023	 8.864596326996539e-16	
9039.303	 8.766946888490606e-16	
9042.583	 8.560849141925026e-16	
9045.863	 8.389579698467769e-16	
9049.143	 8.236572260061556e-16	
9052.423	 8.146162224966012e-16	
9055.703	 7.842482868174251e-16	
9058.983	 7.614323720529212e-16	
9062.263	 7.456785960453093e-16	
9065.544	 7.367051171067903e-16	
9068.824	 7.413286773522928e-16	
9072.104	 7.457496638846897e-16	
9075.384	 7.539638710349564e-16	
9078.664	 7.567428057799598e-16	
9081.944	 7.734266391100614e-16	
9085.224	 7.897842892799299e-16	
9088.504	 7.969123328280423e-16	
9091.784	 8.116356251646381e-16	
9095.064	 8.175998569157173e-16	
9098.344	  8.36658894871949e-16	
9101.624	 8.680390916992232e-16	
9104.904	 8.914167663507953e-16	
9108.184	  8.95383202172625e-16	
9111.465	 8.963117409515385e-16	
9114.745	 9.148138783601466e-16	
9118.025	 9.117582649755043e-16	
9121.305	 8.816551632960704e-16	
9124.585	 8.493771022701282e-16	
9127.865	 8.385245775100424e-16	
9131.145	 8.657802075110535e-16	
9134.425	 8.912238100803408e-16	
9137.705	 9.014102003915331e-16	
9140.985	  8.69774584534691e-16	
9144.265	 8.226054827250685e-16	
9147.545	  7.96323947810266e-16	
9150.825	 8.052665496960628e-16	
9154.105	 8.298763706056107e-16	
9157.386	 8.366670950072621e-16	
9160.666	 8.148465349390378e-16	
9163.946	  7.78445223157932e-16	
9167.226	 7.522768703576984e-16	
9170.506	 7.525911076417964e-16	
9173.786	 7.529458394212678e-16	
9177.066	  7.47801115020309e-16	
9180.346	 7.566912765345971e-16	
9183.626	 7.460095373087488e-16	
9186.906	 7.394542883976941e-16	
9190.186	 7.484712989187396e-16	
9193.466	 7.473878686950228e-16	
9196.746	 7.478252092450561e-16	
9200.026	 7.471463190301202e-16	
9203.306	 7.409716171393373e-16	
9206.587	 7.417650055399418e-16	
9209.867	 7.527814317700516e-16	
9213.147	7.7183267453592385e-16	
9216.427	 7.933085252122817e-16	
9219.707	  8.10255167817357e-16	
9222.987	 8.159140710733204e-16	
9226.267	  8.19971720745979e-16	
9229.547	 8.207125675388363e-16	
9232.827	 8.273885912823425e-16	
9236.107	 8.364945884569712e-16	
9239.387	 8.499096048842891e-16	
9242.667	 8.613483887011441e-16	
9245.947	 8.852568449508238e-16	
9249.227	 9.062376504212412e-16	
9252.508	 9.236506883767802e-16	
9255.788	 9.531856522861246e-16	
9259.068	 9.985727938268383e-16	
9262.348	1.0223624999688351e-15	
9265.628	1.0234933087521388e-15	
9268.908	1.0037848403263555e-15	
9272.188	 9.939785920904815e-16	
9275.468	 9.895922283516288e-16	
9278.748	 9.873348627070357e-16	
9282.028	 9.876016201953082e-16	
9285.308	 9.713177712432578e-16	
9288.588	 9.370428254142123e-16	
9291.868	  9.14205347330922e-16	
9295.148	 8.967565729832158e-16	
9298.429	 8.717113350121649e-16	
9301.709	  8.46912404809223e-16	
9304.989	 8.078758125054513e-16	
9308.269	 7.595106045387354e-16	
9311.549	 7.382605106740846e-16	
9314.829	 7.272286965357328e-16	
9318.109	 7.340440213433237e-16	
9321.389	 7.486424893979308e-16	
