4301.657	 3.682079493711477e-15	
4303.394	 2.800540158879561e-15	
4305.131	3.1797805742754242e-15	
4306.869	3.4172218080369796e-15	
4308.606	 2.908959973420903e-15	
4310.343	 3.228318222943054e-15	
4312.081	4.0713169915243394e-15	
4313.818	 3.306773554805936e-15	
4315.556	3.3302772976999907e-15	
4317.293	3.3658158950149827e-15	
4319.030	3.5567860133411185e-15	
4320.768	3.4423399453449817e-15	
4322.505	 4.184705443492008e-15	
4324.242	 3.972412499096295e-15	
4325.980	 3.545326441540244e-15	
4327.717	 3.677260701681988e-15	
4329.455	3.4066526069410528e-15	
4331.192	 3.939278313601857e-15	
4332.929	 4.655384248825162e-15	
4334.667	 4.139135537823313e-15	
4336.404	 3.704110671980892e-15	
4338.142	3.4175623050767288e-15	
4339.879	  3.20131881934561e-15	
4341.616	 3.877150261138499e-15	
4343.354	 4.404817948387803e-15	
4345.091	3.8667513321650435e-15	
4346.828	 4.167591650177015e-15	
4348.566	 3.748619582368522e-15	
4350.303	 4.237813330518507e-15	
4352.041	 4.404098093140605e-15	
4353.778	  3.84722600609711e-15	
4355.515	 4.240402570621688e-15	
4357.253	4.1905219728608835e-15	
4358.990	 4.529993555480416e-15	
4360.727	 3.783845288873767e-15	
4362.465	 3.933513556381185e-15	
4364.202	3.4049572877878984e-15	
4365.940	 3.762757174631238e-15	
4367.677	 3.680630433844917e-15	
4369.414	 4.057830099854348e-15	
4371.152	 4.061119257211824e-15	
4372.889	 5.926883519954587e-15	
4374.626	 4.865980608810332e-15	
4376.364	 4.351751731654775e-15	
4378.101	 3.700541838239856e-15	
4379.839	 3.789061411299138e-15	
4381.576	  4.34886159627095e-15	
4383.313	 4.366670191650829e-15	
4385.051	 4.332102312645728e-15	
4386.788	 4.191537945998607e-15	
4388.526	 3.743524689572558e-15	
4390.263	 3.635698717050164e-15	
4392.000	4.4282239994341675e-15	
4393.738	 4.603725274058467e-15	
4395.475	 4.181803676095705e-15	
4397.212	 4.562602872528321e-15	
4398.950	 5.511467515775841e-15	
4400.687	 5.196089786525736e-15	
4402.425	 5.021606105462174e-15	
4404.162	 5.348686554818783e-15	
4405.899	 4.827569688967764e-15	
4407.637	 5.264961347364846e-15	
4409.374	5.1814042641243425e-15	
4411.111	 3.919890986806496e-15	
4412.849	 4.427053767361905e-15	
4414.586	 4.020032537951321e-15	
4416.324	 3.840425296849045e-15	
4418.061	 4.583291030067239e-15	
4419.798	 4.211698678819651e-15	
4421.536	 4.419581640018311e-15	
4423.273	 4.680921233941908e-15	
4425.011	4.6812683305614015e-15	
4426.748	 4.652830764395181e-15	
4428.485	  2.91045413535535e-15		
4433.697	2.2278858432945308e-15	
4435.435	2.9450304116765195e-15	
4437.172	  3.23353097250514e-15	
4438.910	2.7298115067443172e-15	
4440.647	 3.667287820352748e-15	
4442.384	 3.807783308439106e-15	
4444.122	4.0374952243803654e-15	
4445.859	3.7735767962607384e-15	
4447.596	 3.663489889538077e-15	
4449.334	2.8547627319912515e-15	
4451.071	  2.62482619199579e-15	
4452.809	2.1773468044109863e-15	
4454.546	 3.536494962590188e-15	
4456.283	 4.150226192467521e-15	
4458.021	2.6762419199205206e-15	
4459.758	 3.130399889180002e-15	
4461.495	 4.145126347990322e-15	
4463.233	3.7752557855939765e-15	
4464.970	3.3259591848618585e-15	
4466.708	 2.352975191012806e-15	
4468.445	3.6095136756194845e-15	
4470.182	3.2771016566208374e-15	
4471.920	2.7229625871650078e-15	
4473.657	2.7457377648846574e-15	
4475.395	2.8774049241819265e-15	
4477.132	3.7553344995507155e-15	
4478.869	 3.628090202478241e-15	
4480.607	2.8621811545281966e-15	
4482.344	2.7945119558372904e-15	
4484.081	3.4953132445663535e-15	
4485.819	 3.836366819265287e-15	
4487.556	3.3712948789679584e-15	
4489.294	2.9300835487097228e-15	
4491.031	2.5758030070241382e-15	
4492.768	2.9548884616245893e-15	
4494.506	 3.319752544674953e-15	
4496.243	  2.78779626081577e-15	
4497.980	 2.876699115163307e-15	
4499.718	 3.423727241944666e-15	
4501.455	 3.235234268541684e-15	
4503.193	 4.220477428944525e-15	
4504.930	 3.844272740627803e-15	
4506.667	 2.972382937916802e-15	
4508.405	3.0981156417914467e-15	
4510.142	 3.299271470258203e-15	
4511.880	 4.085713444903062e-15	
4513.617	4.2807081965783896e-15	
4515.354	 3.083952873689325e-15	
4517.092	3.3937721040631807e-15	
4518.829	 4.428383153081262e-15	
4520.566	 4.024037371247183e-15	
4522.304	3.9265843933727496e-15	
4524.041	4.3058577068807546e-15	
4525.779	 4.320180089243734e-15	
4527.516	  4.05653466754928e-15	
4529.253	 4.340519646557963e-15	
4530.991	 4.063604481405318e-15	
4532.728	4.3978559641741115e-15	
4534.465	  5.29618227290452e-15	
4536.203	 4.763673967122216e-15	
4537.940	 4.544038505671363e-15	
4539.678	5.7273436703916756e-15	
4541.415	 5.638008717124111e-15	
4543.152	 5.367477317251062e-15	
4544.890	5.0673587996173226e-15	
4546.627	 5.866721077220935e-15	
4548.364	  5.49419589226269e-15	
4550.102	 4.609386996854197e-15	
4551.839	 5.684697548051954e-15	
4553.577	 4.703689477182658e-15	
4555.314	 5.295903717736948e-15	
4557.051	5.5079115518009526e-15	
4558.789	6.2229089182104684e-15	
4560.526	 5.852788824430401e-15	
4562.264	 5.412742507081241e-15	
4564.001	 6.414702071564934e-15	
4565.738	6.4917311711341675e-15	
4567.476	   6.2393339292474e-15	
4569.213	 6.286147898625187e-15	
4570.950	6.2300479959176384e-15	
4572.688	6.5291388075937325e-15	
4574.425	 7.196543601311826e-15	
4576.163	 6.932450699925097e-15	
4577.900	 7.615966748165389e-15	
4579.637	 6.663380162107206e-15	
4581.375	6.3376611582599175e-15	
4583.112	 6.694222299475169e-15	
4584.849	 7.297523531225851e-15	
4586.587	 7.671340728821218e-15	
4588.324	 6.795530531974185e-15	
4590.062	   6.5576250476104e-15	
4591.799	 6.703527395279719e-15	
4593.536	 5.667915992765661e-15	
4595.274	 6.493658499342242e-15	
4597.011	 6.782073997788291e-15	
4598.749	 6.213811730894918e-15	
4600.486	6.4188810607278225e-15	
4602.223	6.9921826555324175e-15	
4603.961	 7.085045509265989e-15	
4605.698	 6.825034504161284e-15	
4607.435	 6.279248087051827e-15	
4609.173	6.3086291451810864e-15	
4610.910	 6.599085519480645e-15	
4612.648	 6.827597727487559e-15	
4614.385	 6.769065435245601e-15	
4616.122	 7.067188178336227e-15	
4617.860	 6.430095779787104e-15	
4619.597	   6.5697455253038e-15	
4621.334	 6.145545574190867e-15	
4623.072	6.4512569505153025e-15	
4624.809	 6.165119807740871e-15	
4626.547	 6.834060945871197e-15	
4628.284	 7.657279979535697e-15	
4630.021	 7.080812983490778e-15	
4631.759	 6.879733103959856e-15	
4633.496	 7.087444608781765e-15	
4635.233	 6.706448416737467e-15	
4636.971	6.4129232900215464e-15	
4638.708	6.3956797477880426e-15	
4640.446	 6.386156892299817e-15	
4642.183	 6.081212665836147e-15	
4643.920	 6.522270150710027e-15	
4645.658	 5.671703568102032e-15	
4647.395	 5.812658808251362e-15	
4649.133	 6.503470146505916e-15	
4650.870	   5.8489899243803e-15	
4652.607	 5.251452708909506e-15	
4654.345	 4.911795385808275e-15	
4656.082	 6.170485885010308e-15	
4657.819	 5.396605128837032e-15	
4659.557	 4.642921297115495e-15	
4661.294	 5.110358151974285e-15	
4663.032	 4.608236401320256e-15	
4664.769	 4.550018325201713e-15	
4666.506	 4.758719814873924e-15	
4668.244	 5.113906047066741e-15	
4669.981	4.8647555510809025e-15	
4671.718	 4.946205178172535e-15	
4673.456	 4.857562867603962e-15	
4675.193	4.2222147938248374e-15	
4676.931	 5.607653499385646e-15	
4678.668	 5.135525341524336e-15	
4680.405	 4.383568483002158e-15	
4682.143	 4.920851205800317e-15	
4683.880	 4.476364979603578e-15	
4685.618	4.3400368630682374e-15	
4687.355	 4.172688624170279e-15	
4689.092	 4.705730036849569e-15	
4690.830	 4.744274779955456e-15	
4692.567	 4.945878453390068e-15	
4694.304	 4.557262273686223e-15	
4696.042	  3.68158473426285e-15	
4697.779	 3.739647805642027e-15	
4699.517	  4.20288817687691e-15	
4701.254	 3.959697573044877e-15	
4702.991	 3.902259500471442e-15	
4704.729	 3.527585446242136e-15	
4706.466	 3.683916005043365e-15	
4708.203	 3.742365403459442e-15	
4709.941	 3.684117718048027e-15	
4711.678	 3.881135950808029e-15	
4713.416	4.3372001118799584e-15	
4715.153	 3.652678609468375e-15	
4716.890	 3.546265774697773e-15	
4718.628	3.4220097934005295e-15	
4720.365	3.7301503061352356e-15	
4722.102	3.3874233215134087e-15	
4723.840	 4.057726227030963e-15	
4725.577	 3.942778653634206e-15	
4727.315	3.1600111623121683e-15	
4729.052	2.9003017100837884e-15	
4730.789	3.1588220736498503e-15	
4732.527	3.8445533451404085e-15	
4734.264	  2.63472641106334e-15	
4736.002	2.8386857510824043e-15	
4737.739	3.1840730922913624e-15	
4739.476	2.9668454414077192e-15	
4741.214	 2.757333661234954e-15	
4742.951	 2.907532421154468e-15	
4744.688	2.7959299123716504e-15	
4746.426	2.0809154786626582e-15	
4748.163	2.1736247729447984e-15	
4749.901	2.7152754131800867e-15	
4751.638	 3.010733937059711e-15	
4753.375	 3.232765427551473e-15	
4755.113	3.0324692079802233e-15	
4756.850	2.6181395702422723e-15	
4758.587	2.4829130366160977e-15	
4760.325	2.3066542987374074e-15	
4762.062	 2.792936781035202e-15	
4763.800	2.4576259335326252e-15	
4765.537	2.3422401452253444e-15	
4767.274	  3.56725481951066e-15	
4769.012	3.0653031322722627e-15	
4770.749	 1.990241930891189e-15	
4772.487	2.5002573788344677e-15	
4774.224	2.5437764549105865e-15	
4775.961	1.9889727163494294e-15	
4777.699	3.3713156032384398e-15	
4779.436	 2.351448750698286e-15	
4781.173	 2.223244956575765e-15	
4782.911	 2.041714253319643e-15	
4784.648	 2.383311718600782e-15	
4786.386	2.3764014087813234e-15	
4788.123	 2.640498923046493e-15	
4789.860	2.8812935028393018e-15	
4791.598	2.6939474469549365e-15	
4793.335	 2.136400495786481e-15	
4795.072	2.6693273617728036e-15	
4796.810	 3.297499155520587e-15	
4798.547	2.9006017807981465e-15	
4800.285	 2.908694566409682e-15	
4802.022	  2.92818831944357e-15	
4803.759	 3.752074932140515e-15	
4805.497	3.5202249242255837e-15	
4807.234	 3.736716938125927e-15	
4808.971	  4.18281878520934e-15	
4810.709	 4.786186773385063e-15	
4812.446	6.0336746722681976e-15	
4814.184	6.0130433087586664e-15	
4815.921	 5.412189819169429e-15	
4817.658	 5.237778739016654e-15	
4819.396	 4.587805329023112e-15	
4821.133	 5.297007068348324e-15	
4822.871	5.3936384763693546e-15	
4824.608	 4.944164547500061e-15	
4826.345	5.4033180933854904e-15	
4828.083	 5.479892116859356e-15	
4829.820	5.2704838628848585e-15	
4831.557	 5.343456829941945e-15	
4833.295	 6.031085900122071e-15	
4835.032	 6.309543167387706e-15	
4836.770	 6.576864213866802e-15	
4838.507	 6.246765012397233e-15	
4840.244	6.3040097045265435e-15	
4841.982	 6.577240928096183e-15	
4843.719	6.1723036016545575e-15	
4845.456	 6.012704222145774e-15	
4847.194	 5.948124877923763e-15	
4848.931	 6.186909742874452e-15	
4850.669	5.8363900009041026e-15	
4852.406	 5.610908432824753e-15	
4854.143	 5.987829649458806e-15	
4855.881	5.5261296122325274e-15	
4857.618	   6.0285800811813e-15	
4859.356	 5.621084384620085e-15	
4861.093	5.9109279099751615e-15	
4862.830	 6.207876841367945e-15	
4864.568	5.7601433262337445e-15	
4866.305	 5.840147514095596e-15	
4868.042	 5.291515106429381e-15	
4869.780	 6.098710590121587e-15	
4871.517	 5.869672740166757e-15	
4873.255	 6.259882901570364e-15	
4874.992	 5.894154423582764e-15	
4876.729	 4.918626489633428e-15	
4878.467	 5.083725612713103e-15	
4880.204	 5.505221058049516e-15	
4881.941	5.5103658915471215e-15	
4883.679	 5.815744022534472e-15	
4885.416	 6.068936116094192e-15	
4887.154	 6.764810199502918e-15	
4888.891	6.8572292964722075e-15	
4890.628	 5.521869827122115e-15	
4892.366	 5.288531812154933e-15	
4894.103	 6.872259282771759e-15	
4895.840	 7.493754672126984e-15	
4897.578	  6.63046374896218e-15	
4899.315	 7.004330951714143e-15	
4901.053	 6.821958176230102e-15	
4902.790	 6.989561367870523e-15	
4904.527	 6.612725724238205e-15	
4906.265	 6.374320665642704e-15	
4908.002	 6.639996885985702e-15	
4909.740	 6.390548308275008e-15	
4911.477	 6.260223480960862e-15	
4913.214	 6.304529659190062e-15	
4914.952	6.5927889247787424e-15	
4916.689	 6.608279117897421e-15	
4918.426	 6.011284231638759e-15	
4920.164	  6.28379576145834e-15	
4921.901	 6.324211127453366e-15	
4923.639	5.9589461694296735e-15	
4925.376	5.6169287003009526e-15	
4927.113	  5.74474335811373e-15	
4928.851	 5.950300294259452e-15	
4930.588	 5.972008062514821e-15	
4932.325	 5.898374865146785e-15	
4934.063	 5.642938103049296e-15	
4935.800	 5.202693609682586e-15	
4937.538	 5.565674628721306e-15	
4939.275	 5.962714246484226e-15	
4941.012	 5.661583098470827e-15	
4942.750	 5.140148970298994e-15	
4944.487	5.4825693491551406e-15	
4946.225	  5.85058225992452e-15	
4947.962	 5.214131424457975e-15	
4949.699	 5.188395386140142e-15	
4951.437	 5.383119924543799e-15	
4953.174	5.3906847618580256e-15	
4954.911	 5.009225165773257e-15	
4956.649	5.5727085248722756e-15	
4958.386	 4.926722810402892e-15	
4960.124	4.7367103038605886e-15	
4961.861	 5.264234532364546e-15	
4963.598	5.2248608606068006e-15	
4965.336	 4.876893726154109e-15	
4967.073	 4.768707136308498e-15	
4968.810	 5.344608972949775e-15	
4970.548	 5.548434667639027e-15	
4972.285	 5.431512465854136e-15	
4974.023	5.9932192757799146e-15	
4975.760	 5.941668077738891e-15	
4977.497	 5.908929662900015e-15	
4979.235	5.9782246997861985e-15	
4980.972	 5.568655746012713e-15	
4982.709	 5.495650928402664e-15	
4984.447	 5.519156073296753e-15	
4986.184	 5.836487417734925e-15	
4987.922	 5.924876097198624e-15	
4989.659	 6.110642819645461e-15	
4991.396	 6.107361628609534e-15	
4993.134	   6.5629081719905e-15	
4994.871	6.9453722204333874e-15	
4996.609	 6.615971115392702e-15	
4998.346	 6.463674571132815e-15	
5000.083	 6.286316662545253e-15	
5001.821	 6.250682316502521e-15	
5003.558	 6.202251255453344e-15	
5005.295	6.1711301772310735e-15	
5007.033	 6.226958942457559e-15	
5008.770	6.2503467068071826e-15	
5010.508	 5.983795502742672e-15	
5012.245	6.4333535813088374e-15	
5013.982	 6.416396580145781e-15	
5015.720	 6.309226770758105e-15	
5017.457	 6.005375520242822e-15	
5019.194	 6.028442002597728e-15	
5020.932	 6.205090148366593e-15	
5022.669	 6.296470692608375e-15	
5024.407	6.3451960566399895e-15	
5026.144	 6.311729116118952e-15	
5027.881	6.1247519304155345e-15	
5029.619	5.9833740767204505e-15	
5031.356	 6.015819913445198e-15	
5033.094	 6.150762799280287e-15	
5034.831	 6.304571708354394e-15	
5036.568	6.3783734390997524e-15	
5038.306	 6.310352474485006e-15	
5040.043	6.1705186473006325e-15	
5041.780	 6.030479310603831e-15	
5043.518	 5.915579883816693e-15	
5045.255	5.8439898676858266e-15	
5046.993	5.8090184674192054e-15	
5048.730	 5.798227935334306e-15	
5050.467	 5.813742639586656e-15	
5052.205	 5.848016825424729e-15	
5053.942	5.8518399033318314e-15	
5055.679	5.7860653974628535e-15	
5057.417	5.6625452625705464e-15	
5059.154	  5.50785943081159e-15	
5060.892	5.3925258249100376e-15	
5062.629	 5.373083399791986e-15	
5064.366	 5.384376952140871e-15	
5066.104	 5.350873524175009e-15	
5067.841	 5.263284469000442e-15	
5069.578	 5.128144755470589e-15	
5071.316	 5.000484446175831e-15	
5073.053	 4.936991219019867e-15	
5074.791	4.8822512432517704e-15	
5076.528	 4.767488172040895e-15	
5078.265	 4.643736918602245e-15	
5080.003	 4.580381104249894e-15	
5081.740	 4.562212852924983e-15	
5083.478	 4.554167445481282e-15	
5085.215	4.5421768648320095e-15	
5086.952	 4.515997308816219e-15	
5088.690	4.4702513213790844e-15	
5090.427	 4.406272290076669e-15	
5092.164	 4.310445297791298e-15	
5093.902	 4.166539236524899e-15	
5095.639	 4.047265697968212e-15	
5097.377	 4.050786685996258e-15	
5099.114	 4.130673636290188e-15	
5100.851	 4.185228101313057e-15	
5102.589	 4.189852559247778e-15	
5104.326	 4.152389107519904e-15	
5106.063	 4.099736904951961e-15	
5107.801	 4.071606430191482e-15	
5109.538	4.0789804680481244e-15	
5111.276	 4.116502230964555e-15	
5113.013	 4.177579649535911e-15	
5114.750	4.2503775111205926e-15	
5116.488	4.3397774943986815e-15	
5118.225	 4.464954944068741e-15	
5119.963	 4.583562363341296e-15	
5121.700	 4.614101505357865e-15	
5123.437	 4.579666110029054e-15	
5125.175	  4.57141065022443e-15	
5126.912	 4.634828397224988e-15	
5128.649	 4.789220890405827e-15	
5130.387	 4.962735459428472e-15	
5132.124	 5.001832007293146e-15	
5133.862	  4.91138832466432e-15	
5135.599	  4.83848201042166e-15	
5137.336	 4.847867661893475e-15	
5139.074	 4.930294968851152e-15	
5140.811	5.0541998050754435e-15	
5142.548	 5.155095954433889e-15	
5144.286	  5.21510703032369e-15	
5146.023	    5.273635050565e-15	
5147.761	5.3522345070390285e-15	
5149.498	 5.454900573652697e-15	
5151.235	5.5617393921268065e-15	
5152.973	5.6191437715384564e-15	
5154.710	 5.601910381716446e-15	
5156.447	 5.519824094732122e-15	
5158.185	5.4190117344795965e-15	
5159.922	 5.409553476013285e-15	
5161.660	5.5171066108145865e-15	
5163.397	 5.612129343674872e-15	
5165.134	5.6422897764286765e-15	
5166.872	 5.711287037059796e-15	
5168.609	 5.849125544068161e-15	
5170.347	 5.945692625797337e-15	
5172.084	5.9305236950240824e-15	
5173.821	 5.797690828661102e-15	
5175.559	 5.597132426447996e-15	
5177.296	5.5215925511574634e-15	
5179.033	 5.660912835849565e-15	
5180.771	 5.819502415034778e-15	
5182.508	 5.861874163906798e-15	
5184.246	5.8616826132128385e-15	
5185.983	5.8760992485722204e-15	
5187.720	 5.896010863823216e-15	
5189.458	5.9143673310111426e-15	
5191.195	5.9125269527638834e-15	
5192.932	5.8862080372400126e-15	
5194.670	 5.902667942397531e-15	
5196.407	 6.002304105890379e-15	
5198.145	 6.104793468227556e-15	
5199.882	 6.135912605291774e-15	
5201.619	 6.095182480722473e-15	
5203.357	 5.995001755958807e-15	
5205.094	 5.854586021868323e-15	
5206.832	 5.703647974322331e-15	
5208.569	 5.599178039661983e-15	
5210.306	 5.585825021840099e-15	
5212.044	5.6546597570557545e-15	
5213.781	 5.775706446936285e-15	
5215.518	 5.844297552526332e-15	
5217.256	5.7700931771227845e-15	
5218.993	 5.632757354439339e-15	
5220.731	 5.537164827204962e-15	
5222.468	  5.54882662757997e-15	
5224.205	 5.707587344909579e-15	
5225.943	 5.878382746056849e-15	
5227.680	   5.9036063124696e-15	
5229.417	 5.835015281777095e-15	
5231.155	 5.770415877598709e-15	
5232.892	5.7488493223552646e-15	
5234.630	 5.793646211469014e-15	
5236.367	 5.833646362459259e-15	
5238.104	5.7755067524465145e-15	
5239.842	5.6671575375820774e-15	
5241.579	5.5968071098946106e-15	
5243.316	 5.591461955898423e-15	
5245.054	5.6569702845939654e-15	
5246.791	 5.737391990494413e-15	
5248.529	 5.753172558495072e-15	
5250.266	  5.72460696505959e-15	
5252.003	5.7108979978612215e-15	
5253.741	 5.730946541076629e-15	
5255.478	5.7900278252412955e-15	
5257.216	 5.834592537007651e-15	
5258.953	 5.783366263708483e-15	
5260.690	 5.671581995664955e-15	
5262.428	 5.592181493973344e-15	
5264.165	5.5983351464290825e-15	
5265.902	 5.721833254976165e-15	
5267.640	5.9031489872087954e-15	
5269.377	 6.025061490023823e-15	
5271.115	6.0535111165000165e-15	
5272.852	 6.007785736766332e-15	
5274.589	 5.947943322884239e-15	
5276.327	 5.971779729815263e-15	
5278.064	 6.057062316845619e-15	
5279.801	 6.084247514839649e-15	
5281.539	 6.035674811434307e-15	
5283.276	 5.972658818491054e-15	
5285.014	5.9576396051584636e-15	
5286.751	6.0635948553282966e-15	
5288.488	 6.257087897766922e-15	
5290.226	 6.394135254304503e-15	
5291.963	 6.419166737689607e-15	
5293.701	 6.369297306065285e-15	
5295.438	 6.298828405785733e-15	
5297.175	 6.293332817412065e-15	
5298.913	6.3546508865260994e-15	
5300.650	6.3696293738269175e-15	
5302.387	 6.297070178254167e-15	
5304.125	6.1872513200547054e-15	
5305.862	 6.107524510655634e-15	
5307.600	 6.166659501301082e-15	
5309.337	  6.36316661133993e-15	
5311.074	  6.50801580227293e-15	
5312.812	6.5082143495105135e-15	
5314.549	  6.43929614815644e-15	
5316.286	 6.376784598137797e-15	
5318.024	 6.407378291011341e-15	
5319.761	 6.547046643639226e-15	
5321.499	 6.647207703950917e-15	
5323.236	 6.625599512669486e-15	
5324.973	 6.566863840205976e-15	
5326.711	 6.525549016062473e-15	
5328.448	 6.477692941130783e-15	
5330.185	6.4050757270468364e-15	
5331.923	 6.281146981214353e-15	
5333.660	 6.120672947231043e-15	
5335.398	6.0745005832113316e-15	
5337.135	 6.227878284475913e-15	
5338.872	 6.450717104288416e-15	
5340.610	6.6206488294883024e-15	
5342.347	 6.700204973622473e-15	
5344.085	 6.670942152164825e-15	
5345.822	 6.552359338993928e-15	
5347.559	6.3871037096726276e-15	
5349.297	 6.266399966301663e-15	
5351.034	 6.259428576973516e-15	
5352.771	 6.329563832115887e-15	
5354.509	 6.421327666851041e-15	
5356.246	 6.459696076944358e-15	
5357.984	 6.389891286931037e-15	
5359.721	 6.275230650740728e-15	
5361.458	 6.193245346256454e-15	
5363.196	 6.192233345624565e-15	
5364.933	6.2991499407898776e-15	
5366.670	6.4623878151896525e-15	
5368.408	6.6131705649945135e-15	
5370.145	 6.654366876314045e-15	
5371.883	 6.510939187712683e-15	
5373.620	 6.321769694437787e-15	
5375.357	6.2551173085741886e-15	
5377.095	 6.287379205879823e-15	
5378.832	6.3508079934228816e-15	
5380.570	 6.414029336737717e-15	
5382.307	 6.451165105753144e-15	
5384.044	 6.448208793365892e-15	
5385.782	  6.40029826316599e-15	
5387.519	 6.344602223356609e-15	
5389.256	 6.330592222376943e-15	
5390.994	 6.326790324980084e-15	
5392.731	6.2769297069644625e-15	
5394.469	 6.228013546940532e-15	
5396.206	 6.256334159103464e-15	
5397.943	  6.33993175552548e-15	
5399.681	 6.424732439493734e-15	
5401.418	 6.445714292154252e-15	
5403.155	 6.330044170446708e-15	
5404.893	 6.188275051688857e-15	
5406.630	 6.216560422418723e-15	
5408.368	6.3415187070729355e-15	
5410.105	6.3591396959434424e-15	
5411.842	 6.249143221637227e-15	
5413.580	6.0836541299837094e-15	
5415.317	 5.940911114826116e-15	
5417.054	 5.912875527932659e-15	
5418.792	 5.969738695784033e-15	
5420.529	  5.99529448681656e-15	
5422.267	5.9906232093339566e-15	
5424.004	 6.034742900187443e-15	
5425.741	 6.134104605268208e-15	
5427.479	 6.249733375107966e-15	
5429.216	 6.326454036010064e-15	
5430.954	 6.291876745165255e-15	
5432.691	 6.158165600198494e-15	
5434.428	 6.011981252352609e-15	
5436.166	 5.909657259331027e-15	
5437.903	 5.882957938055602e-15	
5439.640	 5.902766379763659e-15	
5441.378	 5.867988081323299e-15	
5443.115	5.7665402098482965e-15	
5444.853	 5.692113291336909e-15	
5446.590	5.6759187445977775e-15	
5448.327	  5.67295308348615e-15	
5450.065	 5.669892724430754e-15	
5451.802	5.6936713609550406e-15	
5453.539	 5.734804296188725e-15	
5455.277	5.7367607051097665e-15	
5457.014	 5.676203013499962e-15	
5458.752	 5.573272818561908e-15	
5460.489	 5.470254410036659e-15	
5462.226	 5.450637421850931e-15	
5463.964	 5.537490810759891e-15	
5465.701	 5.642856908832484e-15	
5467.439	 5.699667386834779e-15	
5469.176	 5.687432096158866e-15	
5470.913	5.6064348603629744e-15	
5472.651	5.5005732258669956e-15	
5474.388	 5.412007198156275e-15	
5476.125	 5.364514471324176e-15	
5477.863	 5.372401244928026e-15	
5479.600	5.4322967537482924e-15	
5481.338	 5.526035727751702e-15	
5483.075	 5.605085078944562e-15	
5484.812	 5.637947901231119e-15	
5486.550	5.6461462440751966e-15	
5488.287	 5.656368936972951e-15	
5490.024	 5.711376305589693e-15	
5491.762	  5.82368422105479e-15	
5493.499	 5.876465306381609e-15	
5495.237	 5.792586867915277e-15	
5496.974	5.6901696947359335e-15	
5498.711	5.6750862237518915e-15	
5500.449	 5.729434404027808e-15	
5502.186	 5.820522273132867e-15	
5503.924	 5.902547004070751e-15	
5505.661	 5.934845187698403e-15	
5507.398	 5.934632682732003e-15	
5509.136	 5.925168793528497e-15	
5510.873	 5.909765100486523e-15	
5512.610	 5.889602228909513e-15	
5514.348	 5.844373416349627e-15	
5516.085	5.7585000094097064e-15	
5517.823	 5.682014892012192e-15	
5519.560	 5.667135338667258e-15	
5521.297	 5.691082522844992e-15	
5523.035	5.7185092698410785e-15	
5524.772	 5.747535196605015e-15	
5526.509	  5.78053027482512e-15	
5528.247	 5.822744689112292e-15	
5529.984	 5.879771256380998e-15	
5531.722	 5.913919757967967e-15	
5533.459	5.8815587142919385e-15	
5535.196	 5.828684426947401e-15	
5536.934	5.8228917914494395e-15	
5538.671	5.8314547137065786e-15	
5540.408	5.7960189727983965e-15	
5542.146	5.7282796304342515e-15	
5543.883	 5.659037938807369e-15	
5545.621	5.6356381099173074e-15	
5547.358	5.7111075648773766e-15	
5549.095	 5.807200692714147e-15	
5550.833	 5.794032274417872e-15	
5552.570	 5.711033033900603e-15	
5554.308	 5.669791318900423e-15	
5556.045	 5.681755789530522e-15	
5557.782	 5.715462108816946e-15	
5559.520	 5.735173417732016e-15	
5561.257	5.6989853046189455e-15	
5562.994	 5.629304623196005e-15	
5564.732	5.5841273637382935e-15	
5566.469	 5.585384086285848e-15	
5568.207	5.6366265233920515e-15	
5569.944	5.6868973140791665e-15	
5571.681	5.6462455620175005e-15	
5573.419	 5.528879628497152e-15	
5575.156	 5.423138691953643e-15	
5576.893	 5.369666791350727e-15	
5578.631	  5.37794962481467e-15	
5580.368	  5.40812911358424e-15	
5582.106	 5.370201535631089e-15	
5583.843	 5.271573042930989e-15	
5585.580	 5.214724917927354e-15	
5587.318	 5.214964887510765e-15	
5589.055	 5.199092289949317e-15	
5590.793	 5.159263030651665e-15	
5592.530	 5.157344203843197e-15	
5594.267	 5.192576176276272e-15	
5596.005	 5.193702060020022e-15	
5597.742	 5.144735288699613e-15	
5599.479	 5.094142856969714e-15	
5601.217	 5.077250168017663e-15	
5602.954	  5.11945693477391e-15	
5604.692	 5.202448034412784e-15	
5606.429	 5.235202618951102e-15	
5608.166	 5.189427816313084e-15	
5609.904	  5.14255942054108e-15	
5611.641	 5.135150613931584e-15	
5613.378	 5.144198184786206e-15	
5615.116	 5.150520380607971e-15	
5616.853	 5.135580807548083e-15	
5618.591	 5.095705366789921e-15	
5620.328	 5.064654029454375e-15	
5622.065	 5.059165062989732e-15	
5623.803	 5.051966019244878e-15	
5625.540	 5.029939921456042e-15	
5627.277	5.0230278471590905e-15	
5629.015	 5.037720301570635e-15	
5630.752	 5.007032078578881e-15	
5632.490	 4.905792559833213e-15	
5634.227	 4.840386869216326e-15	
5635.964	4.8778548543810985e-15	
5637.702	 4.942713274211095e-15	
5639.439	4.9720480753477405e-15	
5641.177	 4.979297286966527e-15	
5642.914	 4.974647232262401e-15	
5644.651	 4.937561478598542e-15	
5646.389	 4.862100266244679e-15	
5648.126	 4.788571360866423e-15	
5649.863	 4.757107550713114e-15	
5651.601	4.8094995319660305e-15	
5653.338	 4.958647127764088e-15	
5655.076	5.0838292100288666e-15	
5656.813	 5.076400128078863e-15	
5658.550	 4.971328538160618e-15	
5660.288	 4.829468018591071e-15	
5662.025	4.7359070959212245e-15	
5663.762	 4.762495576749901e-15	
5665.500	 4.849128701538697e-15	
5667.237	 4.918019962982603e-15	
5668.975	 4.967256536574489e-15	
5670.712	 5.006482135620468e-15	
5672.449	5.0505391630908576e-15	
5674.187	   5.1149114920798e-15	
5675.924	5.1586685569971064e-15	
5677.662	 5.136665199769299e-15	
5679.399	 5.094728052626095e-15	
5681.136	 5.094480037341822e-15	
5682.874	 5.145531675198174e-15	
5684.611	 5.241319679211478e-15	
5686.348	 5.308813243097435e-15	
5688.086	 5.260980550504823e-15	
5689.823	 5.162140784518758e-15	
5691.561	5.1230554970090395e-15	
5693.298	5.1303375426214125e-15	
5695.035	5.1290896061894965e-15	
5696.773	 5.113448910135724e-15	
5698.510	5.0929736887286415e-15	
5700.247	 5.070873534321647e-15	
5701.985	  5.05030860460178e-15	
5703.722	 5.034577962617263e-15	
5705.460	  5.02546970498705e-15	
5707.197	 5.029533318695043e-15	
5708.934	 5.055885242480384e-15	
5710.672	5.0877721712879636e-15	
5712.409	 5.093659172470492e-15	
5714.146	 5.081279036275325e-15	
5715.884	5.0823944571208834e-15	
5717.621	5.0903549130862584e-15	
5719.359	 5.074985472633924e-15	
5721.096	 5.037779674441083e-15	
5722.833	 5.000413448582081e-15	
5724.571	 4.972723974581095e-15	
5726.308	 4.956938169726234e-15	
5728.046	  4.94741857198514e-15	
5729.783	 4.931581027400661e-15	
5731.520	 4.902960881859893e-15	
5733.258	 4.860644610399168e-15	
5734.995	 4.812185585144429e-15	
5736.732	4.7729764485935166e-15	
5738.470	 4.751316372950779e-15	
5740.207	 4.749151474869356e-15	
5741.945	4.7562997124843546e-15	
5743.682	4.7457211434893605e-15	
5745.419	  4.72015864115729e-15	
5747.157	4.7240319640635014e-15	
5748.894	  4.75405254661468e-15	
5750.631	 4.738177458748746e-15	
5752.369	 4.670192677051019e-15	
5754.106	 4.644179245248536e-15	
5755.844	 4.673749531642684e-15	
5757.581	4.6448204555888834e-15	
5759.318	 4.521850821782596e-15	
5761.056	  4.39655445581264e-15	
5762.793	4.3286902133252015e-15	
5764.531	 4.324026290382031e-15	
5766.268	 4.372878030616232e-15	
5768.005	 4.433947025855912e-15	
5769.743	4.4707124838451265e-15	
5771.480	 4.463451949448345e-15	
5773.217	 4.411159586314011e-15	
5774.955	 4.354646223495555e-15	
5776.692	 4.322721850344243e-15	
5778.430	4.3036695276538615e-15	
5780.167	 4.288587659859481e-15	
5781.904	4.2821674144937465e-15	
5783.642	 4.283361100122283e-15	
5785.379	4.2760532004718074e-15	
5787.116	4.2514585424168625e-15	
5788.854	 4.223888344593651e-15	
5790.591	 4.207527120517142e-15	
5792.329	 4.214986205204072e-15	
5794.066	 4.248659734709805e-15	
5795.803	 4.268586128625816e-15	
5797.541	 4.245104797222176e-15	
5799.278	 4.209061261421314e-15	
5801.015	  4.19101245493675e-15	
5802.753	  4.19713567569691e-15	
5804.490	 4.224386192135546e-15	
5806.228	 4.229314392697755e-15	
5807.965	  4.17541984285715e-15	
5809.702	 4.092913149472714e-15	
5811.440	4.0201492044768375e-15	
5813.177	 3.980808426021692e-15	
5814.915	 3.991087970562898e-15	
5816.652	 4.026689079406711e-15	
5818.389	 4.057800007367511e-15	
5820.127	  4.09580725285438e-15	
5821.864	4.1556231443479005e-15	
5823.601	  4.22334721671894e-15	
5825.339	4.2822625104154866e-15	
5827.076	 4.306431051478485e-15	
5828.814	 4.274545780673835e-15	
5830.551	4.2566142581856795e-15	
5832.288	 4.336139880264858e-15	
5834.026	 4.479913080678527e-15	
5835.763	 4.622667221332379e-15	
5837.500	  4.71312542295525e-15	
5839.238	 4.709789251697572e-15	
5840.975	 4.657525403241162e-15	
5842.713	4.6292359892546765e-15	
5844.450	 4.671431763400346e-15	
5846.187	 4.818121212631688e-15	
5847.925	 4.981804645392898e-15	
5849.662	 5.026535582593127e-15	
5851.400	 4.985765694819987e-15	
5853.137	4.9669345999410875e-15	
5854.874	 4.985490394743105e-15	
5856.612	 5.019493831854647e-15	
5858.349	 5.043922543164171e-15	
5860.086	 5.024024949788572e-15	
5861.824	 5.006744338780133e-15	
5863.561	5.0879638718051015e-15	
5865.299	 5.227353982777684e-15	
5867.036	 5.301298602535742e-15	
5868.773	 5.303193558233643e-15	
5870.511	 5.302247479936469e-15	
5872.248	  5.31472016197527e-15	
5873.985	 5.323228520533324e-15	
5875.723	 5.328078718369359e-15	
5877.460	  5.33851673464511e-15	
5879.198	 5.354943498579076e-15	
5880.935	5.3759661787815605e-15	
5882.672	5.3823110716129345e-15	
5884.410	5.3308875095100896e-15	
5886.147	5.2616353666535835e-15	
5887.884	5.3029141631577195e-15	
5889.622	 5.448397269504004e-15	
5891.359	 5.543343759681264e-15	
5893.097	 5.541858805782219e-15	
5894.834	  5.52656946833556e-15	
5896.571	 5.517750327045612e-15	
5898.309	 5.461287876236631e-15	
5900.046	 5.356206650449787e-15	
5901.784	 5.264261424752794e-15	
5903.521	5.2253860773800275e-15	
5905.258	5.2514147875018446e-15	
5906.996	 5.331497904933032e-15	
5908.733	 5.420396688413785e-15	
5910.470	 5.477311587257325e-15	
5912.208	 5.471311579623789e-15	
5913.945	 5.402196257080007e-15	
5915.683	 5.327350926379275e-15	
5917.420	 5.284093007617688e-15	
5919.157	 5.262784326258282e-15	
5920.895	 5.250963657235742e-15	
5922.632	 5.230292840256592e-15	
5924.369	 5.191075289381533e-15	
5926.107	 5.143450673959887e-15	
5927.844	 5.108508761429224e-15	
5929.582	 5.146904482148657e-15	
5931.319	 5.271941107410274e-15	
5933.056	  5.34228463704853e-15	
5934.794	5.2812663665612975e-15	
5936.531	  5.25261840715685e-15	
5938.269	 5.364385407685215e-15	
5940.006	 5.486204205594672e-15	
5941.743	 5.512869923771664e-15	
5943.481	 5.478845974702214e-15	
5945.218	 5.426763496727124e-15	
5946.955	 5.400606176583466e-15	
5948.693	5.4318468774543394e-15	
5950.430	 5.483437956449286e-15	
5952.168	5.5146241311833455e-15	
5953.905	5.5070702854803766e-15	
5955.642	 5.454518085031359e-15	
5957.380	 5.405422731373242e-15	
5959.117	 5.405498344007093e-15	
5960.854	 5.436485141261299e-15	
5962.592	 5.470191193359817e-15	
5964.329	 5.474081846943022e-15	
5966.067	 5.423491056159279e-15	
5967.804	 5.358076722617867e-15	
5969.541	5.3255379698056654e-15	
5971.279	 5.341126801338231e-15	
5973.016	 5.407505410792248e-15	
5974.753	 5.474497317268305e-15	
5976.491	  5.48507130030817e-15	
5978.228	 5.458311957067577e-15	
5979.966	5.4316408596105795e-15	
5981.703	 5.411263850602243e-15	
5983.440	 5.395595236128217e-15	
5985.178	 5.386943424289517e-15	
5986.915	 5.387638352804812e-15	
5988.653	 5.369950102556196e-15	
5990.390	  5.29968055166883e-15	
5992.127	5.2214799547347485e-15	
5993.865	 5.204358602581523e-15	
5995.602	 5.237752722564707e-15	
5997.339	5.2805637246271245e-15	
5999.077	 5.310868477526856e-15	
6000.814	 5.314230521767482e-15	
6002.552	 5.292151572197322e-15	
6004.289	5.2557383211930685e-15	
6006.026	 5.222754694278952e-15	
6007.764	 5.212437050554396e-15	
6009.501	 5.226701652632058e-15	
6011.238	 5.258705118015751e-15	
6012.976	5.2772328110791486e-15	
6014.713	 5.237598223835781e-15	
6016.451	 5.152793814646487e-15	
6018.188	 5.072674441871533e-15	
6019.925	5.0261076230994775e-15	
6021.663	 5.026788365720651e-15	
6023.400	 5.071803534886051e-15	
6025.138	 5.143447949152657e-15	
6026.875	 5.216394647466572e-15	
6028.612	5.2610456070559646e-15	
6030.350	5.2635616322401926e-15	
6032.087	 5.226828030447327e-15	
6033.824	  5.16064640295373e-15	
6035.562	 5.077318511545701e-15	
6037.299	 5.010105845008191e-15	
6039.037	 5.015316063554819e-15	
6040.774	 5.079343872804412e-15	
6042.511	 5.112761884690135e-15	
6044.249	 5.071515797694033e-15	
6045.986	  4.95929903430014e-15	
6047.723	 4.828616018205597e-15	
6049.461	 4.804883541522345e-15	
6051.198	 4.909701855137898e-15	
6052.936	 5.013622767759702e-15	
6054.673	5.0427241160875695e-15	
6056.410	 5.003594601728138e-15	
6058.148	 4.930952061534419e-15	
6059.885	 4.917077417335278e-15	
6061.622	 4.994994852623139e-15	
6063.360	 5.083529734707399e-15	
6065.097	 5.125256010665847e-15	
6066.835	5.1088986101360904e-15	
6068.572	 5.045608761829429e-15	
6070.309	 5.000322401539848e-15	
6072.047	 5.009127172384593e-15	
6073.784	 5.030845484421491e-15	
6075.522	 5.036711170729984e-15	
6077.259	 5.033435226729195e-15	
6078.996	 5.029321352264246e-15	
6080.734	  5.04874809386869e-15	
6082.471	 5.092951670376067e-15	
6084.208	 5.077339573282774e-15	
6085.946	 4.960484913687185e-15	
6087.683	 4.854903103136472e-15	
6089.421	 4.847795660092365e-15	
6091.158	 4.899327788866361e-15	
6092.895	 4.969213106760793e-15	
6094.633	 5.064631590869814e-15	
6096.370	 5.180094744815322e-15	
6098.107	5.2548466746965635e-15	
6099.845	5.2437133366253465e-15	
6101.582	 5.182122979838532e-15	
6103.320	 5.113147309138272e-15	
6105.057	5.0577645474078744e-15	
6106.794	 5.030763978789634e-15	
6108.532	5.0293776234191244e-15	
6110.269	  5.04285908518352e-15	
6112.007	5.0387112477324224e-15	
6113.744	 4.989088451023619e-15	
6115.481	 4.923588608740517e-15	
6117.219	 4.878648990226952e-15	
6118.956	 4.856765592463496e-15	
6120.693	4.8530161102824856e-15	
6122.431	4.8544342092730705e-15	
6124.168	 4.846577895003423e-15	
6125.906	 4.832404225144516e-15	
6127.643	 4.819832291620526e-15	
6129.380	 4.809316688043935e-15	
6131.118	 4.798847819350378e-15	
6132.855	 4.811548146627185e-15	
6134.592	 4.873858471920116e-15	
6136.330	 4.924988577603936e-15	
6138.067	4.8834641970025336e-15	
6139.805	 4.798464546983168e-15	
6141.542	  4.76028413728475e-15	
6143.279	 4.762390819796068e-15	
6145.017	 4.765149136730737e-15	
6146.754	 4.762210081731537e-15	
6148.491	4.7569295789493704e-15	
6150.229	4.7573242626873965e-15	
6151.966	 4.773254855926045e-15	
6153.704	 4.801079348556915e-15	
6155.441	 4.833709721313376e-15	
6157.178	 4.836566076440141e-15	
6158.916	 4.759388226978758e-15	
6160.653	 4.654250345198557e-15	
6162.391	 4.631581604350919e-15	
6164.128	 4.677571438506882e-15	
6165.865	4.7028361179844024e-15	
6167.603	 4.694390716147914e-15	
6169.340	4.6868390094309856e-15	
6171.077	4.6847622620608585e-15	
6172.815	 4.675061028873309e-15	
6174.552	  4.66360287596514e-15	
6176.290	  4.66770971022426e-15	
6178.027	 4.690746770034375e-15	
6179.764	4.7266119797669304e-15	
6181.502	 4.756808372511682e-15	
6183.239	 4.750895432184312e-15	
6184.976	 4.709683886235582e-15	
6186.714	 4.665209499809777e-15	
6188.451	4.6378750969624465e-15	
6190.189	4.6335674742827035e-15	
6191.926	 4.657484165791977e-15	
6193.663	4.7174457788514415e-15	
6195.401	 4.783993105596851e-15	
6197.138	 4.776789973210998e-15	
6198.876	4.6929171692147476e-15	
6200.613	 4.639406501083495e-15	
6202.350	4.6525457681653314e-15	
6204.088	 4.662493864352335e-15	
6205.825	 4.639266527279237e-15	
6207.562	 4.610890411757204e-15	
6209.300	 4.598315333558093e-15	
6211.037	 4.619510009217652e-15	
6212.775	   4.6699292467577e-15	
6214.512	 4.697923352279338e-15	
6216.249	 4.680057165906358e-15	
6217.987	 4.647719913764703e-15	
6219.724	4.6352368542491146e-15	
6221.461	 4.694141985936795e-15	
6223.199	  4.82196836902872e-15	
6224.936	4.8733666345637705e-15	
6226.674	 4.776302758445355e-15	
6228.411	 4.667166705580095e-15	
6230.148	 4.642002156540607e-15	
6231.886	 4.653681259624009e-15	
6233.623	 4.666806256939503e-15	
6235.360	4.7004868550417116e-15	
6237.098	 4.759303164904132e-15	
6238.835	 4.807829000227066e-15	
6240.573	4.8171664484753204e-15	
6242.310	 4.778873590377499e-15	
6244.047	 4.699815622691249e-15	
6245.785	 4.639155207176747e-15	
6247.522	 4.643020099015001e-15	
6249.260	 4.678405063713249e-15	
6250.997	 4.706323036612664e-15	
6252.734	 4.706974195365653e-15	
6254.472	  4.66794836468307e-15	
6256.209	   4.6036505619637e-15	
6257.946	4.5347818629342135e-15	
6259.684	 4.486077171373266e-15	
6261.421	 4.476029071985962e-15	
6263.159	 4.486201711789223e-15	
6264.896	 4.491619886163017e-15	
6266.633	 4.468606910338769e-15	
6268.371	 4.399963232072686e-15	
6270.108	 4.321784545186093e-15	
6271.845	 4.276002746440944e-15	
6273.583	  4.25307450975587e-15	
6275.320	 4.232305390540069e-15	
6277.058	 4.184248130889267e-15	
6278.795	 4.080931077706871e-15	
6280.532	 3.966708026152876e-15	
6282.270	3.9022725462580775e-15	
6284.007	3.8550644117151224e-15	
6285.745	3.7684569798293965e-15	
6287.482	 3.675062894945556e-15	
6289.219	3.6310775542096405e-15	
6290.957	3.6121574374268915e-15	
6292.694	   3.5680581070252e-15	
6294.431	3.5024857529139424e-15	
6296.169	3.4402821070188118e-15	
6297.906	3.3657424328820336e-15	
6299.644	3.2477597826206833e-15	
6301.381	 3.133360324221647e-15	
6303.118	3.1022203466663784e-15	
6304.856	    3.126723965924e-15	
6306.593	 3.127862296770348e-15	
6308.330	3.0896655503660946e-15	
6310.068	 3.027098012467399e-15	
6311.805	2.9632969316124897e-15	
6313.543	2.9305764966003773e-15	
6315.280	 2.917909710518101e-15	
6317.017	 2.883897654859225e-15	
6318.755	 2.833947442834997e-15	
6320.492	  2.80622199762926e-15	
6322.229	2.7929574100199826e-15	
6323.967	 2.753721058590397e-15	
6325.704	2.6903970229955145e-15	
6327.442	2.6359653386932466e-15	
6329.179	2.6070119617747814e-15	
6330.916	   2.6091097857475e-15	
6332.654	2.6254548446751435e-15	
6334.391	 2.615487912428886e-15	
6336.129	2.5751866101281187e-15	
6337.866	2.5389176403326893e-15	
6339.603	2.5215856733499045e-15	
6341.341	2.5171361037801955e-15	
6343.078	2.5197874941606417e-15	
6344.815	2.5235781598651882e-15	
6346.553	2.5165814606603954e-15	
6348.290	 2.479229725150696e-15	
6350.028	2.4139454308470577e-15	
6351.765	  2.35369375459381e-15	
6353.502	2.3176747559880814e-15	
6355.240	 2.303824643976625e-15	
6356.977	2.3044492844152264e-15	
6358.714	 2.303268055357601e-15	
6360.452	 2.286062283001506e-15	
6362.189	2.2423786863437116e-15	
6363.927	2.1778882686314536e-15	
6365.664	2.1286816999625684e-15	
6367.401	 2.116518807313527e-15	
6369.139	 2.132419437696837e-15	
6370.876	 2.161075722435418e-15	
6372.614	2.1752275552410784e-15	
6374.351	2.1576430040469384e-15	
6376.088	2.1190980699514113e-15	
6377.826	2.0722291308781295e-15	
6379.563	2.0267039073562097e-15	
6381.300	1.9929046562253006e-15	
6383.038	 1.983436647109882e-15	
6384.775	 2.000932661355307e-15	
6386.513	 2.014717311793403e-15	
6388.250	2.0060593750055984e-15	
6389.987	2.0140693114566054e-15	
6391.725	2.0637991537909207e-15	
6393.462	2.1097199291038527e-15	
6395.199	2.1143095213363386e-15	
6396.937	2.0914437381553316e-15	
6398.674	 2.060746514697627e-15	
6400.412	2.0511796566870477e-15	
6402.149	 2.082585157686834e-15	
6403.886	 2.111916368095974e-15	
6405.624	2.0997451583476365e-15	
6407.361	 2.080778038176086e-15	
6409.098	 2.092083048741135e-15	
6410.836	 2.117527302674934e-15	
6412.573	2.1371680139556337e-15	
6414.311	 2.163898073668348e-15	
6416.048	2.2110185283721426e-15	
6417.785	2.2571480095352083e-15	
6419.523	2.2785049798010388e-15	
6421.260	2.2903552296906325e-15	
6422.998	 2.314218865815491e-15	
6424.735	 2.330949658131332e-15	
6426.472	2.3170681818951144e-15	
6428.210	2.3090381150735677e-15	
6429.947	 2.353092941809042e-15	
6431.684	 2.428964920404078e-15	
6433.422	2.4992106904917638e-15	
6435.159	2.5626527191673556e-15	
6436.897	2.6276192209610413e-15	
6438.634	2.6933891440344523e-15	
6440.371	 2.758086810576239e-15	
6442.109	 2.818002144211092e-15	
6443.846	 2.869454337509423e-15	
6445.583	 2.917558838778984e-15	
6447.321	2.9709363172097102e-15	
6449.058	3.0389876529589255e-15	
6450.796	 3.131072357766824e-15	
6452.533	3.2437361625582397e-15	
6454.270	3.3658950877430147e-15	
6456.008	3.4998346386974327e-15	
6457.745	 3.654505916694197e-15	
6459.483	3.8155804557905935e-15	
6461.220	  3.95716364620356e-15	
6462.957	 4.075196803027461e-15	
6464.695	 4.180059218608206e-15	
6466.432	4.2807811315561724e-15	
6468.169	 4.384106115074115e-15	
6469.907	4.5126509339830726e-15	
6471.644	 4.698744148570239e-15	
6473.382	4.9285569713142426e-15	
6475.119	 5.154658724104853e-15	
6476.856	  5.34324481930811e-15	
6478.594	 5.470896488707029e-15	
6480.331	 5.554132990927511e-15	
6482.068	  5.64778772635687e-15	
6483.806	 5.774982468646443e-15	
6485.543	 5.927470183391343e-15	
6487.281	 6.096720526554561e-15	
6489.018	 6.266911768730552e-15	
6490.755	 6.451093341799712e-15	
6492.493	 6.704329299173729e-15	
6494.230	 7.005953723598156e-15	
6495.967	 7.237478219409481e-15	
6497.705	 7.368058265798139e-15	
6499.442	  7.48528978013165e-15	
6501.180	 7.632381875005515e-15	
6502.917	 7.790952485075774e-15	
6504.654	 7.943893377906554e-15	
6506.392	  8.06922971594358e-15	
6508.129	 8.157561553837534e-15	
6509.867	 8.224847085368088e-15	
6511.604	 8.285488529048205e-15	
6513.341	 8.353186715993897e-15	
6515.079	 8.426435084940651e-15	
6516.816	 8.463223744219533e-15	
6518.553	  8.46133043320366e-15	
6520.291	 8.512285234808819e-15	
6522.028	 8.661688371461775e-15	
6523.766	 8.845483772811935e-15	
6525.503	 9.007756297370395e-15	
6527.240	 9.124223975874126e-15	
6528.978	 9.182320155560482e-15	
6530.715	 9.200029482589255e-15	
6532.452	 9.201936361761504e-15	
6534.190	 9.220274451624997e-15	
6535.927	 9.271949353112186e-15	
6537.665	 9.320121974393531e-15	
6539.402	  9.33321429199624e-15	
6541.139	 9.309982236359762e-15	
6542.877	 9.261413018592567e-15	
6544.614	 9.242263280366555e-15	
6546.352	 9.292262154625412e-15	
6548.089	 9.373677006917811e-15	
6549.826	 9.441615266087666e-15	
6551.564	 9.450259327080991e-15	
6553.301	 9.373965879709158e-15	
6555.038	 9.294107019994028e-15	
6556.776	 9.290615463749666e-15	
6558.513	 9.355027161052755e-15	
6560.251	   9.4584982100392e-15	
6561.988	 9.518574009823711e-15	
6563.725	 9.462466487384313e-15	
6565.463	 9.368322031905097e-15	
6567.200	 9.331701128263513e-15	
6568.937	   9.3493932723129e-15	
6570.675	 9.396609201421757e-15	
6572.412	 9.432377627569534e-15	
6574.150	 9.415167670798587e-15	
6575.887	 9.349042198157011e-15	
6577.624	 9.253636882828424e-15	
6579.362	 9.174379149262534e-15	
6581.099	 9.158747143804173e-15	
6582.836	   9.1924780709401e-15	
6584.574	 9.240388311345112e-15	
6586.311	  9.27289619610739e-15	
6588.049	 9.264470244877206e-15	
6589.786	 9.210311767360623e-15	
6591.523	 9.116409459884671e-15	
6593.261	 9.024330089093959e-15	
6594.998	 8.986966870494736e-15	
6596.736	 8.992404261408685e-15	
6598.473	 9.001709070096659e-15	
6600.210	 8.992328668336113e-15	
6601.948	 8.946716493432048e-15	
6603.685	 8.891764267775701e-15	
6605.422	 8.879093918276271e-15	
6607.160	 8.883522012798376e-15	
6608.897	 8.838790823097705e-15	
6610.635	 8.757190925690228e-15	
6612.372	 8.695260692336393e-15	
6614.109	 8.658219555760816e-15	
6615.847	   8.6198789941844e-15	
6617.584	 8.580152908313037e-15	
6619.321	 8.554812723135034e-15	
6621.059	 8.529749042392652e-15	
6622.796	 8.472566608485255e-15	
6624.534	  8.37187994326379e-15	
6626.271	   8.2301155574135e-15	
6628.008	 8.080482585901917e-15	
6629.746	 7.986339319419039e-15	
6631.483	 7.947707369638127e-15	
6633.221	   7.9003182168528e-15	
6634.958	 7.841499458146323e-15	
6636.695	 7.831959657502729e-15	
6638.433	 7.873660060920176e-15	
6640.170	 7.907785276266087e-15	
6641.907	 7.904831552667353e-15	
6643.645	 7.867415885558688e-15	
6645.382	 7.804142322474702e-15	
6647.120	 7.733907058226766e-15	
6648.857	 7.670303403298168e-15	
6650.594	 7.615171261906123e-15	
6652.332	 7.570817526041546e-15	
6654.069	 7.544396494623152e-15	
6655.806	 7.521973854921076e-15	
6657.544	 7.449944972121076e-15	
6659.281	 7.326719720964806e-15	
6661.019	 7.247098017170767e-15	
6662.756	  7.25350845985126e-15	
6664.493	 7.286839537179377e-15	
6666.231	  7.30088282230796e-15	
6667.968	  7.27674238714237e-15	
6669.705	 7.210602422662963e-15	
6671.443	  7.13680015058472e-15	
6673.180	 7.081826013511784e-15	
6674.918	 7.045977298530959e-15	
6676.655	 7.022954760474255e-15	
6678.392	6.9846023462622385e-15	
6680.130	6.9205538049178505e-15	
6681.867	 6.885840249833661e-15	
6683.605	 6.909462494580816e-15	
6685.342	 6.931550897046937e-15	
6687.079	6.8999032476823134e-15	
6688.817	6.7950158821550825e-15	
6690.554	 6.623027111369694e-15	
6692.291	 6.475845228695695e-15	
6694.029	 6.428519905155888e-15	
6695.766	 6.456266014694988e-15	
6697.504	 6.518434657429154e-15	
6699.241	 6.556111153984588e-15	
6700.978	 6.523080719361591e-15	
6702.716	 6.458932104256823e-15	
6704.453	 6.409525706835474e-15	
6706.190	 6.384439766803139e-15	
6707.928	 6.384374195597868e-15	
6709.665	 6.370163128203927e-15	
6711.403	 6.305921866768116e-15	
6713.140	 6.229094609968079e-15	
6714.877	 6.183932608175856e-15	
6716.615	 6.184489060599946e-15	
6718.352	 6.232376846317585e-15	
6720.090	 6.264047895328974e-15	
6721.827	6.2130956563929516e-15	
6723.564	 6.106200220483759e-15	
6725.302	  5.99202937237449e-15	
6727.039	 5.937632168312666e-15	
6728.776	6.0048191963366536e-15	
6730.514	  6.10740053585862e-15	
6732.251	 6.122836519753183e-15	
6733.989	 6.073034734105285e-15	
6735.726	 6.022621776204837e-15	
6737.463	 5.969811511800695e-15	
6739.201	 5.896444736632109e-15	
6740.938	 5.818811541860513e-15	
6742.675	 5.761349778702479e-15	
6744.413	 5.727644315769357e-15	
6746.150	 5.714570954681369e-15	
6747.888	5.6979650256353966e-15	
6749.625	  5.64316101335662e-15	
6751.362	 5.588739704884067e-15	
6753.100	  5.60560937634977e-15	
6754.837	 5.672997016706859e-15	
6756.575	 5.726583245829282e-15	
6758.312	 5.729640715821659e-15	
6760.049	 5.658348112359507e-15	
6761.787	5.5506460518044376e-15	
6763.524	5.4845694729324705e-15	
6765.261	 5.465208904390215e-15	
6766.999	 5.450351556320443e-15	
6768.736	 5.421493960908422e-15	
6770.474	 5.371704876957588e-15	
6772.211	 5.317917046190231e-15	
6773.948	5.2996048580166265e-15	
6775.686	 5.302980718899688e-15	
6777.423	  5.27150710680086e-15	
6779.160	 5.187929353723786e-15	
6780.898	 5.066747996036174e-15	
6782.635	 4.945372452772549e-15	
6784.373	 4.886118519783709e-15	
6786.110	 4.901331437538457e-15	
6787.847	4.9467962001667594e-15	
6789.585	 4.998679449915164e-15	
6791.322	 5.058756565121105e-15	
6793.059	 5.109696308289175e-15	
6794.797	 5.114298344237423e-15	
6796.534	5.0650730518539394e-15	
6798.272	 4.990298329421556e-15	
6800.009	 4.920652754897991e-15	
6801.746	4.8903269141357134e-15	
6803.484	 4.908178065058675e-15	
6805.221	4.9405569930831545e-15	
6806.959	 4.964961111921751e-15	
6808.696	4.9835367478034826e-15	
6810.433	4.9900187744959494e-15	
6812.171	 4.961163239019794e-15	
6813.908	 4.897784372357347e-15	
6815.645	 4.848282905122815e-15	
6817.383	 4.835959362846642e-15	
6819.120	 4.827662104438171e-15	
6820.858	 4.798449075963303e-15	
6822.595	 4.742452028961331e-15	
6824.332	4.6656795198976396e-15	
6826.070	  4.60579678209012e-15	
6827.807	 4.588798417603194e-15	
6829.544	 4.602563866480715e-15	
6831.282	 4.632534929471223e-15	
6833.019	 4.667595549599886e-15	
6834.757	4.6953299355925976e-15	
6836.494	  4.70459726128588e-15	
6838.231	 4.688432297559382e-15	
6839.969	 4.643339990860689e-15	
6841.706	4.5763525813208646e-15	
6843.444	 4.533864664100626e-15	
6845.181	 4.548971727648324e-15	
6846.918	 4.578765283681045e-15	
6848.656	 4.583586296720431e-15	
6850.393	 4.585196265930725e-15	
6852.130	 4.605336214725302e-15	
6853.868	4.6363931039351835e-15	
6855.605	 4.668075486474486e-15	
6857.343	 4.681047295693749e-15	
6859.080	 4.661197808229535e-15	
6860.817	4.6498335493920646e-15	
6862.555	 4.686439404444488e-15	
6864.292	4.7278772389714235e-15	
6866.029	4.7231294152040105e-15	
6867.767	 4.679337695159731e-15	
6869.504	 4.614531736098482e-15	
6871.242	 4.540327283019139e-15	
6872.979	 4.468340340121714e-15	
6874.716	 4.388248691138093e-15	
6876.454	 4.287528384219278e-15	
6878.191	 4.191663721610695e-15	
6879.928	 4.132596706237733e-15	
6881.666	 4.126301192665593e-15	
6883.403	 4.179708131654668e-15	
6885.141	 4.253652785154452e-15	
6886.878	 4.295380223020621e-15	
6888.615	 4.299750786390124e-15	
6890.353	 4.280058396622105e-15	
6892.090	4.2453396308825095e-15	
6893.828	4.2058544639592324e-15	
6895.565	 4.166500993432618e-15	
6897.302	  4.12764645615468e-15	
6899.040	 4.103561943835833e-15	
6900.777	 4.113668017903805e-15	
6902.514	 4.133332935979622e-15	
6904.252	  4.11850701618511e-15	
6905.989	 4.066530519823514e-15	
6907.727	 3.995161935870045e-15	
6909.464	 3.937394822907878e-15	
6911.201	3.9373807596241795e-15	
6912.939	 3.976362403502691e-15	
6914.676	 3.994062341392113e-15	
6916.413	 3.991638805596297e-15	
6918.151	 4.008527499337279e-15	
6919.888	 4.056404477753545e-15	
6921.626	4.1329875673007915e-15	
6923.363	 4.196927610787825e-15	
6925.100	 4.173269675327649e-15	
6926.838	 4.073329326114035e-15	
6928.575	 3.981320269774475e-15	
6930.313	3.9436282602504445e-15	
6932.050	 3.974177565179645e-15	
6933.787	4.0488470789499015e-15	
6935.525	4.1013902561740445e-15	
6937.262	 4.103541562573905e-15	
6938.999	 4.070005858352332e-15	
6940.737	 4.024479871346509e-15	
6942.474	4.0050449728873445e-15	
6944.212	 4.019716602838825e-15	
6945.949	 4.032616172764546e-15	
6947.686	 4.032033307459009e-15	
6949.424	 4.040740720571276e-15	
6951.161	 4.064952438796188e-15	
6952.898	 4.089902627880251e-15	
6954.636	 4.100924773612535e-15	
6956.373	 4.080689070899408e-15	
6958.111	4.0268096631994176e-15	
6959.848	 3.965110425581999e-15	
6961.585	 3.910708497959865e-15	
6963.323	 3.851888103984739e-15	
6965.060	 3.793185891329138e-15	
6966.797	 3.774654934962615e-15	
6968.535	 3.812469109926853e-15	
6970.272	 3.872168578160238e-15	
6972.010	 3.923923477567159e-15	
6973.747	 3.953737735634131e-15	
6975.484	3.9558880051458636e-15	
6977.222	 3.947994535965466e-15	
6978.959	 3.943171062661336e-15	
6980.697	 3.931760012349233e-15	
6982.434	 3.908371423945017e-15	
6984.171	3.8815515261301946e-15	
6985.909	  3.85958289891909e-15	
6987.646	 3.852254738598285e-15	
6989.383	 3.862571896739397e-15	
6991.121	 3.862618431975839e-15	
6992.858	 3.834568900802464e-15	
6994.596	 3.819110565354435e-15	
6996.333	 3.848158517646423e-15	
6998.070	 3.887207966367244e-15	
6999.808	 3.903402781704927e-15	
7001.545	 3.908492402229688e-15	
7003.282	 3.916093539614626e-15	
7005.020	 3.928138811193791e-15	
7006.757	  3.94366664889441e-15	
7008.495	 3.940808903499141e-15	
7010.232	 3.901034799748816e-15	
7011.969	3.8510758178357706e-15	
7013.707	 3.821189354120703e-15	
7015.444	 3.809661991485492e-15	
7017.182	 3.808282904539299e-15	
7018.919	  3.79890160499386e-15	
7020.656	3.7641530049417084e-15	
7022.394	3.7276533695676655e-15	
7024.131	 3.719575634088757e-15	
7025.868	 3.731329187407279e-15	
7027.606	 3.745432576791519e-15	
7029.343	 3.757032564694417e-15	
7031.081	3.7640105347425364e-15	
7032.818	 3.772095969731249e-15	
7034.555	 3.789500857319865e-15	
7036.293	3.8078142199701454e-15	
7038.030	3.8140442635351894e-15	
7039.767	 3.811328626591879e-15	
7041.505	 3.808684304950207e-15	
7043.242	 3.809217683904078e-15	
7044.980	 3.812847435624518e-15	
7046.717	 3.826638627377378e-15	
7048.454	3.8594605116262814e-15	
7050.192	 3.891198034046309e-15	
7051.929	3.8906560157609375e-15	
7053.666	 3.849014957850461e-15	
7055.404	 3.769420089508745e-15	
7057.141	 3.683447477913621e-15	
7058.879	  3.63781442340045e-15	
7060.616	 3.641631609012999e-15	
7062.353	  3.68011012419844e-15	
7064.091	 3.731808247340987e-15	
7065.828	 3.769876902097918e-15	
7067.566	 3.784959876046224e-15	
7069.303	 3.781992587891244e-15	
7071.040	 3.766835834405254e-15	
7072.778	 3.746725850971298e-15	
7074.515	 3.728053358715477e-15	
7076.252	 3.715846700018057e-15	
7077.990	 3.710493689635928e-15	
7079.727	 3.706885180407406e-15	
7081.465	 3.708324227509095e-15	
7083.202	3.7277522965102145e-15	
7084.939	 3.759019665011405e-15	
7086.677	3.7749368288712295e-15	
7088.414	 3.773284708425798e-15	
7090.151	 3.781005298808493e-15	
7091.889	3.8031748224839295e-15	
7093.626	 3.818500737594946e-15	
7095.364	3.8179859135549104e-15	
7097.101	 3.807626905952426e-15	
7098.838	 3.791858278316704e-15	
7100.576	 3.773867709944412e-15	
7102.313	 3.756581676906813e-15	
7104.051	 3.741723940081438e-15	
7105.788	 3.728663962144031e-15	
7107.525	3.7127138386678455e-15	
7109.263	 3.692705869939014e-15	
7111.000	 3.673765910309243e-15	
7112.737	 3.660385123888615e-15	
7114.475	 3.658292928684311e-15	
7116.212	 3.663950051125793e-15	
7117.950	 3.649101860675686e-15	
7119.687	 3.608143039177977e-15	
7121.424	 3.592340382326732e-15	
7123.162	3.6295915232791816e-15	
7124.899	  3.68752759669261e-15	
7126.636	 3.734423333897927e-15	
7128.374	 3.742118660436098e-15	
7130.111	 3.701827796762431e-15	
7131.849	 3.666264569482248e-15	
7133.586	3.6745837476435454e-15	
7135.323	3.7057419376169204e-15	
7137.061	 3.736993747087458e-15	
7138.798	  3.75662111213163e-15	
7140.535	3.7547194556204475e-15	
7142.273	 3.728413095752316e-15	
7144.010	 3.681576984480304e-15	
7145.748	3.6305415568831535e-15	
7147.485	 3.593869818883021e-15	
7149.222	 3.602605180706897e-15	
7150.960	 3.672952428753972e-15	
7152.697	 3.742649551562969e-15	
7154.435	3.7525209570486105e-15	
7156.172	 3.718833103206441e-15	
7157.909	 3.671105826533692e-15	
7159.647	 3.645491118778276e-15	
7161.384	 3.672904110495111e-15	
7163.121	 3.740355186802132e-15	
7164.859	3.8227187810932004e-15	
7166.596	 3.880642296494246e-15	
7168.334	3.8783700695438774e-15	
7170.071	 3.833200963515393e-15	
7171.808	 3.775956383606303e-15	
7173.546	3.7280770893799665e-15	
7175.283	 3.707018458197159e-15	
7177.020	 3.705849784446276e-15	
7178.758	  3.70922941626652e-15	
7180.495	 3.709600740374218e-15	
7182.233	 3.702579400625592e-15	
7183.970	  3.68150963846622e-15	
7185.707	 3.640144781845668e-15	
7187.445	 3.610444565424437e-15	
7189.182	 3.635038635091836e-15	
7190.920	3.6789043184232034e-15	
7192.657	 3.679928978088503e-15	
7194.394	 3.645043744925718e-15	
7196.132	 3.607999879661764e-15	
7197.869	 3.584421830041349e-15	
7199.606	 3.583639275989323e-15	
7201.344	 3.592224408004683e-15	
7203.081	3.5841713651477645e-15	
7204.819	 3.560380912707828e-15	
7206.556	 3.537294610842311e-15	
7208.293	3.5140998616609404e-15	
7210.031	 3.480600657625663e-15	
7211.768	 3.453196320693946e-15	
7213.505	  3.46246933008708e-15	
7215.243	3.5123269506721866e-15	
7216.980	 3.589805913862849e-15	
7218.718	 3.670981922931361e-15	
7220.455	 3.723486640363893e-15	
7222.192	 3.745802105247327e-15	
7223.930	 3.760371191869367e-15	
7225.667	 3.786509270743766e-15	
7227.404	3.8418185606151774e-15	
7229.142	3.9140403049306646e-15	
7230.879	 3.963960248590258e-15	
7232.617	 3.966160180415583e-15	
7234.354	3.9069460501175095e-15	
7236.091	  3.80888551177813e-15	
7237.829	3.7376685306232326e-15	
7239.566	 3.708612773493671e-15	
7241.304	 3.675022070918811e-15	
7243.041	  3.62223701898728e-15	
7244.778	3.5716987080143175e-15	
7246.516	3.5472464358419884e-15	
7248.253	 3.585373435176838e-15	
7249.990	3.6726879062606405e-15	
7251.728	3.7161810308240885e-15	
7253.465	3.6820690510408646e-15	
7255.203	 3.633562509617376e-15	
7256.940	 3.613337727503011e-15	
7258.677	 3.630247915044879e-15	
7260.415	 3.677881174948704e-15	
7262.152	3.7153823581743104e-15	
7263.889	 3.718147286180525e-15	
7265.627	 3.700880733621656e-15	
7267.364	3.6766850236134944e-15	
7269.102	  3.65312090579992e-15	
7270.839	 3.636083974895091e-15	
7272.576	  3.62136432871869e-15	
7274.314	 3.610007655018803e-15	
7276.051	3.6216434856385336e-15	
7277.789	 3.664361251807553e-15	
7279.526	 3.715468518732524e-15	
7281.263	 3.753590684921422e-15	
7283.001	 3.764292394770792e-15	
7284.738	 3.743501334475442e-15	
7286.475	 3.725903872315054e-15	
7288.213	3.7340278187530145e-15	
7289.950	 3.723444908287843e-15	
7291.688	 3.663301958130839e-15	
7293.425	 3.597546417365885e-15	
7295.162	3.5676080775144326e-15	
7296.900	3.5784980889305685e-15	
7298.637	 3.625555582376153e-15	
7300.374	 3.678224703822606e-15	
7302.112	  3.70710251445954e-15	
7303.849	3.7124083050198945e-15	
7305.587	  3.70154317896345e-15	
7307.324	 3.701251045191213e-15	
7309.061	 3.734485200684622e-15	
7310.799	    3.766121906437e-15	
7312.536	 3.758362681343942e-15	
7314.273	 3.729286415806869e-15	
7316.011	 3.705195508664743e-15	
7317.748	 3.699244951653406e-15	
7319.486	 3.719113732977699e-15	
7321.223	3.7432851463322214e-15	
7322.960	3.7454934273120095e-15	
7324.698	3.7176655853143645e-15	
7326.435	 3.659131360500305e-15	
7328.173	 3.606469380358935e-15	
7329.910	 3.602406289178181e-15	
7331.647	 3.629280257341547e-15	
7333.385	 3.651800096527751e-15	
7335.122	 3.647065219429712e-15	
7336.859	3.5985716022003785e-15	
7338.597	  3.52960182033544e-15	
7340.334	 3.478045406904036e-15	
7342.072	3.4641637022006206e-15	
7343.809	3.4990095181026973e-15	
7345.546	 3.562390769656525e-15	
7347.284	 3.618934040931219e-15	
7349.021	3.6560460241376794e-15	
7350.758	3.6736813230546366e-15	
7352.496	 3.666840206068747e-15	
7354.233	 3.630595067329485e-15	
7355.971	 3.583359313994312e-15	
7357.708	  3.55440239823031e-15	
7359.445	 3.558677304184712e-15	
7361.183	 3.602730311009498e-15	
7362.920	 3.665085936380385e-15	
7364.658	3.7035940515565196e-15	
7366.395	 3.719854362080779e-15	
7368.132	 3.748697624044435e-15	
7369.870	 3.779274208498212e-15	
7371.607	 3.766551201987053e-15	
7373.344	 3.716495648254253e-15	
7375.082	  3.67574662426264e-15	
7376.819	 3.654193161669316e-15	
7378.557	3.6309350588689406e-15	
7380.294	 3.598614462031664e-15	
7382.031	 3.559833542544676e-15	
7383.769	3.5232882151900457e-15	
7385.506	3.5059302102359685e-15	
7387.243	3.5098210510365803e-15	
7388.981	3.5198890339470457e-15	
7390.718	3.5251387436500517e-15	
7392.456	 3.520375808892656e-15	
7394.193	 3.502432282150011e-15	
7395.930	3.4694377559134306e-15	
7397.668	 3.434209045196342e-15	
7399.405	3.4317646950104677e-15	
7401.142	 3.468563293013716e-15	
7402.880	3.5055692220700697e-15	
7404.617	  3.52221838154334e-15	
7406.355	3.5295599094198943e-15	
7408.092	3.5366770789736098e-15	
7409.829	3.5505788972535054e-15	
7411.567	 3.574411115643761e-15	
7413.304	3.6031764722812305e-15	
7415.042	 3.627075701800036e-15	
7416.779	 3.625144591806803e-15	
7418.516	3.5912609369797574e-15	
7420.254	 3.553452912162469e-15	
7421.991	3.5335263704260006e-15	
7423.728	 3.536794353038833e-15	
7425.466	 3.557952765992919e-15	
7427.203	 3.560530918631757e-15	
7428.941	 3.524529769697592e-15	
7430.678	3.4894350613499203e-15	
7432.415	3.4824629135049773e-15	
7434.153	3.4778557023820444e-15	
7435.890	 3.455450285042135e-15	
7437.627	3.4207913191668547e-15	
7439.365	 3.383684913091242e-15	
7441.102	3.3718534447396435e-15	
7442.840	 3.401625595878641e-15	
7444.577	3.4321354149706443e-15	
7446.314	3.4267506525887033e-15	
7448.052	3.3955310465578464e-15	
7449.789	3.3550272934747786e-15	
7451.527	 3.326261563293499e-15	
7453.264	 3.326751744333222e-15	
7455.001	 3.346117300473267e-15	
7456.739	 3.369634158671391e-15	
7458.476	3.3859634253991412e-15	
7460.213	3.3867137275482573e-15	
7461.951	 3.391810023822585e-15	
7463.688	3.4221967637486675e-15	
7465.426	3.4484971287245906e-15	
7467.163	3.4382796834799774e-15	
7468.900	 3.424910841205137e-15	
7470.638	3.4497282522158614e-15	
7472.375	3.5011497761107384e-15	
7474.112	 3.555160804283864e-15	
7475.850	 3.592644159124204e-15	
7477.587	3.5973235895938084e-15	
7479.325	 3.569466797595243e-15	
7481.062	 3.516856692953354e-15	
7482.799	 3.463902678240947e-15	
7484.537	3.4388406203575567e-15	
7486.274	 3.434103983595104e-15	
7488.011	 3.428060883695255e-15	
7489.749	3.4229151977266745e-15	
7491.486	3.4302380648561085e-15	
7493.224	   3.4217748996207e-15	
7494.961	3.3545605405994078e-15	
7496.698	  3.27336165450871e-15	
7498.436	 3.260484828513337e-15	
7500.173	3.2926270945531534e-15	
7501.911	3.2972354047955335e-15	
7503.648	 3.269766945061335e-15	
7505.385	3.2390371972478627e-15	
7507.123	3.2188543614475604e-15	
7508.860	3.2162475009970174e-15	
7510.597	3.2372674839841956e-15	
7512.335	 3.284546767976044e-15	
7514.072	3.3450026426324707e-15	
7515.810	3.3982176722564576e-15	
7517.547	3.4177697340518503e-15	
7519.284	  3.37143877136609e-15	
7521.022	3.2906379628928915e-15	
7522.759	3.2569816561768188e-15	
7524.496	 3.286343653214351e-15	
7526.234	 3.339404403713975e-15	
7527.971	 3.385438327052031e-15	
7529.709	 3.399204394683403e-15	
7531.446	3.3768925804716756e-15	
7533.183	3.3387132826885977e-15	
7534.921	3.3036533816798538e-15	
7536.658	3.2884899468732704e-15	
7538.396	3.2950878380196807e-15	
7540.133	 3.308324200249874e-15	
7541.870	3.3076584483262546e-15	
7543.608	3.2644001964473502e-15	
7545.345	 3.182926200318128e-15	
7547.082	3.1128563220938267e-15	
7548.820	3.0847979549027503e-15	
7550.557	3.1034311667802664e-15	
7552.295	 3.150659722503939e-15	
7554.032	3.1681413657312508e-15	
7555.769	 3.133983901795879e-15	
7557.507	 3.094273611689733e-15	
7559.244	 3.078476357482838e-15	
7560.981	 3.081374389670601e-15	
7562.719	3.1008023736358802e-15	
7564.456	 3.142345915847398e-15	
7566.194	 3.196065625322185e-15	
7567.931	 3.218049906584232e-15	
7569.668	 3.190181579546537e-15	
7571.406	3.1578731790426423e-15	
7573.143	3.1552104383465386e-15	
7574.880	 3.179848978667573e-15	
7576.618	 3.224958328352092e-15	
7578.355	 3.273988330590539e-15	
7580.093	3.3136059036277746e-15	
7581.830	 3.342939544555086e-15	
7583.567	 3.370044575137728e-15	
7585.305	3.4300053958556348e-15	
7587.042	 3.547440784614037e-15	
7588.780	 3.699781692768858e-15	
7590.517	 3.863635387390002e-15	
7592.254	 4.044825105511414e-15	
7593.992	 4.239285596559717e-15	
7595.729	 4.396143934772602e-15	
7597.466	 4.470182286902569e-15	
7599.204	4.4734823296263425e-15	
7600.941	 4.418663540195353e-15	
7602.679	  4.26191232901076e-15	
7604.416	  3.97188420604304e-15	
7606.153	3.5849605781229714e-15	
7607.891	3.1572073938776264e-15	
7609.628	 2.775492071136071e-15	
7611.365	2.5213343374118435e-15	
7613.103	2.4133306735903063e-15	
7614.840	2.4445593188199057e-15	
7616.578	 2.577863575937808e-15	
7618.315	2.7633305559687454e-15	
7620.052	2.9652539634819952e-15	
7621.790	3.1517076703171226e-15	
7623.527	3.3008207713478435e-15	
7625.265	 3.399632568374601e-15	
7627.002	3.4121032569353734e-15	
7628.739	 3.306896149564849e-15	
7630.477	3.1586155984289926e-15	
7632.214	 3.067260569843697e-15	
7633.951	 3.035607841936475e-15	
7635.689	3.0345754733963828e-15	
7637.426	3.0083193817403467e-15	
7639.164	2.8904605273546093e-15	
7640.901	 2.748064854464771e-15	
7642.638	2.7002768820979033e-15	
7644.376	 2.704052613659331e-15	
7646.113	2.6505920642711643e-15	
7647.850	2.5647321788098863e-15	
7649.588	2.5270592825879712e-15	
7651.325	2.5452927444032203e-15	
7653.063	2.5933351397701028e-15	
7654.800	 2.647588366473077e-15	
7656.537	2.6840756794907674e-15	
7658.275	2.6861354115382136e-15	
7660.012	 2.644326216238152e-15	
7661.749	2.5744648627024556e-15	
7663.487	2.5094955217018983e-15	
7665.224	 2.466514807549986e-15	
7666.962	 2.449369856131928e-15	
7668.699	2.4645147086615277e-15	
7670.436	2.5188625905682567e-15	
7672.174	 2.596957695032292e-15	
7673.911	2.6663011025350185e-15	
7675.649	2.7096556795660677e-15	
7677.386	2.7249268422233568e-15	
7679.123	 2.713385977782581e-15	
7680.861	2.6789080551703604e-15	
7682.598	2.6401514512025655e-15	
7684.335	 2.630159732062383e-15	
7686.073	 2.653749404929358e-15	
7687.810	 2.684418885926843e-15	
7689.548	 2.702849994724368e-15	
7691.285	2.6975747360699412e-15	
7693.022	2.6731891128850317e-15	
7694.760	  2.65554400405374e-15	
7696.497	 2.663023630969424e-15	
7698.234	2.7073391082170707e-15	
7699.972	2.7678808126329532e-15	
7701.709	2.7681699387693247e-15	
7703.447	2.6919199231166796e-15	
7705.184	 2.627944360598274e-15	
7706.921	2.6202999012918244e-15	
7708.659	2.6297526346600042e-15	
7710.396	 2.630570263068911e-15	
7712.134	 2.621633247527234e-15	
7713.871	2.6029264376356018e-15	
7715.608	2.5805421631089335e-15	
7717.346	2.5637076969266958e-15	
7719.083	 2.565415977406824e-15	
7720.820	 2.592938735247144e-15	
7722.558	 2.640602746276967e-15	
7724.295	 2.698567203984383e-15	
7726.033	2.7519738873298495e-15	
7727.770	2.7868490248679385e-15	
7729.507	2.7871042353399587e-15	
7731.245	2.7532749797250214e-15	
7732.982	 2.743124707227834e-15	
7734.719	2.7921804317098535e-15	
7736.457	2.8358874761307296e-15	
7738.194	2.8262943193341943e-15	
7739.932	 2.810099452294821e-15	
7741.669	 2.829957831641365e-15	
7743.406	2.8895272177749898e-15	
7745.144	 2.980032445949292e-15	
7746.881	 3.048342311737088e-15	
7748.618	3.0491502161995425e-15	
7750.356	3.0019679749057233e-15	
7752.093	2.9375729507095567e-15	
7753.831	 2.892269563943993e-15	
7755.568	 2.895738140950322e-15	
7757.305	2.9318845083055475e-15	
7759.043	2.9745095745975078e-15	
7760.780	2.9959498503231858e-15	
7762.518	2.9740155817751447e-15	
7764.255	 2.917672364875843e-15	
7765.992	2.8462864268294373e-15	
7767.730	2.8082375933908666e-15	
7769.467	 2.848746010107396e-15	
7771.204	 2.931658871397352e-15	
7772.942	3.0021716219018404e-15	
7774.679	3.0353314495836247e-15	
7776.417	3.0175428775173656e-15	
7778.154	 2.971826186205487e-15	
7779.891	 2.932865981665555e-15	
7781.629	 2.917392975428304e-15	
7783.366	2.9347830128535976e-15	
7785.103	2.9626104817825158e-15	
7786.841	 2.967963050835634e-15	
7788.578	2.9579278057023914e-15	
7790.316	 2.953835315170884e-15	
7792.053	2.9688294645056905e-15	
7793.790	3.0124953973852826e-15	
7795.528	3.0717417084415794e-15	
7797.265	3.1223718707991827e-15	
7799.003	 3.156217177222998e-15	
7800.740	3.1738219467941225e-15	
7802.477	 3.171650952467924e-15	
7804.215	 3.145388622090802e-15	
7805.952	3.1058291097918354e-15	
7807.689	3.0741704388899255e-15	
7809.427	3.0482724162841304e-15	
7811.164	 3.006221300951726e-15	
7812.902	2.9843187773803047e-15	
7814.639	 3.060756542188902e-15	
7816.376	3.1830953304956118e-15	
7818.114	3.2055812405700124e-15	
7819.851	3.1218408304493144e-15	
7821.588	3.0301703344012802e-15	
7823.326	 2.984522907945969e-15	
7825.063	3.0076056343075533e-15	
7826.801	3.0767567686954005e-15	
7828.538	3.1221903276971433e-15	
7830.275	3.1145281670633577e-15	
7832.013	3.0662870499805744e-15	
7833.750	2.9958820265152394e-15	
7835.487	 2.931236802458958e-15	
7837.225	2.8841654870889263e-15	
7838.962	2.8439617306725767e-15	
7840.700	  2.80740229980044e-15	
7842.437	 2.780442553882277e-15	
7844.174	 2.765840142687054e-15	
7845.912	2.7628598552704307e-15	
7847.649	 2.773754422412086e-15	
7849.387	 2.805168807764112e-15	
7851.124	 2.854651589643772e-15	
7852.861	 2.910150546227724e-15	
7854.599	2.9489945438668267e-15	
7856.336	2.9248445357240575e-15	
7858.073	2.8374963412834557e-15	
7859.811	2.7720716594631472e-15	
7861.548	2.7829963014352247e-15	
7863.286	 2.862820410310009e-15	
7865.023	2.9834151937509302e-15	
7866.760	3.0718694575806067e-15	
7868.498	3.0854202933270267e-15	
7870.235	3.0668658830819684e-15	
7871.972	 3.046444202812434e-15	
7873.710	3.0044071314811798e-15	
7875.447	2.9370459598228883e-15	
7877.185	2.8839030400282215e-15	
7878.922	2.8713912815082193e-15	
7880.659	 2.886960594707791e-15	
7882.397	2.9127296410702917e-15	
7884.134	 2.921148668646339e-15	
7885.872	 2.894907437189079e-15	
7887.609	2.8622391142760145e-15	
7889.346	 2.846961204110219e-15	
7891.084	2.8376211604276967e-15	
7892.821	 2.820851680770102e-15	
7894.558	2.7790675552239683e-15	
7896.296	2.7045424452732065e-15	
7898.033	 2.640079325266386e-15	
7899.771	 2.625976642045518e-15	
7901.508	2.6574465201650428e-15	
7903.245	2.7198386223373707e-15	
7904.983	 2.796593189358626e-15	
7906.720	2.8669857960362702e-15	
7908.457	2.8991860292044567e-15	
7910.195	2.8683056831949335e-15	
7911.932	2.7745278354070094e-15	
7913.670	 2.631719701337491e-15	
7915.407	2.5146415564322936e-15	
7917.144	2.4982948568070754e-15	
7918.882	2.5362954596404438e-15	
7920.619	 2.557454966290885e-15	
7922.356	 2.572806971016749e-15	
7924.094	2.6092431662957332e-15	
7925.831	2.6415360091477066e-15	
7927.569	2.6377438006895637e-15	
7929.306	 2.621006941270407e-15	
7931.043	2.6268408339339532e-15	
7932.781	2.6770658334317294e-15	
7934.518	 2.786214482170267e-15	
7936.256	2.8947917164385217e-15	
7937.993	 2.920930704192057e-15	
7939.730	2.8777951993874124e-15	
7941.468	 2.816032377101453e-15	
7943.205	2.7718597626817647e-15	
7944.942	2.7749600475126025e-15	
7946.680	2.8163049767579887e-15	
7948.417	2.8677621629550172e-15	
7950.155	2.8944011845759467e-15	
7951.892	2.8584486924323157e-15	
7953.629	2.7867241807069054e-15	
7955.367	   2.7410123805237e-15	
7957.104	2.7376244183958207e-15	
7958.841	 2.767494096047086e-15	
7960.579	 2.801222225925117e-15	
7962.316	2.7932513158831443e-15	
7964.054	2.7479156263606106e-15	
7965.791	 2.706600000015157e-15	
7967.528	2.6732811124217502e-15	
7969.266	2.6262118396382227e-15	
7971.003	2.5652493249413917e-15	
7972.741	2.5028092590674677e-15	
7974.478	 2.464178134492435e-15	
7976.215	2.4869966350258776e-15	
7977.953	2.5621440587140624e-15	
7979.690	 2.638370914213569e-15	
7981.427	2.6740528252196848e-15	
7983.165	2.6364286450010906e-15	
7984.902	 2.539349612602687e-15	
7986.640	2.4480175690742973e-15	
7988.377	2.4074919000033918e-15	
7990.114	 2.442209229349694e-15	
7991.852	 2.523625742737581e-15	
7993.589	2.5453108004739703e-15	
7995.326	 2.487126048944206e-15	
7997.064	 2.458610294840007e-15	
7998.801	2.5022620853764407e-15	
8000.539	2.5580687116158005e-15	
8002.276	 2.592685587601345e-15	
8004.013	 2.612155730747204e-15	
8005.751	2.6202093346440657e-15	
8007.488	 2.622438073816249e-15	
8009.226	2.6229963700921233e-15	
8010.963	2.6175206347098355e-15	
8012.700	 2.608907679423492e-15	
8014.438	2.6170615347486655e-15	
8016.175	  2.64902893378988e-15	
8017.912	2.6820241373159873e-15	
8019.650	2.7009047108843633e-15	
8021.387	2.7134518745908526e-15	
8023.125	2.7240681331920228e-15	
8024.862	2.7270998249895733e-15	
8026.599	2.7184093564554433e-15	
8028.337	 2.695412560438646e-15	
8030.074	2.6594082457136922e-15	
8031.811	2.6238587589202835e-15	
8033.549	  2.59867368225356e-15	
8035.286	2.5779834802765505e-15	
8037.024	2.5557626042164358e-15	
8038.761	 2.531049676704528e-15	
8040.498	 2.503426770535322e-15	
8042.236	 2.476103367148686e-15	
8043.973	2.4514136295649604e-15	
8045.710	 2.419586985853216e-15	
8047.448	2.3750705902001167e-15	
8049.185	2.3446631576342964e-15	
8050.923	  2.35038641915408e-15	
8052.660	2.3669862620484814e-15	
8054.397	2.3671404776351464e-15	
8056.135	 2.345319114750139e-15	
8057.872	2.3029389000991532e-15	
8059.610	 2.283404203410524e-15	
8061.347	2.3264233261741033e-15	
8063.084	2.3679812250089868e-15	
8064.822	2.3361450774582172e-15	
8066.559	2.2656812325581074e-15	
8068.296	 2.210821747830427e-15	
8070.034	 2.190728365347963e-15	
8071.771	2.2145160136846327e-15	
8073.509	 2.265046419193727e-15	
8075.246	 2.316694808339577e-15	
8076.983	2.3558204494463384e-15	
8078.721	2.3736818163877653e-15	
8080.458	 2.382684638285192e-15	
8082.195	 2.401898631610188e-15	
8083.933	 2.427694660763497e-15	
8085.670	 2.449249003660936e-15	
8087.408	2.4600051908246594e-15	
8089.145	 2.454891225627234e-15	
8090.882	2.4414345374444854e-15	
8092.620	 2.432001650578983e-15	
8094.357	2.4286245656575447e-15	
8096.095	 2.429818578516747e-15	
8097.832	2.4227265272696992e-15	
8099.569	2.3877756176953586e-15	
8101.307	2.3469425237614897e-15	
8103.044	 2.344343507611786e-15	
8104.781	2.3639256421433072e-15	
8106.519	  2.35696361862474e-15	
8108.256	2.3234086823307466e-15	
8109.994	 2.289066890080275e-15	
8111.731	 2.276785998783209e-15	
8113.468	 2.311580229453586e-15	
8115.206	  2.36257907780363e-15	
8116.943	 2.357191459801936e-15	
8118.680	2.2960176959797217e-15	
8120.418	 2.235103420570136e-15	
8122.155	 2.202434306790674e-15	
8123.893	2.2059693376405505e-15	
8125.630	 2.229535769732063e-15	
8127.367	 2.231120244721304e-15	
8129.105	 2.201687777957426e-15	
8130.842	 2.166901080805872e-15	
8132.579	2.1364763060266258e-15	
8134.317	  2.10343353653426e-15	
8136.054	 2.071608251589639e-15	
8137.792	2.0554693593108976e-15	
8139.529	2.0569045511236053e-15	
8141.266	 2.063654851649129e-15	
8143.004	2.0657734293615956e-15	
8144.741	2.0551581146444233e-15	
8146.479	 2.035286383045041e-15	
8148.216	2.0286288465631585e-15	
8149.953	2.0424810087514898e-15	
8151.691	 2.057355026804714e-15	
8153.428	2.0675803262223217e-15	
8155.165	 2.093151425414587e-15	
8156.903	2.1378972277449626e-15	
8158.640	2.1759653766296385e-15	
8160.378	 2.194048245239634e-15	
8162.115	2.2032713244365306e-15	
8163.852	 2.214182501901126e-15	
8165.590	 2.236374058650837e-15	
8167.327	2.2729074526225903e-15	
8169.064	2.3107241575880178e-15	
8170.802	2.3382429610802478e-15	
8172.539	 2.346926061069823e-15	
8174.277	2.3386640834987583e-15	
8176.014	 2.348997583563692e-15	
8177.751	2.3953910877341354e-15	
8179.489	  2.43379407607186e-15	
8181.226	 2.429650885537874e-15	
8182.964	 2.389779992266227e-15	
8184.701	2.3276660810620617e-15	
8186.438	 2.269944750671942e-15	
8188.176	2.2384238398048984e-15	
8189.913	2.2235423741748395e-15	
8191.650	 2.214554061432107e-15	
8193.388	 2.220671676386867e-15	
8195.125	2.2448363029094633e-15	
8196.863	2.2541443696675566e-15	
8198.600	2.2216189711008157e-15	
8200.337	2.1616899284003725e-15	
8202.075	2.0967441819195667e-15	
8203.812	2.0648520164625493e-15	
8205.549	2.0953850237665422e-15	
8207.287	2.1478851328289116e-15	
8209.024	2.1744453169697294e-15	
8210.762	 2.168486725974823e-15	
8212.499	 2.134132197652823e-15	
8214.236	2.0896857537926723e-15	
8215.974	2.0566057992245368e-15	
8217.711	2.0554380724393173e-15	
8219.448	2.1001949980208093e-15	
8221.186	2.1465131805432894e-15	
8222.923	 2.140388953691203e-15	
8224.661	2.0942174097726337e-15	
8226.398	2.0386608741828294e-15	
8228.135	1.9896279876744257e-15	
8229.873	1.9593835451082073e-15	
8231.610	1.9437945148024234e-15	
8233.348	 1.932869540431694e-15	
8235.085	 1.924285516005256e-15	
8236.822	1.9176646173791667e-15	
8238.560	 1.931351086715701e-15	
8240.297	1.9888270666356247e-15	
8242.034	 2.074806411159402e-15	
8243.772	2.1580302293656963e-15	
8245.509	2.2187238620388587e-15	
8247.247	 2.242145201684466e-15	
8248.984	  2.23930686734537e-15	
8250.721	2.2365789777186738e-15	
8252.459	 2.226093324461702e-15	
8254.196	 2.182182047561494e-15	
8255.933	 2.115501850327092e-15	
8257.671	2.0558891244954814e-15	
8259.408	2.0163886027617254e-15	
8261.146	2.0007090325594205e-15	
8262.883	  1.99589294969306e-15	
8264.620	1.9751540835484823e-15	
8266.358	 1.939958212025299e-15	
8268.095	1.9148897839953737e-15	
8269.833	1.8937513064957274e-15	
8271.570	1.8460496887040547e-15	
8273.307	1.7754772324627073e-15	
8275.045	1.7130050641358347e-15	
8276.782	1.6746913970774054e-15	
8278.519	 1.665455237986299e-15	
8280.257	  1.66832320190646e-15	
8281.994	1.6404648729510097e-15	
8283.732	1.5779500948819818e-15	
8285.469	1.5237719265721658e-15	
8287.206	1.4842300245583368e-15	
8288.944	1.4211321736354232e-15	
8290.681	 1.329926140127433e-15	
8292.418	 1.244974632468362e-15	
8294.156	1.1937880975713463e-15	
8295.893	1.1982232603528906e-15	
8297.631	1.2503278165572753e-15	
8299.368	1.2983526391854863e-15	
8301.105	 1.302866643672876e-15	
8302.843	1.2413970036866168e-15	
8304.580	1.1315485499585143e-15	
8306.317	 1.066262107878394e-15	
8308.055	1.0867316624644136e-15	
8309.792	1.1294265403679223e-15	
8311.530	1.1449889474768729e-15	
8313.267	1.1155014531431431e-15	
8315.004	1.0411879827237198e-15	
8316.742	  9.67196717822847e-16	
8318.479	 9.276296330011794e-16	
8320.217	 9.196918636895328e-16	
8321.954	 9.357872204719927e-16	
8323.691	 9.629165329613694e-16	
8325.429	  9.84571847956587e-16	
8327.166	  9.75878394845585e-16	
8328.903	 9.294015387490484e-16	
8330.641	 8.931879620591626e-16	
8332.378	 9.032814196072911e-16	
8334.116	 9.441389734014664e-16	
8335.853	 9.921835320384024e-16	
8337.590	 1.005283179831796e-15	
8339.328	  9.55808758101235e-16	
8341.065	 8.893033099227787e-16	
8342.802	 8.483590765044112e-16	
8344.540	 8.130147206353459e-16	
8346.277	  7.65407268341987e-16	
8348.015	 7.370956093583086e-16	
8349.752	 7.530098345614856e-16	
8351.489	 7.811706465190973e-16	
8353.227	 7.870584477307459e-16	
8354.964	 7.617148163680571e-16	
8356.702	 7.054375650540014e-16	
8358.439	 6.571871501655984e-16	
8360.176	 6.555068567801858e-16	
8361.914	 6.796599935696971e-16	
8363.651	 6.986441842134072e-16	
8365.388	 6.906176052979213e-16	
8367.126	 6.399259586323422e-16	
8368.863	 5.838482496987367e-16	
8370.601	 5.690057159682263e-16	
8372.338	 5.767805434843349e-16	
8374.075	 5.738091107716494e-16	
8375.813	 5.764435391162406e-16	
8377.550	 6.100515064571418e-16	
8379.287	 6.586475757291802e-16	
8381.025	 6.965896595914808e-16	
8382.762	 7.047129640868001e-16	
8384.500	 6.677080966627419e-16	
8386.237	 6.237078447889049e-16	
8387.974	 6.285490904277912e-16	
8389.712	 6.720298083798799e-16	
8391.449	 7.185217303525403e-16	
8393.186	 7.455665203898957e-16	
8394.924	 7.354115848044134e-16	
8396.661	 7.129537731091762e-16	
8398.399	 7.241675495672525e-16	
8400.136	 7.689823982118304e-16	
8401.873	 8.229627516160784e-16	
8403.611	 8.762211645373777e-16	
8405.348	  9.26127655258052e-16	
8407.086	 9.637449765456904e-16	
8408.823	  9.77725833036742e-16	
8410.560	 9.763893861599988e-16	
8412.298	 9.801961870261637e-16	
8414.035	  9.94966103566716e-16	
8415.772	1.0172957060070432e-15	
8417.510	1.0327579228911342e-15	
8419.247	1.0184760701309103e-15	
8420.985	 9.764547330562062e-16	
8422.722	 9.282334886823061e-16	
8424.459	 9.001160750895066e-16	
8426.197	  9.22090996740755e-16	
8427.934	 9.930942983006778e-16	
8429.671	1.0829288918814733e-15	
8431.409	1.1545821617605513e-15	
8433.146	1.1629115006982389e-15	
8434.884	 1.107449774377998e-15	
8436.621	 1.042992290524538e-15	
8438.358	 9.943680395818414e-16	
8440.096	  9.44392961117203e-16	
8441.833	 9.018085752687967e-16	
8443.571	 9.090029736240617e-16	
8445.308	 9.709564216662223e-16	
8447.045	1.0418475449255093e-15	
8448.783	1.0905234838123072e-15	
8450.520	1.1090396555112326e-15	
8452.257	 1.099277741685602e-15	
8453.995	1.0822760748007908e-15	
8455.732	1.0724888081444712e-15	
8457.470	1.0643040399941104e-15	
8459.207	1.0643143228372743e-15	
8460.944	 1.107041260611071e-15	
8462.682	 1.199919729900289e-15	
8464.419	1.2930623461522131e-15	
8466.156	1.3525293371681781e-15	
8467.894	1.3864612538974624e-15	
8469.631	1.4050682843777484e-15	
8471.369	1.4200990985048038e-15	
8473.106	1.4415022442941865e-15	
8474.843	1.4714156439550963e-15	
8476.581	1.5049811176199323e-15	
8478.318	1.5150221706505885e-15	
8480.055	1.4876635913762483e-15	
8481.793	1.4577037784581941e-15	
8483.530	1.4543382989675485e-15	
8485.268	  1.47863039044966e-15	
8487.005	1.5219155297757244e-15	
8488.742	1.5420315581904446e-15	
8490.480	1.5087244838814688e-15	
8492.217	 1.458903738052443e-15	
8493.955	 1.430577952051813e-15	
8495.692	1.4322025390652292e-15	
8497.429	1.4636707982851215e-15	
8499.167	1.4940383210811777e-15	
8500.904	 1.493874973996594e-15	
8502.641	1.4860879340052496e-15	
8504.379	1.4943886674881261e-15	
8506.116	1.4868285886885655e-15	
8507.854	1.4321919793295615e-15	
8509.591	1.3513946794511565e-15	
8511.328	1.2741050540842946e-15	
8513.066	 1.229545949961271e-15	
8514.803	 1.241328133453542e-15	
8516.540	1.2787090993508527e-15	
8518.278	1.3007828722872587e-15	
8520.015	1.3194064292178723e-15	
8521.753	1.3571258424959194e-15	
8523.490	1.4001151823213144e-15	
8525.227	1.4279819846708095e-15	
8526.965	1.4577762235350173e-15	
8528.702	 1.514488276286181e-15	
8530.440	1.5831980346046254e-15	
8532.177	 1.638162549576439e-15	
8533.914	1.6735462239355058e-15	
8535.652	1.6902063821366461e-15	
8537.389	   1.7053134381678e-15	
8539.126	 1.743198057944321e-15	
8540.864	1.7893844192321515e-15	
8542.601	1.8133295445827355e-15	
8544.339	1.8308059900281105e-15	
8546.076	1.8761571191651235e-15	
8547.813	1.9490188238848904e-15	
8549.551	2.0333575607694518e-15	
8551.288	2.1071885428390186e-15	
8553.025	2.1450691668193465e-15	
8554.763	2.1530262838294354e-15	
8556.500	 2.156137823427451e-15	
8558.238	2.1686559561903942e-15	
8559.975	 2.197704797272408e-15	
8561.712	2.2406085328106584e-15	
8563.450	 2.287552341295149e-15	
8565.187	2.3236007540688294e-15	
8566.924	2.3300687309417195e-15	
8568.662	2.3119766638535985e-15	
8570.399	2.2944777878480495e-15	
8572.137	  2.28557515698862e-15	
8573.874	2.2775111936308155e-15	
8575.611	2.2730695148587373e-15	
8577.349	2.2844949868293795e-15	
8579.086	2.3071605072378317e-15	
8580.824	 2.319100848067595e-15	
8582.561	2.3163962269328684e-15	
8584.298	 2.316548336478581e-15	
8586.036	 2.317925538752915e-15	
8587.773	2.2963619027191915e-15	
8589.510	2.2487891334531465e-15	
8591.248	2.1967523817492356e-15	
8592.985	2.1608520194522982e-15	
8594.723	2.1609676409013427e-15	
8596.460	2.2013488259200796e-15	
8598.197	2.2632586415590904e-15	
8599.935	2.3243268616624264e-15	
8601.672	2.3594239774378962e-15	
8603.409	  2.35509604778226e-15	
8605.147	2.3147626267392167e-15	
8606.884	2.2626933451687364e-15	
8608.622	2.2631055672048467e-15	
8610.359	2.3427189089144056e-15	
8612.096	2.4474875211571433e-15	
8613.834	 2.536582493960582e-15	
8615.571	2.6048865223932303e-15	
8617.309	  2.65559787842529e-15	
8619.046	 2.714483637856767e-15	
8620.783	2.7987694502933955e-15	
8622.521	 2.898594757133488e-15	
8624.258	2.9980627881102122e-15	
8625.995	 3.064418940922869e-15	
8627.733	 3.080844205608077e-15	
8629.470	3.0846380693037166e-15	
8631.208	3.1078183491743604e-15	
8632.945	3.1478099224013953e-15	
8634.682	3.1992369088192386e-15	
8636.420	3.2581237980703057e-15	
8638.157	 3.317104773804924e-15	
8639.894	3.3588798236059533e-15	
8641.632	 3.372186896942947e-15	
8643.369	 3.380415630014601e-15	
8645.107	 3.402794177654536e-15	
8646.844	3.4140556017907767e-15	
8648.581	3.3904331517833293e-15	
8650.319	3.3366943647835115e-15	
8652.056	3.2649310697452963e-15	
8653.793	3.2079543063222543e-15	
8655.531	  3.19470986794649e-15	
8657.268	3.2149324729583194e-15	
8659.006	 3.247647589493183e-15	
8660.743	 3.258396841489249e-15	
8662.480	 3.215894104201951e-15	
8664.218	3.1224790910020655e-15	
8665.955	 2.993492111010677e-15	
8667.693	2.8775281978696038e-15	
8669.430	 2.825100870708362e-15	
8671.167	2.8221017321357347e-15	
8672.905	   2.8363348564945e-15	
8674.642	2.8456621233701284e-15	
8676.379	 2.830945551223095e-15	
8678.117	2.8086006202571456e-15	
8679.854	 2.806722764667303e-15	
8681.592	2.8100099288672787e-15	
8683.329	2.7907996432386223e-15	
8685.066	2.7669403955523678e-15	
8686.804	2.7697660876832105e-15	
8688.541	 2.799241541416239e-15	
8690.278	 2.843468707569245e-15	
8692.016	2.8794021320563843e-15	
8693.753	2.8797994064457975e-15	
8695.491	2.8517738171555473e-15	
8697.228	2.8192165366097526e-15	
8698.965	2.7987130374015252e-15	
8700.703	 2.804466725979441e-15	
8702.440	 2.826522242444669e-15	
8704.178	 2.839854002967922e-15	
8705.915	2.8549982626291712e-15	
8707.652	2.9020920701357786e-15	
8709.390	2.9876864783384673e-15	
8711.127	 3.103153046739145e-15	
8712.864	3.2268049772850963e-15	
8714.602	3.3285853833652688e-15	
8716.339	3.3859074513234687e-15	
8718.077	 3.383979618040223e-15	
8719.814	3.3371848291832357e-15	
8721.551	 3.282108976894835e-15	
8723.289	3.2538823488787146e-15	
8725.026	 3.286373754852283e-15	
8726.763	3.3642351329263707e-15	
8728.501	 3.423509441374194e-15	
8730.238	 3.431517431478322e-15	
8731.976	 3.389877190501706e-15	
8733.713	3.3109964700886528e-15	
8735.450	3.2214422675563406e-15	
8737.188	 3.143851329595007e-15	
8738.925	3.0918982622593922e-15	
8740.662	3.0711965399891395e-15	
8742.400	 3.076931405152797e-15	
8744.137	3.0948250745516623e-15	
8745.875	3.0986379553478914e-15	
8747.612	 3.074624198363077e-15	
8749.349	3.0315310052116526e-15	
8751.087	  2.97123165935498e-15	
8752.824	2.8832264161078253e-15	
8754.562	2.7650389715544274e-15	
8756.299	2.6224182854628938e-15	
8758.036	 2.474929781308889e-15	
8759.774	2.3697919686058255e-15	
8761.511	2.3304859690755943e-15	
8763.248	2.3310049035269045e-15	
8764.986	 2.342236155001427e-15	
8766.723	 2.333214601949842e-15	
8768.461	 2.288496923435345e-15	
8770.198	2.2335849418622653e-15	
8771.935	2.1943162688787194e-15	
8773.673	2.1872922089026086e-15	
8775.410	2.2215655307390553e-15	
8777.147	 2.289013869940175e-15	
8778.885	2.3717587516376933e-15	
8780.622	2.4243427261419556e-15	
8782.360	2.4204756854550116e-15	
8784.097	2.4115532419343253e-15	
8785.834	2.4409653213108734e-15	
8787.572	2.4875806301596394e-15	
8789.309	2.5311613039263458e-15	
8791.047	2.5833489500546573e-15	
8792.784	 2.650833678257508e-15	
8794.521	2.7114679460274833e-15	
8796.259	2.7455804758471868e-15	
8797.996	2.7497345736438927e-15	
8799.733	2.7288695650081432e-15	
8801.471	 2.732085828824745e-15	
8803.208	2.8000398029888824e-15	
8804.946	 2.876685277315558e-15	
8806.683	2.8991470431409573e-15	
8808.420	2.8676007257659447e-15	
8810.158	 2.796870195849537e-15	
8811.895	 2.729578674527042e-15	
8813.632	2.7083571828874457e-15	
8815.370	 2.710827353757587e-15	
8817.107	2.7013935918008283e-15	
8818.845	 2.659879345450984e-15	
8820.582	2.5728533974202854e-15	
8822.319	 2.482197558245292e-15	
8824.057	2.4414263137576397e-15	
8825.794	 2.426381718928658e-15	
8827.531	 2.393004706492617e-15	
8829.269	2.3477369880074544e-15	
8831.006	2.3106292753021017e-15	
8832.744	2.2967355477381413e-15	
8834.481	2.3181529266353026e-15	
8836.218	2.3602875653079717e-15	
8837.956	2.3978176809446412e-15	
8839.693	 2.408646539407423e-15	
8841.431	2.3739648023765724e-15	
8843.168	 2.301991754074551e-15	
8844.905	2.2146827677910445e-15	
8846.643	2.1276258034053806e-15	
8848.380	2.0540274222241855e-15	
8850.117	1.9906580873613102e-15	
8851.855	1.9239110505932166e-15	
8853.592	1.8634488090496054e-15	
8855.330	1.8308583594031946e-15	
8857.067	1.8287642401380146e-15	
8858.804	1.8488570138810166e-15	
8860.542	1.8737702158886187e-15	
8862.279	 1.880600574409136e-15	
8864.016	 1.865109019117461e-15	
8865.754	1.8363025952730794e-15	
8867.491	1.8166094682097735e-15	
8869.229	1.8389878332018057e-15	
8870.966	 1.904595966778951e-15	
8872.703	  1.98779009792806e-15	
8874.441	 2.063782349828257e-15	
8876.178	2.1070976768035682e-15	
8877.916	 2.123835460497894e-15	
8879.653	2.1528227765915498e-15	
8881.390	2.2108025304766892e-15	
8883.128	 2.292807001758052e-15	
8884.865	2.3741972759246695e-15	
8886.602	2.4020259524586113e-15	
8888.340	 2.373190223015036e-15	
8890.077	 2.352741694481169e-15	
8891.815	2.3619571065672343e-15	
8893.552	2.3613939715281087e-15	
8895.289	 2.330474139700411e-15	
8897.027	 2.271192239792316e-15	
8898.764	2.1989157548988643e-15	
8900.501	2.1556893963338193e-15	
8902.239	 2.155968160441938e-15	
8903.976	2.1646594076482763e-15	
8905.714	2.1537361751605013e-15	
8907.451	  2.10908394899275e-15	
8909.188	2.0303504890021626e-15	
8910.926	1.9476043967191972e-15	
8912.663	1.8820974681827662e-15	
8914.400	 1.829227436209028e-15	
8916.138	 1.785867394732803e-15	
8917.875	1.7525978401573751e-15	
8919.613	 1.731179331981756e-15	
8921.350	1.7300467172431524e-15	
8923.087	1.7530017383887261e-15	
8924.825	 1.796452395329283e-15	
8926.562	 1.846886607624152e-15	
8928.300	1.8627216375843447e-15	
8930.037	 1.815558716636772e-15	
8931.774	1.7124281211893502e-15	
8933.512	1.5803303238302235e-15	
8935.249	1.5130587388125999e-15	
8936.986	1.5730520388177742e-15	
8938.724	1.6717751529698471e-15	
8940.461	1.7233340526353125e-15	
8942.199	 1.727568145617082e-15	
8943.936	1.6989216202651063e-15	
8945.673	 1.686330394347563e-15	
8947.411	1.7326419067767105e-15	
8949.148	   1.8015675669834e-15	
8950.885	1.8518817424686496e-15	
8952.623	1.8960982604723913e-15	
8954.360	1.9492769709181897e-15	
8956.098	 1.990150007602454e-15	
8957.835	1.9981526599960193e-15	
8959.572	1.9936286288258976e-15	
8961.310	2.0019546020903537e-15	
8963.047	2.0137295551685442e-15	
8964.785	 2.015846410164111e-15	
8966.522	2.0264710744205858e-15	
8968.259	2.0665443672999676e-15	
8969.997	2.1406846093355455e-15	
8971.734	 2.246190082731369e-15	
8973.471	2.3452118786526892e-15	
8975.209	2.3933506527828047e-15	
8976.946	2.3996111710884842e-15	
8978.684	2.3903422435486148e-15	
8980.421	2.3737926765195612e-15	
8982.158	2.3532915248275595e-15	
8983.896	 2.332586709474629e-15	
8985.633	2.3140325645796923e-15	
8987.370	 2.290855408943218e-15	
8989.108	2.2519173134712095e-15	
8990.845	2.2040616354231196e-15	
8992.583	 2.164502022303694e-15	
8994.320	2.1100327696185566e-15	
8996.057	1.9990662084262078e-15	
8997.795	1.8793452135784416e-15	
8999.532	1.8396100427771603e-15	
9001.269	 1.881773956402086e-15	
9003.007	 1.962528220409128e-15	
9004.744	2.0236690846599696e-15	
9006.482	 1.995350409509976e-15	
9008.219	 1.897658461245801e-15	
9009.956	   1.8117736155508e-15	
9011.694	 1.760663137510308e-15	
9013.431	1.7286705950558261e-15	
9015.169	1.6973338984949208e-15	
9016.906	1.6432022507723486e-15	
9018.643	1.5674896114983048e-15	
9020.381	1.4906099687235317e-15	
9022.118	1.4453318443199053e-15	
9023.855	1.4759713406009122e-15	
9025.593	1.5718377118943512e-15	
9027.330	1.6713035040438141e-15	
9029.068	1.7260598465115533e-15	
9030.805	1.6992678579159112e-15	
9032.542	1.6132818715931041e-15	
9034.280	1.5597534630006454e-15	
9036.017	 1.582809239080868e-15	
9037.754	1.6680096205022576e-15	
9039.492	 1.782797531560376e-15	
9041.229	 1.865794146612665e-15	
9042.967	 1.896447964212415e-15	
9044.704	 1.919739848090476e-15	
9046.441	1.9589727408634515e-15	
9048.179	2.0022114058305364e-15	
9049.916	  2.04323122267698e-15	
9051.654	 2.083051247018003e-15	
9053.391	2.1165289121571124e-15	
9055.128	 2.128158498832722e-15	
9056.866	2.1157477178079115e-15	
9058.603	  2.10275855798172e-15	
9060.340	 2.105311660164656e-15	
9062.078	2.1231216689812045e-15	
9063.815	2.1508604571888393e-15	
9065.553	 2.172778551166119e-15	
9067.290	2.1764228552438624e-15	
9069.027	 2.162836183947618e-15	
9070.765	2.1317594488333475e-15	
9072.502	2.0725165487555544e-15	
9074.239	  1.98635287133168e-15	
9075.977	1.9086659797748305e-15	
9077.714	 1.864834585753965e-15	
9079.452	1.8438196262767202e-15	
9081.189	 1.830470439613377e-15	
9082.926	1.8015267127753248e-15	
9084.664	1.7447654011540556e-15	
9086.401	  1.70092152220049e-15	
9088.138	1.7016797634147488e-15	
9089.876	1.7223716819226456e-15	
9091.613	1.7339767791051783e-15	
9093.351	 1.704868374443007e-15	
9095.088	1.6170424449211252e-15	
9096.825	1.5335411615234169e-15	
9098.563	1.5123882642754832e-15	
9100.300	 1.509315942664566e-15	
9102.038	  1.47469804469441e-15	
9103.775	1.4186479001598667e-15	
9105.512	 1.359547819399912e-15	
9107.250	1.3200798434942152e-15	
9108.987	 1.319936911775669e-15	
9110.724	1.3337250195602854e-15	
9112.462	  1.33068743483334e-15	
9114.199	1.3208818402317793e-15	
9115.937	1.3216728911539155e-15	
9117.674	1.3451434225306103e-15	
9119.411	1.4001937493371203e-15	
9121.149	1.4621344117863502e-15	
9122.886	1.4995475337081323e-15	
9124.623	 1.519804946206191e-15	
9126.361	1.5405476649911537e-15	
9128.098	 1.571644517045233e-15	
9129.836	1.6208422219350244e-15	
9131.573	1.6648023247596778e-15	
9133.310	1.6705402373461182e-15	
9135.048	1.6577429839982177e-15	
9136.785	1.6655194892299096e-15	
9138.523	1.6891544782338296e-15	
9140.260	1.7066758375472736e-15	
9141.997	1.7247420027502897e-15	
9143.735	1.7602456840777371e-15	
9145.472	1.8093121837819753e-15	
9147.209	1.8595810479065934e-15	
9148.947	1.8965851172817632e-15	
9150.684	1.9032851340323926e-15	
9152.422	 1.893870387542775e-15	
9154.159	 1.902600085846308e-15	
9155.896	 1.914559424084511e-15	
9157.634	1.8848111445458016e-15	
9159.371	 1.821102815319623e-15	
9161.108	1.7651061865535658e-15	
9162.846	1.7349248178405417e-15	
9164.583	 1.731708560243682e-15	
9166.321	1.7535636203761196e-15	
9168.058	 1.794687038887677e-15	
9169.795	1.8363260789409467e-15	
9171.533	 1.850303544403729e-15	
9173.270	 1.826083999007473e-15	
9175.007	1.7706292707481483e-15	
9176.745	1.6944433452900902e-15	
9178.482	1.6113181898643183e-15	
9180.220	1.5362714464238542e-15	
9181.957	1.4828242221752129e-15	
9183.694	  1.45930638733337e-15	
9185.432	1.4693395321745519e-15	
9187.169	1.4996124582101441e-15	
9188.907	1.5148401976194672e-15	
9190.644	1.5029446652225557e-15	
9192.381	1.4876476168183369e-15	
9194.119	1.4733440312924408e-15	
9195.856	1.4322957740330995e-15	
9197.593	1.3658814208388739e-15	
9199.331	1.3221061689263968e-15	
9201.068	1.3214784553142946e-15	
9202.806	1.3342379270791716e-15	
9204.543	1.3476463814062463e-15	
9206.280	  1.38432668966539e-15	
9208.018	 1.448138951826193e-15	
9209.755	1.5088817013053582e-15	
9211.492	 1.543457221824469e-15	
9213.230	 1.538458945347672e-15	
9214.967	 1.503391408506352e-15	
9216.705	1.5051153828625218e-15	
9218.442	1.5809408123083437e-15	
9220.179	1.6855549730842582e-15	
9221.917	1.7762317905305791e-15	
9223.654	1.8270075852538745e-15	
9225.392	1.8287631737462263e-15	
9227.129	 1.830763568205747e-15	
9228.866	1.8678930113479624e-15	
9230.604	1.8975202810021165e-15	
9232.341	1.8918094991370264e-15	
9234.078	1.9071665941029054e-15	
9235.816	1.9806279112594243e-15	
9237.553	2.0482911258834625e-15	
9239.291	2.0541269135537595e-15	
9241.028	2.0097277645398255e-15	
9242.765	1.9381078577754066e-15	
9244.503	 1.888692937060498e-15	
9246.240	 1.900085946883966e-15	
9247.977	1.9235767655051725e-15	
9249.715	1.9072642679294237e-15	
9251.452	 1.859377265204689e-15	
9253.190	1.7976865790183246e-15	
9254.927	1.7487850263835213e-15	
9256.664	1.7370972090722052e-15	
9258.402	 1.734752758653343e-15	
9260.139	1.7083136194827501e-15	
9261.877	1.6969600524961873e-15	
9263.614	 1.744861576577401e-15	
9265.351	 1.789674208819994e-15	
9267.089	 1.755686324627363e-15	
9268.826	1.6832911188691657e-15	
9270.563	1.6375177951019637e-15	
9272.301	1.6161187911145815e-15	
9274.038	1.5999757718507947e-15	
9275.776	1.5892622687015153e-15	
9277.513	1.5867967176789206e-15	
9279.250	1.5759861438084588e-15	
9280.988	1.5373350229416386e-15	
9282.725	1.4764788848435725e-15	
9284.462	1.4093238503329852e-15	
9286.200	1.3582736031078402e-15	
9287.937	1.3457323963816132e-15	
9289.675	1.3812520276523359e-15	
9291.412	1.4655888436847575e-15	
9293.149	1.5637834246289898e-15	
9294.887	1.6271337716288057e-15	
9296.624	 1.632541790574554e-15	
9298.361	 1.573479754154207e-15	
9300.099	1.4921716916337828e-15	
9301.836	1.4543575249058894e-15	
9303.574	1.5048521866706873e-15	
9305.311	 1.674186442538421e-15	
9307.048	1.9015773119499207e-15	
9308.786	 2.067375383805277e-15	
9310.523	2.1327602619916654e-15	
9312.261	2.1144761145656547e-15	
9313.998	2.0582447120072787e-15	
9315.735	 2.041286754573434e-15	
9317.473	2.0521597243079685e-15	
9319.210	1.9996936594786376e-15	
9320.947	 1.904103237402063e-15	
9322.685	1.8779511732552805e-15	
9324.422	1.9631576228104363e-15	
9326.160	2.1447910703910704e-15	
9327.897	 2.343545917322308e-15	
9329.634	2.4071202572938583e-15	
9331.372	2.3092483467224653e-15	
9333.109	2.1664295057156105e-15	
9334.846	2.0668960827892414e-15	
9336.584	2.0707621918635484e-15	
9338.321	2.1605905633107934e-15	
9340.059	 2.206642142642947e-15	
9341.796	2.1477509737311473e-15	
9343.533	2.0238241745240895e-15	
9345.271	1.8831529490207086e-15	
9347.008	  1.79192744961406e-15	
9348.746	1.7782079439195135e-15	
9350.483	1.7969296922736133e-15	
9352.220	 1.814217630155206e-15	
9353.958	 1.825254844256369e-15	
9355.695	  1.81560721894512e-15	
9357.432	 1.752239296885613e-15	
9359.170	1.6324015154371873e-15	
9360.907	1.5181323399383125e-15	
9362.645	1.4420978822662979e-15	
9364.382	1.3541855617173035e-15	
9366.119	1.2370862913965946e-15	
9367.857	1.1633955744979119e-15	
9369.594	1.1754737076308025e-15	
9371.331	 1.246576629263483e-15	
9373.069	1.3259287201111588e-15	
9374.806	1.2758609722056376e-15	
9376.544	 1.039724183996053e-15	
9378.281	 8.605762222644207e-16	
9380.018	 9.071624469363195e-16	
9381.756	 9.883537886258206e-16	
9383.493	 9.503513250044438e-16	
9385.230	 8.960766293229844e-16	
9386.968	 9.180026813772054e-16	
9388.705	 9.942124325468256e-16	
9390.443	1.0965488996430095e-15	
9392.180	1.1969305902483665e-15	
9393.917	1.2724677351928078e-15	
9395.655	1.3586014253156173e-15	
9397.392	1.4847388778567755e-15	
9399.130	1.5841808699800604e-15	
9400.867	1.5954999772236914e-15	