4203.674	 5.390958916288589e-15	
4207.298	 5.149929593424965e-15	
4210.923	 5.191648793074329e-15	
4214.547	 5.152166465356613e-15	
4218.172	5.0258495602875606e-15	
4221.796	4.9469411562484454e-15	
4225.420	4.9128431418719005e-15	
4229.045	 4.939688241835885e-15	
4232.669	4.9790545510486986e-15	
4236.293	4.9374882848830695e-15	
4239.918	5.0320169985368246e-15	
4243.542	 5.194034203849376e-15	
4247.166	 5.328629732385698e-15	
4250.791	5.4418049049903066e-15	
4254.415	5.5526131243092856e-15	
4258.040	 5.624827612186736e-15	
4261.664	 5.692455853408256e-15	
4265.288	 5.894717417072999e-15	
4268.913	6.0979378912593236e-15	
4272.537	 6.227076155424877e-15	
4276.161	 6.398155988040857e-15	
4279.786	 6.475502536904122e-15	
4283.410	 6.377603134111713e-15	
4287.035	 6.613742980136139e-15	
4290.659	 6.827297890539488e-15	
4294.283	6.8101798874979215e-15	
4297.908	 7.010229189216903e-15	
4301.532	 7.208824743912329e-15	
4305.156	 7.246565915128436e-15	
4308.781	 7.288395859714298e-15	
4312.405	 7.266901673824921e-15	
4316.029	 7.249470772391343e-15	
4319.654	 7.364912700481895e-15	
4323.278	 7.298904323688677e-15	
4326.903	  7.36731920553056e-15	
4330.527	 7.393897111362042e-15	
4334.151	  7.42592612906782e-15	
4337.776	 7.354122100597868e-15	
4341.400	 7.490944832857095e-15	
4345.024	 7.497152701797463e-15	
4348.649	  7.26023412550528e-15	
4352.273	 7.215786733134565e-15	
4355.897	7.0806726370384515e-15	
4359.522	 7.082773275119645e-15	
4363.146	 7.062532440654444e-15	
4366.771	6.9772166510036535e-15	
4370.395	6.8625604846053975e-15	
4374.019	 6.743190626981433e-15	
4377.644	 6.557754383311799e-15	
4381.268	 6.450713249689892e-15	
4384.892	6.4048006842307456e-15	
4388.517	 6.356183657108068e-15	
4392.141	  6.28520406316538e-15	
4395.765	 6.303280097800462e-15	
4399.390	 6.078729797273371e-15	
4403.014	 5.868644894880298e-15	
4406.639	 5.941344551050978e-15	
4410.263	 5.968056053948712e-15	
4413.887	5.9506963456885976e-15	
4417.512	 5.840105221602278e-15	
4421.136	 5.787946993295864e-15	
4424.760	 5.711489919636855e-15	
4428.385	  5.60046021044488e-15	
4432.009	 5.655980338609272e-15	
4435.633	  5.59437363357782e-15	
4439.258	5.7404989405028904e-15	
4442.882	 5.743966311728963e-15	
4446.507	5.6252547712275145e-15	
4450.131	  5.56317432396771e-15	
4453.755	 5.700676467623074e-15	
4457.380	5.7701153006635314e-15	
4461.004	 5.910473960538092e-15	
4464.628	 6.079430302943125e-15	
4468.253	 6.187641289822803e-15	
4471.877	 6.183004944267029e-15	
4475.501	  6.24510736472852e-15	
4479.126	 6.371524467597261e-15	
4482.750	 6.479660745591206e-15	
4486.375	 6.698213240986048e-15	
4489.999	 6.767625706184484e-15	
4493.623	 6.927001732654361e-15	
4497.248	 7.040298197332278e-15	
4500.872	 7.075104627731184e-15	
4504.496	 7.212619076379492e-15	
4508.121	  7.22823323349766e-15	
4511.745	 7.299211069584215e-15	
4515.369	 7.525056910082719e-15	
4518.994	 7.532365196963528e-15	
4522.618	 7.526103713411047e-15	
4526.243	 7.602077376632962e-15	
4529.867	 7.742862316620234e-15	
4533.491	 7.852537597660275e-15	
4537.116	  7.88597905277044e-15	
4540.740	 7.994512606250868e-15	
4544.364	 8.142968830410805e-15	
4547.989	 8.308337388444525e-15	
4551.613	 8.226616414589585e-15	
4555.238	  8.13703870273975e-15	
4558.862	 8.123947069175152e-15	
4562.486	 8.212929746723326e-15	
4566.111	 8.213008850249395e-15	
4569.735	  8.24975946953349e-15	
4573.359	 8.225819226832413e-15	
4576.984	 8.163038273902854e-15	
4580.608	 8.097497486841515e-15	
4584.232	 8.193043999197372e-15	
4587.857	  8.24754720758773e-15	
4591.481	 8.106842250054596e-15	
4595.106	 8.118902900996082e-15	
4598.730	  8.05089320499329e-15	
4602.354	 7.979460084167799e-15	
4605.979	 7.831629656791884e-15	
4609.603	 7.795509228932147e-15	
4613.227	 7.684427662984193e-15	
4616.852	 7.670799883298451e-15	
4620.476	 7.861318089054055e-15	
4624.100	 7.716827588334433e-15	
4627.725	 7.594578362361517e-15	
4631.349	 7.508303662189143e-15	
4634.974	  7.41382241065103e-15	
4638.598	 7.245528780008852e-15	
4642.222	 7.116421278325658e-15	
4645.847	 7.021636796604277e-15	
4649.471	   6.8967217818028e-15	
4653.095	 6.807899948090968e-15	
4656.720	 6.825994440215467e-15	
4660.344	 6.769594505055561e-15	
4663.968	 6.522947073984826e-15	
4667.593	 6.329882613617833e-15	
4671.217	6.2133156576009515e-15	
4674.842	 6.138032831840048e-15	
4678.466	 5.983493546525323e-15	
4682.090	 5.816854937434144e-15	
4685.715	 5.752212414857735e-15	
4689.339	 5.611668301160943e-15	
4692.963	5.4269765095644355e-15	
4696.588	5.3549334126601366e-15	
4700.212	 5.326457022202973e-15	
4703.836	5.1834009320894216e-15	
4707.461	 5.064848477568181e-15	
4711.085	 5.073686978214412e-15	
4714.710	  5.09196077166467e-15	
4718.334	4.9703610735335955e-15	
4721.958	4.9210057468342655e-15	
4725.583	4.9532659226217824e-15	
4729.207	 5.007610045031933e-15	
4732.831	 5.138809395515646e-15	
4736.456	 5.217499825394034e-15	
4740.080	 5.354758505974715e-15	
4743.704	5.5113975504425676e-15	
4747.329	 5.558057204759042e-15	
4750.953	 5.710721736505907e-15	
4754.578	 5.970113624554602e-15	
4758.202	 6.156159844303043e-15	
4761.826	6.3584468968817405e-15	
4765.451	 6.437630405405966e-15	
4769.075	6.4910077069419264e-15	
4772.699	 6.656845612563664e-15	
4776.324	 6.782556057266179e-15	
4779.948	6.8223038212602634e-15	
4783.572	 6.994562296414689e-15	
4787.197	 6.998181722196429e-15	
4790.821	 7.125559493442889e-15	
4794.446	 7.328266673637826e-15	
4798.070	 7.302476287354774e-15	
4801.694	 7.308800174800044e-15	
4805.319	 7.435861531942223e-15	
4808.943	 7.484765968542955e-15	
4812.567	 7.566269847165235e-15	
4816.192	 7.771401110970187e-15	
4819.816	 7.941751433290188e-15	
4823.441	 8.063864425412648e-15	
4827.065	 8.129907080400499e-15	
4830.689	 8.117447396116392e-15	
4834.314	 8.208568505652661e-15	
4837.938	 8.241083570579736e-15	
4841.562	 8.322042513800203e-15	
4845.187	 8.209091467852792e-15	
4848.811	 8.093170523965481e-15	
4852.435	 8.094241058351631e-15	
4856.060	 8.090077576096142e-15	
4859.684	 8.099520779252776e-15	
4863.309	  7.99696569448711e-15	
4866.933	 7.872440044819509e-15	
4870.557	 7.749887588663324e-15	
4874.182	 7.707603238266594e-15	
4877.806	  7.62053310819318e-15	
4881.430	 7.573325881690687e-15	
4885.055	 7.554117787704735e-15	
4888.679	  7.46513862586883e-15	
4892.303	 7.446340991290376e-15	
4895.928	 7.445019962405005e-15	
4899.552	 7.451567097579405e-15	
4903.177	 7.501717854179774e-15	
4906.801	 7.541107894450407e-15	
4910.425	 7.702272539537536e-15	
4914.050	 7.877313700953494e-15	
4917.674	 7.862632965442954e-15	
4921.298	 7.896053326279499e-15	
4924.923	 7.967646412013265e-15	
4928.547	 8.086769290850276e-15	
4932.171	 8.084891900498213e-15	
4935.796	 8.119593738457094e-15	
4939.420	 8.162316673959482e-15	
4943.045	 8.301298932480421e-15	
4946.669	 8.243846041495718e-15	
4950.293	 8.243148172610165e-15	
4953.918	 8.273328804590106e-15	
4957.542	 8.245878123187651e-15	
4961.166	 8.132375989341952e-15	
4964.791	 8.107585823199655e-15	
4968.415	  8.16119516174542e-15	
4972.039	  8.15277942549963e-15	
4975.664	 8.034452855491724e-15	
4979.288	 7.986451078016259e-15	
4982.913	 7.952593889930195e-15	
4986.537	 7.793819929186516e-15	
4990.161	 7.759624353794485e-15	
4993.786	 7.697257375984693e-15	
4997.410	  7.52607822449709e-15	
5001.034	 7.431912508135192e-15	
5004.659	 7.261244892782843e-15	
5008.283	 7.237184236936523e-15	
5011.907	 7.056339513491224e-15	
5015.532	 6.958724883392669e-15	
5019.156	6.7924668501546935e-15	
5022.781	6.7915501281803484e-15	
5026.405	 6.670111273885617e-15	
5030.029	 6.572844699301769e-15	
5033.654	 6.487826866265841e-15	
5037.278	 6.518981350544512e-15	
5040.902	 6.444268070171314e-15	
5044.527	 6.480354219836421e-15	
5048.151	6.5387783263356516e-15	
5051.775	 6.497675255261568e-15	
5055.400	 6.580483463135938e-15	
5059.024	 6.607340868092867e-15	
5062.649	 6.722895298976051e-15	
5066.273	   6.7369089280834e-15	
5069.897	 6.701402870942809e-15	
5073.522	6.8516485926480635e-15	
5077.146	 6.906966567356943e-15	
5080.770	 6.907122137624881e-15	
5084.395	 6.991206549053182e-15	
5088.019	 6.960820247905459e-15	
5091.644	 7.039563413467893e-15	
5095.268	 7.162543028664857e-15	
5098.892	  7.27231762857652e-15	
5102.517	 7.313928720073588e-15	
5106.141	 7.251625904012719e-15	
5109.765	 7.275121409111671e-15	
5113.390	 7.253548119696223e-15	
5117.014	 7.335912468896533e-15	
5120.638	 7.344606825339702e-15	
5124.263	 7.404045214828767e-15	
5127.887	 7.390292627357448e-15	
5131.512	 7.405130690992062e-15	
5135.136	 7.375711210718529e-15	
5138.760	 7.464052270777468e-15	
5142.385	 7.546899151486805e-15	
5146.009	 7.550469357296768e-15	
5149.633	 7.580431136187915e-15	
5153.258	 7.529611515328222e-15	
5156.882	 7.612978721453488e-15	
5160.506	 7.612580567038934e-15	
5164.131	 7.587164604112616e-15	
5167.755	 7.498008777735153e-15	
5171.380	 7.513181712963464e-15	
5175.004	 7.602893900807618e-15	
5178.628	 7.723985578515709e-15	
5182.253	 7.686491386086555e-15	
5185.877	    7.630187254086e-15	
5189.501	 7.653761862711022e-15	
5193.126	 7.754755092300837e-15	
5196.750	 7.743675325082621e-15	
5200.374	 7.878770084761251e-15	
5203.999	 7.930288453434565e-15	
5207.623	  7.92351191803456e-15	
5211.248	 7.833245126579849e-15	
5214.872	 7.933327786691791e-15	
5218.496	 7.954066973371233e-15	
5222.121	 8.010770138714407e-15	
5225.745	 8.006798262777621e-15	
5229.369	 8.053841129731502e-15	
5232.994	 8.169475543068823e-15	
5236.618	 8.190066190904868e-15	
5240.242	 8.101530008814956e-15	
5243.867	 8.138038922880504e-15	
5247.491	 8.318017902179368e-15	
5251.116	 8.268733768653501e-15	
5254.740	 8.392862142834616e-15	
5258.364	 8.270883626706474e-15	
5261.989	  8.17056717172859e-15	
5265.613	 8.241089723076208e-15	
5269.237	  8.25323826682444e-15	
5272.862	 8.312844531574385e-15	
5276.486	 8.268217837877912e-15	
5280.110	 8.257627633593262e-15	
5283.735	 8.196680124612394e-15	
5287.359	 8.255772216442884e-15	
5290.984	 8.296154566501663e-15	
5294.608	 8.303193022465767e-15	
5298.232	  8.29546812368099e-15	
5301.857	 8.178620789610593e-15	
5305.481	 8.181652212515212e-15	
5309.105	 8.200966656797326e-15	
5312.730	 8.149539696643027e-15	
5316.354	 8.063966381068474e-15	
5319.978	 8.027285197101706e-15	
5323.603	 8.033059754504823e-15	
5327.227	 8.051956707954899e-15	
5330.852	 8.074353552969543e-15	
5334.476	  8.00422476139614e-15	
5338.100	 7.948808346743707e-15	
5341.725	 7.946641789057454e-15	
5345.349	 7.887092654631891e-15	
5348.973	 7.887927636295966e-15	
5352.598	 7.871201635172479e-15	
5356.222	 7.763333430239105e-15	
5359.847	 7.766398252410287e-15	
5363.471	 7.685863831446398e-15	
5367.095	 7.648083108467258e-15	
5370.720	 7.680939197484502e-15	
5374.344	  7.64758299839688e-15	
5377.968	 7.551941561809739e-15	
5381.593	 7.473427796472908e-15	
5385.217	 7.384960170772258e-15	
5388.841	 7.414625750904674e-15	
5392.466	 7.347448399781754e-15	
5396.090	 7.384241207613086e-15	
5399.715	 7.339001022125535e-15	
5403.339	 7.372489060423274e-15	
5406.963	 7.283241825526799e-15	
5410.588	 7.330685483679435e-15	
5414.212	 7.391911612857682e-15	
5417.836	 7.334675817105637e-15	
5421.461	 7.274652940451723e-15	
5425.085	 7.281748526740208e-15	
5428.709	 7.236451210928274e-15	
5432.334	 7.233336289857248e-15	
5435.958	 7.163011497324806e-15	
5439.583	 7.139773518149616e-15	
5443.207	 7.144394043000176e-15	
5446.831	 7.129207923850854e-15	
5450.456	7.0884616975721525e-15	
5454.080	7.0931191374015456e-15	
5457.704	 7.127746266474692e-15	
5461.329	 7.116637494630249e-15	
5464.953	 7.071997617012764e-15	
5468.577	 7.038014742213055e-15	
5472.202	 7.041785343622396e-15	
5475.826	 7.084344798504237e-15	
5479.451	 7.050702068866629e-15	
5483.075	 7.074767119353285e-15	
5486.699	  7.14386580723164e-15	
5490.324	 7.023057144361269e-15	
5493.948	 6.974123703134312e-15	
5497.572	 6.901865268853489e-15	
5501.197	 6.994009450660265e-15	
5504.821	  7.01986048297997e-15	
5508.445	 6.950818046497929e-15	
5512.070	 6.880286705869637e-15	
5515.694	6.9664409928967725e-15	
5519.319	 6.957401217723096e-15	
5522.943	 6.930600064162482e-15	
5526.567	 6.912161032235545e-15	
5530.192	 6.905512820333388e-15	
5533.816	 6.854991156088559e-15	
5537.440	 6.829017073839411e-15	
5541.065	6.7805310069987846e-15	
5544.689	6.6400774228929384e-15	
5548.313	6.7439271687019535e-15	
5551.938	 6.706394303437831e-15	
5555.562	  6.67012357887856e-15	
5559.187	6.6354076780706015e-15	
5562.811	  6.65521256421435e-15	
5566.435	 6.542387204980584e-15	
5570.060	6.4172049960466016e-15	
5573.684	 6.308649469364486e-15	
5577.308	 6.489550444206102e-15	
5580.933	 6.458415296344916e-15	
5584.557	 6.361773639617022e-15	
5588.181	 6.322867888711551e-15	
5591.806	 6.255828529295219e-15	
5595.430	 6.278234163590537e-15	
5599.055	 6.207996384936771e-15	
5602.679	 6.211639541776333e-15	
5606.303	 6.133460648033198e-15	
5609.928	6.0952378242361314e-15	
5613.552	 6.051318667633951e-15	
5617.176	 5.979304575355878e-15	
5620.801	   5.9593520292968e-15	
5624.425	5.9883047987665196e-15	
5628.050	 6.048427873220123e-15	
5631.674	 5.988078914253186e-15	
5635.298	 5.979684272281014e-15	
5638.923	 6.008165057378516e-15	
5642.547	 5.992092978737209e-15	
5646.171	 5.967844232284458e-15	
5649.796	 5.936508688823894e-15	
5653.420	 5.913762909366473e-15	
5657.044	5.9517545750818014e-15	
5660.669	 5.981513321589368e-15	
5664.293	6.0976610289180784e-15	
5667.918	 6.039323936297524e-15	
5671.542	 6.023523446429058e-15	
5675.166	 5.970464316853512e-15	
5678.791	5.9860652900506685e-15	
5682.415	 5.979448719558939e-15	
5686.039	6.0425276291033614e-15	
5689.664	 5.998397529764995e-15	
5693.288	 5.970800946303344e-15	
5696.912	 6.006662090383184e-15	
5700.537	 6.004259979974856e-15	
5704.161	  5.98076623273204e-15	
5707.786	 6.070981167430773e-15	
5711.410	 6.065818343962598e-15	
5715.034	6.0203795207318045e-15	
5718.659	5.9810756154117804e-15	
5722.283	5.8106488263499115e-15	
5725.907	  5.91760030930894e-15	
5729.532	 5.914335970466448e-15	
5733.156	 5.922809715964689e-15	
5736.780	 5.945179314209242e-15	
5740.405	 5.922402772269462e-15	
5744.029	 5.803440737268792e-15	
5747.654	 5.876434834342066e-15	
5751.278	5.8442590356490245e-15	
5754.902	 5.865517668816327e-15	
5758.527	5.8167529817783204e-15	
5762.151	 5.867074250423773e-15	
5765.775	 5.926371132493977e-15	
5769.400	 5.898531085957644e-15	
5773.024	 5.857632805123274e-15	
5776.648	 5.957133614854567e-15	
5780.273	5.9413533403316525e-15	
5783.897	5.9123917815812586e-15	
5787.522	   5.9088268493397e-15	
5791.146	 5.879644679644377e-15	
5794.770	  5.86103337781622e-15	
5798.395	 5.963106810000926e-15	
5802.019	5.9093137754890645e-15	
5805.643	 5.704826765957551e-15	
5809.268	  5.75530712058321e-15	
5812.892	5.9590101262785634e-15	
5816.516	6.0607935122010124e-15	
5820.141	 5.984528923788774e-15	
5823.765	5.9370509874415075e-15	
5827.390	 5.994917853545979e-15	
5831.014	5.9902577769323835e-15	
5834.638	 6.081502815326162e-15	
5838.263	 6.099749362006329e-15	
5841.887	 6.056889313725421e-15	
5845.511	6.1090809412983965e-15	
5849.136	 6.071688704525066e-15	
5852.760	 6.105087971087992e-15	
5856.384	 6.087183327426061e-15	
5860.009	 6.028122877005999e-15	
5863.633	6.0487618658857525e-15	
5867.258	 6.081240894762063e-15	
5870.882	 6.025268997571004e-15	
5874.506	 6.061198698040105e-15	
5878.131	 6.047525214094856e-15	
5881.755	 5.945205682051266e-15	
5885.379	 5.858333310793028e-15	
5889.004	5.8651098461930326e-15	
5892.628	 5.891990982207783e-15	
5896.253	 5.765248675954086e-15	
5899.877	 5.859804636377931e-15	
5903.501	5.9458639991737826e-15	
5907.126	 5.883913633267959e-15	
5910.750	 5.840332863971746e-15	
5914.374	5.5073940330953535e-15	
5917.999	 5.197415440124839e-15	
5921.623	 5.127552084827805e-15	
5925.247	5.4419525649056376e-15	
5928.872	 5.763926768140648e-15	
5932.496	  5.87975366672474e-15	
5936.121	 5.873444721056617e-15	
5939.745	  5.79718628514085e-15	
5943.369	 5.727864349533362e-15	
5946.994	 5.723319412496602e-15	
5950.618	 5.817861310071369e-15	
5954.242	 5.760781084587261e-15	
5957.867	 5.818845709506907e-15	
5961.491	 5.877094909320718e-15	
5965.115	 5.764282734007963e-15	
5968.740	 5.780159690618298e-15	
5972.364	5.7845244474012314e-15	
5975.989	5.8249208603090905e-15	
5979.613	 5.785563340376952e-15	
5983.237	 5.770075748900496e-15	
5986.862	5.7721465034273975e-15	
5990.486	 5.761614308395199e-15	
5994.110	 5.759228897620152e-15	
5997.735	5.6912174437612256e-15	
6001.359	  5.69742619162966e-15	
6004.983	 5.756404022811382e-15	
6008.608	 5.814125865784726e-15	
6012.232	  5.84075123373185e-15	
6015.857	 5.738127592576923e-15	
6019.481	5.7470495913895606e-15	
6023.105	 5.855252667916632e-15	
6026.730	 5.769542239563557e-15	
6030.354	 5.724367094752997e-15	
6033.978	  5.70580764968082e-15	
6037.603	 5.771045206558888e-15	
6041.227	 5.828045449588859e-15	
6044.851	 5.811784401413051e-15	
6048.476	 5.835761559092962e-15	
6052.100	 5.774153975133442e-15	
6055.725	 5.769563333837176e-15	
6059.349	 5.728251077883039e-15	
6062.973	 5.732483116527788e-15	
6066.598	5.8167345242889036e-15	
6070.222	 5.777415677191732e-15	
6073.846	 5.713870056843497e-15	
6077.471	 5.680595598066148e-15	
6081.095	5.7143332519350404e-15	
6084.719	 5.757951815138154e-15	
6088.344	5.7501363867624295e-15	
6091.968	5.7345661760476344e-15	
6095.593	  5.74649938241934e-15	
6099.217	 5.718278760029803e-15	
6102.841	 5.755354582698853e-15	
6106.466	5.8245385265997516e-15	
6110.090	 5.780387332987766e-15	
6113.714	  5.76547807617969e-15	
6117.339	  5.78510629778188e-15	
6120.963	 5.795942601925415e-15	
6124.587	5.7504361012334285e-15	
6128.212	 5.719350173344019e-15	
6131.836	 5.863126105544808e-15	
6135.461	 5.847899555704384e-15	
6139.085	 5.786902826751739e-15	
6142.709	5.8074943535158505e-15	
6146.334	  5.75873757683045e-15	
6149.958	5.8118564735145816e-15	
6153.582	5.8183746040627566e-15	
6157.207	  5.76156245163922e-15	
6160.831	 5.731828315117541e-15	
6164.456	 5.744537614972802e-15	
6168.080	 5.701583521388677e-15	
6171.704	 5.658102070964085e-15	
6175.329	 5.604362651064337e-15	
6178.953	 5.627932865049021e-15	
6182.577	 5.645838387639019e-15	
6186.202	  5.55306225655175e-15	
6189.826	  5.48909826644341e-15	
6193.450	5.4792938238510565e-15	
6197.075	 5.390475505851494e-15	
6200.699	  5.35804921265923e-15	
6204.324	  5.40146298562263e-15	
6207.948	 5.337921759914731e-15	
6211.572	 5.293302097642797e-15	
6215.197	 5.245541146457813e-15	
6218.821	 5.264737814378887e-15	
6222.445	 5.178053533727083e-15	
6226.070	 5.147265562452538e-15	
6229.694	  5.09774763406073e-15	
6233.318	5.0332369506944385e-15	
6236.943	5.0961321642727655e-15	
6240.567	5.0908902372785215e-15	
6244.192	5.1087263245511906e-15	
6247.816	 5.070009543180221e-15	
6251.440	 4.993147283682119e-15	
6255.065	  4.92709056584519e-15	
6258.689	 4.885623618551184e-15	
6262.313	 4.849224570494066e-15	
6265.938	4.7516380660936685e-15	
6269.562	 4.693780868197939e-15	
6273.186	 4.535346173688295e-15	
6276.811	 4.300196000667813e-15	
6280.435	 4.263746853710852e-15	
6284.060	 4.317220837334231e-15	
6287.684	4.2497174038982875e-15	
6291.308	 4.233429987880457e-15	
6294.933	 4.179009398728439e-15	
6298.557	4.0543765198366104e-15	
6302.181	 4.062945189566136e-15	
6305.806	 4.030360689321732e-15	
6309.430	 3.936483261365954e-15	
6313.054	 3.800876086624003e-15	
6316.679	 3.863043547762485e-15	
6320.303	3.9898939621684776e-15	
6323.928	 3.977366600423178e-15	
6327.552	 3.899689574606554e-15	
6331.176	 3.862182198256389e-15	
6334.801	 3.797217109079228e-15	
6338.425	 3.894608491448653e-15	
6342.049	 3.967411861131291e-15	
6345.674	 3.969160927985508e-15	
6349.298	 3.990254322676131e-15	
6352.922	 4.013062506026339e-15	
6356.547	 4.115431258041707e-15	
6360.171	 4.258382755715232e-15	
6363.796	4.4159622532152516e-15	
6367.420	 4.475441952323485e-15	
6371.044	 4.645393241300866e-15	
6374.669	 4.742708156928423e-15	
6378.293	 4.796036238492607e-15	
6381.917	 5.024332530443149e-15	
6385.542	 5.219504660315877e-15	
6389.166	5.4707480062512844e-15	
6392.790	 5.736872483296611e-15	
6396.415	 5.972294245089933e-15	
6400.039	 6.216563296810162e-15	
6403.664	 6.347759131581605e-15	
6407.288	 6.585260437182503e-15	
6410.912	7.0089600170875115e-15	
6414.537	 7.342693398936874e-15	
6418.161	  7.70472474884571e-15	
6421.785	 8.058305205386058e-15	
6425.410	 8.203211439081581e-15	
6429.034	 8.371791600273748e-15	
6432.659	 8.515232660880839e-15	
6436.283	 8.734616622227486e-15	
6439.907	  9.07424673248134e-15	
6443.532	 9.424332571025524e-15	
6447.156	 9.785079807027822e-15	
6450.780	  9.97472611614052e-15	
6454.405	 9.861423498966132e-15	
6458.029	  9.93711678413453e-15	
6461.653	 1.017731903568669e-14	
6465.278	1.0298540794748761e-14	
6468.902	1.0489400024594533e-14	
6472.527	1.0588534321321703e-14	
6476.151	1.0628437655583725e-14	
6479.775	1.0498866079880922e-14	
6483.400	1.0385009738024042e-14	
6487.024	1.0532274135724522e-14	
6490.648	  1.07395429525895e-14	
6494.273	1.0969962734750992e-14	
6497.897	1.1242395278536373e-14	
6501.521	1.1397728235896003e-14	
6505.146	1.1146284494361216e-14	
6508.770	1.0995249495251396e-14	
6512.395	1.0868385017996324e-14	
6516.019	1.0785343894184081e-14	
6519.643	1.1050692277745853e-14	
6523.268	1.1373144617849553e-14	
6526.892	1.1345062866094672e-14	
6530.516	1.1126157041616717e-14	
6534.141	1.0978435601321165e-14	
6537.765	1.0915047309097001e-14	
6541.389	1.0793087250458275e-14	
6545.014	 1.089379482842617e-14	
6548.638	  1.11034894867573e-14	
6552.263	1.0963766291875501e-14	
6555.887	1.0654322087169993e-14	
6559.511	 1.044702690246299e-14	
6563.136	1.0321973017026858e-14	
6566.760	1.0321753285009994e-14	
6570.384	1.0465721702457555e-14	
6574.009	1.0542126919360585e-14	
6577.633	1.0654075987311108e-14	
6581.257	1.0607738899595385e-14	
6584.882	1.0359063781473053e-14	
6588.506	 1.024018876035106e-14	
6592.131	1.0105202987752792e-14	
6595.755	 1.000533039144897e-14	
6599.379	1.0144121922579275e-14	
6603.004	1.0296361053141496e-14	
6606.628	1.0230432658802415e-14	
6610.252	1.0043423133892053e-14	
6613.877	 9.769971033548436e-15	
6617.501	 9.508349304992632e-15	
6621.125	   9.4400302263101e-15	
6624.750	 9.535288450259834e-15	
6628.374	 9.652300143878843e-15	
6631.999	  9.72777369703038e-15	
6635.623	 9.563607512592926e-15	
6639.247	 9.125479449532733e-15	
6642.872	 8.849311461460708e-15	
6646.496	 8.837955710829314e-15	
6650.120	  8.96830074323147e-15	
6653.745	 9.080355282550084e-15	
6657.369	  9.24720219759325e-15	
6660.993	  9.21610572256703e-15	
6664.618	 8.984666383847304e-15	
6668.242	 8.576957142273328e-15	
6671.867	 8.371615814660258e-15	
6675.491	 8.391457615782838e-15	
6679.115	  8.39652199930746e-15	
6682.740	 8.446920613622847e-15	
6686.364	 8.550546232774662e-15	
6689.988	 8.372013090146744e-15	
6693.613	 8.048213353315648e-15	
6697.237	 7.881535192461435e-15	
6700.861	 7.834929152757074e-15	
6704.486	 7.753096555037567e-15	
6708.110	  7.83339630220745e-15	
6711.735	 7.949731221214525e-15	
6715.359	 7.998026560664515e-15	
6718.983	 7.955006547475332e-15	
6722.608	 7.833557146043792e-15	
6726.232	 7.556955846434516e-15	
6729.856	 7.363109140087497e-15	
6733.481	 7.421412833441487e-15	
6737.105	 7.413334605573597e-15	
6740.730	 7.552388936196069e-15	
6744.354	 7.589143950120503e-15	
6747.978	 7.419464249915961e-15	
6751.603	 7.124209459931292e-15	
6755.227	 6.876935353148469e-15	
6758.851	6.8382387871230494e-15	
6762.476	 6.872895799750488e-15	
6766.100	 6.912894937171862e-15	
6769.724	7.0475036496291955e-15	
6773.349	6.9547644335207606e-15	
6776.973	 6.881065436137394e-15	
6780.598	 6.726048892882045e-15	
6784.222	 6.542204387942554e-15	
6787.846	 6.359938437812196e-15	
6791.471	6.4528226770517595e-15	
6795.095	 6.631610708819237e-15	
6798.719	 6.722692266592472e-15	
6802.344	 6.609211227020391e-15	
6805.968	6.3893763755751454e-15	
6809.592	 6.181250603844407e-15	
6813.217	 5.991645604350879e-15	
6816.841	 6.019024213651804e-15	
6820.466	 6.028657265271006e-15	
6824.090	 6.163128864949818e-15	
6827.714	 6.322963691870902e-15	
6831.339	6.3199867625064645e-15	
6834.963	6.2996351831047664e-15	
6838.587	 6.083097190840508e-15	
6842.212	 5.837246947526945e-15	
6845.836	 5.777316358320112e-15	
6849.460	 5.748080574012674e-15	
6853.085	 5.851202567381843e-15	
6856.709	  6.00862122104552e-15	
6860.334	 6.073609162352434e-15	
6863.958	 5.231076627251863e-15	
6867.582	 4.228413945399546e-15	
6871.207	 3.996631824733514e-15	
6874.831	 4.351483211259388e-15	
6878.455	 4.836120631936522e-15	
6882.080	 4.972369424167709e-15	
6885.704	 4.899624942665588e-15	
6889.328	 4.926924448440443e-15	
6892.953	 4.976016975647607e-15	
6896.577	 4.950638806628188e-15	
6900.202	4.9106282431419385e-15	
6903.826	  4.80721005101404e-15	
6907.450	 4.794935820552165e-15	
6911.075	4.8855172682550226e-15	
6914.699	 5.011134546582389e-15	
6918.323	 5.249922602874027e-15	
6921.948	5.3956005354127686e-15	
6925.572	 5.212842385564641e-15	
6929.196	 4.939922036701826e-15	
6932.821	4.8069279151043905e-15	
6936.445	 4.687078162755601e-15	
6940.070	 4.710942817642878e-15	
6943.694	 4.805869685711186e-15	
6947.318	5.0030633501390374e-15	
6950.943	 5.215668139301478e-15	
6954.567	 5.122220507170681e-15	
6958.191	 5.033751123613895e-15	
6961.816	 4.929011023672559e-15	
6965.440	 4.760015129504491e-15	
6969.064	 4.689772956210388e-15	
6972.689	4.7451612451646634e-15	
6976.313	 4.897820503343123e-15	
6979.938	 5.184056612427735e-15	
6983.562	 5.146520231451344e-15	
6987.186	 4.978633544504392e-15	
6990.811	4.8729591440273625e-15	
6994.435	 4.689061024475757e-15	
6998.059	 4.536723453969982e-15	
7001.684	 4.573763240588267e-15	
7005.308	4.6337773279615075e-15	
7008.933	4.7675862158774655e-15	
7012.557	 4.951799870605283e-15	
7016.181	 4.999462381846714e-15	
7019.806	 4.865530444001313e-15	
7023.430	4.6015769192825774e-15	
7027.054	 4.439102671374954e-15	
7030.679	4.4226500168804434e-15	
7034.303	 4.405525861342405e-15	
7037.927	 4.563197646289506e-15	
7041.552	 4.784923950935894e-15	
7045.176	 4.898481457249842e-15	
7048.801	 4.844096904148589e-15	
7052.425	 4.688012463291295e-15	
7056.049	 4.428895679727711e-15	
7059.674	 4.390047938074691e-15	
7063.298	4.3047620319781916e-15	
7066.922	 4.269260369477937e-15	
7070.547	 4.467074557121405e-15	
7074.171	  4.67354970194148e-15	
7077.795	 4.811195110871838e-15	
7081.420	 4.888797427802729e-15	
7085.044	 4.608287535077523e-15	
7088.669	 4.345479253630668e-15	
7092.293	 4.149036193772415e-15	
7095.917	 4.091208000502911e-15	
7099.542	 4.176731217177621e-15	
7103.166	 4.216092252822029e-15	
7106.790	 4.435252087511477e-15	
7110.415	4.5804149682026945e-15	
7114.039	 4.686465549892591e-15	
7117.663	 4.522050628812048e-15	
7121.288	 4.338790611037409e-15	
7124.912	 4.181394809503486e-15	
7128.537	 4.030746538743341e-15	
7132.161	  3.98796647291657e-15	
7135.785	 4.116250419000566e-15	
7139.410	 4.314322132567796e-15	
7143.034	 4.410509383484821e-15	
7146.658	 4.435673094055782e-15	
7150.283	 4.504785844783218e-15	
7153.907	4.3325818631689745e-15	
7157.531	 4.044797082829524e-15	
7161.156	 3.872881389621402e-15	
7164.780	3.6618463659874196e-15	
7168.405	3.5447863313247014e-15	
7172.029	 3.578591662654787e-15	
7175.653	 3.764808394448313e-15	
7179.278	3.8637001070288674e-15	
7182.902	3.6199715960701175e-15	
7186.526	3.5368838890702995e-15	
7190.151	 3.434901865404608e-15	
7193.775	 3.275492439668167e-15	
7197.399	3.1867022473667632e-15	
7201.024	3.2211658958193656e-15	
7204.648	3.5224184909362833e-15	
7208.273	  3.91384559006083e-15	
7211.897	4.1868239481760965e-15	
7215.521	 4.167384696108406e-15	
7219.146	3.9791288511984066e-15	
7222.770	3.7674478154348514e-15	
7226.394	3.5306136162371443e-15	
7230.019	3.2276928156482154e-15	
7233.643	3.1721832346206325e-15	
7237.267	3.3276893408095484e-15	
7240.892	3.4051343296163665e-15	
7244.516	3.7200234936996995e-15	
7248.141	 3.756585143449294e-15	
7251.765	 3.457417365708357e-15	
7255.389	3.3489927993082904e-15	
7259.014	 3.161506016457306e-15	
7262.638	3.0738733724207275e-15	
7266.262	 3.271450249485986e-15	
7269.887	 3.451429228784851e-15	
7273.511	3.4391356619054924e-15	
7277.136	 3.581477183500211e-15	
7280.760	 3.825682952399583e-15	
7284.384	 3.619035537678288e-15	
7288.009	3.1881041376343386e-15	
7291.633	3.1610463370780314e-15	
7295.257	3.1869421947291766e-15	
7298.882	3.1227593515320416e-15	
7302.506	 3.151332424076625e-15	
7306.130	3.4720928276504932e-15	
7309.755	 3.579321172950767e-15	
7313.379	 3.702030957231025e-15	
7317.004	 3.522710295054675e-15	
7320.628	 3.455096116682234e-15	
7324.252	 3.352443470901081e-15	
7327.877	3.2571887626636163e-15	
7331.501	3.2333144395675966e-15	
7335.125	 3.372446115860004e-15	
7338.750	3.5988360128322574e-15	
7342.374	 3.843874126611501e-15	
7345.998	3.8288049048951495e-15	
7349.623	 3.755925068470642e-15	
7353.247	 3.597764599518042e-15	
7356.872	 3.405436680871568e-15	
7360.496	3.2126016207301782e-15	
7364.120	3.1336905799068605e-15	
7367.745	 3.207534600421355e-15	
7371.369	3.4384606451496944e-15	
7374.993	 3.627782629805505e-15	
7378.618	 3.798140862478113e-15	
7382.242	3.8064898001907774e-15	
7385.866	 3.674241009594534e-15	
7389.491	  3.43285747871973e-15	
7393.115	 3.237218638043189e-15	
7396.740	 3.107699798024432e-15	
