  0.0000000000E+000  0.0000000000E+000
  1.0001438811E+004 -3.7618459546E+033
  2.0007509053E+004 -8.9462209112E+033
  3.0016082406E+004  2.2423641981E+038
  4.0041998518E+004  2.2401099101E+038
  5.0036923627E+004  2.1051280509E+038
  6.0042992691E+004  1.7875693877E+038
  7.0073926357E+004  1.5780273901E+038
  8.0088412981E+004  1.4106302178E+038
  9.0110966338E+004  1.2753501012E+038
  1.0007585816E+005  1.1370700031E+038
  1.1006409868E+005  1.1675769783E+038
  1.2007676918E+005  1.0182988173E+038
  1.3005097725E+005  9.5858985153E+037
  1.4007415629E+005  9.0661942047E+037
  1.5004561021E+005  8.6162016207E+037
  1.6003770919E+005  8.2186561858E+037
  1.7006863727E+005  7.8634311630E+037
  1.8008039785E+005  7.5455501779E+037
  1.9009122185E+005  7.2583301693E+037
  2.0014948625E+005  6.9957001504E+037
  2.1011613837E+005  6.7575769164E+037
  2.2018613837E+005  6.5361838711E+037
  2.3016113837E+005  6.3335072098E+037
  2.4013613837E+005  6.1450510856E+037
  2.5011113837E+005  5.9692466012E+037
  2.6018113837E+005  5.8037223890E+037
  2.7015613837E+005  5.6503373798E+037
  2.8013113837E+005  5.5063816667E+037
  2.9010613837E+005  5.3710980966E+037
  3.0017613837E+005  5.2425059580E+037
  3.1015113837E+005  5.1223944500E+037
  3.2012613837E+005  5.0088320737E+037
  3.3010113837E+005  4.9011075702E+037
  3.4017113837E+005  4.7975798064E+037
  3.5014613837E+005  4.7008011053E+037
  3.6012113837E+005  4.6246058708E+037
  3.7009613837E+005  4.7177747230E+037
  3.8016613837E+005  7.0481368123E+037
  3.9014113837E+005  3.6470004135E+038
  4.0011613837E+005  3.1330434177E+039
  4.1018613837E+005  3.7088942979E+039
  4.2016113837E+005  4.1027114136E+039
  4.3013613837E+005  4.6936129652E+039
  4.4011113837E+005  5.5147054303E+039
  4.5018113837E+005  6.6322017446E+039
  4.6015613837E+005  8.1417675384E+039
  4.7012295258E+005  1.0278711635E+040
  4.8013183382E+005  1.3526280613E+040
  4.9014250796E+005  1.9004887971E+040
  5.0008176579E+005  2.9956474385E+040
  5.1011911585E+005  6.8319370350E+040
  5.2006675170E+005  1.7032968233E+042
  5.3007941202E+005  9.6524004377E+042
  5.4006845888E+005  3.9824797989E+043
  5.5003371471E+005  1.3036653797E+044
  5.6002249041E+005  3.0964389688E+044
  5.7001519277E+005  2.3429035562E+044
  5.8000006682E+005  8.5012977473E+043
  5.9000061435E+005  6.4956111608E+043
  6.0000306365E+005  5.1330453324E+043
  6.1000396918E+005  4.2425952362E+043
  6.2000835080E+005  3.6480726785E+043
  6.3001099897E+005  3.2198500432E+043
  6.4001293599E+005  2.8983700499E+043
  6.5001132114E+005  2.6480449169E+043
  6.6002338034E+005  2.4477539842E+043
  6.7001722669E+005  2.2847445619E+043
  6.8001762704E+005  2.1490348028E+043
  6.9003067869E+005  2.0335878239E+043
  7.0003002055E+005  1.9353750250E+043
  7.1003764766E+005  1.8501388682E+043
  7.2003441460E+005  1.7755372380E+043
  7.3003300105E+005  1.7103807872E+043
  7.4004867818E+005  1.6521161745E+043
  7.5004412317E+005  1.6007941282E+043
  7.6004012014E+005  1.5545375244E+043
  7.7005460432E+005  1.5129599508E+043
  7.8005734829E+005  1.4751543722E+043
  7.9004248849E+005  1.4408178451E+043
  8.0003989919E+005  1.4093874565E+043
  8.1005051715E+005  1.3803729528E+043
  8.2004938359E+005  1.3535717996E+043
  8.3004726712E+005  1.3289124673E+043
  8.4003965693E+005  1.3059112628E+043
  8.5003641215E+005  1.2845622965E+043
  8.6003819915E+005  1.2643275292E+043
  8.7003308931E+005  1.2457311827E+043
  8.8005061690E+005  1.2277593217E+043
  8.9003884894E+005  1.2112453152E+043
  9.0004453223E+005  1.1952564020E+043
  9.1004690007E+005  1.1799475974E+043
  9.2005223761E+005  1.1657237488E+043
  9.3003509671E+005  1.1514392297E+043
  9.4004205981E+005  1.1381947197E+043
  9.5002875807E+005  1.1251342314E+043
  9.6003659398E+005  1.1122457431E+043
  9.7004294120E+005  1.1002249696E+043
  9.8004080013E+005  1.0877445477E+043
  9.9003033902E+005  1.0760945243E+043
  1.0000404641E+006  1.0646367494E+043
  1.0100467761E+006  1.0528258104E+043
  1.0200491771E+006  1.0418991334E+043
  1.0300367577E+006  1.0306740097E+043
  1.0400447275E+006  1.0195338049E+043
  1.0500382382E+006  1.0090692296E+043
  1.0600369059E+006  9.9804632472E+042
  1.0700331015E+006  9.8744995627E+042
  1.0800520619E+006  9.7722811532E+042
  1.0900320206E+006  9.6657142762E+042
  1.1000545617E+006  9.5644538015E+042
  1.1100325573E+006  9.4643920782E+042
  1.1200329830E+006  9.3607531374E+042
  1.1300427680E+006  9.2635942282E+042
  1.1400514243E+006  9.1665329430E+042
  1.1500265104E+006  9.0668207458E+042
  1.1600505323E+006  8.9720942481E+042
  1.1700271122E+006  8.8782136216E+042
  1.1800311426E+006  8.7819515784E+042
  1.1900429426E+006  8.6904912632E+042
  1.2000492815E+006  8.6001350419E+042
  1.2100357931E+006  8.5074484603E+042
  1.2200488516E+006  8.4178514694E+042
  1.2300313004E+006  8.3316778800E+042
  1.2400404776E+006  8.2435322041E+042
  1.2500475936E+006  8.1565323281E+042
  1.2600463446E+006  8.0733735636E+042
  1.2700388888E+006  7.9894165088E+042
  1.2800286785E+006  7.9055312198E+042
  1.2900348713E+006  7.8249209160E+042
  1.3000542423E+006  7.7458031323E+042
  1.3100247876E+006  7.6660943029E+042
  1.3200460611E+006  7.5868012021E+042
  1.3300490165E+006  7.5106479520E+042
  1.3400404437E+006  7.4353371110E+042
  1.3500437175E+006  7.3597108946E+042
  1.3600469943E+006  7.2856910530E+042
  1.3700380923E+006  7.2138849493E+042
  1.3800517634E+006  7.1419892740E+042
  1.3900449214E+006  7.0705715062E+042
  1.4000386732E+006  7.0011399171E+042
  1.4100542678E+006  6.9332210856E+042
  1.4200477080E+006  6.8656552423E+042
  1.4300433245E+006  6.7985484059E+042
  1.4400323024E+006  6.7329476561E+042
  1.4500592108E+006  6.6685855793E+042
  1.4600507920E+006  6.6050972363E+042
  1.4700406021E+006  6.5423140797E+042
  1.4800362343E+006  6.4807014928E+042
  1.4900337428E+006  6.4201487804E+042
  1.5000420362E+006  6.3600960429E+042
  1.5100376837E+006  6.3010259110E+042
  1.5200386745E+006  6.2431241655E+042
  1.5300378459E+006  6.1861978867E+042
  1.5400422201E+006  6.1299404053E+042
  1.5500477287E+006  6.0745414766E+042
  1.5600367307E+006  6.0200251150E+042
  1.5700410545E+006  5.9658286124E+042
  1.5800385600E+006  5.9131536635E+042
  1.5900377467E+006  5.8613503372E+042
  1.6000472525E+006  5.8102344169E+042
  1.6100311878E+006  5.7598493514E+042
  1.6200304905E+006  5.7100409896E+042
  1.6300499187E+006  5.6610345664E+042
  1.6400492387E+006  5.6129744254E+042
  1.6500366374E+006  5.5655455919E+042
  1.6600587538E+006  5.5185906461E+042
  1.6700303632E+006  5.4726851724E+042
  1.6800416262E+006  5.4275140523E+042
  1.6900549647E+006  5.3828443555E+042
  1.7000539296E+006  5.3385965021E+042
  1.7100517750E+006  5.2949646863E+042
  1.7200354951E+006  5.2523523443E+042
  1.7300468217E+006  5.2104110151E+042
  1.7400323424E+006  5.1688972491E+042
  1.7500389345E+006  5.1276696829E+042
  1.7600377004E+006  5.0871948767E+042
  1.7700321496E+006  5.0476003969E+042
  1.7800383940E+006  5.0083984117E+042
  1.7900589880E+006  4.9693466676E+042
  1.8000330655E+006  4.9309344610E+042
  1.8100346879E+006  4.8932566372E+042
  1.8200499798E+006  4.8562645575E+042
  1.8300451866E+006  4.8196142816E+042
  1.8400387584E+006  4.7831204730E+042
  1.8500355438E+006  4.7470659179E+042
  1.8600490691E+006  4.7117455491E+042
  1.8700398753E+006  4.6770531459E+042
  1.8800475383E+006  4.6425194658E+042
  1.8900412811E+006  4.6081912216E+042
  1.9000494451E+006  4.5742800600E+042
  1.9100446990E+006  4.5411718811E+042
  1.9200286630E+006  4.5085151288E+042
  1.9300566258E+006  4.4758524802E+042
  1.9400516417E+006  4.4433966363E+042
  1.9500356289E+006  4.4114014896E+042
  1.9600281827E+006  4.3801348667E+042
  1.9700406369E+006  4.3492277272E+042
  1.9800405789E+006  4.3185038153E+042
  1.9872000000E+006  4.2965238419E+042
