#lambda_AA flux_cgs_AA
4800.000000000003 -3.1186932554735686e-17
4803.515625000003 2.2697858755921925e-18
4807.031250000003 2.887394034741286e-17
4810.546875000003 3.4986604896471495e-18
4814.062500000003 -5.374677167595977e-18
4817.578125000003 -1.4437833750265934e-17
4821.093750000003 1.1204398797866563e-17
4824.609375000003 7.65710041907354e-17
4828.125000000003 6.149025092680753e-17
4831.640625000003 6.940116807724827e-17
4835.156250000003 7.441066651109801e-17
4838.671875000003 6.312058420948014e-17
4842.187500000003 1.1808605431680409e-16
4845.703125000003 5.491129639464662e-17
4849.218750000003 3.0993272616134465e-18
4852.734375000003 1.0593027787331272e-16
4856.250000000003 1.4651838278750958e-16
4859.765625000003 7.430730202175338e-17
4863.281250000003 5.636123482061122e-17
4866.796875000003 1.0484498382241865e-16
4870.312500000003 1.166153933621338e-16
4873.828125000003 8.281703837867841e-17
4877.343750000003 1.1042932645987844e-16
4880.859375000003 9.176929651098461e-17
4884.375000000003 6.89867505903592e-17
4887.890625000003 1.1646165688220715e-16
4891.406250000003 1.2986742234527435e-16
4894.921875000003 1.1153522061674754e-16
4898.437500000003 7.51171383112224e-17
4901.953125000003 6.388573951098149e-17
4905.468750000003 6.493355235395956e-17
4908.984375000003 4.677344389751318e-17
4912.500000000003 7.108561882431655e-17
4916.015625000003 1.27884121169058e-16
4919.531250000003 9.39359273807223e-17
4923.046875000003 4.012616093803295e-17
4926.562500000003 5.064631345165381e-17
4930.078125000003 1.7816112163826404e-17
4933.593750000003 2.1667867105651002e-17
4937.109375000003 6.903684464825541e-17
4940.625000000003 4.236256614680072e-17
4944.140625000003 5.72406998653225e-17
4947.656250000003 7.17930567713964e-17
4951.171875000003 5.1727418659925915e-17
4954.687500000003 4.15784485569372e-17
4958.203125000003 4.642991909784236e-17
4961.718750000003 6.758205232645635e-17
4965.234375000003 4.699472463753847e-17
4968.750000000003 2.589063736762401e-17
4972.265625000003 6.586115931032143e-17
4975.781250000003 5.247613953701706e-17
4979.296875000003 -2.473210681324602e-18
4982.812500000003 8.169253927547177e-18
4986.328125000003 2.900003575999044e-17
4989.843750000003 6.59651855441561e-17
4993.359375000003 1.2913754464253716e-16
4996.875000000003 9.801599244341766e-17
5000.390625000003 2.4351462697177188e-17
5003.906250000003 1.3852470290806046e-17
5007.421875000003 2.114276954407989e-17
5010.937500000003 4.0469143107221936e-17
5014.453125000003 4.3378168576725974e-17
5017.968750000003 4.1399119108858154e-17
5021.484375000003 4.56841429837319e-17
5025.000000000003 4.8163835245541316e-17
5028.515625000003 4.602508367116911e-17
5032.031250000003 5.822928657644178e-17
5035.546875000003 7.554159446202541e-17
5039.062500000003 8.137810145486077e-17
5042.578125000003 7.65086877121081e-17
5046.093750000003 3.6001745759614947e-17
5049.609375000003 3.432914023891842e-17
5053.125000000003 5.4570157183862403e-17
5056.640625000003 6.907637064664565e-17
5060.156250000003 7.398716988980556e-17
5063.671875000003 4.4466546356943646e-17
5067.187500000003 5.726008236143584e-17
5070.703125000003 4.025018839907915e-17
5074.218750000003 -1.568820327292354e-17
5077.734375000003 2.9931692592631367e-17
5081.250000000003 1.0130750291944377e-16
5084.765625000003 9.489013646558388e-17
5088.281250000003 7.911842269237821e-17
5091.796875000003 5.726966442165166e-17
5095.312500000003 2.6858734814970345e-17
5098.828125000003 4.9980472763218024e-17
5102.343750000003 9.434102750519158e-17
5105.859375000003 9.857416068587865e-17
5109.375000000003 7.207943331690716e-17
5112.890625000003 6.089748668240713e-17
5116.406250000003 9.924385272724648e-17
5119.921875000003 1.158680456048595e-16
5123.437500000003 8.90314610323321e-17
5126.953125000003 5.663427059720273e-17
5130.468750000003 3.2343278111525615e-17
5133.984375000003 3.77792774866526e-17
5137.500000000003 2.003258066547042e-17
5141.015625000003 1.0430541556321153e-17
5144.531250000003 1.5377582063658853e-17
5148.046875000003 4.933330815865246e-18
5151.562500000003 4.11572945111395e-17
5155.078125000003 7.962357858374189e-17
5158.593750000003 1.0848960115833139e-16
5162.109375000003 1.1192492194693352e-16
5165.625000000003 3.53146366032692e-17
5169.140625000003 6.710403457662931e-18
5172.656250000003 3.3447511289724704e-17
5176.171875000003 2.5736363220299194e-17
5179.687500000003 4.0464454647509986e-17
5183.203125000003 6.272041408146169e-17
5186.718750000003 5.504121669037665e-17
5190.234375000003 5.852051370906455e-17
5193.750000000003 6.38437319707536e-17
5197.265625000003 5.364332777727634e-17
5200.781250000003 6.616511840693262e-17
5204.296875000003 6.136537974153652e-17
5207.812500000003 4.20839022333214e-17
5211.328125000003 6.566431679431341e-17
5214.843750000003 5.4440554525487595e-17
5218.359375000003 4.8685005353564027e-17
5221.875000000003 7.785144007429809e-17
5225.390625000003 7.495677115150552e-17
5228.906250000003 7.042548899082983e-17
5232.421875000003 6.424227420732655e-17
5235.937500000003 5.442580424080455e-17
5239.453125000003 4.568298162215188e-17
5242.968750000003 3.606011162363669e-17
5246.484375000003 4.3287572447316716e-17
5250.000000000003 5.85026002857191e-17
5253.515625000003 6.311771885583826e-17
5257.031250000003 6.530667698466998e-17
5260.546875000003 8.218334523756889e-17
5264.062500000003 9.902716449398209e-17
5267.578125000003 4.946954645990117e-17
5271.093750000003 -1.2794040584665856e-17
5274.609375000003 1.7509949458063377e-17
5278.125000000003 4.7521946398922617e-17
5281.640625000003 3.6176744090006665e-17
5285.156250000003 5.883397545655274e-17
5288.671875000003 7.555909098634213e-17
5292.187500000003 7.27820736164342e-17
5295.703125000003 7.520400551043027e-17
5299.218750000003 5.750798508229554e-17
5302.734375000003 2.300981544828558e-17
5306.250000000003 2.496471124226685e-17
5309.765625000003 4.498853702813401e-17
5313.281250000003 4.748155682397288e-17
5316.796875000003 5.511136822376605e-17
5320.312500000003 6.158118785462916e-17
5323.828125000003 7.85302906594081e-17
5327.343750000003 7.572200586234567e-17
5330.859375000003 4.22554330225853e-17
5334.375000000003 2.6254466142610558e-17
5337.890625000003 3.460067054679508e-17
5341.406250000003 5.383231869491e-17
5344.921875000003 8.02259248883581e-17
5348.437500000003 9.822290009311923e-17
5351.953125000003 7.810527202578856e-17
5355.468750000003 8.268663500947065e-17
5358.984375000003 9.975784290755223e-17
5362.500000000003 4.9910261672824523e-17
5366.015625000003 3.7494879557167066e-17
5369.531250000003 4.8670132646150323e-17
5373.046875000003 3.7480026702088064e-17
5376.562500000003 5.850500241821795e-17
5380.078125000003 4.841095049045786e-17
5383.593750000003 2.2128525643143008e-17
5387.109375000003 3.206517668086284e-17
5390.625000000003 4.2526000492228944e-17
5394.140625000003 5.0387012181953136e-17
5397.656250000003 6.033887507113782e-17
5401.171875000003 6.195080523954235e-17
5404.687500000003 7.457630115695563e-17
5408.203125000003 7.342098130412526e-17
5411.718750000003 4.4760423776249035e-17
5415.234375000003 3.612549197925288e-17
5418.750000000003 5.2977827887252924e-17
5422.265625000003 4.690909820924943e-17
5425.781250000003 4.789433318452664e-17
5429.296875000003 4.6142516848372036e-17
5432.812500000003 3.0200896868625525e-17
5436.328125000003 5.169085727685107e-17
5439.843750000003 6.121237118054891e-17
5443.359375000003 4.820674937572057e-17
5446.875000000003 3.4060399184067294e-17
5450.390625000003 5.369189320540055e-17
5453.906250000003 7.854997094054197e-17
5457.421875000003 4.8056202504235916e-17
5460.937500000003 4.1301468783185044e-17
5464.453125000003 6.271965307529814e-17
5467.968750000003 4.53939547899585e-17
5471.484375000003 3.4796371553557774e-17
5475.000000000003 5.798814026682542e-17
5478.515625000003 4.407706009371693e-17
5482.031250000003 6.200494689897094e-19
5485.546875000003 2.2543304194369454e-18
5489.062500000003 1.9342401014690874e-17
5492.578125000003 1.504900607201809e-17
5496.093750000003 4.6268529542888365e-17
5499.609375000003 9.573935978710022e-17
5503.125000000003 7.301628484379492e-17
5506.640625000003 2.0464961206541688e-17
5510.156250000003 2.7628282445524353e-17
5513.671875000003 4.7098247945560705e-17
5517.187500000003 1.6888205768082794e-17
5520.703125000003 1.969690084672905e-17
5524.218750000003 5.3433634183271695e-17
5527.734375000003 5.4898528034711254e-17
5531.250000000003 3.3860744253976595e-17
5534.765625000003 2.0354281131859642e-17
5538.281250000003 5.382195577619594e-17
5541.796875000003 6.782321187096251e-17
5545.312500000003 5.934464367951848e-17
5548.828125000003 4.86814782554321e-17
5552.343750000003 3.395428845508899e-17
5555.859375000003 6.454629286094184e-17
5559.375000000003 9.622989774267886e-17
5562.890625000003 1.0834537394672665e-16
5566.406250000003 7.279692978023566e-17
5569.921875000003 4.380911974969875e-17
5573.437500000003 9.618123305288114e-17
5576.953125000003 8.858549818560271e-17
5580.468750000003 4.089085963583617e-17
5583.984375000003 4.106946447369862e-17
5587.500000000003 2.1137338276177866e-17
5591.015625000003 2.5179075098009968e-17
5594.531250000003 5.067423576041115e-17
5598.046875000003 4.187731552969751e-17
5601.562500000003 4.8121685430248064e-17
5605.078125000003 7.422684712665403e-17
5608.593750000003 7.448621126208125e-17
5612.109375000003 3.1186432937645704e-17
5615.625000000003 2.9372180595265292e-18
5619.140625000003 2.7462042303458346e-17
5622.656250000003 3.381717168802975e-17
5626.171875000003 3.261961599312243e-17
5629.687500000003 5.234760228727122e-17
5633.203125000003 4.42786175392165e-17
5636.718750000003 1.1582944770311655e-17
5640.234375000003 1.266028465243542e-17
5643.750000000003 5.59427476051084e-17
5647.265625000003 6.063291461784327e-17
5650.781250000003 3.999447709323696e-17
5654.296875000003 7.034263196323162e-17
5657.812500000003 7.958870464911666e-17
5661.328125000003 5.462527470961865e-18
5664.843750000003 2.0581374470049338e-18
5668.359375000003 5.835726134337108e-17
5671.875000000003 4.5955951224294376e-17
5675.390625000003 5.3378133672891837e-17
5678.906250000003 5.460366792483815e-17
5682.421875000003 8.971375930623524e-18
5685.937500000003 8.842348989955052e-18
5689.453125000003 2.043331327630541e-17
5692.968750000003 2.5569520890747248e-17
5696.484375000003 4.538104746368022e-17
5700.000000000003 4.99917985201651e-17
5703.515625000003 6.118238092026019e-17
5707.031250000003 5.49889256407735e-17
5710.546875000003 4.1272305703508874e-17
5714.062500000003 6.541216567382765e-17
5717.578125000003 4.0200021549289034e-17
5721.093750000003 2.98333399906182e-18
5724.609375000003 3.2347026894061705e-17
5728.125000000003 4.482915255898484e-17
5731.640625000003 2.1568893290997807e-17
5735.156250000003 2.7322319917469564e-17
5738.671875000003 6.266537679222486e-17
5742.187500000003 6.589238703280653e-17
5745.703125000003 3.7672825959261924e-17
5749.218750000003 3.371016098654499e-17
5752.734375000003 6.673679947188026e-17
5756.250000000003 8.233553323538884e-17
5759.765625000003 5.611506587031544e-17
5763.281250000003 2.3258192970816877e-17
5766.796875000003 3.0644536992194865e-17
5770.312500000003 5.052649468556428e-17
5773.828125000003 6.007897492267365e-17
5777.343750000003 7.226892385163081e-17
5780.859375000003 6.965207511809275e-17
5784.375000000003 5.5362755029365814e-17
5787.890625000003 6.205710125697787e-17
5791.406250000003 4.6864099583926545e-17
5794.921875000003 1.3678610988117813e-17
5798.437500000003 1.8585625052794685e-17
5801.953125000003 1.9365441303472926e-17
5805.468750000003 1.5152959513958854e-17
5808.984375000003 3.644554801058435e-17
5812.500000000003 4.1623165940851817e-17
5816.015625000003 6.198005434600223e-17
5819.531250000003 8.148353058701433e-17
5823.046875000003 5.781362500991143e-17
5826.562500000003 5.676753932005237e-17
5830.078125000003 6.888942121076376e-17
5833.593750000003 6.427506364680815e-17
5837.109375000003 5.629801836947747e-17
5840.625000000003 2.0564677829384955e-17
5844.140625000003 1.66000937976469e-17
5847.656250000003 6.366500140143804e-17
5851.171875000003 4.136492677105766e-17
5854.687500000003 2.588364272836426e-17
5858.203125000003 4.43823426793082e-17
5861.718750000003 5.164090880274267e-17
5865.234375000003 3.324032239861487e-17
5868.750000000003 2.2880515538014965e-17
5872.265625000003 5.097190166692203e-17
5875.781250000003 4.608847879331517e-17
5879.296875000003 1.5761347545769155e-17
5882.812500000003 1.400372109299198e-17
5886.328125000003 4.4985330876079753e-17
5889.843750000003 5.896297592744161e-17
5893.359375000003 6.154242286240247e-17
5896.875000000003 5.809487303562436e-17
5900.390625000003 3.779491120022985e-17
5903.906250000003 1.6782128126328994e-17
5907.421875000003 2.8450844081536885e-17
5910.937500000003 4.7073594654584175e-17
5914.453125000003 3.0364691864800825e-17
5917.968750000003 5.065930349599334e-17
5921.484375000003 7.820949678297024e-17
5925.000000000003 7.482758539215944e-17
5928.515625000003 7.823046084841478e-17
5932.031250000003 8.064521281469388e-17
5935.546875000003 6.202611176250918e-17
5939.062500000003 5.528652868155783e-17
5942.578125000003 7.97532010944514e-17
5946.093750000003 8.849382010395223e-17
5949.609375000003 7.101984142200634e-17
5953.125000000003 5.3819411368631725e-17
5956.640625000003 4.367851785714398e-17
5960.156250000003 5.257730041720985e-17
5963.671875000003 5.964428820205459e-17
5967.187500000003 5.125168723731197e-17
5970.703125000003 4.2980284775920617e-17
5974.218750000003 4.732876663866698e-17
5977.734375000003 7.451473244960208e-17
5981.250000000003 8.160290929301798e-17
5984.765625000003 5.98020348535909e-17
5988.281250000003 3.2757755155418786e-17
5991.796875000003 3.604451761472884e-17
5995.312500000003 5.771984258078262e-17
5998.828125000003 7.318407015924518e-17
6002.343750000003 6.442126285699322e-17
6005.859375000003 7.148701317964158e-17
6009.375000000003 7.225816388622272e-17
6012.890625000003 3.015477658639202e-17
6016.406250000003 1.950603884654979e-17
6019.921875000003 4.8952022564018594e-17
6023.437500000003 6.214887860030185e-17
6026.953125000003 3.98251300607902e-17
6030.468750000003 4.254728550375116e-17
6033.984375000003 6.60385862429916e-17
6037.500000000003 6.050343107347666e-17
6041.015625000003 4.676279973739085e-17
6044.531250000003 4.3468844115474037e-17
6048.046875000003 4.6397248772368966e-17
6051.562500000003 5.300256058756826e-17
6055.078125000003 6.483603768590691e-17
6058.593750000003 6.858307983398842e-17
6062.109375000003 7.868979755128793e-17
6065.625000000003 8.606517812082714e-17
6069.140625000003 5.465495974026134e-17
6072.656250000003 3.079089502105755e-17
6076.171875000003 4.4092915491698344e-17
6079.687500000003 5.003593356892848e-17
6083.203125000003 5.596638511829271e-17
6086.718750000003 4.92758240691637e-17
6090.234375000003 4.472931516777214e-17
6093.750000000003 6.457421186097673e-17
6097.265625000003 6.411445825907486e-17
6100.781250000003 5.788983150538472e-17
6104.296875000003 5.394602294191154e-17
6107.812500000003 6.085591589354266e-17
6111.328125000003 6.221010981796547e-17
6114.843750000003 6.119554963561203e-17
6118.359375000003 6.211644650284487e-17
6121.875000000003 6.105941555912051e-17
6125.390625000003 7.499312739378845e-17
6128.906250000003 6.499602765126447e-17
6132.421875000003 3.315541727181998e-17
6135.937500000003 3.434144868643321e-17
6139.453125000003 4.648920809542771e-17
6142.968750000003 5.891316641967612e-17
6146.484375000003 7.251287595788495e-17
6150.000000000003 7.189978292275045e-17
6153.515625000003 6.621977850181012e-17
6157.031250000003 6.043109578327013e-17
6160.546875000003 4.601656371085981e-17
6164.062500000003 3.6225408779804385e-17
6167.578125000003 4.7960434841636977e-17
6171.093750000003 4.874852289844075e-17
6174.609375000003 2.954038653205703e-17
6178.125000000003 4.1563575849523496e-17
6181.640625000003 7.375767028321395e-17
6185.156250000003 6.492248798608606e-17
6188.671875000003 4.827950818240073e-17
6192.187500000003 5.733398598608378e-17
6195.703125000003 4.497526905110866e-17
6199.218750000003 4.5864034914627484e-17
6202.734375000003 6.184040640626857e-17
6206.250000000003 7.278239787123433e-17
6209.765625000003 8.075021843037382e-17
6213.281250000003 8.429974970051236e-17
6216.796875000003 5.810840571044573e-17
6220.312500000003 2.942399229370347e-17
6223.828125000003 6.932031613545488e-17
6227.343750000003 6.854443395576995e-17
6230.859375000003 4.4582437669484775e-17
6234.375000000003 3.101291691491168e-17
6237.890625000003 3.637230613042645e-17
6241.406250000003 6.746954914570424e-17
6244.921875000003 4.494564275028946e-17
6248.437500000003 1.466379964128072e-17
6251.953125000003 4.2167404461797406e-17
6255.468750000003 6.609667417432753e-17
6258.984375000003 5.3310086486980774e-17
6262.500000000003 3.509614180754699e-17
6266.015625000003 2.380569885518205e-17
6269.531250000003 3.659202515345524e-17
6273.046875000003 5.392090973851443e-17
6276.562500000003 6.300657886873563e-17
6280.078125000003 7.688063443762625e-17
6283.593750000003 7.20659271118654e-17
6287.109375000003 5.926206458460609e-17
6290.625000000003 5.83871854292108e-17
6294.140625000003 7.358173227564637e-17
6297.656250000003 9.518589654796344e-17
6301.171875000003 5.127183073958886e-17
6304.687500000003 -5.836291512285788e-18
6308.203125000003 3.655662844068287e-17
6311.718750000003 4.6331104101866776e-17
6315.234375000003 2.7673860097276025e-17
6318.750000000003 5.0048658915471996e-17
6322.265625000003 6.446491814100132e-17
6325.781250000003 7.42155643830988e-17
6329.296875000003 6.968594981853802e-17
6332.812500000003 6.540729523438093e-17
6336.328125000003 5.2956963083481887e-17
6339.843750000003 3.6955911831084665e-17
6343.359375000003 3.5707186743484814e-17
6346.875000000003 4.728204416894754e-17
6350.390625000003 4.564762461404891e-17
6353.906250000003 6.10451880525846e-17
6357.421875000003 7.517349908943931e-17
6360.937500000003 6.935228501176883e-17
6364.453125000003 8.43565538475376e-17
6367.968750000003 9.194108538059962e-17
6371.484375000003 5.805663082154481e-17
6375.000000000003 2.009155202570055e-17
6378.515625000003 4.274321150364047e-17
6382.031250000003 8.659356124379131e-17
6385.546875000003 8.222744389038532e-17
6389.062500000003 6.105763546644229e-17
6392.578125000003 5.946067395840252e-17
6396.093750000003 7.273563900556793e-17
6399.609375000003 6.924048328017617e-17
6403.125000000003 5.660701334165788e-17
6406.640625000003 6.009873461314632e-17
6410.156250000003 5.570439385724002e-17
6413.671875000003 4.246060028427805e-17
6417.187500000003 4.6423146142986777e-17
6420.703125000003 7.190636066298147e-17
6424.218750000003 7.856378154804915e-17
6427.734375000003 5.596231538967895e-17
6431.250000000003 3.569672456309724e-17
6434.765625000003 6.203491296422674e-17
6438.281250000003 8.077619851905288e-17
6441.796875000003 6.132098330369958e-17
6445.312500000003 6.985368881187398e-17
6448.828125000003 7.351793348936138e-17
6452.343750000003 7.15776457049978e-17
6455.859375000003 8.528069988021655e-17
6459.375000000003 7.398091640437466e-17
6462.890625000003 6.114726875761854e-17
6466.406250000003 6.241044634488092e-17
6469.921875000003 6.702175326673743e-17
6473.437500000003 7.396702638752867e-17
6476.953125000003 7.390609295488556e-17
6480.468750000003 6.910497124350528e-17
6483.984375000003 7.357801988905723e-17
6487.500000000003 8.905836094585232e-17
6491.015625000003 1.0684782631342594e-16
6494.531250000003 1.2755269305866516e-16
6498.046875000003 1.4987952863622286e-16
6501.562500000003 1.5165162744099726e-16
6505.078125000003 1.6322451948532456e-16
6508.593750000003 1.977909546809273e-16
6512.109375000003 2.169811346105737e-16
6515.625000000003 2.449936391419065e-16
6519.140625000003 2.795374691457294e-16
6522.656250000003 2.8449120898884814e-16
6526.171875000003 2.7804303832897677e-16
6529.687500000003 2.9465121037248587e-16
6533.203125000003 3.1071301969523633e-16
6536.718750000003 3.1851572838666534e-16
6540.234375000003 3.3255233487208997e-16
6543.750000000003 3.393911465393232e-16
6547.265625000003 3.614561695268405e-16
6550.781250000003 3.907311899009456e-16
6554.296875000003 4.117773910715936e-16
6557.812500000003 4.2032591227308003e-16
6561.328125000003 4.3143858749436243e-16
6564.843750000003 4.3568500188696465e-16
6568.359375000003 4.493289556617777e-16
6571.875000000003 4.748346000112624e-16
6575.390625000003 4.823392589843763e-16
6578.906250000003 4.844328067926337e-16
6582.421875000003 5.093592394248741e-16
6585.937500000003 5.301442632801921e-16
6589.453125000003 5.163201032458507e-16
6592.968750000003 4.817945109201734e-16
6596.484375000003 4.805173440543915e-16
6600.000000000003 4.931024007660183e-16
6603.515625000003 4.656791797030683e-16
6607.031250000003 4.770582203164825e-16
6610.546875000003 4.947541679527234e-16
6614.062500000003 4.784155906144576e-16
6617.578125000003 4.560621264386206e-16
6621.093750000003 4.290718715606155e-16
6624.609375000003 4.1249374271695434e-16
6628.125000000003 4.2097352190081515e-16
6631.640625000003 4.1388978536292744e-16
6635.156250000003 3.7838163481843513e-16
6638.671875000003 3.8555719502176113e-16
6642.187500000003 4.0162318656968867e-16
6645.703125000003 3.6901654738601597e-16
6649.218750000003 3.5576985206346517e-16
6652.734375000003 3.4669677923961193e-16
6656.250000000003 3.267980694844771e-16
6659.765625000003 3.1742737045878237e-16
6663.281250000003 3.1345576531800496e-16
6666.796875000003 2.9626372287604164e-16
6670.312500000003 2.6920708179079553e-16
6673.828125000003 2.6923855435874195e-16
6677.343750000003 2.6303933197602454e-16
6680.859375000003 2.57184428486366e-16
6684.375000000003 2.612901295306056e-16
6687.890625000003 2.482464838873794e-16
6691.406250000003 2.2060699149019375e-16
6694.921875000003 2.0739155697735255e-16
6698.437500000003 2.0279439153524824e-16
6701.953125000003 2.0127650849376854e-16
6705.468750000003 1.7762742801576728e-16
6708.984375000003 1.5394473091767186e-16
6712.500000000003 1.8062149096096422e-16
6716.015625000003 1.9826645780169217e-16
6719.531250000003 1.8296801045287504e-16
6723.046875000003 1.6622353227930701e-16
6726.562500000003 1.5979619333598218e-16
6730.078125000003 1.6070680669383975e-16
6733.593750000003 1.6258150236435034e-16
6737.109375000003 1.491002980294183e-16
6740.625000000003 1.1963139975462055e-16
6744.140625000003 1.1177518240372672e-16
6747.656250000003 1.1775486443442766e-16
6751.171875000003 1.194855115643458e-16
6754.687500000003 1.2074407017506768e-16
6758.203125000003 1.2289763820857194e-16
6761.718750000003 9.681452914729664e-17
6765.234375000003 8.059255780562121e-17
6768.750000000003 1.0449963922540021e-16
6772.265625000003 8.97427635672338e-17
6775.781250000003 6.80493034934304e-17
6779.296875000003 7.3418473292508e-17
6782.812500000003 8.435262308526675e-17
6786.328125000003 9.664093371522381e-17
6789.843750000003 9.373579599459878e-17
6793.359375000003 7.60467900580585e-17
6796.875000000003 6.978744818842073e-17
6800.390625000003 7.113020055061071e-17
6803.906250000003 6.596155918435067e-17
6807.421875000003 6.406665383711419e-17
6810.937500000003 5.464359758736731e-17
6814.453125000003 5.831843679414029e-17
6817.968750000003 6.384250774344702e-17
6821.484375000003 6.603772597515455e-17
6825.000000000003 7.350069504539577e-17
6828.515625000003 8.476440021164055e-17
6832.031250000003 8.922574259716365e-17
6835.546875000003 7.36103527248407e-17
6839.062500000003 6.360220846677792e-17
6842.578125000003 5.813480269815352e-17
6846.093750000003 8.068315724375292e-17
6849.609375000003 9.631664582787853e-17
6853.125000000003 7.555929612713404e-17
6856.640625000003 4.9589745729072476e-17
6860.156250000003 4.748470341902303e-17
6863.671875000003 6.008297847683841e-17
6867.187500000003 5.615130299859016e-17
6870.703125000003 5.348722886952023e-17
6874.218750000003 5.0565620328538036e-17
6877.734375000003 5.016789865513274e-17
6881.250000000003 5.900011302822279e-17
6884.765625000003 5.903903683912709e-17
6888.281250000003 4.453463324752411e-17
6891.796875000003 2.802472033461897e-17
6895.312500000003 1.8906015265093624e-17
6898.828125000003 3.996304753868239e-17
6902.343750000003 7.021341311666104e-17
6905.859375000003 7.141114417385822e-17
6909.375000000003 6.68730725147147e-17
6912.890625000003 8.988832088526353e-17
6916.406250000003 8.384217985542763e-17
6919.921875000003 3.917010889476661e-17
6923.437500000003 4.037564191950139e-17
6926.953125000003 5.114623825282371e-17
6930.468750000003 3.402698770476505e-17
6933.984375000003 2.5626083501033624e-17
6937.500000000003 3.226891788317955e-17
6941.015625000003 4.171526423025347e-17
6944.531250000003 5.0645314217473845e-17
6948.046875000003 4.634235044947505e-17
6951.562500000003 3.642658572222218e-17
6955.078125000003 3.744687661185939e-17
6958.593750000003 4.0401095921310874e-17
6962.109375000003 6.929904766754492e-17
6965.625000000003 7.812226562429285e-17
6969.140625000003 4.030151991917174e-17
6972.656250000003 4.741465445602959e-17
6976.171875000003 6.921149887151231e-17
6979.687500000003 4.9614359315379604e-17
6983.203125000003 3.814881546222699e-17
6986.718750000003 4.077398563272733e-17
6990.234375000003 3.884889481057757e-17
6993.750000000003 4.202629737546321e-17
6997.265625000003 5.034526272207636e-17
7000.781250000003 6.036455075735146e-17
7004.296875000003 7.097816475402346e-17
7007.812500000003 6.451705037192686e-17
7011.328125000003 4.6041898598661086e-17
7014.843750000003 5.118321984364973e-17
7018.359375000003 6.80305827418071e-17
7021.875000000003 6.958901748563661e-17
7025.390625000003 4.856542481549091e-17
7028.906250000003 2.684468432508552e-17
7032.421875000003 2.4627380371022826e-17
7035.937500000003 3.308706899216595e-17
7039.453125000003 3.91738576773027e-17
7042.968750000003 5.91656748821865e-17
7046.484375000003 4.787080155046073e-17
7050.000000000003 3.8191210122981556e-17
7053.515625000003 5.978363173932282e-17
7057.031250000003 5.280912274696151e-17
7060.546875000003 6.005686603926134e-17
7064.062500000003 6.411389577625832e-17
7067.578125000003 4.701641000447716e-17
7071.093750000003 5.2543263589364516e-17
7074.609375000003 6.719350904912794e-17
7078.125000000003 5.878258437945605e-17
7081.640625000003 5.242497014432453e-17
7085.156250000003 5.810978875642992e-17
7088.671875000003 6.381302040897073e-17
7092.187500000003 8.083929585617843e-17
7095.703125000003 8.090794522957543e-17
7099.218750000003 5.861710855227604e-17
7102.734375000003 4.2914282380483786e-17
7106.250000000003 4.7759962657101075e-17
7109.765625000003 6.021183998138437e-17
7113.281250000003 5.848102741534372e-17
7116.796875000003 6.009616704452496e-17
7120.312500000003 5.9605384243485e-17
7123.828125000003 5.279645364869965e-17
7127.343750000003 4.8825030487657e-17
7130.859375000003 4.629827495771577e-17
7134.375000000003 5.2880677178669796e-17
7137.890625000003 4.939165582470073e-17
7141.406250000003 4.123071506230971e-17
7144.921875000003 4.603061585510586e-17
7148.437500000003 4.067865803021427e-17
7151.953125000003 3.193361195007505e-17
7155.468750000003 4.2505896694621455e-17
7158.984375000003 6.38811933263349e-17
7162.500000000003 6.528954441982279e-17
7166.015625000003 5.0075499271988116e-17
7169.531250000003 4.114312325288524e-17
7173.046875000003 4.797729278252081e-17
7176.562500000003 5.843103923656591e-17
7180.078125000003 5.802793096301167e-17
7183.593750000003 6.458814158249212e-17
7187.109375000003 4.812868006950781e-17
7190.625000000003 4.373079236313488e-17
7194.140625000003 6.053189270399339e-17
7197.656250000003 3.3319632475746456e-17
7201.171875000003 9.825841922862226e-18
7204.687500000003 1.8826506664615027e-17
7208.203125000003 3.350078502989557e-17
7211.718750000003 4.458191489133764e-17
7215.234375000003 6.02684654573973e-17
7218.750000000003 7.470272082433333e-17
7222.265625000003 7.511359136075577e-17
7225.781250000003 5.424631597404789e-17
7229.296875000003 4.597707741713898e-17
7232.812500000003 6.689442039196347e-17
7236.328125000003 7.523899855906371e-17
7239.843750000003 5.100607415238782e-17
7243.359375000003 2.808711622258507e-17
7246.875000000003 2.4261046893141466e-17
7250.390625000003 1.4666722897565483e-17
7253.906250000003 4.6110025193910953e-17
7257.421875000003 6.66640208128654e-17
7260.937500000003 4.775272648110246e-17
7264.453125000003 6.353586196420626e-17
7267.968750000003 4.18022935568614e-17
7271.484375000003 3.028034922082247e-17
7275.000000000003 1.1587095728061568e-16
7278.515625000003 1.3534874460052434e-16
7282.031250000003 9.126953383721477e-17
7285.546875000003 9.932757002268175e-17
7289.062500000003 9.09501031544264e-17
7292.578125000003 6.177036075199758e-17
7296.093750000003 8.440808389097721e-17
7299.609375000003 1.1027344592780405e-16
7303.125000000003 7.747218107216497e-17
7306.640625000003 2.7578754179167128e-17
7310.156250000003 3.480659550592893e-17
7313.671875000003 9.6060491153228e-17
7317.187500000003 1.1966708101752364e-16
7320.703125000003 1.184388964788947e-16
7324.218750000003 1.2005989254681282e-16
7327.734375000003 1.0728768125851224e-16
7331.250000000003 1.0953404572185515e-16
7334.765625000003 1.183467816458808e-16
7338.281250000003 1.0318070304740686e-16
7341.796875000003 8.797167061408426e-17
7345.312500000003 7.794323726995677e-17
7348.828125000003 8.795901805943465e-17
7352.343750000003 1.0036007009816024e-16
7355.859375000003 8.691068905575434e-17
7359.375000000003 6.595931587052942e-17
7362.890625000003 5.362609264203318e-17
7366.406250000003 8.353481277469273e-17
7369.921875000003 1.0123474411276361e-16
7373.437500000003 7.627133981586459e-17
7376.953125000003 6.197976979587151e-17
7380.468750000003 7.620148606749571e-17
7383.984375000003 8.883405603350754e-17
7387.500000000003 6.395968284029883e-17
7391.015625000003 3.371922026861367e-17
7394.531250000003 1.2780577393015943e-17
7398.046875000003 1.45710776576972e-17
7401.562500000003 5.685466459961135e-17
7405.078125000003 6.683623319895404e-17
7408.593750000003 3.3651252492041415e-17
7412.109375000003 4.308108500536633e-17
7415.625000000003 6.642642807116057e-17
7419.140625000003 6.166160304505911e-17
7422.656250000003 6.595353884113135e-17
7426.171875000003 7.301766788977911e-17
7429.687500000003 6.598014096963106e-17
7433.203125000003 6.740923775288177e-17
7436.718750000003 7.539026673204251e-17
7440.234375000003 6.116570495911112e-17
7443.750000000003 4.704795867303993e-17
7447.265625000003 4.610515475446424e-17
7450.781250000003 4.506386009471309e-17
7454.296875000003 4.835735580420932e-17
7457.812500000003 5.776122808118987e-17
7461.328125000003 6.528681803252381e-17
7464.843750000003 6.25833800324637e-17
7468.359375000003 5.645974872284384e-17
7471.875000000003 4.70334466163733e-17
7475.390625000003 1.947920510747857e-17
7478.906250000003 -5.3184513232164865e-19
7482.421875000003 2.4679112246531892e-17
7485.937500000003 5.744410688667174e-17
7489.453125000003 5.368203321249892e-17
7492.968750000003 3.6940139151164504e-17
7496.484375000003 3.90124085653446e-17
7500.000000000003 5.762998429647976e-17
7503.515625000003 6.378406247008647e-17
7507.031250000003 5.945664393445816e-17
7510.546875000003 5.366361355461859e-17
7514.062500000003 7.345228843594917e-17
7517.578125000003 8.910584773045777e-17
7521.093750000003 7.103771514068238e-17
7524.609375000003 3.693679072404489e-17
7528.125000000003 2.4007616951428695e-17
7531.640625000003 5.5436393956217735e-17
7535.156250000003 6.756140589836703e-17
7538.671875000003 6.08659611749015e-17
7542.187500000003 4.2743912952799914e-17
7545.703125000003 3.489757213841996e-17
7549.218750000003 5.344758375712179e-17
7552.734375000003 4.24426008341489e-17
7556.250000000003 5.0931412830298786e-17
7559.765625000003 7.82977867328317e-17
7563.281250000003 6.170479510792418e-17
7566.796875000003 3.7991975400642034e-17
7570.312500000003 3.735860320561018e-17
7573.828125000003 6.658467103106441e-17
7577.343750000003 7.224811860486388e-17
7580.859375000003 3.868854750319539e-17
7584.375000000003 2.816091727683705e-17
7587.890625000003 3.803884014542684e-17
7591.406250000003 4.6208959303894746e-17
7594.921875000003 6.293925298431872e-17
7598.437500000003 4.100749210220615e-17
7601.953125000003 1.837379567844843e-17
7605.468750000003 3.31837994929979e-17
7608.984375000003 1.2249334706674175e-17
7612.500000000003 3.51524430287598e-17
7616.015625000003 7.548287125597904e-17
7619.531250000003 4.517371629750503e-17
7623.046875000003 4.935102802173457e-17
7626.562500000003 9.561819437097345e-17
7630.078125000003 7.169092974424816e-17
7633.593750000003 5.8039934180880426e-18
7637.109375000003 8.857567458864803e-18
7640.625000000003 2.7141547866402225e-17
7644.140625000003 2.5626083501033624e-17
7647.656250000003 4.122323734957223e-17
7651.171875000003 5.3451713042739654e-17
7654.687500000003 5.746793630575817e-17
7658.203125000003 3.9411050063591055e-17
7661.718750000003 2.4665822762810615e-17
7665.234375000003 4.1760881586674545e-17
7668.750000000003 5.131165783172206e-17
7672.265625000003 4.577285645006699e-17
7675.781250000003 4.5065845328183215e-17
7679.296875000003 4.2664361338929464e-17
7682.812500000003 4.067414824151463e-17
7686.328125000003 2.854202254609738e-17
7689.843750000003 2.050136046221647e-17
7693.359375000003 4.367104345312895e-17
7696.875000000003 5.0694157578283876e-17
7700.390625000003 6.692695175109395e-17
7703.906250000003 8.031291120157418e-17
7707.421875000003 4.124261984568557e-17
7710.937500000003 2.426250934846446e-17
7714.453125000003 5.943219247555109e-17
7717.968750000003 7.485747639077465e-17
7721.484375000003 6.113309419064183e-17
7725.000000000003 7.844939901294532e-17
7728.515625000003 9.091712842648758e-17
7732.031250000003 8.869439485888409e-17
7735.546875000003 6.206096584479971e-17
7739.062500000003 1.6381299562542948e-17
7742.578125000003 4.66917680838297e-17
7746.093750000003 8.572820459160774e-17
7749.609375000003 5.597548410503079e-17
7753.125000000003 4.968032200614703e-17
7756.640625000003 6.165765243045356e-17
7760.156250000003 3.3171252817466694e-17
7763.671875000003 2.8594376461427086e-17
7767.187500000003 6.117280547748928e-17
7770.703125000003 4.9187755803706406e-17
7774.218750000003 1.5657968167173503e-17
7777.734375000003 2.821567332466561e-17
7781.250000000003 3.452935434310321e-17
7784.765625000003 5.815335801365431e-17
7788.281250000003 8.191414096157473e-17
7791.796875000003 4.86479245010645e-17
7795.312500000003 5.59053524239761e-17
7798.828125000003 9.383765832395101e-17
7802.343750000003 9.066796839109681e-17
7805.859375000003 6.446675779068364e-17
7809.375000000003 4.49797788398083e-17
7812.890625000003 6.965702496687827e-17
7816.406250000003 1.152939293201885e-16
7819.921875000003 8.581738127908585e-17
7823.437500000003 3.4782362422703576e-17
7826.953125000003 4.361507972160606e-17
7830.468750000003 4.435887060224639e-17
7833.984375000003 4.8272993307896264e-17
7837.500000000003 5.90549120894432e-17
7841.015625000003 4.5764237228084186e-17
7844.531250000003 3.135581967476186e-17
7848.046875000003 8.119538718371515e-18
7851.562500000003 3.2933696471708815e-17
7855.078125000003 6.960587211779799e-17
7858.593750000003 6.518535936731051e-17
7862.109375000003 4.30127367257123e-17
7865.625000000003 8.80982838417253e-18
7869.140625000003 2.379892424596524e-17
7872.656250000003 4.521055892198814e-17
7876.171875000003 3.6018722814506985e-17
7879.687500000003 2.7264974794323713e-17
7883.203125000003 1.5604749020923066e-17
7886.718750000003 1.354807692437327e-17
7890.234375000003 1.8139597685977517e-17
7893.750000000003 5.998414693725058e-17
7897.265625000003 9.338860513045312e-17
7900.781250000003 6.943490381135063e-17
7904.296875000003 6.903102791418794e-17
7907.812500000003 9.780453199162461e-17
7911.328125000003 6.876276993281454e-17
7914.843750000003 1.0134139581786252e-17
7918.359375000003 2.5707960733196267e-18
7921.875000000003 1.7058201310129792e-17
7925.390625000003 2.3199165362305093e-17
7928.906250000003 3.211700781804541e-17
7932.421875000003 4.434271741924446e-17
7935.937500000003 3.1189076606883423e-17
7939.453125000003 7.697752706585826e-18
7942.968750000003 2.2382877064058163e-17
7946.484375000003 5.641124285172373e-17
7950.000000000003 5.727517675325371e-17
7953.515625000003 4.651193570993822e-17
7957.031250000003 4.223703321703967e-17
7960.546875000003 5.558894591350721e-17
7964.062500000003 7.989460927452857e-17
7967.578125000003 2.4388121687564313e-17
7971.093750000003 -1.7169127884634378e-17
7974.609375000003 4.11869605166281e-17
7978.125000000003 6.073269245205186e-17
7981.640625000003 3.431585240955837e-17
7985.156250000003 2.8373916284569453e-17
7988.671875000003 3.6574386354073157e-17
7992.187500000003 4.2599500452737956e-17
7995.703125000003 3.914635888501899e-17
7999.218750000003 4.9854599035044605e-17
8002.734375000003 6.323715711884601e-17
8006.250000000003 6.213985902290257e-17
8009.765625000003 4.895410705916223e-17
8013.281250000003 5.181550677771791e-17
8016.796875000003 4.427673487614233e-17
8020.312500000003 -5.282331137600863e-18
8023.828125000003 7.757088853466093e-18
8027.343750000003 5.980321275878318e-17
8030.859375000003 7.275842286836009e-17
8034.375000000003 6.21371921926077e-17
8037.890625000003 2.6803474186968128e-17
8041.406250000003 3.4311564305262895e-17
8044.921875000003 5.445033841777287e-17
8048.437500000003 5.354325215804722e-17
8051.953125000003 7.325598193297809e-17
8055.468750000003 5.273458053888068e-17
8058.984375000003 8.505745210469461e-18
8062.500000000003 2.4063157166477955e-17
8066.015625000003 4.8933305121117744e-17
8069.531250000003 4.1053470109374295e-17
8073.046875000003 2.5486180789671305e-17
8076.562500000003 7.283877850178594e-18
8080.078125000003 1.8175275640158154e-17
8083.593750000003 5.1986217003814156e-17
8087.109375000003 5.773587664977635e-17
8090.625000000003 5.4768766557658835e-17
8094.140625000003 4.7815962784570915e-17
8097.656250000003 3.54160952684825e-17
8101.171875000003 6.442033641470716e-17
8104.687500000003 7.47865175291074e-17
8108.203125000003 3.0662155939242244e-17
8111.718750000003 3.4395324614090015e-17
8115.234375000003 4.413448628056281e-17
8118.750000000003 9.366415884482923e-18
8122.265625000003 2.7944487123923774e-17
8125.781250000003 6.921903614125389e-17
8129.296875000003 7.361951126858289e-17
8132.812500000003 6.050427148897902e-17
8136.328125000003 4.136315991326925e-17
8139.843750000003 2.1181895187053648e-17
8143.359375000003 1.3660664477547863e-17
8146.875000000003 2.2890416889947225e-17
8150.390625000003 3.1469404807755194e-17
8153.906250000003 4.3957843515113335e-17
8157.421875000003 5.416267477922898e-17
8160.937500000003 5.148709622219966e-17
8164.453125000003 4.598176918557338e-17
8167.968750000003 5.933698729576869e-17
8171.484375000003 7.653857871072332e-17
8175.000000000003 6.9705888180023e-17
8178.515625000003 5.813209616318925e-17
8182.031250000003 3.976802482002199e-17
8185.546875000003 3.9310713055288373e-17
8189.062500000003 5.815348374510742e-17
8192.578125000004 3.5449046835364165e-17
8196.093750000004 2.894858181716719e-17
8199.609375000004 3.737357848341984e-17
8203.125000000004 3.167104166259357e-17
8206.640625000004 5.870774107763225e-17
8210.156250000004 4.746804731020866e-17
8213.671875000004 3.3637041529117754e-17
8217.187500000004 6.936837863776667e-17
8220.703125000004 6.830321485425968e-17
8224.218750000004 3.70344807543874e-17
8227.734375000004 3.4801043469657474e-17
8231.250000000004 3.8469632499722004e-17
8234.765625000004 3.126576286711199e-17
8238.281250000004 4.716396909958927e-17
8241.796875000004 7.436478776560337e-17
8245.312500000004 8.68274482163519e-17
8248.828125000004 7.16556786152636e-17
8252.343750000004 4.8109519257798634e-17
8255.859375000004 4.2956673732515903e-17
8259.375000000004 2.996341993220645e-17
8262.890625000004 2.0849414902921634e-17
8266.406250000004 4.098802688803155e-17
8269.921875000004 5.58164801389634e-17
8273.437500000004 3.8652326918532916e-17
8276.953125000004 5.06563554242902e-17
8280.468750000004 6.134585827908027e-17
8283.984375000004 2.0793954097211178e-17
8287.500000000004 -2.0983765578012496e-17
8291.015625000004 -5.3255208016421556e-17
8294.531250000004 -3.4149933213570034e-17
8298.046875000004 -4.0655546603899536e-18
8301.562500000004 1.38843076454026e-17
8305.078125000004 4.7574158039186964e-17
8308.593750000004 4.9775689313329496e-17
8312.109375000004 2.8178655337892636e-17
8315.625000000004 2.413098432234608e-17
8319.140625000004 3.0904860657132653e-17
8322.656250000004 5.007245193861147e-17
8326.171875000004 7.625334036573544e-17
8329.687500000004 5.865256482205251e-17
8333.203125000004 2.1678531118108035e-17
8336.718750000004 5.452271341264881e-17
8340.234375000004 8.410292703683905e-17
8343.750000000004 4.925393687015555e-17
8347.265625000004 4.4823259724301013e-17
8350.781250000004 4.8438350021068064e-17
8354.296875000004 5.4825689818692284e-17
8357.812500000004 8.625711049271904e-17
8361.328125000004 9.611699751523273e-17
8364.843750000004 7.73477863429268e-17
8368.359375000004 3.926914557514636e-17
8371.875000000004 2.0444237023474784e-17
8375.390625000004 1.8035152898752896e-17
8378.906250000004 3.5851678652885577e-17
8382.421875000004 7.002183808679376e-17
8385.937500000004 6.407258306774497e-17
8389.453125000004 4.933601634797796e-17
8392.968750000004 8.340841957709462e-17
8396.484375000004 9.796325802500618e-17
8400.000000000004 9.288882260434858e-17
8403.515625000004 9.306311948558085e-17
8407.031250000004 7.194969169218944e-17
8410.546875000004 7.754798390349933e-17
8414.062500000004 1.3769183625597675e-16
8417.578125000004 1.5165191860857288e-16
8421.093750000004 1.0735837542238347e-16
8424.609375000004 9.958845617043607e-17
8428.125000000004 9.911763820066069e-17
8431.640625000004 5.3284831008518305e-17
8435.156250000004 3.265785820720198e-17
8438.671875000004 7.07276282900934e-17
8442.187500000004 1.0014993313534726e-16
8445.703125000004 1.1093395957309499e-16
8449.218750000004 9.823542691631573e-17
8452.734375000004 8.864955505223881e-17
8456.250000000004 1.2607675138296434e-16
8459.765625000004 1.7344311172611064e-16
8463.281250000004 1.6311963298365283e-16
8466.796875000004 1.7944570335105684e-16
8470.312500000004 2.50127558774774e-16
8473.828125000004 2.5470828648374566e-16
8477.343750000004 2.0162486402821667e-16
8480.859375000004 1.8248802070446767e-16
8484.375000000004 1.9618705809063187e-16
8487.890625000004 1.8210817936718332e-16
8491.406250000004 1.4343249617687436e-16
8494.921875000004 1.1324167436810973e-16
8498.437500000004 1.033591887712611e-16
8501.953125000004 9.66063575656191e-17
8505.468750000004 7.481201454430874e-17
8508.984375000004 7.590985527073402e-17
8512.500000000004 7.782504308659029e-17
8516.015625000004 6.860983416372084e-17
8519.531250000004 9.803112653990493e-17
8523.046875000004 1.1263011658019213e-16
8526.562500000004 1.0843881226872064e-16
8530.078125000004 1.2585080534428426e-16
8533.593750000004 1.639675923731932e-16
8537.109375000004 2.1461179816864622e-16
8540.625000000004 2.3561489330321285e-16
8544.140625000004 2.553763307813333e-16
8547.656250000004 2.6680688158585246e-16
8551.171875000004 2.457703154149795e-16
8554.687500000004 2.1869946005808726e-16
8558.203125000004 2.2531018163449265e-16
8561.718750000004 2.7562518278103937e-16
8565.234375000004 2.8632077368513783e-16
8568.750000000004 2.486954378192038e-16
8572.265625000004 2.3071949285433623e-16
8575.781250000004 2.33383676171247e-16
8579.296875000004 1.9935472308534654e-16
8582.812500000004 1.6461919893764816e-16
8586.328125000004 1.5209105225216503e-16
8589.843750000004 1.4747985782687182e-16
8593.359375000004 1.4109927774921338e-16
8596.875000000004 1.134453593221448e-16
8600.390625000004 9.411592188201384e-17
8603.906250000004 9.667386212104833e-17
8607.421875000004 1.2020723657496567e-16
8610.937500000004 1.2544519567655766e-16
8614.453125000004 1.200346536119626e-16
8617.968750000004 1.2331230054092232e-16
8621.484375000004 9.532833043200017e-17
8625.000000000004 1.0959371522252227e-16
8628.515625000004 1.812889529234006e-16
8632.031250000004 1.7181338063092396e-16
8635.546875000004 1.5707371032949865e-16
8639.062500000004 1.8236771555617796e-16
8642.578125000004 1.8168700546905092e-16
8646.093750000004 1.6009172842523512e-16
8649.609375000004 1.5049906706269037e-16
8653.125000000004 1.7635306694662318e-16
8656.640625000004 1.6558497531619568e-16
8660.156250000004 1.6060516274016924e-16
8663.671875000004 1.9443478515077914e-16
8667.187500000004 2.0284850899964391e-16
8670.703125000004 1.795447929709958e-16
8674.218750000004 1.6357417203897317e-16
8677.734375000004 1.5484279759999823e-16
8681.250000000004 1.5839326854731264e-16
8684.765625000004 1.6059011467046567e-16
8688.281250000004 1.475529805930215e-16
8691.796875000004 1.649973991485972e-16
8695.312500000004 1.589042808774132e-16
8698.828125000004 1.376535080151135e-16
8702.343750000004 1.202561791974492e-16
8705.859375000004 1.0036185019083845e-16
8709.375000000004 1.3726493165056058e-16
8712.890625000004 1.8654370710014987e-16
8716.406250000004 1.7911655164170974e-16
8719.921875000004 1.466482170564559e-16
8723.437500000004 1.4721035576585714e-16
8726.953125000004 1.5331097821955823e-16
8730.468750000004 1.4664136138353907e-16
8733.984375000004 1.7476440371448854e-16
8737.500000000004 2.1295300325545688e-16
8741.015625000004 1.8652480767751426e-16
8744.531250000004 1.644840839476713e-16
8748.046875000004 1.746812224320902e-16
8751.562500000004 1.3339580426151114e-16
8755.078125000004 5.431301981864417e-17
8758.593750000004 4.2245093264928386e-17
8762.109375000004 6.645115746275345e-17
8765.625000000004 4.7143306127887694e-17
8769.140625000004 4.757826747247013e-17
8772.656250000004 4.484189775786306e-17
8776.171875000004 3.0225851253345024e-17
8779.687500000004 6.297783268808819e-17
8783.203125000004 7.430860565839877e-17
8786.718750000004 6.54738998173037e-17
8790.234375000004 8.73358069510474e-17
8793.750000000004 1.1678325146947797e-16
8797.265625000004 1.472876872269635e-16
8800.781250000004 1.373121934420394e-16
8804.296875000004 1.3121207391415075e-16
8807.812500000004 1.5193855985187965e-16
8811.328125000004 1.447966295035376e-16
8814.843750000004 9.813476896193538e-17
8818.359375000004 9.331454268712757e-17
8821.875000000004 1.418219424370091e-16
8825.390625000004 1.2399694139032021e-16
8828.906250000004 1.5434724362118507e-16
8832.421875000004 1.3281671165827502e-16
8835.937500000004 7.602304004831087e-17
8839.453125000004 1.614813256798752e-16
8842.968750000004 1.592209785554577e-16
8846.484375000004 7.104649649006524e-17
8850.000000000004 3.229954341817871e-17
8853.515625000004 4.77712255483216e-17
8857.031250000004 8.487830629071155e-17
8860.546875000004 6.892614141251622e-17
8864.062500000004 5.6616774072886e-17
8867.578125000004 6.680404594695838e-17
8871.093750000004 6.602832258595105e-17
8874.609375000004 6.716265852100216e-17
8878.125000000004 2.5561844654662756e-17
8881.640625000004 6.11186483084242e-17
8885.156250000004 1.6047939158239178e-16
8888.671875000004 1.1335640762779329e-16
8892.187500000004 4.720934822799393e-17
8895.703125000004 9.823225716020843e-17
8899.218750000004 1.3197642850481915e-16
8902.734375000004 3.172251214902907e-17
8906.250000000004 -3.347883827388331e-17
8909.765625000004 5.334883162687276e-17
8913.281250000004 1.4113727511783162e-16
8916.796875000004 1.1712899973063533e-16
8920.312500000004 3.240713645481471e-17
8923.828125000004 5.578809791778548e-17
8927.343750000004 8.769991862180344e-17
8930.859375000004 8.215174032072446e-17
8934.375000000004 7.79312133725727e-17
8937.890625000004 3.6670594076757974e-17
8941.406250000004 3.5500699301534426e-17
8944.921875000004 2.907507758516125e-17
8948.437500000004 -5.037198231022305e-18
8951.953125000004 2.232633430610649e-17
8955.468750000004 1.0627752829446248e-16
8958.984375000004 7.694207079608179e-17
8962.500000000004 -1.874604846079322e-17
8966.015625000004 -3.7790318693468956e-17
8969.531250000004 -3.559672835320693e-17
8973.046875000004 2.351156170116432e-17
8976.562500000004 6.46969786987694e-17
8980.078125000004 3.912483233675791e-17
8983.593750000004 5.703702152873235e-17
8987.109375000004 4.586838257592706e-17
8990.625000000004 5.871549672305555e-17
8994.140625000004 9.56173936601405e-17
8997.656250000004 1.1222788180936474e-16
9001.171875000004 1.5969290825597636e-16
9004.687500000004 1.2529479438886081e-16
9008.203125000004 1.0314353947684607e-16
9011.718750000004 1.5614073000787764e-16
9015.234375000004 1.2040038655671925e-16
9018.750000000004 4.564259204720214e-17
9022.265625000004 4.608394915228083e-17
9025.781250000004 4.328748972925546e-17
9029.296875000004 1.6749019395130946e-17
9032.812500000004 1.8382787131706882e-17
9036.328125000004 5.9678926390205246e-18
9039.843750000004 2.9638417360811916e-17
9043.359375000004 7.799769884148726e-17
9046.875000000004 6.067616623771244e-17
9050.390625000004 4.033158628007682e-17
9053.906250000004 5.066204973562702e-17
9057.421875000004 8.712396930489501e-17
9060.937500000004 8.000352580014465e-17
9064.453125000004 7.269602698039399e-17
9067.968750000004 7.72807648609753e-17
9071.484375000004 3.6932360344684055e-17
9075.000000000004 7.867444673348017e-18
9078.515625000004 2.935812886460955e-17
9082.031250000004 7.581699266644636e-17
9085.546875000004 6.79978528593296e-17
9089.062500000004 9.00923234766538e-17
9092.578125000004 9.962962991260651e-17
9096.093750000004 3.3139763705908025e-17
9099.609375000004 3.839607298220889e-17
9103.125000000004 4.530879158281249e-17
9106.640625000004 6.416452419283024e-18
9110.156250000004 1.508729957129562e-17
9113.671875000004 3.374441288134959e-17
9117.187500000004 3.943031344569619e-17
9120.703125000004 3.040778466599239e-17
9124.218750000004 3.6429613203264126e-17
9127.734375000004 5.84637161794842e-17
9131.250000000004 4.194237493923603e-17
9134.765625000004 3.641207366555555e-17
9138.281250000004 7.96612186103355e-17
9141.796875000004 1.1447091769792273e-16
9145.312500000004 1.1250286311475697e-16
9148.828125000004 9.113183804372675e-17
9152.343750000004 6.271832958631805e-17
9155.859375000004 4.5413396843075945e-17
9159.375000000004 4.0519333118069204e-17
9162.890625000004 5.2827161901760066e-17
9166.406250000004 8.857361325456155e-17
9169.921875000004 1.1436169015239633e-16
9173.437500000004 7.189992188909335e-17
9176.953125000004 5.707386084449301e-17
9180.468750000004 1.0150350501994944e-16
9183.984375000004 7.028007725658791e-17
9187.500000000004 5.765025353020976e-17
9191.015625000004 8.360127839127259e-17
9194.531250000004 5.069002829266601e-17
9198.046875000004 2.6963662675672697e-17
9201.562500000004 2.702635800302054e-17
9205.078125000004 4.216171015046059e-17
9208.593750000004 5.253162019506222e-17
9212.109375000004 3.812267986359276e-17
9215.625000000004 4.5553941446593605e-17
9219.140625000004 4.798625280291598e-17
9222.656250000004 5.1955793300884455e-17
9226.171875000004 6.084543386082039e-17
9229.687500000004 4.288818648651896e-17
9233.203125000004 4.1593642210428574e-17
9236.718750000004 4.761791258486857e-17
9240.234375000004 4.13249971085285e-17
9243.750000000004 5.83592068721718e-17
9247.265625000004 9.41868939785709e-17
9250.781250000004 5.849968860996291e-17
9254.296875000004 2.5284504230163527e-17
9257.812500000004 6.135143016768643e-17
9261.328125000004 6.621440513655098e-17
9264.843750000004 1.0334122902580135e-16
9268.359375000004 1.090279104486462e-16
9271.875000000004 5.388513252266029e-17
9275.390625000004 4.1875532128296845e-17
9278.906250000004 1.4912562629977468e-17
9282.421875000004 2.2819583759733084e-17
9285.937500000004 5.3583721142335766e-17
9289.453125000004 3.034047863391017e-17
9292.968750000004 1.7599883842982592e-17
9296.484375000004 3.108687678784127e-17
9300.000000000004 6.172137180739974e-17
