   0.000000000E+00   0.500000000E+04  -0.363911692E+01  -0.484720592E+01  -0.557290162E+01  -0.584794092E+01  -0.597111892E+01  -0.449295692E+01  -0.452092692E+01  -0.533394292E+01  -0.636002892E+01  -0.585472892E+01  -0.507016923E+00   0.482619308E+01  -0.213236923E+00  -0.131954692E+01   0.267133077E+00
   0.100011367E+05   0.500000000E+04  -0.414764575E+01  -0.535573475E+01  -0.608143045E+01  -0.635646975E+01  -0.647964775E+01  -0.500148575E+01  -0.502945575E+01  -0.584247175E+01  -0.686855775E+01  -0.636325775E+01  -0.101554575E+01   0.431766425E+01  -0.721765749E+00  -0.182807575E+01  -0.241395749E+00
   0.200009419E+05   0.500000000E+04  -0.408442174E+01  -0.529251074E+01  -0.601820644E+01  -0.629324574E+01  -0.641642374E+01  -0.493826174E+01  -0.496623174E+01  -0.577924774E+01  -0.680533374E+01  -0.630003374E+01  -0.952321736E+00   0.438088826E+01  -0.658541736E+00  -0.176485174E+01  -0.178171736E+00
   0.300017464E+05   0.500000000E+04  -0.403744194E+01  -0.524553094E+01  -0.597122664E+01  -0.624626594E+01  -0.636944394E+01  -0.489128194E+01  -0.491925194E+01  -0.573226794E+01  -0.675835394E+01  -0.625305394E+01  -0.905341944E+00   0.442786806E+01  -0.611561944E+00  -0.171787194E+01  -0.131191944E+00
   0.400091746E+05   0.500000000E+04  -0.401473613E+01  -0.522282513E+01  -0.594852083E+01  -0.622356013E+01  -0.634673813E+01  -0.486857613E+01  -0.489654613E+01  -0.570956213E+01  -0.673564813E+01  -0.623034813E+01  -0.882636132E+00   0.445057387E+01  -0.588856132E+00  -0.169516613E+01  -0.108486132E+00
   0.500133776E+05   0.500000000E+04  -0.400247737E+01  -0.521056637E+01  -0.593626207E+01  -0.621130137E+01  -0.633447937E+01  -0.485631737E+01  -0.488428737E+01  -0.569730337E+01  -0.672338937E+01  -0.621808937E+01  -0.870377371E+00   0.446283263E+01  -0.576597371E+00  -0.168290737E+01  -0.962273708E-01
   0.600042287E+05   0.500000000E+04  -0.399401701E+01  -0.520210601E+01  -0.592780171E+01  -0.620284101E+01  -0.632601901E+01  -0.484785701E+01  -0.487582701E+01  -0.568884301E+01  -0.671492901E+01  -0.620962901E+01  -0.861917015E+00   0.447129299E+01  -0.568137015E+00  -0.167444701E+01  -0.877670150E-01
   0.700125961E+05   0.500000000E+04  -0.398693337E+01  -0.519502237E+01  -0.592071807E+01  -0.619575737E+01  -0.631893537E+01  -0.484077337E+01  -0.486874337E+01  -0.568175937E+01  -0.670784537E+01  -0.620254537E+01  -0.854833373E+00   0.447837663E+01  -0.561053373E+00  -0.166736337E+01  -0.806833728E-01
   0.800401248E+05   0.500000000E+04  -0.398060961E+01  -0.518869861E+01  -0.591439431E+01  -0.618943361E+01  -0.631261161E+01  -0.483444961E+01  -0.486241961E+01  -0.567543561E+01  -0.670152161E+01  -0.619622161E+01  -0.848509612E+00   0.448470039E+01  -0.554729612E+00  -0.166103961E+01  -0.743596122E-01
   0.900178358E+05   0.500000000E+04  -0.397470778E+01  -0.518279678E+01  -0.590849248E+01  -0.618353178E+01  -0.630670978E+01  -0.482854778E+01  -0.485651778E+01  -0.566953378E+01  -0.669561978E+01  -0.619031978E+01  -0.842607780E+00   0.449060222E+01  -0.548827780E+00  -0.165513778E+01  -0.684577797E-01
   0.100002440E+06   0.500000000E+04  -0.396903251E+01  -0.517712151E+01  -0.590281721E+01  -0.617785651E+01  -0.630103451E+01  -0.482287251E+01  -0.485084251E+01  -0.566385851E+01  -0.668994451E+01  -0.618464451E+01  -0.836932512E+00   0.449627749E+01  -0.543152512E+00  -0.164946251E+01  -0.627825117E-01
   0.110040707E+06   0.500000000E+04  -0.396347384E+01  -0.517156284E+01  -0.589725854E+01  -0.617229784E+01  -0.629547584E+01  -0.481731384E+01  -0.484528384E+01  -0.565829984E+01  -0.668438584E+01  -0.617908584E+01  -0.831373845E+00   0.450183616E+01  -0.537593845E+00  -0.164390384E+01  -0.572238448E-01
   0.120032268E+06   0.500000000E+04  -0.395801734E+01  -0.516610634E+01  -0.589180204E+01  -0.616684134E+01  -0.629001934E+01  -0.481185734E+01  -0.483982734E+01  -0.565284334E+01  -0.667892934E+01  -0.617362934E+01  -0.825917341E+00   0.450729266E+01  -0.532137341E+00  -0.163844734E+01  -0.517673414E-01
   0.130006292E+06   0.500000000E+04  -0.395258794E+01  -0.516067694E+01  -0.588637264E+01  -0.616141194E+01  -0.628458994E+01  -0.480642794E+01  -0.483439794E+01  -0.564741394E+01  -0.667349994E+01  -0.616819994E+01  -0.820487941E+00   0.451272206E+01  -0.526707941E+00  -0.163301794E+01  -0.463379408E-01
   0.140010311E+06   0.500000000E+04  -0.394712956E+01  -0.515521856E+01  -0.588091426E+01  -0.615595356E+01  -0.627913156E+01  -0.480096956E+01  -0.482893956E+01  -0.564195556E+01  -0.666804156E+01  -0.616274156E+01  -0.815029558E+00   0.451818044E+01  -0.521249558E+00  -0.162755956E+01  -0.408795578E-01
   0.150014866E+06   0.500000000E+04  -0.394166584E+01  -0.514975484E+01  -0.587545054E+01  -0.615048984E+01  -0.627366784E+01  -0.479550584E+01  -0.482347584E+01  -0.563649184E+01  -0.666257784E+01  -0.615727784E+01  -0.809565839E+00   0.452364416E+01  -0.515785839E+00  -0.162209584E+01  -0.354158388E-01
   0.160001786E+06   0.500000000E+04  -0.393620368E+01  -0.514429268E+01  -0.586998838E+01  -0.614502768E+01  -0.626820568E+01  -0.479004368E+01  -0.481801368E+01  -0.563102968E+01  -0.665711568E+01  -0.615181568E+01  -0.804103679E+00   0.452910632E+01  -0.510323679E+00  -0.161663368E+01  -0.299536786E-01
   0.170005440E+06   0.500000000E+04  -0.393069802E+01  -0.513878702E+01  -0.586448272E+01  -0.613952202E+01  -0.626270002E+01  -0.478453802E+01  -0.481250802E+01  -0.562552402E+01  -0.665161002E+01  -0.614631002E+01  -0.798598025E+00   0.453461198E+01  -0.504818025E+00  -0.161112802E+01  -0.244480249E-01
   0.180015817E+06   0.500000000E+04  -0.793236944E+01  -0.914045844E+01  -0.986615414E+01  -0.101411934E+02  -0.102643714E+02  -0.878620944E+01  -0.881417944E+01  -0.962719544E+01  -0.106532814E+02  -0.101479814E+02  -0.480026944E+01   0.532940557E+00  -0.450648944E+01  -0.561279944E+01  -0.402611944E+01
   0.190017772E+06   0.500000000E+04  -0.805492051E+01  -0.926300951E+01  -0.998870521E+01  -0.102637445E+02  -0.103869225E+02  -0.890876051E+01  -0.893673051E+01  -0.974974651E+01  -0.107758325E+02  -0.102705325E+02  -0.492282051E+01   0.410389490E+00  -0.462904051E+01  -0.573535051E+01  -0.414867051E+01
   0.200033556E+06   0.500000000E+04  -0.831434384E+01  -0.952243284E+01  -0.102481285E+02  -0.105231678E+02  -0.106463458E+02  -0.916818384E+01  -0.919615384E+01  -0.100091698E+02  -0.110352558E+02  -0.105299558E+02  -0.518224384E+01   0.150966156E+00  -0.488846384E+01  -0.599477384E+01  -0.440809384E+01
   0.210029478E+06   0.500000000E+04  -0.861648861E+01  -0.982457761E+01  -0.105502733E+02  -0.108253126E+02  -0.109484906E+02  -0.947032861E+01  -0.949829861E+01  -0.103113146E+02  -0.113374006E+02  -0.108321006E+02  -0.548438861E+01  -0.151178614E+00  -0.519060861E+01  -0.629691861E+01  -0.471023861E+01
   0.220023145E+06   0.500000000E+04  -0.893239623E+01  -0.101404852E+02  -0.108661809E+02  -0.111412202E+02  -0.112643982E+02  -0.978623623E+01  -0.981420623E+01  -0.106272222E+02  -0.116533082E+02  -0.111480082E+02  -0.580029623E+01  -0.467086227E+00  -0.550651623E+01  -0.661282623E+01  -0.502614623E+01
   0.230023459E+06   0.506614501E+04  -0.930573399E+01  -0.104908549E+02  -0.111998050E+02  -0.114657625E+02  -0.115822289E+02  -0.101583317E+02  -0.101693808E+02  -0.109675216E+02  -0.119749760E+02  -0.114792155E+02  -0.621746101E+01  -0.957405401E+00  -0.592977363E+01  -0.701676730E+01  -0.544286784E+01
   0.240039127E+06   0.532557466E+04  -0.983395026E+01  -0.109289874E+02  -0.115722589E+02  -0.118025962E+02  -0.118927388E+02  -0.106816753E+02  -0.106263588E+02  -0.113661568E+02  -0.123005354E+02  -0.118421904E+02  -0.691757278E+01  -0.194443859E+01  -0.665378146E+01  -0.766501389E+01  -0.614124143E+01
   0.250008582E+06   0.567291321E+04  -0.104681215E+02  -0.114425494E+02  -0.119978870E+02  -0.121805340E+02  -0.122354329E+02  -0.113093228E+02  -0.111651522E+02  -0.118268379E+02  -0.126633786E+02  -0.122551275E+02  -0.778188704E+01  -0.319289886E+01  -0.755008907E+01  -0.845988823E+01  -0.700322852E+01
   0.260030827E+06   0.633754295E+04  -0.114125664E+02  -0.121909891E+02  -0.126027150E+02  -0.127082649E+02  -0.127063903E+02  -0.122433653E+02  -0.119546883E+02  -0.124886373E+02  -0.131668369E+02  -0.128399915E+02  -0.910994606E+01  -0.514947975E+01  -0.892855564E+01  -0.968116316E+01  -0.834843052E+01
   0.270015809E+06   0.105338727E+05  -0.142425504E+02  -0.143887227E+02  -0.143313352E+02  -0.141932946E+02  -0.140153142E+02  -0.150421572E+02  -0.142853512E+02  -0.143995449E+02  -0.145766786E+02  -0.145110623E+02  -0.133127893E+02  -0.114522981E+02  -0.132667157E+02  -0.135660733E+02  -0.128446777E+02
   0.280004561E+06   0.145081175E+05  -0.154404325E+02  -0.153481309E+02  -0.151127653E+02  -0.148840570E+02  -0.146394606E+02  -0.162292551E+02  -0.152946067E+02  -0.152482262E+02  -0.152400048E+02  -0.152724620E+02  -0.151023232E+02  -0.140912270E+02  -0.150902823E+02  -0.152345996E+02  -0.148447578E+02
   0.290039942E+06   0.188246401E+05  -0.162067501E+02  -0.159807637E+02  -0.156448267E+02  -0.153651624E+02  -0.150837833E+02  -0.169897821E+02  -0.159550839E+02  -0.158179865E+02  -0.157056034E+02  -0.157936251E+02  -0.162229587E+02  -0.157126365E+02  -0.162241480E+02  -0.162542660E+02  -0.161054850E+02
   0.300027251E+06   0.233463764E+05  -0.167430971E+02  -0.164361540E+02  -0.160387266E+02  -0.157278870E+02  -0.154268224E+02  -0.175227269E+02  -0.164273281E+02  -0.162348579E+02  -0.160587389E+02  -0.161809622E+02  -0.169815663E+02  -0.167837264E+02  -0.169885438E+02  -0.169495082E+02  -0.169554191E+02
   0.310009300E+06   0.279136000E+05  -0.171334800E+02  -0.167742537E+02  -0.163367357E+02  -0.160055205E+02  -0.156900824E+02  -0.179109445E+02  -0.167763100E+02  -0.165478446E+02  -0.163300725E+02  -0.164747522E+02  -0.175179037E+02  -0.175243904E+02  -0.175277231E+02  -0.174468094E+02  -0.175535566E+02
   0.320030832E+06   0.322917760E+05  -0.174264799E+02  -0.170326283E+02  -0.165683286E+02  -0.162234841E+02  -0.158979510E+02  -0.182025382E+02  -0.170419210E+02  -0.167894588E+02  -0.165438149E+02  -0.167035610E+02  -0.179082815E+02  -0.180503497E+02  -0.179195744E+02  -0.178128422E+02  -0.179857245E+02
   0.330043147E+06   0.365562080E+05  -0.176627718E+02  -0.172439951E+02  -0.167602758E+02  -0.164055312E+02  -0.160727324E+02  -0.184378249E+02  -0.172584902E+02  -0.169886746E+02  -0.167227607E+02  -0.168934978E+02  -0.182148811E+02  -0.184542486E+02  -0.182270357E+02  -0.181026034E+02  -0.183226919E+02
   0.340017430E+06   0.407187864E+05  -0.178630906E+02  -0.174255095E+02  -0.169270738E+02  -0.165647921E+02  -0.162264524E+02  -0.186373928E+02  -0.174439405E+02  -0.171609891E+02  -0.168796656E+02  -0.170587666E+02  -0.184682363E+02  -0.187805569E+02  -0.184809282E+02  -0.183436943E+02  -0.185990215E+02
   0.350015147E+06   0.444489309E+05  -0.180283297E+02  -0.175771882E+02  -0.170680855E+02  -0.167003384E+02  -0.163579184E+02  -0.188020913E+02  -0.175984624E+02  -0.173060009E+02  -0.170134998E+02  -0.171986787E+02  -0.186716913E+02  -0.190362657E+02  -0.186847127E+02  -0.185383350E+02  -0.188190460E+02
   0.360004009E+06   0.449757144E+05  -0.180721766E+02  -0.176192968E+02  -0.171088297E+02  -0.167403820E+02  -0.163974458E+02  -0.188458698E+02  -0.176409398E+02  -0.173472561E+02  -0.170533222E+02  -0.172392860E+02  -0.187204215E+02  -0.190916545E+02  -0.187334798E+02  -0.185859432E+02  -0.188698939E+02
   0.370006215E+06   0.409326539E+05  -0.179439009E+02  -0.175054537E+02  -0.170063379E+02  -0.166437076E+02  -0.163051091E+02  -0.187181710E+02  -0.175240665E+02  -0.172405077E+02  -0.169584720E+02  -0.171379601E+02  -0.185514912E+02  -0.188671652E+02  -0.185642044E+02  -0.184263803E+02  -0.186833371E+02
   0.380000274E+06   0.359929789E+05  -0.177525814E+02  -0.173366795E+02  -0.168552093E+02  -0.165016144E+02  -0.161696555E+02  -0.185277528E+02  -0.173505715E+02  -0.170827681E+02  -0.168191992E+02  -0.169886623E+02  -0.182965737E+02  -0.185247352E+02  -0.183086325E+02  -0.181861791E+02  -0.184008672E+02
   0.390000042E+06   0.321756172E+05  -0.175819713E+02  -0.171888887E+02  -0.167251860E+02  -0.163806459E+02  -0.160553370E+02  -0.183580621E+02  -0.171980211E+02  -0.169460932E+02  -0.167010719E+02  -0.168604812E+02  -0.180616066E+02  -0.182006698E+02  -0.180728705E+02  -0.179667005E+02  -0.181381168E+02
   0.400000041E+06   0.280840762E+05  -0.173517181E+02  -0.169909099E+02  -0.165521731E+02  -0.162203397E+02  -0.159044427E+02  -0.181291179E+02  -0.169932962E+02  -0.167637392E+02  -0.165446989E+02  -0.166900626E+02  -0.177405784E+02  -0.177532584E+02  -0.177504728E+02  -0.176683436E+02  -0.177781271E+02
   0.410000051E+06   0.273796436E+05  -0.173395352E+02  -0.169854616E+02  -0.165519109E+02  -0.162227034E+02  -0.159087604E+02  -0.181172133E+02  -0.169864447E+02  -0.167615301E+02  -0.165478854E+02  -0.166903385E+02  -0.177095207E+02  -0.176958399E+02  -0.177190892E+02  -0.176421694E+02  -0.177390118E+02
   0.420000291E+06   0.265619914E+05  -0.173222039E+02  -0.169763886E+02  -0.165491889E+02  -0.162232048E+02  -0.159116651E+02  -0.181002235E+02  -0.169756537E+02  -0.167564305E+02  -0.165493911E+02  -0.166882769E+02  -0.176690683E+02  -0.176230681E+02  -0.176782218E+02  -0.176077554E+02  -0.176887076E+02
   0.430000009E+06   0.256347793E+05  -0.173046242E+02  -0.169688823E+02  -0.165494153E+02  -0.162273642E+02  -0.159186873E+02  -0.180830581E+02  -0.169660495E+02  -0.167537710E+02  -0.165547682E+02  -0.166893150E+02  -0.176233181E+02  -0.175379045E+02  -0.176319453E+02  -0.175694534E+02  -0.176309930E+02
   0.440001324E+06   0.246762929E+05  -0.172801254E+02  -0.169557014E+02  -0.165449058E+02  -0.162272687E+02  -0.159216760E+02  -0.180590257E+02  -0.169505098E+02  -0.167460269E+02  -0.165560342E+02  -0.166857259E+02  -0.175672247E+02  -0.174375625E+02  -0.175752317E+02  -0.175218402E+02  -0.175615365E+02
   0.450001572E+06   0.237198236E+05  -0.172498490E+02  -0.169377598E+02  -0.165364000E+02  -0.162235662E+02  -0.159212244E+02  -0.180292641E+02  -0.169300057E+02  -0.167339989E+02  -0.165538057E+02  -0.166782210E+02  -0.175026138E+02  -0.173248167E+02  -0.175099013E+02  -0.174666009E+02  -0.174824642E+02
   0.460006121E+06   0.228197406E+05  -0.172186170E+02  -0.169191906E+02  -0.165274998E+02  -0.162195697E+02  -0.159203513E+02  -0.179985607E+02  -0.169087992E+02  -0.167214893E+02  -0.165513196E+02  -0.166703433E+02  -0.174362381E+02  -0.172091494E+02  -0.174427515E+02  -0.174099824E+02  -0.174013609E+02
   0.470004634E+06   0.219747816E+05  -0.171865241E+02  -0.168999998E+02  -0.165181334E+02  -0.162151878E+02  -0.159190779E+02  -0.179670069E+02  -0.168869210E+02  -0.167084526E+02  -0.165484880E+02  -0.166620279E+02  -0.173684610E+02  -0.170912529E+02  -0.173741420E+02  -0.173522441E+02  -0.173187021E+02
   0.480002276E+06   0.211899018E+05  -0.171547165E+02  -0.168814409E+02  -0.165096445E+02  -0.162118163E+02  -0.159188224E+02  -0.179357518E+02  -0.168655994E+02  -0.166962041E+02  -0.165466784E+02  -0.166546143E+02  -0.173001407E+02  -0.169716408E+02  -0.173049191E+02  -0.172942921E+02  -0.172354769E+02
   0.490011701E+06   0.204605120E+05  -0.171230327E+02  -0.168631159E+02  -0.165014598E+02  -0.162087757E+02  -0.159189687E+02  -0.179046301E+02  -0.168444911E+02  -0.166842289E+02  -0.165452187E+02  -0.166475098E+02  -0.172317905E+02  -0.168517299E+02  -0.172356060E+02  -0.172364565E+02  -0.171521967E+02
   0.500003369E+06   0.197852003E+05  -0.170917843E+02  -0.168450644E+02  -0.164934191E+02  -0.162058068E+02  -0.159191916E+02  -0.178739387E+02  -0.168236936E+02  -0.166724467E+02  -0.165438095E+02  -0.166405364E+02  -0.171644333E+02  -0.167335696E+02  -0.171672611E+02  -0.171794775E+02  -0.170701041E+02
   0.510003599E+06   0.191625663E+05  -0.170617020E+02  -0.168281134E+02  -0.164864240E+02  -0.162038488E+02  -0.159204651E+02  -0.178444111E+02  -0.168040155E+02  -0.166617345E+02  -0.165433957E+02  -0.166346060E+02  -0.170985495E+02  -0.166172960E+02  -0.171003561E+02  -0.171238672E+02  -0.169895261E+02
   0.520012154E+06   0.185869234E+05  -0.170325676E+02  -0.168122389E+02  -0.164805760E+02  -0.162030750E+02  -0.159232695E+02  -0.178158409E+02  -0.167853800E+02  -0.166521360E+02  -0.165441816E+02  -0.166298332E+02  -0.170334696E+02  -0.165015771E+02  -0.170341835E+02  -0.170692603E+02  -0.169097416E+02
   0.530013878E+06   0.180545064E+05  -0.170046587E+02  -0.167970015E+02  -0.164749115E+02  -0.162022555E+02  -0.159259746E+02  -0.177884724E+02  -0.167675018E+02  -0.166428883E+02  -0.165448528E+02  -0.166251963E+02  -0.169712784E+02  -0.163910743E+02  -0.169709274E+02  -0.170171104E+02  -0.168335425E+02
   0.540008638E+06   0.175611976E+05  -0.169776082E+02  -0.167831117E+02  -0.164709445E+02  -0.162033042E+02  -0.159318205E+02  -0.177619876E+02  -0.167508712E+02  -0.166352064E+02  -0.165474452E+02  -0.166222999E+02  -0.169088989E+02  -0.162788682E+02  -0.169073814E+02  -0.169653827E+02  -0.167569203E+02
   0.550001215E+06   0.171012578E+05  -0.169516374E+02  -0.167695758E+02  -0.164667822E+02  -0.162038793E+02  -0.159370455E+02  -0.177365517E+02  -0.167347459E+02  -0.166275348E+02  -0.165494783E+02  -0.166191494E+02  -0.168495760E+02  -0.161725027E+02  -0.168469501E+02  -0.169161473E+02  -0.166841718E+02
   0.560000201E+06   0.166711981E+05  -0.169259078E+02  -0.167567501E+02  -0.164636713E+02  -0.162056879E+02  -0.159422945E+02  -0.177113798E+02  -0.167192359E+02  -0.166207841E+02  -0.165527850E+02  -0.166170899E+02  -0.167894957E+02  -0.160639115E+02  -0.167856393E+02  -0.168660461E+02  -0.166104562E+02
   0.570019067E+06   0.162692928E+05  -0.169012611E+02  -0.167445298E+02  -0.164608034E+02  -0.162075584E+02  -0.159471191E+02  -0.176872707E+02  -0.167044314E+02  -0.166144116E+02  -0.165560943E+02  -0.166152347E+02  -0.167318360E+02  -0.159596148E+02  -0.167267739E+02  -0.168178698E+02  -0.165397427E+02
   0.580012182E+06   0.158942663E+05  -0.168775338E+02  -0.167329006E+02  -0.164582731E+02  -0.162096400E+02  -0.159520280E+02  -0.176640680E+02  -0.166902845E+02  -0.166084705E+02  -0.165595735E+02  -0.166136902E+02  -0.166760859E+02  -0.158585999E+02  -0.166698142E+02  -0.167712496E+02  -0.164713919E+02
   0.590027706E+06   0.155409225E+05  -0.168538130E+02  -0.167217846E+02  -0.164566228E+02  -0.162127917E+02  -0.159580135E+02  -0.176408963E+02  -0.166765414E+02  -0.166032691E+02  -0.165641739E+02  -0.166130665E+02  -0.166192717E+02  -0.157549464E+02  -0.166116572E+02  -0.167237109E+02  -0.164016983E+02
   0.600024843E+06   0.152087657E+05  -0.168312314E+02  -0.167110521E+02  -0.164547885E+02  -0.162154714E+02  -0.159633570E+02  -0.176188309E+02  -0.166633393E+02  -0.165980966E+02  -0.165682154E+02  -0.166121970E+02  -0.165655810E+02  -0.156572250E+02  -0.165567043E+02  -0.166787397E+02  -0.163359005E+02
   0.610020565E+06   0.148956640E+05  -0.168091316E+02  -0.167007332E+02  -0.164533087E+02  -0.162184772E+02  -0.159692767E+02  -0.175972461E+02  -0.166505647E+02  -0.165932992E+02  -0.165725752E+02  -0.166116804E+02  -0.165127063E+02  -0.155607536E+02  -0.165025334E+02  -0.166342380E+02  -0.162711156E+02
   0.620014597E+06   0.145992946E+05  -0.167868008E+02  -0.166907121E+02  -0.164525095E+02  -0.162223606E+02  -0.159766810E+02  -0.175754568E+02  -0.166379774E+02  -0.165890360E+02  -0.165778732E+02  -0.166118945E+02  -0.164584984E+02  -0.154613167E+02  -0.164468970E+02  -0.165882469E+02  -0.162046913E+02
   0.630022977E+06   0.143169241E+05  -0.167651961E+02  -0.166808357E+02  -0.164514193E+02  -0.162257319E+02  -0.159834068E+02  -0.175543681E+02  -0.166256559E+02  -0.165846455E+02  -0.165825922E+02  -0.166117697E+02  -0.164065222E+02  -0.153662480E+02  -0.163935598E+02  -0.165440995E+02  -0.161410758E+02
   0.640013501E+06   0.140483159E+05  -0.167442460E+02  -0.166710422E+02  -0.164499838E+02  -0.162285404E+02  -0.159894064E+02  -0.175339087E+02  -0.166135366E+02  -0.165800705E+02  -0.165866828E+02  -0.166112526E+02  -0.163566808E+02  -0.152754143E+02  -0.163424237E+02  -0.165017053E+02  -0.160801624E+02
   0.650018830E+06   0.137919617E+05  -0.167220246E+02  -0.166609933E+02  -0.164490372E+02  -0.162322240E+02  -0.159965973E+02  -0.175122274E+02  -0.166009482E+02  -0.165757015E+02  -0.165917636E+02  -0.166113168E+02  -0.163033593E+02  -0.151778320E+02  -0.162875815E+02  -0.164552496E+02  -0.160151547E+02
   0.660022694E+06   0.135472061E+05  -0.167000805E+02  -0.166510093E+02  -0.164479930E+02  -0.162357291E+02  -0.160035535E+02  -0.174908150E+02  -0.165884686E+02  -0.165712954E+02  -0.165966414E+02  -0.166112676E+02  -0.162509402E+02  -0.150820153E+02  -0.162336474E+02  -0.164093322E+02  -0.159513300E+02
   0.670006080E+06   0.133126675E+05  -0.166786336E+02  -0.166410231E+02  -0.164465736E+02  -0.162386690E+02  -0.160098004E+02  -0.174698775E+02  -0.165760910E+02  -0.165666544E+02  -0.166008966E+02  -0.166108016E+02  -0.162002904E+02  -0.149897795E+02  -0.161815458E+02  -0.163649127E+02  -0.158897507E+02
   0.680039437E+06   0.130856945E+05  -0.166574579E+02  -0.166309385E+02  -0.164447794E+02  -0.162410936E+02  -0.160154253E+02  -0.174491948E+02  -0.165636922E+02  -0.165617425E+02  -0.166045940E+02  -0.166099301E+02  -0.161508539E+02  -0.149000984E+02  -0.161307044E+02  -0.163215055E+02  -0.158297373E+02
   0.690030497E+06   0.128684986E+05  -0.166350458E+02  -0.166203642E+02  -0.164430457E+02  -0.162438593E+02  -0.160215916E+02  -0.174273129E+02  -0.165506460E+02  -0.165566772E+02  -0.166087193E+02  -0.166091849E+02  -0.160986471E+02  -0.148053278E+02  -0.160769086E+02  -0.162753929E+02  -0.157666004E+02
   0.700043815E+06   0.126599306E+05  -0.166121454E+02  -0.166095976E+02  -0.164413364E+02  -0.162467600E+02  -0.160279693E+02  -0.174049583E+02  -0.165373447E+02  -0.165515507E+02  -0.166130140E+02  -0.166084909E+02  -0.160454141E+02  -0.147086854E+02  -0.160219965E+02  -0.162282150E+02  -0.157023654E+02
   0.710020485E+06   0.124609663E+05  -0.165901300E+02  -0.165991574E+02  -0.164395364E+02  -0.162493577E+02  -0.160338839E+02  -0.173834636E+02  -0.165244865E+02  -0.165464909E+02  -0.166169416E+02  -0.166076594E+02  -0.159944627E+02  -0.146163236E+02  -0.159694435E+02  -0.161830399E+02  -0.156409187E+02
   0.720025112E+06   0.122694327E+05  -0.165687630E+02  -0.165889332E+02  -0.164376298E+02  -0.162516846E+02  -0.160394038E+02  -0.173625979E+02  -0.165119346E+02  -0.165414462E+02  -0.166205487E+02  -0.166066852E+02  -0.159452404E+02  -0.145272374E+02  -0.159186793E+02  -0.161393782E+02  -0.155815930E+02
   0.730005170E+06   0.120854528E+05  -0.165480596E+02  -0.165789332E+02  -0.164356193E+02  -0.162537406E+02  -0.160445270E+02  -0.173423760E+02  -0.164996987E+02  -0.165364214E+02  -0.166238344E+02  -0.166055704E+02  -0.158977803E+02  -0.144414855E+02  -0.158697382E+02  -0.160972594E+02  -0.155244279E+02
   0.740021353E+06   0.119078489E+05  -0.165261230E+02  -0.165684379E+02  -0.164336581E+02  -0.162561267E+02  -0.160500893E+02  -0.173209583E+02  -0.164868112E+02  -0.165312334E+02  -0.166275365E+02  -0.166045714E+02  -0.158476045E+02  -0.143507291E+02  -0.158178931E+02  -0.160524415E+02  -0.154642791E+02
   0.750029110E+06   0.117373265E+05  -0.165033072E+02  -0.165575945E+02  -0.164317399E+02  -0.162587580E+02  -0.160559619E+02  -0.172986891E+02  -0.164734629E+02  -0.165259349E+02  -0.166315459E+02  -0.166036640E+02  -0.157955302E+02  -0.142564726E+02  -0.157640027E+02  -0.160056908E+02  -0.154020910E+02
   0.760026966E+06   0.115735741E+05  -0.164812796E+02  -0.165470640E+02  -0.164297801E+02  -0.162611672E+02  -0.160614837E+02  -0.172771863E+02  -0.164605268E+02  -0.165207291E+02  -0.166352785E+02  -0.166026750E+02  -0.157454056E+02  -0.141658406E+02  -0.157121342E+02  -0.159606786E+02  -0.153422543E+02
   0.770050180E+06   0.114154639E+05  -0.164599523E+02  -0.165368375E+02  -0.164278292E+02  -0.162634346E+02  -0.160667564E+02  -0.172563657E+02  -0.164479777E+02  -0.165156439E+02  -0.166388238E+02  -0.166016613E+02  -0.156969494E+02  -0.140782727E+02  -0.156619941E+02  -0.159171586E+02  -0.152844206E+02
   0.780045798E+06   0.112634171E+05  -0.164394009E+02  -0.165269614E+02  -0.164259112E+02  -0.162655732E+02  -0.160717852E+02  -0.172363017E+02  -0.164358680E+02  -0.165107119E+02  -0.166421912E+02  -0.166006446E+02  -0.156503095E+02  -0.139940210E+02  -0.156137349E+02  -0.158752657E+02  -0.152287628E+02
   0.790027586E+06   0.111168784E+05  -0.164195314E+02  -0.165173804E+02  -0.164240000E+02  -0.162675716E+02  -0.160765690E+02  -0.172169018E+02  -0.164241343E+02  -0.165058958E+02  -0.166453740E+02  -0.165996021E+02  -0.156052966E+02  -0.139127588E+02  -0.155671614E+02  -0.158348277E+02  -0.151750587E+02
   0.800009003E+06   0.109755934E+05  -0.163995953E+02  -0.165077508E+02  -0.164220521E+02  -0.162695417E+02  -0.160813262E+02  -0.171974378E+02  -0.164123476E+02  -0.165010358E+02  -0.166485315E+02  -0.165985269E+02  -0.155603073E+02  -0.138315771E+02  -0.155205768E+02  -0.157945400E+02  -0.151215172E+02
   0.810022729E+06   0.108388489E+05  -0.163769317E+02  -0.164968562E+02  -0.164199219E+02  -0.162718909E+02  -0.160868439E+02  -0.171753204E+02  -0.163989862E+02  -0.164955702E+02  -0.166522410E+02  -0.165974034E+02  -0.155096358E+02  -0.137401160E+02  -0.154679417E+02  -0.157497662E+02  -0.150617686E+02
   0.820054004E+06   0.107065075E+05  -0.163549616E+02  -0.164862760E+02  -0.164178238E+02  -0.162741280E+02  -0.160921475E+02  -0.171538788E+02  -0.163860187E+02  -0.164902442E+02  -0.166557947E+02  -0.165962798E+02  -0.154605594E+02  -0.136515636E+02  -0.154169649E+02  -0.157063978E+02  -0.150039074E+02
   0.830025103E+06   0.105793476E+05  -0.163338777E+02  -0.164761362E+02  -0.164158341E+02  -0.162763038E+02  -0.160972697E+02  -0.171333028E+02  -0.163735851E+02  -0.164851529E+02  -0.166592355E+02  -0.165952263E+02  -0.154134307E+02  -0.135665043E+02  -0.153680102E+02  -0.156647535E+02  -0.149483378E+02
   0.840040804E+06   0.104559649E+05  -0.163134918E+02  -0.164663691E+02  -0.164139750E+02  -0.162784865E+02  -0.161023113E+02  -0.171134096E+02  -0.163615923E+02  -0.164802844E+02  -0.166626455E+02  -0.165942757E+02  -0.153677735E+02  -0.134840433E+02  -0.153205811E+02  -0.156244177E+02  -0.148944904E+02
   0.850047341E+06   0.103369180E+05  -0.162938665E+02  -0.164569896E+02  -0.164122255E+02  -0.162806368E+02  -0.161072200E+02  -0.170942598E+02  -0.163500653E+02  -0.164756313E+02  -0.166659801E+02  -0.165934028E+02  -0.153237650E+02  -0.134045243E+02  -0.152748631E+02  -0.155855437E+02  -0.148425796E+02
   0.860034589E+06   0.102219463E+05  -0.162749092E+02  -0.164479274E+02  -0.164105322E+02  -0.162827097E+02  -0.161119569E+02  -0.170757617E+02  -0.163389291E+02  -0.164711337E+02  -0.166691967E+02  -0.165925560E+02  -0.152812592E+02  -0.133277236E+02  -0.152307064E+02  -0.155479967E+02  -0.147924420E+02
   0.870001215E+06   0.101109203E+05  -0.162566158E+02  -0.164391895E+02  -0.164089103E+02  -0.162847247E+02  -0.161165446E+02  -0.170579118E+02  -0.163281884E+02  -0.164668037E+02  -0.166723163E+02  -0.165917516E+02  -0.152402255E+02  -0.132535720E+02  -0.151880784E+02  -0.155117516E+02  -0.147440384E+02
   0.880005646E+06   0.100030368E+05  -0.162389092E+02  -0.164307679E+02  -0.164074032E+02  -0.162867517E+02  -0.161210714E+02  -0.170406361E+02  -0.163178206E+02  -0.164626653E+02  -0.166754165E+02  -0.165910389E+02  -0.152004222E+02  -0.131815880E+02  -0.151467258E+02  -0.154766012E+02  -0.146970738E+02
   0.890044514E+06   0.989832831E+04  -0.162174234E+02  -0.164204694E+02  -0.164054296E+02  -0.162890482E+02  -0.161264109E+02  -0.170196795E+02  -0.163051731E+02  -0.164575036E+02  -0.166790150E+02  -0.165900374E+02  -0.151531115E+02  -0.130961526E+02  -0.150973645E+02  -0.154350633E+02  -0.146421761E+02
   0.900035622E+06   0.979746582E+04  -0.161966866E+02  -0.164105715E+02  -0.164035974E+02  -0.162913533E+02  -0.161316650E+02  -0.169994557E+02  -0.162929993E+02  -0.164525822E+02  -0.166825818E+02  -0.165891474E+02  -0.151073724E+02  -0.130134907E+02  -0.150496344E+02  -0.153949210E+02  -0.145891103E+02
   0.910060183E+06   0.969944967E+04  -0.161765886E+02  -0.164010066E+02  -0.164018705E+02  -0.162936470E+02  -0.161368245E+02  -0.169798562E+02  -0.162812227E+02  -0.164478532E+02  -0.166861015E+02  -0.165883362E+02  -0.150629777E+02  -0.129332152E+02  -0.150033048E+02  -0.153559652E+02  -0.145375957E+02
   0.920051513E+06   0.960477019E+04  -0.161572414E+02  -0.163918340E+02  -0.164002690E+02  -0.162959293E+02  -0.161418750E+02  -0.169609906E+02  -0.162699137E+02  -0.164433519E+02  -0.166895682E+02  -0.165876192E+02  -0.150201609E+02  -0.128557391E+02  -0.149586191E+02  -0.153184022E+02  -0.144879014E+02
   0.930059604E+06   0.951274461E+04  -0.161385042E+02  -0.163829861E+02  -0.163987800E+02  -0.162982152E+02  -0.161468516E+02  -0.169427214E+02  -0.162589892E+02  -0.164390443E+02  -0.166930052E+02  -0.165869899E+02  -0.149786119E+02  -0.127805023E+02  -0.149152535E+02  -0.152819597E+02  -0.144396676E+02
   0.940044195E+06   0.942349986E+04  -0.161203786E+02  -0.163744510E+02  -0.163973814E+02  -0.163004775E+02  -0.161517232E+02  -0.169250497E+02  -0.162484403E+02  -0.164349124E+02  -0.166963838E+02  -0.165864251E+02  -0.149383639E+02  -0.127075845E+02  -0.148732438E+02  -0.152466639E+02  -0.143929369E+02
   0.950021016E+06   0.933673579E+04  -0.161028071E+02  -0.163662035E+02  -0.163960721E+02  -0.163027272E+02  -0.161565097E+02  -0.169079195E+02  -0.162382349E+02  -0.164309456E+02  -0.166997188E+02  -0.165859262E+02  -0.148992849E+02  -0.126367437E+02  -0.148324520E+02  -0.152123994E+02  -0.143475554E+02
   0.960044854E+06   0.925201440E+04  -0.160857273E+02  -0.163582281E+02  -0.163948715E+02  -0.163050019E+02  -0.161612615E+02  -0.168912706E+02  -0.162283478E+02  -0.164271502E+02  -0.167030533E+02  -0.165855171E+02  -0.148612039E+02  -0.125676488E+02  -0.147926987E+02  -0.151790196E+02  -0.143033202E+02
   0.970046851E+06   0.916997393E+04  -0.160692990E+02  -0.163506161E+02  -0.163938200E+02  -0.163073157E+02  -0.161659740E+02  -0.168752596E+02  -0.162188846E+02  -0.164235860E+02  -0.167063933E+02  -0.165852320E+02  -0.148244390E+02  -0.125008514E+02  -0.147543143E+02  -0.151468072E+02  -0.142605959E+02
   0.980035156E+06   0.909037792E+04  -0.160534350E+02  -0.163433057E+02  -0.163928746E+02  -0.163096353E+02  -0.161706208E+02  -0.168598004E+02  -0.162097781E+02  -0.164202027E+02  -0.167097086E+02  -0.165850302E+02  -0.147888444E+02  -0.124361190E+02  -0.147171484E+02  -0.151156293E+02  -0.142192194E+02
   0.990010534E+06   0.901302517E+04  -0.160380652E+02  -0.163362485E+02  -0.163920030E+02  -0.163119367E+02  -0.161751838E+02  -0.168448240E+02  -0.162009754E+02  -0.164169619E+02  -0.167129775E+02  -0.165848812E+02  -0.147543000E+02  -0.123732581E+02  -0.146810771E+02  -0.150853772E+02  -0.141790561E+02
   0.100000327E+07   0.893756204E+04  -0.160190035E+02  -0.163271514E+02  -0.163903169E+02  -0.163140667E+02  -0.161800529E+02  -0.168262435E+02  -0.161897834E+02  -0.164124152E+02  -0.167162780E+02  -0.165840753E+02  -0.147129668E+02  -0.122984859E+02  -0.146377492E+02  -0.150491019E+02  -0.141319535E+02
   0.101002620E+07   0.886383142E+04  -0.159996097E+02  -0.163178715E+02  -0.163885585E+02  -0.163161838E+02  -0.161849547E+02  -0.168073397E+02  -0.161783767E+02  -0.164077499E+02  -0.167195848E+02  -0.165832126E+02  -0.146710862E+02  -0.122227490E+02  -0.145938167E+02  -0.150123404E+02  -0.140843772E+02
   0.102000269E+07   0.879230689E+04  -0.159808772E+02  -0.163089503E+02  -0.163869337E+02  -0.163183185E+02  -0.161897909E+02  -0.167890826E+02  -0.161673924E+02  -0.164033052E+02  -0.167228737E+02  -0.165824567E+02  -0.146305398E+02  -0.121493592E+02  -0.145512797E+02  -0.149767599E+02  -0.140383055E+02
   0.103002857E+07   0.872223443E+04  -0.159626167E+02  -0.163003019E+02  -0.163854336E+02  -0.163205015E+02  -0.161946204E+02  -0.167712877E+02  -0.161567227E+02  -0.163990424E+02  -0.167261874E+02  -0.165818078E+02  -0.145909081E+02  -0.120775509E+02  -0.145096979E+02  -0.149419933E+02  -0.139932607E+02
   0.104007890E+07   0.865370638E+04  -0.159448075E+02  -0.162918930E+02  -0.163840154E+02  -0.163226853E+02  -0.161993925E+02  -0.167539339E+02  -0.161463371E+02  -0.163949224E+02  -0.167294770E+02  -0.165812221E+02  -0.145521988E+02  -0.120073742E+02  -0.144690814E+02  -0.149080419E+02  -0.139492576E+02
   0.105004236E+07   0.858746222E+04  -0.159276341E+02  -0.162838066E+02  -0.163826868E+02  -0.163248386E+02  -0.162040477E+02  -0.167372008E+02  -0.161363399E+02  -0.163909821E+02  -0.167326992E+02  -0.165806982E+02  -0.145148219E+02  -0.119395786E+02  -0.144298609E+02  -0.148752644E+02  -0.139067633E+02
   0.106001736E+07   0.852284728E+04  -0.159109569E+02  -0.162759928E+02  -0.163814646E+02  -0.163270127E+02  -0.162086623E+02  -0.167209530E+02  -0.161266623E+02  -0.163872124E+02  -0.167359159E+02  -0.165802610E+02  -0.144784380E+02  -0.118735242E+02  -0.143916788E+02  -0.148433667E+02  -0.138653879E+02
   0.107008736E+07   0.845931884E+04  -0.158946601E+02  -0.162684105E+02  -0.163803630E+02  -0.163292502E+02  -0.162132992E+02  -0.167050784E+02  -0.161172475E+02  -0.163836061E+02  -0.167391786E+02  -0.165799311E+02  -0.144427659E+02  -0.118086805E+02  -0.143542387E+02  -0.148121054E+02  -0.138248082E+02
   0.108006236E+07   0.839791713E+04  -0.158789793E+02  -0.162611524E+02  -0.163793687E+02  -0.163314834E+02  -0.162178515E+02  -0.166898058E+02  -0.161082183E+02  -0.163801910E+02  -0.167424025E+02  -0.165796828E+02  -0.144083585E+02  -0.117460780E+02  -0.143181225E+02  -0.147819611E+02  -0.137856576E+02
   0.109003736E+07   0.833783029E+04  -0.158636625E+02  -0.162540779E+02  -0.163784238E+02  -0.163336968E+02  -0.162223343E+02  -0.166748882E+02  -0.160994106E+02  -0.163768771E+02  -0.167455855E+02  -0.165794678E+02  -0.143747160E+02  -0.116848443E+02  -0.142828078E+02  -0.147524904E+02  -0.137473734E+02
   0.110001236E+07   0.827900577E+04  -0.158487075E+02  -0.162471922E+02  -0.163775390E+02  -0.163359039E+02  -0.162267631E+02  -0.166603243E+02  -0.160908281E+02  -0.163736731E+02  -0.167487418E+02  -0.165792976E+02  -0.143418204E+02  -0.116249370E+02  -0.142482751E+02  -0.147236790E+02  -0.137099336E+02
   0.111008236E+07   0.822094044E+04  -0.158340194E+02  -0.162404692E+02  -0.163767394E+02  -0.163381563E+02  -0.162312086E+02  -0.166460221E+02  -0.160824302E+02  -0.163705842E+02  -0.167519311E+02  -0.165792034E+02  -0.143094232E+02  -0.115658768E+02  -0.142142620E+02  -0.146953133E+02  -0.136730508E+02
   0.112005736E+07   0.816475752E+04  -0.158198908E+02  -0.162340474E+02  -0.163760490E+02  -0.163404190E+02  -0.162355933E+02  -0.166322669E+02  -0.160743878E+02  -0.163676787E+02  -0.167551004E+02  -0.165791955E+02  -0.142781596E+02  -0.115088146E+02  -0.141814348E+02  -0.146679505E+02  -0.136374471E+02
   0.113003236E+07   0.810982366E+04  -0.158061098E+02  -0.162278018E+02  -0.163754074E+02  -0.163426648E+02  -0.162399139E+02  -0.166188509E+02  -0.160665577E+02  -0.163648713E+02  -0.167582327E+02  -0.165792212E+02  -0.142476244E+02  -0.114530544E+02  -0.141493708E+02  -0.146412294E+02  -0.136026683E+02
   0.114000736E+07   0.805608834E+04  -0.157926658E+02  -0.162217290E+02  -0.163748162E+02  -0.163448981E+02  -0.162441767E+02  -0.166057641E+02  -0.160589348E+02  -0.163621616E+02  -0.167613331E+02  -0.165792829E+02  -0.142177920E+02  -0.113985472E+02  -0.141180429E+02  -0.146151278E+02  -0.135686848E+02
   0.115007736E+07   0.800312238E+04  -0.157795012E+02  -0.162158298E+02  -0.163743203E+02  -0.163471862E+02  -0.162484653E+02  -0.165929514E+02  -0.160515079E+02  -0.163595774E+02  -0.167644758E+02  -0.165794304E+02  -0.141884734E+02  -0.113449072E+02  -0.140872503E+02  -0.145894866E+02  -0.135352746E+02
   0.116005236E+07   0.795201602E+04  -0.157619968E+02  -0.162073857E+02  -0.163726046E+02  -0.163489622E+02  -0.162527796E+02  -0.165758981E+02  -0.160411568E+02  -0.163552346E+02  -0.167673335E+02  -0.165785396E+02  -0.141516339E+02  -0.112782321E+02  -0.140483911E+02  -0.145571224E+02  -0.134948287E+02
   0.117002736E+07   0.790221510E+04  -0.157447945E+02  -0.161991423E+02  -0.163710137E+02  -0.163508249E+02  -0.162571544E+02  -0.165591425E+02  -0.160310277E+02  -0.163510448E+02  -0.167702666E+02  -0.165777655E+02  -0.141153526E+02  -0.112124737E+02  -0.140101038E+02  -0.145252610E+02  -0.134550549E+02
   0.118000236E+07   0.785355744E+04  -0.157281251E+02  -0.161912260E+02  -0.163695972E+02  -0.163527829E+02  -0.162615667E+02  -0.165429095E+02  -0.160212690E+02  -0.163470893E+02  -0.167732703E+02  -0.165771472E+02  -0.140800422E+02  -0.111483628E+02  -0.139728335E+02  -0.144942690E+02  -0.134163322E+02
   0.119007236E+07   0.780545784E+04  -0.157117005E+02  -0.161834543E+02  -0.163682507E+02  -0.163547720E+02  -0.162659821E+02  -0.165269163E+02  -0.160116759E+02  -0.163432327E+02  -0.167762932E+02  -0.165765897E+02  -0.140451904E+02  -0.110850409E+02  -0.139360443E+02  -0.144636860E+02  -0.133781072E+02
   0.120004736E+07   0.775873989E+04  -0.156957504E+02  -0.161759084E+02  -0.163669456E+02  -0.163567067E+02  -0.162702733E+02  -0.165113853E+02  -0.160023611E+02  -0.163394897E+02  -0.167792320E+02  -0.165760508E+02  -0.140113424E+02  -0.110235406E+02  -0.139003145E+02  -0.144339843E+02  -0.133409829E+02
   0.121002236E+07   0.771295247E+04  -0.156801415E+02  -0.161685363E+02  -0.163656899E+02  -0.163586264E+02  -0.162745026E+02  -0.164961870E+02  -0.159932553E+02  -0.163358446E+02  -0.167821357E+02  -0.165755462E+02  -0.139781922E+02  -0.109632887E+02  -0.138653199E+02  -0.144048976E+02  -0.133046215E+02
   0.122009236E+07   0.766762184E+04  -0.156647170E+02  -0.161612665E+02  -0.163644755E+02  -0.163605556E+02  -0.162787184E+02  -0.164811691E+02  -0.159842690E+02  -0.163322647E+02  -0.167850392E+02  -0.165750753E+02  -0.139454013E+02  -0.109036667E+02  -0.138307031E+02  -0.143761299E+02  -0.132686516E+02
   0.123006736E+07   0.762347328E+04  -0.156496966E+02  -0.161541881E+02  -0.163632945E+02  -0.163624363E+02  -0.162828260E+02  -0.164665446E+02  -0.159755189E+02  -0.163287799E+02  -0.167878687E+02  -0.165746184E+02  -0.139134673E+02  -0.108456011E+02  -0.137969908E+02  -0.143481140E+02  -0.132336215E+02
   0.124004236E+07   0.758003482E+04  -0.156349417E+02  -0.161472475E+02  -0.163621565E+02  -0.163643107E+02  -0.162868915E+02  -0.164521793E+02  -0.159669335E+02  -0.163253751E+02  -0.167906767E+02  -0.165741929E+02  -0.138820709E+02  -0.107884935E+02  -0.137638447E+02  -0.143205728E+02  -0.131991787E+02
   0.125001736E+07   0.753757967E+04  -0.156206576E+02  -0.161406008E+02  -0.163611811E+02  -0.163662795E+02  -0.162910018E+02  -0.164382761E+02  -0.159586792E+02  -0.163221842E+02  -0.167935580E+02  -0.165739139E+02  -0.138515221E+02  -0.107328155E+02  -0.137315858E+02  -0.142937919E+02  -0.131656525E+02
   0.126008736E+07   0.749606065E+04  -0.156069195E+02  -0.161343316E+02  -0.163604582E+02  -0.163684359E+02  -0.162952525E+02  -0.164249103E+02  -0.159508380E+02  -0.163192946E+02  -0.167966067E+02  -0.165738720E+02  -0.138218778E+02  -0.106785961E+02  -0.137002691E+02  -0.142678324E+02  -0.131330965E+02
   0.127006236E+07   0.745635003E+04  -0.155940643E+02  -0.161286201E+02  -0.163600514E+02  -0.163707830E+02  -0.162996026E+02  -0.164124113E+02  -0.159436228E+02  -0.163168155E+02  -0.167998072E+02  -0.165741165E+02  -0.137938093E+02  -0.106270229E+02  -0.136706011E+02  -0.142432882E+02  -0.131022431E+02
   0.128003736E+07   0.741775939E+04  -0.155817780E+02  -0.161232760E+02  -0.163598623E+02  -0.163732701E+02  -0.163040363E+02  -0.164004711E+02  -0.159368175E+02  -0.163146126E+02  -0.168031238E+02  -0.165745604E+02  -0.137667387E+02  -0.105771105E+02  -0.136419761E+02  -0.142196426E+02  -0.130724662E+02
   0.129001236E+07   0.737986796E+04  -0.155698014E+02  -0.161181158E+02  -0.163597637E+02  -0.163757993E+02  -0.163084768E+02  -0.163888344E+02  -0.159302225E+02  -0.163125368E+02  -0.168064673E+02  -0.165750833E+02  -0.137402457E+02  -0.105281896E+02  -0.136139568E+02  -0.141965124E+02  -0.130433159E+02
   0.130008236E+07   0.734227489E+04  -0.155579330E+02  -0.161130101E+02  -0.163596798E+02  -0.163783224E+02  -0.163128962E+02  -0.163773031E+02  -0.159236934E+02  -0.163104911E+02  -0.168097984E+02  -0.165756160E+02  -0.137139752E+02  -0.104796677E+02  -0.135861721E+02  -0.141735783E+02  -0.130144090E+02
   0.131005736E+07   0.730569441E+04  -0.155463546E+02  -0.161080123E+02  -0.163595685E+02  -0.163807479E+02  -0.163171669E+02  -0.163660528E+02  -0.159173104E+02  -0.163084709E+02  -0.168130101E+02  -0.165761047E+02  -0.136883826E+02  -0.104324232E+02  -0.135591060E+02  -0.141512323E+02  -0.129862510E+02
   0.132003236E+07   0.726965805E+04  -0.155349342E+02  -0.161030746E+02  -0.163594447E+02  -0.163831232E+02  -0.163213599E+02  -0.163549557E+02  -0.159110082E+02  -0.163064665E+02  -0.168161599E+02  -0.165765720E+02  -0.136631566E+02  -0.103858672E+02  -0.135324284E+02  -0.141292044E+02  -0.129584977E+02
   0.133000736E+07   0.723399785E+04  -0.155236096E+02  -0.160981651E+02  -0.163592987E+02  -0.163854502E+02  -0.163254857E+02  -0.163439509E+02  -0.159047484E+02  -0.163044596E+02  -0.168192533E+02  -0.165770109E+02  -0.136381704E+02  -0.103397737E+02  -0.135060058E+02  -0.141073831E+02  -0.129310107E+02
   0.134007736E+07   0.719851484E+04  -0.155123424E+02  -0.160932810E+02  -0.163591545E+02  -0.163877667E+02  -0.163295921E+02  -0.163330019E+02  -0.158985207E+02  -0.163024638E+02  -0.168223325E+02  -0.165774487E+02  -0.136133094E+02  -0.102939104E+02  -0.134797156E+02  -0.140856712E+02  -0.129036613E+02
   0.135005236E+07   0.716429286E+04  -0.155016058E+02  -0.160887006E+02  -0.163591457E+02  -0.163901311E+02  -0.163336827E+02  -0.163225722E+02  -0.158926446E+02  -0.163006691E+02  -0.168254324E+02  -0.165780012E+02  -0.135894622E+02  -0.102498071E+02  -0.134544899E+02  -0.140648612E+02  -0.128774141E+02
   0.136002736E+07   0.713152702E+04  -0.154917819E+02  -0.160847711E+02  -0.163595931E+02  -0.163928508E+02  -0.163380552E+02  -0.163130423E+02  -0.158874744E+02  -0.162994067E+02  -0.168288563E+02  -0.165789861E+02  -0.135670856E+02  -0.102080364E+02  -0.134307935E+02  -0.140453926E+02  -0.128527396E+02
   0.137000236E+07   0.710062969E+04  -0.154832443E+02  -0.160817917E+02  -0.163607411E+02  -0.163961415E+02  -0.163429043E+02  -0.163047818E+02  -0.158833251E+02  -0.162989423E+02  -0.168328110E+02  -0.165806408E+02  -0.135467111E+02  -0.101693738E+02  -0.134091744E+02  -0.140277602E+02  -0.128301982E+02
   0.138007236E+07   0.707125958E+04  -0.154757460E+02  -0.160795769E+02  -0.163624495E+02  -0.163998868E+02  -0.163481311E+02  -0.162975469E+02  -0.158799981E+02  -0.162991181E+02  -0.168371875E+02  -0.165828310E+02  -0.135279609E+02  -0.101332394E+02  -0.133892412E+02  -0.140116166E+02  -0.128093883E+02
   0.139004736E+07   0.704304309E+04  -0.154687465E+02  -0.160776534E+02  -0.163642953E+02  -0.164036893E+02  -0.163533569E+02  -0.162908005E+02  -0.158770062E+02  -0.162994914E+02  -0.168415965E+02  -0.165851396E+02  -0.135101516E+02  -0.100987288E+02  -0.133702953E+02  -0.139963115E+02  -0.127896002E+02
   0.140002236E+07   0.701500642E+04  -0.154617060E+02  -0.160756564E+02  -0.163660435E+02  -0.164073819E+02  -0.163584637E+02  -0.162840114E+02  -0.158739477E+02  -0.162997766E+02  -0.168458916E+02  -0.165873477E+02  -0.134923700E+02  -0.100643523E+02  -0.133513845E+02  -0.139810182E+02  -0.127698524E+02
   0.141009236E+07   0.698677548E+04  -0.154521305E+02  -0.160720099E+02  -0.163667839E+02  -0.164104239E+02  -0.163631867E+02  -0.162747373E+02  -0.158690537E+02  -0.162987951E+02  -0.168496503E+02  -0.165886481E+02  -0.134705069E+02  -0.100231551E+02  -0.133281224E+02  -0.139621087E+02  -0.127461794E+02
   0.142006736E+07   0.695862244E+04  -0.154398188E+02  -0.160665733E+02  -0.163664187E+02  -0.164127434E+02  -0.163674732E+02  -0.162627809E+02  -0.158621711E+02  -0.162964313E+02  -0.168528086E+02  -0.165889512E+02  -0.134442757E+02  -0.997467337E+01  -0.133001997E+02  -0.139393298E+02  -0.127183356E+02
   0.143004236E+07   0.693142447E+04  -0.154281745E+02  -0.160615707E+02  -0.163663156E+02  -0.164152338E+02  -0.163718640E+02  -0.162514798E+02  -0.158557717E+02  -0.162943974E+02  -0.168561095E+02  -0.165894938E+02  -0.134191841E+02  -0.992808608E+01  -0.132734740E+02  -0.139175735E+02  -0.126916861E+02
   0.144001431E+07   0.690326166E+04  -0.154153922E+02  -0.160556658E+02  -0.163654839E+02  -0.164170877E+02  -0.163756857E+02  -0.162390529E+02  -0.158484204E+02  -0.162915664E+02  -0.168588026E+02  -0.165893307E+02  -0.133924774E+02  -0.987912120E+01  -0.132450753E+02  -0.138943204E+02  -0.126633662E+02
   0.145004407E+07   0.687480417E+04  -0.154022704E+02  -0.160494933E+02  -0.163644377E+02  -0.164187551E+02  -0.163793415E+02  -0.162262901E+02  -0.158407863E+02  -0.162885000E+02  -0.168613180E+02  -0.165889600E+02  -0.133652854E+02  -0.982943815E+01  -0.132161737E+02  -0.138706182E+02  -0.126345442E+02
   0.146007193E+07   0.684809830E+04  -0.153906122E+02  -0.160443567E+02  -0.163641118E+02  -0.164209759E+02  -0.163834283E+02  -0.162149689E+02  -0.158342780E+02  -0.162862783E+02  -0.168643345E+02  -0.165892681E+02  -0.133404232E+02  -0.978346918E+01  -0.131897069E+02  -0.138490309E+02  -0.126081522E+02
   0.147001457E+07   0.682432491E+04  -0.153815369E+02  -0.160410869E+02  -0.163651245E+02  -0.164242556E+02  -0.163883691E+02  -0.162061936E+02  -0.158297873E+02  -0.162856034E+02  -0.168683227E+02  -0.165908452E+02  -0.133195937E+02  -0.974385068E+01  -0.131674492E+02  -0.138311168E+02  -0.125859611E+02
   0.148004282E+07   0.680319250E+04  -0.153748581E+02  -0.160395687E+02  -0.163674131E+02  -0.164285593E+02  -0.163941493E+02  -0.161997814E+02  -0.158271837E+02  -0.162863917E+02  -0.168732561E+02  -0.165936354E+02  -0.133024666E+02  -0.971002172E+01  -0.131490524E+02  -0.138165811E+02  -0.125676234E+02
   0.149001782E+07   0.678350525E+04  -0.153693117E+02  -0.160388299E+02  -0.163702207E+02  -0.164332443E+02  -0.164002098E+02  -0.161944834E+02  -0.158254337E+02  -0.162878018E+02  -0.168785277E+02  -0.165969104E+02  -0.132871863E+02  -0.967918179E+01  -0.131325892E+02  -0.138037150E+02  -0.125512154E+02
   0.150008782E+07   0.676350748E+04  -0.153633174E+02  -0.160377191E+02  -0.163727123E+02  -0.164376428E+02  -0.164060056E+02  -0.161887414E+02  -0.158232958E+02  -0.162888737E+02  -0.168835221E+02  -0.165998767E+02  -0.132713045E+02  -0.964749505E+01  -0.131155061E+02  -0.137902856E+02  -0.125341883E+02
   0.151006282E+07   0.674279983E+04  -0.153562837E+02  -0.160357423E+02  -0.163744657E+02  -0.164413709E+02  -0.164111806E+02  -0.161819691E+02  -0.158202555E+02  -0.162891571E+02  -0.168878672E+02  -0.166021217E+02  -0.132540325E+02  -0.961385696E+01  -0.130969900E+02  -0.137755530E+02  -0.125157301E+02
   0.152003782E+07   0.672102591E+04  -0.153480429E+02  -0.160328187E+02  -0.163754645E+02  -0.164444460E+02  -0.164157770E+02  -0.161740030E+02  -0.158162136E+02  -0.162886101E+02  -0.168915911E+02  -0.166036374E+02  -0.132350262E+02  -0.957764178E+01  -0.130766754E+02  -0.137592168E+02  -0.124954765E+02
   0.153001124E+07   0.669822219E+04  -0.153385815E+02  -0.160289260E+02  -0.163756796E+02  -0.164468357E+02  -0.164197600E+02  -0.161648294E+02  -0.158111497E+02  -0.162872064E+02  -0.168946602E+02  -0.166043938E+02  -0.132142900E+02  -0.953888297E+01  -0.130545692E+02  -0.137412771E+02  -0.124734342E+02
   0.154004952E+07   0.667421254E+04  -0.153278681E+02  -0.160240757E+02  -0.163751544E+02  -0.164486000E+02  -0.164232020E+02  -0.161544189E+02  -0.158050663E+02  -0.162849768E+02  -0.168971400E+02  -0.166044386E+02  -0.131917057E+02  -0.949732279E+01  -0.130305423E+02  -0.137216370E+02  -0.124494745E+02
   0.155000383E+07   0.665014362E+04  -0.153168524E+02  -0.160189377E+02  -0.163743521E+02  -0.164500929E+02  -0.164263766E+02  -0.161437069E+02  -0.157986921E+02  -0.162824659E+02  -0.168993501E+02  -0.166042077E+02  -0.131687897E+02  -0.945538420E+01  -0.130061803E+02  -0.137016726E+02  -0.124251799E+02
   0.156001495E+07   0.662763253E+04  -0.153072719E+02  -0.160148544E+02  -0.163743240E+02  -0.164522114E+02  -0.164300679E+02  -0.161344105E+02  -0.157934526E+02  -0.162808397E+02  -0.169021394E+02  -0.166047140E+02  -0.131480791E+02  -0.941688224E+01  -0.129841173E+02  -0.136837226E+02  -0.124031799E+02
   0.157004850E+07   0.660864661E+04  -0.153010464E+02  -0.160132653E+02  -0.163761550E+02  -0.164558528E+02  -0.164350359E+02  -0.161284245E+02  -0.157908884E+02  -0.162813228E+02  -0.169063465E+02  -0.166069956E+02  -0.131324665E+02  -0.938626426E+01  -0.129673640E+02  -0.136704382E+02  -0.123864798E+02
   0.158000980E+07   0.659366274E+04  -0.152984462E+02  -0.160143242E+02  -0.163799130E+02  -0.164610397E+02  -0.164412698E+02  -0.161260134E+02  -0.157911777E+02  -0.162840172E+02  -0.169119799E+02  -0.166111094E+02  -0.131224579E+02  -0.936441334E+01  -0.129564552E+02  -0.136622671E+02  -0.123756129E+02
   0.159001540E+07   0.658064785E+04  -0.152975490E+02  -0.160166052E+02  -0.163845385E+02  -0.164669063E+02  -0.164480457E+02  -0.161252804E+02  -0.157927903E+02  -0.162877188E+02  -0.169182343E+02  -0.166160439E+02  -0.131151258E+02  -0.934679501E+01  -0.129483411E+02  -0.136565309E+02  -0.123675353E+02
   0.160008540E+07   0.656718416E+04  -0.152959706E+02  -0.160183146E+02  -0.163886733E+02  -0.164723249E+02  -0.164544051E+02  -0.161238719E+02  -0.157938082E+02  -0.162908978E+02  -0.169240542E+02  -0.166204983E+02  -0.131068906E+02  -0.932791895E+01  -0.129392970E+02  -0.136499468E+02  -0.123585289E+02
   0.161006040E+07   0.655217701E+04  -0.152924644E+02  -0.160184732E+02  -0.163915352E+02  -0.164766179E+02  -0.164597466E+02  -0.161205550E+02  -0.157931960E+02  -0.162926943E+02  -0.169287943E+02  -0.166237164E+02  -0.130959645E+02  -0.930513205E+01  -0.129274693E+02  -0.136408610E+02  -0.123467432E+02
   0.162003282E+07   0.653529455E+04  -0.152868434E+02  -0.160169749E+02  -0.163930781E+02  -0.164797707E+02  -0.164640790E+02  -0.161151470E+02  -0.157908306E+02  -0.162930388E+02  -0.169324502E+02  -0.166256601E+02  -0.130819964E+02  -0.927782108E+01  -0.129124869E+02  -0.136289632E+02  -0.123318081E+02
   0.163004361E+07   0.651647399E+04  -0.152791087E+02  -0.160138363E+02  -0.163933298E+02  -0.164818171E+02  -0.164674404E+02  -0.161076499E+02  -0.157867254E+02  -0.162919544E+02  -0.169350574E+02  -0.166263586E+02  -0.130649564E+02  -0.924590645E+01  -0.128943162E+02  -0.136142312E+02  -0.123136900E+02
   0.164000090E+07   0.649595276E+04  -0.152694259E+02  -0.160091647E+02  -0.163923550E+02  -0.164827991E+02  -0.164698563E+02  -0.160982260E+02  -0.157809999E+02  -0.162895227E+02  -0.169366509E+02  -0.166258709E+02  -0.130451274E+02  -0.920985866E+01  -0.128732542E+02  -0.135969187E+02  -0.122926855E+02
   0.165000256E+07   0.647457575E+04  -0.152587828E+02  -0.160037419E+02  -0.163907829E+02  -0.164832656E+02  -0.164718164E+02  -0.160878526E+02  -0.157744791E+02  -0.162864331E+02  -0.169377543E+02  -0.166248063E+02  -0.130239149E+02  -0.917175107E+01  -0.128507574E+02  -0.135783277E+02  -0.122702486E+02
   0.166007557E+07   0.645484547E+04  -0.152496985E+02  -0.159994757E+02  -0.163900710E+02  -0.164844350E+02  -0.164743644E+02  -0.160790172E+02  -0.157691996E+02  -0.162843205E+02  -0.169395117E+02  -0.166245628E+02  -0.130050754E+02  -0.913731801E+01  -0.128307326E+02  -0.135619077E+02  -0.122502790E+02
   0.167001053E+07   0.643975385E+04  -0.152448589E+02  -0.159983215E+02  -0.163916354E+02  -0.164874385E+02  -0.164784224E+02  -0.160743680E+02  -0.157672703E+02  -0.162848135E+02  -0.169429649E+02  -0.166264854E+02  -0.129927742E+02  -0.911308922E+01  -0.128175246E+02  -0.135514571E+02  -0.122371133E+02
   0.168007248E+07   0.642919000E+04  -0.152442928E+02  -0.160003351E+02  -0.163955519E+02  -0.164923624E+02  -0.164840844E+02  -0.160739352E+02  -0.157687413E+02  -0.162879802E+02  -0.169482036E+02  -0.166306527E+02  -0.129869850E+02  -0.909895104E+01  -0.128111008E+02  -0.135469634E+02  -0.122307190E+02
   0.169003404E+07   0.642084051E+04  -0.152453634E+02  -0.160034448E+02  -0.164001656E+02  -0.164977723E+02  -0.164900777E+02  -0.160751113E+02  -0.157714221E+02  -0.162920011E+02  -0.169538623E+02  -0.166354646E+02  -0.129839275E+02  -0.908929461E+01  -0.128075416E+02  -0.135449298E+02  -0.122271833E+02
   0.170005738E+07   0.641455096E+04  -0.152450395E+02  -0.160046568E+02  -0.164025106E+02  -0.165007171E+02  -0.164934619E+02  -0.160748667E+02  -0.157723111E+02  -0.162938997E+02  -0.169569944E+02  -0.166379590E+02  -0.129804939E+02  -0.908089011E+01  -0.128037301E+02  -0.135422675E+02  -0.122233894E+02
   0.171000429E+07   0.640676227E+04  -0.152422676E+02  -0.160037869E+02  -0.164030438E+02  -0.165019930E+02  -0.164952820E+02  -0.160721931E+02  -0.157710412E+02  -0.162938799E+02  -0.169585024E+02  -0.166386770E+02  -0.129738711E+02  -0.906811157E+01  -0.127966394E+02  -0.135365998E+02  -0.122163204E+02
   0.172008064E+07   0.639635509E+04  -0.152367486E+02  -0.160008093E+02  -0.164019409E+02  -0.165018825E+02  -0.164958987E+02  -0.160668054E+02  -0.157675291E+02  -0.162920382E+02  -0.169587021E+02  -0.166378212E+02  -0.129632065E+02  -0.904922175E+01  -0.127853495E+02  -0.135272114E+02  -0.122050597E+02
   0.173007977E+07   0.638364454E+04  -0.152288618E+02  -0.159960264E+02  -0.163994477E+02  -0.165006014E+02  -0.164955057E+02  -0.160590790E+02  -0.157620934E+02  -0.162886427E+02  -0.169577997E+02  -0.166356297E+02  -0.129490352E+02  -0.902500487E+01  -0.127704146E+02  -0.135145989E+02  -0.121901604E+02
   0.174003105E+07   0.636880086E+04  -0.152189267E+02  -0.159897162E+02  -0.163958114E+02  -0.164983806E+02  -0.164943220E+02  -0.160493312E+02  -0.157550208E+02  -0.162839527E+02  -0.169560211E+02  -0.166323458E+02  -0.129317611E+02  -0.899599917E+01  -0.127522487E+02  -0.134991451E+02  -0.121720360E+02
   0.175002860E+07   0.635298627E+04  -0.152081772E+02  -0.159828286E+02  -0.163917726E+02  -0.164958498E+02  -0.164928962E+02  -0.160387812E+02  -0.157473210E+02  -0.162787912E+02  -0.169539616E+02  -0.166286824E+02  -0.129131924E+02  -0.896493159E+01  -0.127327298E+02  -0.134825157E+02  -0.121525615E+02
   0.176004574E+07   0.633913554E+04  -0.151993513E+02  -0.159773851E+02  -0.163888242E+02  -0.164942222E+02  -0.164922363E+02  -0.160301301E+02  -0.157411661E+02  -0.162748595E+02  -0.169527467E+02  -0.166260628E+02  -0.128975184E+02  -0.893831079E+01  -0.127162237E+02  -0.134685402E+02  -0.121360941E+02
   0.177002317E+07   0.633008651E+04  -0.151949128E+02  -0.159751564E+02  -0.163882256E+02  -0.164944864E+02  -0.164931329E+02  -0.160258058E+02  -0.157384726E+02  -0.162736185E+02  -0.169532806E+02  -0.166256790E+02  -0.128886059E+02  -0.892224643E+01  -0.127067675E+02  -0.134607373E+02  -0.121266632E+02
   0.178002223E+07   0.632579222E+04  -0.151945646E+02  -0.159758568E+02  -0.163896995E+02  -0.164963699E+02  -0.164953164E+02  -0.160255117E+02  -0.157389525E+02  -0.162747876E+02  -0.169552921E+02  -0.166272549E+02  -0.128861344E+02  -0.891638102E+01  -0.127040380E+02  -0.134587925E+02  -0.121239458E+02
   0.179007176E+07   0.632356253E+04  -0.151956023E+02  -0.159774390E+02  -0.163916834E+02  -0.164985664E+02  -0.164976687E+02  -0.160265775E+02  -0.157404201E+02  -0.162766131E+02  -0.169575549E+02  -0.166292917E+02  -0.128860697E+02  -0.891455407E+01  -0.127038393E+02  -0.134590012E+02  -0.121237533E+02
   0.180006609E+07   0.632061492E+04  -0.151954049E+02  -0.159779614E+02  -0.163927368E+02  -0.164999009E+02  -0.164992091E+02  -0.160264174E+02  -0.157407912E+02  -0.162774573E+02  -0.169589773E+02  -0.166304151E+02  -0.128844149E+02  -0.891056972E+01  -0.127020075E+02  -0.134577079E+02  -0.121219297E+02
   0.181006087E+07   0.631577721E+04  -0.151930515E+02  -0.159767893E+02  -0.163924362E+02  -0.165000616E+02  -0.164997078E+02  -0.160241250E+02  -0.157393707E+02  -0.162768133E+02  -0.169592821E+02  -0.166302293E+02  -0.128796696E+02  -0.890200096E+01  -0.126969715E+02  -0.134535558E+02  -0.121169073E+02
   0.182001901E+07   0.630914831E+04  -0.151887932E+02  -0.159741499E+02  -0.163909908E+02  -0.164992484E+02  -0.164993578E+02  -0.160199504E+02  -0.157363907E+02  -0.162748974E+02  -0.169586665E+02  -0.166289413E+02  -0.128721339E+02  -0.888922614E+01  -0.126890375E+02  -0.134468330E+02  -0.121089919E+02
   0.183003832E+07   0.630071207E+04  -0.151827765E+02  -0.159701933E+02  -0.163885539E+02  -0.164976159E+02  -0.164983148E+02  -0.160140401E+02  -0.157320009E+02  -0.162718616E+02  -0.169572854E+02  -0.166267047E+02  -0.128619460E+02  -0.887237082E+01  -0.126783428E+02  -0.134376797E+02  -0.120983208E+02
   0.184004129E+07   0.629047606E+04  -0.151751281E+02  -0.159650446E+02  -0.163852492E+02  -0.164952872E+02  -0.164967013E+02  -0.160065209E+02  -0.157263265E+02  -0.162678301E+02  -0.169552617E+02  -0.166236429E+02  -0.128492368E+02  -0.885157163E+01  -0.126650186E+02  -0.134262257E+02  -0.120850252E+02
   0.185006914E+07   0.627954742E+04  -0.151669805E+02  -0.159595658E+02  -0.163817390E+02  -0.164928192E+02  -0.164949969E+02  -0.159985112E+02  -0.157202863E+02  -0.162635441E+02  -0.169531193E+02  -0.166203922E+02  -0.128356857E+02  -0.882938326E+01  -0.126508110E+02  -0.134140148E+02  -0.120708482E+02
   0.186004600E+07   0.627070089E+04  -0.151608654E+02  -0.159556109E+02  -0.163793778E+02  -0.164913016E+02  -0.164940974E+02  -0.159925077E+02  -0.157158771E+02  -0.162605549E+02  -0.169518653E+02  -0.166182410E+02  -0.128251966E+02  -0.881190238E+01  -0.126397904E+02  -0.134046106E+02  -0.120598524E+02
   0.187007822E+07   0.626612893E+04  -0.151586062E+02  -0.159544682E+02  -0.163790586E+02  -0.164914184E+02  -0.164945337E+02  -0.159903061E+02  -0.157144996E+02  -0.162599112E+02  -0.169521184E+02  -0.166180304E+02  -0.128206770E+02  -0.880376930E+01  -0.126349960E+02  -0.134006516E+02  -0.120550708E+02
   0.188006592E+07   0.626556529E+04  -0.151594729E+02  -0.159554726E+02  -0.163801645E+02  -0.164925780E+02  -0.164957327E+02  -0.159911800E+02  -0.157154750E+02  -0.162609771E+02  -0.169532948E+02  -0.166191496E+02  -0.128212650E+02  -0.880391185E+01  -0.126355501E+02  -0.134013087E+02  -0.120556266E+02
   0.189000146E+07   0.626670885E+04  -0.151608030E+02  -0.159565235E+02  -0.163810094E+02  -0.164933139E+02  -0.164963886E+02  -0.159924957E+02  -0.157165846E+02  -0.162619032E+02  -0.169539966E+02  -0.166199674E+02  -0.128231605E+02  -0.880671122E+01  -0.126375144E+02  -0.134030640E+02  -0.120575876E+02
   0.190005640E+07   0.626745410E+04  -0.151601770E+02  -0.159557154E+02  -0.163800671E+02  -0.164923005E+02  -0.164953232E+02  -0.159918602E+02  -0.157158148E+02  -0.162610138E+02  -0.169529610E+02  -0.166190074E+02  -0.128229030E+02  -0.880704263E+01  -0.126373016E+02  -0.134027151E+02  -0.120573727E+02
   0.191004831E+07   0.626809019E+04  -0.151574899E+02  -0.159528730E+02  -0.163771102E+02  -0.164892829E+02  -0.164922611E+02  -0.159891652E+02  -0.157130052E+02  -0.162581020E+02  -0.169499244E+02  -0.166160353E+02  -0.128205304E+02  -0.880517283E+01  -0.126349673E+02  -0.134002645E+02  -0.120550366E+02
   0.192002155E+07   0.626946682E+04  -0.151541240E+02  -0.159491710E+02  -0.163731601E+02  -0.164852016E+02  -0.164880836E+02  -0.159857819E+02  -0.157093738E+02  -0.162542496E+02  -0.169458021E+02  -0.166120526E+02  -0.128178452E+02  -0.880357558E+01  -0.126323647E+02  -0.133974105E+02  -0.120524302E+02
   0.193003891E+07   0.626525677E+04  -0.151502955E+02  -0.159463705E+02  -0.163711180E+02  -0.164835610E+02  -0.164867371E+02  -0.159820064E+02  -0.157063571E+02  -0.162519087E+02  -0.169442869E+02  -0.166101105E+02  -0.128119350E+02  -0.879433807E+01  -0.126262017E+02  -0.133920166E+02  -0.120462789E+02
   0.194004792E+07   0.625734608E+04  -0.151459940E+02  -0.159440009E+02  -0.163701734E+02  -0.164833707E+02  -0.164870996E+02  -0.159778048E+02  -0.157035812E+02  -0.162504025E+02  -0.169443324E+02  -0.166093537E+02  -0.128037224E+02  -0.877987327E+01  -0.126175137E+02  -0.133847740E+02  -0.120376132E+02
   0.195005198E+07   0.624794357E+04  -0.151416821E+02  -0.159419850E+02  -0.163698513E+02  -0.164839452E+02  -0.164883311E+02  -0.159736115E+02  -0.157010824E+02  -0.162494129E+02  -0.169451871E+02  -0.166092548E+02  -0.127947616E+02  -0.876348132E+01  -0.126079880E+02  -0.133769663E+02  -0.120281138E+02
   0.196004196E+07   0.623887415E+04  -0.151385804E+02  -0.159410981E+02  -0.163705982E+02  -0.164855569E+02  -0.164905765E+02  -0.159706243E+02  -0.156997297E+02  -0.162495159E+02  -0.169470690E+02  -0.166102169E+02  -0.127871757E+02  -0.874872754E+01  -0.125998573E+02  -0.133704926E+02  -0.120200085E+02
   0.197007981E+07   0.623151571E+04  -0.151377401E+02  -0.159420548E+02  -0.163728804E+02  -0.164885408E+02  -0.164940745E+02  -0.159698769E+02  -0.157003084E+02  -0.162512757E+02  -0.169502722E+02  -0.166126738E+02  -0.127826973E+02  -0.873843340E+01  -0.125949367E+02  -0.133669165E+02  -0.120151085E+02
   0.198002915E+07   0.622581834E+04  -0.151388323E+02  -0.159445382E+02  -0.163763901E+02  -0.164925939E+02  -0.164985257E+02  -0.159710409E+02  -0.157024992E+02  -0.162543811E+02  -0.169544950E+02  -0.166163188E+02  -0.127809725E+02  -0.873220578E+01  -0.125928697E+02  -0.133658904E+02  -0.120130574E+02
