3.749999999999996362e+03 2.870731308482017609e-17
3.752045568943020044e+03 2.856687766914337327e-17
3.754091137886043725e+03 2.716363689747984138e-17
3.756136706829067407e+03 2.663015172449744150e-17
3.758182275772091089e+03 2.392961381966494439e-17
3.760227844715114770e+03 2.326824321525939622e-17
3.762273413658138452e+03 2.706195654786237300e-17
3.764318982601162134e+03 2.801971754627424673e-17
3.766364551544185815e+03 2.905128787074422712e-17
3.768410120487209497e+03 2.646306289512295501e-17
3.770455689430233178e+03 3.250143504464575407e-17
3.772501258373256860e+03 3.442324692284735475e-17
3.774546827316280542e+03 3.392038397614166795e-17
3.776592396259304223e+03 3.337510651634671211e-17
3.778637965202327905e+03 3.315011338973228858e-17
3.780683534145351587e+03 3.297776203730073974e-17
3.782729103088375268e+03 2.996921019649432193e-17
3.784774672031398950e+03 2.630060958590121569e-17
3.786820240974422632e+03 2.548669198728986326e-17
3.788865809917446313e+03 2.239754959376362908e-17
3.790911378860469995e+03 2.151068459129245025e-17
3.792956947803493676e+03 2.356962812580431696e-17
3.795002516746517358e+03 2.738659185106493424e-17
3.797048085689541040e+03 2.919027075726538683e-17
3.799093654632564721e+03 2.928287197247947317e-17
3.801139223575588403e+03 2.930889507455039142e-17
3.803184792518612085e+03 2.911492452962915665e-17
3.805230361461635766e+03 2.998362630020989610e-17
3.807275930404659448e+03 2.893909570990243487e-17
3.809321499347683130e+03 2.960564446494256500e-17
3.811367068290706811e+03 2.720352685533959858e-17
3.813412637233730493e+03 2.906912188475087040e-17
3.815458206176754175e+03 2.979073770752988068e-17
3.817503775119777856e+03 2.957481709787393876e-17
3.819549344062801538e+03 3.012012102744849630e-17
3.821594913005825219e+03 2.766649157237940264e-17
3.823640481948848901e+03 2.507743114433945197e-17
3.825686050891872583e+03 2.461924091379530399e-17
3.827731619834896264e+03 2.445720781232474161e-17
3.829777188777919946e+03 2.497245530716157234e-17
3.831822757720943628e+03 2.438687099047813256e-17
3.833868326663967309e+03 2.401332449765531079e-17
3.835913895606990991e+03 2.409545856939815112e-17
3.837959464550014673e+03 2.796961356221068474e-17
3.840005033493038354e+03 2.896273653180920040e-17
3.842050602436062036e+03 3.008791061439568140e-17
3.844096171379085717e+03 2.850574240443080410e-17
3.846141740322109399e+03 2.765069573140209003e-17
3.848187309265133081e+03 2.601591883447884016e-17
3.850232878208156762e+03 2.462770628018417168e-17
3.852278447151180444e+03 2.446493367924598689e-17
3.854324016094204126e+03 2.770181880198031735e-17
3.856369585037227807e+03 3.144495004012567649e-17
3.858415153980251489e+03 3.189724909034722181e-17
3.860460722923275171e+03 3.179340152752486450e-17
3.862506291866298852e+03 3.571576626079821367e-17
3.864551860809322534e+03 3.656093308859059438e-17
3.866597429752346216e+03 3.485532637017565386e-17
3.868642998695369897e+03 3.366273375894365089e-17
3.870688567638393579e+03 3.053043569849930015e-17
3.872734136581417260e+03 2.884981645202836149e-17
3.874779705524440942e+03 2.924051370767185773e-17
3.876825274467464624e+03 2.869102093547533166e-17
3.878870843410488305e+03 2.712200820597249771e-17
3.880916412353511987e+03 2.683360341359975908e-17
3.882961981296535669e+03 2.971048795322243615e-17
3.885007550239559350e+03 3.019992079550271199e-17
3.887053119182583032e+03 2.588847015441911987e-17
3.889098688125606714e+03 2.395152583409147410e-17
3.891144257068630395e+03 2.468683645909191231e-17
3.893189826011654077e+03 2.398168649358638259e-17
3.895235394954677759e+03 2.410222159808638468e-17
3.897280963897701440e+03 2.420744393508680512e-17
3.899326532840725122e+03 2.505617591131928938e-17
3.901372101783748803e+03 2.652061646778316957e-17
3.903417670726772485e+03 2.687731329152828616e-17
3.905463239669796167e+03 2.661193720740902383e-17
3.907508808612819848e+03 2.665037463611313792e-17
3.909554377555843530e+03 2.745098455302973724e-17
3.911599946498867212e+03 2.938006569445445392e-17
3.913645515441890893e+03 2.961159023918559616e-17
3.915691084384914575e+03 2.674885214239880097e-17
3.917736653327938257e+03 2.607161290512203551e-17
3.919782222270961938e+03 2.796560669932347787e-17
3.921827791213985620e+03 2.835467606352146976e-17
3.923873360157009301e+03 2.878936278414053601e-17
3.925918929100032983e+03 2.873336265667069604e-17
3.927964498043056665e+03 2.849772536993394015e-17
3.930010066986080346e+03 2.618581180612988141e-17
3.932055635929104028e+03 2.467459418602612750e-17
3.934101204872127710e+03 2.251514820708906792e-17
3.936146773815151391e+03 2.208119602285394875e-17
3.938192342758175073e+03 2.501070413868602434e-17
3.940237911701198755e+03 2.615153509590690905e-17
3.942283480644222436e+03 2.667002348438372254e-17
3.944329049587246118e+03 2.669891359445774958e-17
3.946374618530269800e+03 2.531827636021284172e-17
3.948420187473293481e+03 2.504833258475106157e-17
3.950465756416317163e+03 2.857160914224717658e-17
3.952511325359340844e+03 3.059864832053287302e-17
3.954556894302364526e+03 3.048349485309814093e-17
3.956602463245388208e+03 3.018902848119661372e-17
3.958648032188411889e+03 2.687062636345640749e-17
3.960693601131435571e+03 2.549084774268732968e-17
3.962739170074459253e+03 2.599990296345858844e-17
3.964784739017482934e+03 2.830951531079852466e-17
3.966830307960506616e+03 2.960964140166242123e-17
3.968875876903530298e+03 2.963771922037492120e-17
3.970921445846553979e+03 2.952624836102727519e-17
3.972967014789577661e+03 2.897031350622018614e-17
3.975012583732601342e+03 2.748328926467238318e-17
3.977058152675625024e+03 2.650839239269086093e-17
3.979103721618648706e+03 2.696492660764867775e-17
3.981149290561672387e+03 2.717344560518349518e-17
3.983194859504696069e+03 2.714188204736969675e-17
3.985240428447719751e+03 2.806896457122320379e-17
3.987285997390743432e+03 2.835709143091012460e-17
3.989331566333767114e+03 3.112000040829034509e-17
3.991377135276790796e+03 3.201982733096022987e-17
3.993422704219814477e+03 3.158760560856657164e-17
3.995468273162838159e+03 3.125267356109895031e-17
3.997513842105861841e+03 3.110493248625207914e-17
3.999559411048885522e+03 3.079291665047462689e-17
4.001604979991909204e+03 3.174811504334881134e-17
4.003650548934932885e+03 3.114489192728329080e-17
4.005696117877956567e+03 3.080307111967432786e-17
4.007741686820980249e+03 3.056717244386400521e-17
4.009787255764003930e+03 2.958722480706223418e-17
4.011832824707027612e+03 2.781767702729694462e-17
4.013878393650051294e+03 2.736983978929951033e-17
4.015923962593074975e+03 2.720935516993564722e-17
4.017969531536098657e+03 2.939664239393001660e-17
4.020015100479122339e+03 3.168936536752284510e-17
4.022060669422146020e+03 3.194451088182605160e-17
4.024106238365169702e+03 3.179739184679982031e-17
4.026151807308193384e+03 3.188207859791299928e-17
4.028197376251217065e+03 3.186233214233013340e-17
4.030242945194240747e+03 3.135990263826542439e-17
4.032288514137264428e+03 2.868065139931636690e-17
4.034334083080288110e+03 2.773425586252097178e-17
4.036379652023311792e+03 2.678518687798580526e-17
4.038425220966335473e+03 2.585092773513778815e-17
4.040470789909359155e+03 2.574503703620242487e-17
4.042516358852382837e+03 2.743441777972152520e-17
4.044561927795406518e+03 2.778435488350085845e-17
4.046607496738430200e+03 2.764756402560296426e-17
4.048653065681453882e+03 2.799679140841672702e-17
4.050698634624477563e+03 2.798065476902704255e-17
4.052744203567501245e+03 2.671986111629004245e-17
4.054789772510524926e+03 2.639832277730087975e-17
4.056835341453548608e+03 2.715503587347051499e-17
4.058880910396572290e+03 2.739893504016545052e-17
4.060926479339595971e+03 2.743898216234159280e-17
4.062972048282619653e+03 2.992470126209406862e-17
4.065017617225643335e+03 3.046606781195287375e-17
4.067063186168667016e+03 2.960106519307147143e-17
4.069108755111690698e+03 2.953682303797815309e-17
4.071154324054714380e+03 3.324165912248475726e-17
4.073199892997738061e+03 3.402279555342063320e-17
4.075245461940761743e+03 3.129902876262642198e-17
4.077291030883785425e+03 2.746071881447826127e-17
4.079336599826809106e+03 2.594844240319043948e-17
4.081382168769832788e+03 2.585024944703549467e-17
4.083427737712856469e+03 2.575909083480970081e-17
4.085473306655880151e+03 2.442792065555668911e-17
4.087518875598903833e+03 2.409998986479371661e-17
4.089564444541927514e+03 2.483782008193999134e-17
4.091610013484951196e+03 2.504691148845869547e-17
4.093655582427974878e+03 2.665201245372599291e-17
4.095701151370998559e+03 2.592467254110811568e-17
4.097746720314022241e+03 2.552853574575647072e-17
4.099792289257045923e+03 2.547592540443687306e-17
4.101837858200069604e+03 2.550384440447176285e-17
4.103883427143093286e+03 2.920673826890009251e-17
4.105928996086116967e+03 3.015905807324259242e-17
4.107974565029140649e+03 3.186226596788112916e-17
4.110020133972164331e+03 3.241049811682412442e-17
4.112065702915188012e+03 3.347121166863557308e-17
4.114111271858211694e+03 2.989042289750987115e-17
4.116156840801235376e+03 2.881964090328242704e-17
4.118202409744259057e+03 2.894151769473599014e-17
4.120247978687282739e+03 2.926085904201821200e-17
4.122293547630306421e+03 3.053369809883520929e-17
4.124339116573330102e+03 3.073732349586616301e-17
4.126384685516353784e+03 3.006291652500677912e-17
4.128430254459377466e+03 2.953719361489257685e-17
4.130475823402401147e+03 2.935355951890580471e-17
4.132521392345424829e+03 2.840415800776439187e-17
4.134566961288448510e+03 2.971805831018852146e-17
4.136612530231472192e+03 3.116349356489838329e-17
4.138658099174495874e+03 3.165005774481432523e-17
4.140703668117519555e+03 3.326215996678627150e-17
4.142749237060543237e+03 3.474693262270670512e-17
4.144794806003566919e+03 3.486683079813504137e-17
4.146840374946590600e+03 3.480763444477829650e-17
4.148885943889614282e+03 3.621261725881186506e-17
4.150931512832637964e+03 3.676191481638382862e-17
4.152977081775661645e+03 3.634514151911021073e-17
4.155022650718685327e+03 3.417682981836780781e-17
4.157068219661709009e+03 3.363089061408280954e-17
4.159113788604732690e+03 3.381094467237845218e-17
4.161159357547756372e+03 3.370126052315392071e-17
4.163204926490780053e+03 3.198311043793022608e-17
4.165250495433803735e+03 3.163827538416911990e-17
4.167296064376827417e+03 3.412749345791269502e-17
4.169341633319851098e+03 3.467018018802913478e-17
4.171387202262874780e+03 3.502876629229332249e-17
4.173432771205898462e+03 3.527400218285814371e-17
4.175478340148922143e+03 3.521557014438739784e-17
4.177523909091945825e+03 3.482865806722694425e-17
4.179569478034969507e+03 3.418834748121699616e-17
4.181615046977993188e+03 3.393470743562863618e-17
4.183660615921016870e+03 3.310187221640819601e-17
4.185706184864040551e+03 3.463061779369194858e-17
4.187751753807064233e+03 3.280487467183225653e-17
4.189797322750087915e+03 3.405980361402625566e-17
4.191842891693111596e+03 3.461318082637933075e-17
4.193888460636135278e+03 3.493240305965334498e-17
4.195934029579158960e+03 3.501348330329579275e-17
4.197979598522182641e+03 3.486062032609599324e-17
4.200025167465206323e+03 3.381272807377911651e-17
4.202070736408230005e+03 3.404032185623940675e-17
4.204116305351253686e+03 3.139706620882620682e-17
4.206161874294277368e+03 3.086746216727790574e-17
4.208207443237301050e+03 3.106640572204180932e-17
4.210253012180324731e+03 3.241253628985345508e-17
4.212298581123348413e+03 3.270555344132178939e-17
4.214344150066372094e+03 3.254073604990937352e-17
4.216389719009395776e+03 3.219973911419051339e-17
4.218435287952419458e+03 3.329928052395520117e-17
4.220480856895443139e+03 3.255895387572024140e-17
4.222526425838466821e+03 3.224129997688762771e-17
4.224571994781490503e+03 3.221847310070361436e-17
4.226617563724514184e+03 3.204141012750296347e-17
4.228663132667537866e+03 3.042199232019359822e-17
4.230708701610561548e+03 3.002711283937303387e-17
4.232754270553585229e+03 3.169679014070112108e-17
4.234799839496608911e+03 3.473936557446307002e-17
4.236845408439632592e+03 3.516079424422413635e-17
4.238890977382656274e+03 3.268510553657947855e-17
4.240936546325679956e+03 3.222887903280953145e-17
4.242982115268703637e+03 3.566120542759421597e-17
4.245027684211727319e+03 3.795909993437672600e-17
4.247073253154751001e+03 3.807728088285340217e-17
4.249118822097774682e+03 3.694675990478737840e-17
4.251164391040798364e+03 3.603244739523046500e-17
4.253209959983822046e+03 3.603123640281368737e-17
4.255255528926845727e+03 3.968165723790410316e-17
4.257301097869869409e+03 4.032671253190765542e-17
4.259346666812893091e+03 3.653427140308678519e-17
4.261392235755916772e+03 3.487174094225115614e-17
4.263437804698940454e+03 3.465724639197125564e-17
4.265483373641964135e+03 3.452495043352197461e-17
4.267528942584987817e+03 3.443474142463939162e-17
4.269574511528011499e+03 3.369109943650931932e-17
4.271620080471035180e+03 3.252136017124093140e-17
4.273665649414058862e+03 3.230733215082651081e-17
4.275711218357082544e+03 3.340619196376645489e-17
4.277756787300106225e+03 3.429241011099861726e-17
4.279802356243129907e+03 3.413296608484534585e-17
4.281847925186153589e+03 3.399351335973625602e-17
4.283893494129177270e+03 3.390748326730829093e-17
4.285939063072200952e+03 3.318134442093984070e-17
4.287984632015224634e+03 3.008060164650316285e-17
4.290030200958248315e+03 2.948275520441923699e-17
4.292075769901271997e+03 3.202232872513259023e-17
4.294121338844295678e+03 3.253463145698873217e-17
4.296166907787319360e+03 3.235200652134927472e-17
4.298212476730343042e+03 3.206359180280918546e-17
4.300258045673366723e+03 3.190714217047335602e-17
4.302303614616390405e+03 3.103140274724101541e-17
4.304349183559414087e+03 3.074747465634341376e-17
4.306394752502437768e+03 3.047370434336796330e-17
4.308440321445461450e+03 3.141260396945240289e-17
4.310485890388485132e+03 3.162608935938498870e-17
4.312531459331508813e+03 3.179623048521979585e-17
4.314577028274532495e+03 3.245010352455316338e-17
4.316622597217556176e+03 3.247935593973548865e-17
4.318668166160579858e+03 3.096974801310376293e-17
4.320713735103603540e+03 2.988386500961355075e-17
4.322759304046627221e+03 3.044232441965015164e-17
4.324804872989650903e+03 3.004495347082457757e-17
4.326850441932674585e+03 2.977043207785292896e-17
4.328896010875698266e+03 2.858990306867439934e-17
4.330941579818721948e+03 2.829001700939942469e-17
4.332987148761745630e+03 2.906523082714942096e-17
4.335032717704769311e+03 3.022008415011430459e-17
4.337078286647792993e+03 3.127872975039437068e-17
4.339123855590816675e+03 3.052167420145113848e-17
4.341169424533840356e+03 3.120038582021824832e-17
4.343214993476864038e+03 3.021085612320066301e-17
4.345260562419887719e+03 3.360044375009595770e-17
4.347306131362911401e+03 3.105566230024597060e-17
4.349351700305935083e+03 3.332113794446130237e-17
4.351397269248958764e+03 3.424071794015895345e-17
4.353442838191982446e+03 3.399488978827554426e-17
4.355488407135006128e+03 3.503434148962192990e-17
4.357533976078029809e+03 4.141349219918187509e-17
4.359579545021053491e+03 5.298294978960585281e-17
4.361625113964077173e+03 5.528673382234974040e-17
4.363670682907100854e+03 5.335197160447800952e-17
4.365716251850124536e+03 3.684886804237540289e-17
4.367761820793148217e+03 3.288195797875484807e-17
4.369807389736171899e+03 3.158743024627671040e-17
4.371852958679195581e+03 3.097091930085113802e-17
4.373898527622219262e+03 3.111688028301979507e-17
4.375944096565242944e+03 3.212345651810087318e-17
4.377989665508266626e+03 3.298213947710237036e-17
4.380035234451290307e+03 3.342073049021268690e-17
4.382080803394313989e+03 3.766274097323367746e-17
4.384126372337337671e+03 3.846609878414517794e-17
4.386171941280361352e+03 3.538250842689039967e-17
4.388217510223385034e+03 3.351623345501560927e-17
4.390263079166408716e+03 3.339189166533663815e-17
4.392308648109432397e+03 3.485963763552828024e-17
4.394354217052456079e+03 3.522716059913049086e-17
4.396399785995479760e+03 3.692791673043342043e-17
4.398445354938503442e+03 3.805060596245979213e-17
4.400490923881527124e+03 3.796836435723731991e-17
4.402536492824550805e+03 3.585880894976578364e-17
4.404582061767574487e+03 3.509367350059913347e-17
4.406627630710598169e+03 3.225620246280338306e-17
4.408673199653621850e+03 3.165837256433170826e-17
4.410718768596645532e+03 3.406390973858696889e-17
4.412764337539669214e+03 3.452841135720489648e-17
4.414809906482692895e+03 3.437164408751384667e-17
4.416855475425716577e+03 3.423247260381302487e-17
4.418901044368740259e+03 3.361498227654218971e-17
4.420946613311763940e+03 3.341204509378088011e-17
4.422992182254787622e+03 3.338182984036554312e-17
4.425037751197811303e+03 3.456977700527744828e-17
4.427083320140834985e+03 3.479951153116302577e-17
4.429128889083858667e+03 3.470509051860132276e-17
4.431174458026882348e+03 3.483150687725657688e-17
4.433220026969906030e+03 3.418347042432538351e-17
4.435265595912929712e+03 3.396428741433353245e-17
4.437311164855953393e+03 3.395421566319508679e-17
4.439356733798977075e+03 3.426333636682860344e-17
4.441402302742000757e+03 3.427673669275196249e-17
4.443447871685024438e+03 3.393075020357818250e-17
4.445493440628048120e+03 3.380305667805714651e-17
4.447539009571071801e+03 3.393192810877045801e-17
4.449584578514095483e+03 3.503624400503080186e-17
4.451630147457119165e+03 3.574953508212507848e-17
4.453675716400142846e+03 3.634808959081334973e-17
4.455721285343166528e+03 3.631573690269517571e-17
4.457766854286190210e+03 3.464312476455375035e-17
4.459812423229213891e+03 3.408343781848812077e-17
4.461857992172237573e+03 3.245361407907283843e-17
4.463903561115261255e+03 3.472606451021321733e-17
4.465949130058284936e+03 3.536428729235708158e-17
4.467994699001308618e+03 3.521361799814177269e-17
4.470040267944332300e+03 3.559708900395400569e-17
4.472085836887355981e+03 3.482899555691686589e-17
4.474131405830379663e+03 3.556306871972092476e-17
4.476176974773403344e+03 3.754040426935953488e-17
4.478222543716427026e+03 3.793657746065813216e-17
4.480268112659450708e+03 3.877236406030416154e-17
4.482313681602474389e+03 3.671990396743348545e-17
4.484359250545498071e+03 3.579869277156787980e-17
4.486404819488521753e+03 3.533248385216564277e-17
4.488450388431545434e+03 3.517224573262432046e-17
4.490495957374569116e+03 3.493998003406433071e-17
4.492541526317592798e+03 3.499576509457490690e-17
4.494587095260616479e+03 3.809560458778267684e-17
4.496632664203640161e+03 3.857733472419885888e-17
4.498678233146663842e+03 3.523177626694853676e-17
4.500723802089687524e+03 3.448426307355171628e-17
4.502769371032711206e+03 3.472027755464779635e-17
4.504814939975734887e+03 3.466073378543377921e-17
4.506860508918758569e+03 3.421109494806220442e-17
4.508906077861782251e+03 3.408155184669149987e-17
4.510951646804805932e+03 3.471196273513041332e-17
4.512997215747829614e+03 3.601623134650197545e-17
4.515042784690853296e+03 3.611311735728908647e-17
4.517088353633876977e+03 3.415220961461577949e-17
4.519133922576900659e+03 3.336155068046819309e-17
4.521179491519924341e+03 3.366498699893224534e-17
4.523225060462948022e+03 3.466374141414102202e-17
4.525270629405971704e+03 3.642718790970812044e-17
4.527316198348995385e+03 3.664336990843762912e-17
4.529361767292019067e+03 3.521521280236277493e-17
4.531407336235041839e+03 3.426637708276034837e-17
4.533452905178065521e+03 3.473750276372360060e-17
4.535498474121089203e+03 3.395976439074409250e-17
4.537544043064112884e+03 3.329534976168434918e-17
4.539589612007136566e+03 3.330937212742834811e-17
4.541635180950160247e+03 3.537304548068279304e-17
4.543680749893183929e+03 3.570593604639863349e-17
4.545726318836207611e+03 3.377474063132823126e-17
4.547771887779231292e+03 3.265342451911869759e-17
4.549817456722254974e+03 3.325518848858367458e-17
4.551863025665278656e+03 3.393582909253925809e-17
4.553908594608302337e+03 3.391119896261987913e-17
4.555954163551326019e+03 3.278064158860690303e-17
4.557999732494349701e+03 3.242732958792835342e-17
4.560045301437373382e+03 3.251970250129337513e-17
4.562090870380397064e+03 3.363738563625257591e-17
4.564136439323420745e+03 3.380973698868412476e-17
4.566182008266444427e+03 3.380269602731007339e-17
4.568227577209468109e+03 3.561560461478539266e-17
4.570273146152491790e+03 3.596874787061898145e-17
4.572318715095515472e+03 3.586037397548473397e-17
4.574364284038539154e+03 3.610724768366241019e-17
4.576409852981562835e+03 3.535357364906329476e-17
4.578455421924586517e+03 3.540412100193518518e-17
4.580500990867610199e+03 3.561928722287247874e-17
4.582546559810633880e+03 3.863593219879211537e-17
4.584592128753657562e+03 3.956783387689435634e-17
4.586637697696681244e+03 3.911770203987769996e-17
4.588683266639704925e+03 3.936489338541059653e-17
4.590728835582728607e+03 4.048411176758669574e-17
4.592774404525752288e+03 4.060952227461708537e-17
4.594819973468775970e+03 3.959657013137444853e-17
4.596865542411799652e+03 3.867114031438482244e-17
4.598911111354823333e+03 3.848220564503281049e-17
4.600956680297847015e+03 3.820590746810539797e-17
4.603002249240870697e+03 3.808823937160850468e-17
4.605047818183894378e+03 3.803245761982037871e-17
4.607093387126918060e+03 3.798512965389254468e-17
4.609138956069941742e+03 3.817218827761528635e-17
4.611184525012965423e+03 3.828477748515110406e-17
4.613230093955989105e+03 4.032898893295340135e-17
4.615275662899012787e+03 4.067638493789097170e-17
4.617321231842036468e+03 3.947110337606240529e-17
4.619366800785060150e+03 3.919460336706552983e-17
4.621412369728083831e+03 3.915376049714011154e-17
4.623457938671107513e+03 3.863958502837714954e-17
4.625503507614131195e+03 3.845774425995839236e-17
4.627549076557154876e+03 3.827388517084500579e-17
4.629594645500178558e+03 3.724206669219125949e-17
4.631640214443202240e+03 3.698866818334176499e-17
4.633685783386225921e+03 3.718592098093361018e-17
4.635731352329249603e+03 3.718254608403439383e-17
4.637776921272273285e+03 3.734114969468531136e-17
4.639822490215296966e+03 3.733612374528343916e-17
4.641868059158320648e+03 3.736460853685731522e-17
4.643913628101344329e+03 3.729165120683013818e-17
4.645959197044368011e+03 3.649983421982497755e-17
4.648004765987391693e+03 3.598160556606050571e-17
4.650050334930415374e+03 3.584982245959100755e-17
4.652095903873439056e+03 3.569216514356085069e-17
4.654141472816462738e+03 3.554552587328990015e-17
4.656187041759486419e+03 3.583396706160959112e-17
4.658232610702510101e+03 4.009328216304519101e-17
4.660278179645533783e+03 4.072838481991850523e-17
4.662323748588557464e+03 3.616894212246906520e-17
4.664369317531581146e+03 3.536409538645496928e-17
4.666414886474604828e+03 3.860794371558577112e-17
4.668460455417628509e+03 3.912772416017939244e-17
4.670506024360652191e+03 3.755023448375911506e-17
4.672551593303675872e+03 3.722062617071388501e-17
4.674597162246699554e+03 3.752044605553985542e-17
4.676642731189723236e+03 3.752953511611058809e-17
4.678688300132746917e+03 3.681481467091781985e-17
4.680733869075770599e+03 3.430702473806120415e-17
4.682779438018794281e+03 3.378013715764452722e-17
4.684825006961817962e+03 3.421275923545466112e-17
4.686870575904841644e+03 3.472411236396759219e-17
4.688916144847865326e+03 3.583383471271158263e-17
4.690961713790889007e+03 3.611234642495818705e-17
4.693007282733912689e+03 3.789270710969076979e-17
4.695052851676936370e+03 3.825437694327855518e-17
4.697098420619960052e+03 3.810168601964616670e-17
4.699143989562983734e+03 3.793513485766983968e-17
4.701189558506007415e+03 3.777674631397818594e-17
4.703235127449031097e+03 3.634238535330918405e-17
4.705280696392054779e+03 3.613210942415330399e-17
4.707326265335078460e+03 3.861670521263393279e-17
4.709371834278102142e+03 3.909276419877045128e-17
4.711417403221125824e+03 3.891263734858090397e-17
4.713462972164149505e+03 3.881332935296023768e-17
4.715508541107173187e+03 3.860145861958335538e-17
4.717554110050196869e+03 3.610984172206337648e-17
4.719599678993220550e+03 3.563808738383458395e-17
4.721645247936244232e+03 3.760528831660819437e-17
4.723690816879267913e+03 3.795757130460472801e-17
4.725736385822291595e+03 3.781107761812158680e-17
4.727781954765315277e+03 3.698474734723826364e-17
4.729827523708338958e+03 3.479155074494781543e-17
4.731873092651362640e+03 3.450196142993790086e-17
4.733918661594386322e+03 3.734778368319798664e-17
4.735964230537410003e+03 3.808098996072008995e-17
4.738009799480433685e+03 3.788732381826427468e-17
4.740055368423457367e+03 3.629927931722782067e-17
4.742100937366481048e+03 3.405735846813554891e-17
4.744146506309504730e+03 3.386624004196639697e-17
4.746192075252528412e+03 3.725940770655282116e-17
4.748237644195552093e+03 3.793357644939578978e-17
4.750283213138575775e+03 3.770121810660719409e-17
4.752328782081599456e+03 3.699305554931074625e-17
4.754374351024623138e+03 3.636406079408052358e-17
4.756419919967646820e+03 3.623772384476407456e-17
4.758465488910670501e+03 3.604249598531175918e-17
4.760511057853694183e+03 3.565332074199536051e-17
4.762556626796717865e+03 3.561281867048231406e-17
4.764602195739741546e+03 3.679574319471479724e-17
4.766647764682765228e+03 3.711712602374879998e-17
4.768693333625788910e+03 3.726384801208100582e-17
4.770738902568812591e+03 3.812412577530350523e-17
4.772784471511836273e+03 3.868526855924722815e-17
4.774830040454859954e+03 3.812298757478063227e-17
4.776875609397883636e+03 3.567930744811932643e-17
4.778921178340907318e+03 3.515027912427736226e-17
4.780966747283930999e+03 3.570668712639483164e-17
4.783012316226954681e+03 3.735124129815845830e-17
4.785057885169978363e+03 3.762107092269570614e-17
4.787103454113002044e+03 3.743309578285425570e-17
4.789149023056025726e+03 3.737702286349051106e-17
4.791194591999049408e+03 3.730394641945512639e-17
4.793240160942073089e+03 3.685141575866206622e-17
4.795285729885096771e+03 3.645499772190215323e-17
4.797331298828120453e+03 3.614535093139905285e-17
4.799376867771144134e+03 3.521401173611334793e-17
4.801422436714167816e+03 3.457361512331969433e-17
4.803468005657191497e+03 3.357778892747935538e-17
4.805513574600215179e+03 3.426306836031013626e-17
4.807559143543238861e+03 3.384306574992511135e-17
4.809604712486262542e+03 3.362054754770344648e-17
4.811650281429286224e+03 3.357479784238436363e-17
4.813695850372309906e+03 3.308847519920728717e-17
4.815741419315333587e+03 3.295815454806078277e-17
4.817786988258357269e+03 3.288342374280029204e-17
4.819832557201380951e+03 3.215367508023866039e-17
4.821878126144404632e+03 3.205509500355704076e-17
4.823923695087428314e+03 3.191657533817891074e-17
4.825969264030451995e+03 3.089423965806747236e-17
4.828014832973475677e+03 3.038034212199032817e-17
4.830060401916499359e+03 3.032586731557003598e-17
4.832105970859523040e+03 3.020909257413469996e-17
4.834151539802546722e+03 2.897732799781463581e-17
4.836197108745570404e+03 2.684611700190646128e-17
4.838242677688594085e+03 2.655218664304186842e-17
4.840288246631617767e+03 2.824214641298975587e-17
4.842333815574641449e+03 2.884383097311592778e-17
4.844379384517665130e+03 2.881616674470970432e-17
4.846424953460688812e+03 2.871002292850689981e-17
4.848470522403712494e+03 2.737237427069637280e-17
4.850516091346736175e+03 2.611903351527847548e-17
4.852561660289759857e+03 2.602210614546073681e-17
4.854607229232783538e+03 2.744767252185707491e-17
4.856652798175807220e+03 2.770075339335134905e-17
4.858698367118830902e+03 2.761441889845796444e-17
4.860743936061854583e+03 2.782652785985126201e-17
4.862789505004878265e+03 2.791562182926812352e-17
4.864835073947901947e+03 2.840781745479432647e-17
4.866880642890925628e+03 2.862895922847670310e-17
4.868926211833949310e+03 2.847337648142282923e-17
4.870971780776972992e+03 2.917222829374438019e-17
4.873017349719996673e+03 2.979199171333851107e-17
4.875062918663020355e+03 3.169756438175447071e-17
4.877108487606044037e+03 3.223908975029088602e-17
4.879154056549067718e+03 3.536470419138580830e-17
4.881199625492091400e+03 3.893862405470486989e-17
4.883245194435115081e+03 4.078996676216185304e-17
4.885290763378138763e+03 4.236867073972135826e-17
4.887336332321162445e+03 4.358476520651721785e-17
4.889381901264186126e+03 4.393629711451755334e-17
4.891427470207209808e+03 4.358863310306151581e-17
4.893473039150233490e+03 4.520522195267594971e-17
4.895518608093257171e+03 6.936954992551404081e-17
4.897564177036280853e+03 9.903843400264750988e-17
4.899609745979304535e+03 1.106278564243360675e-16
4.901655314922328216e+03 1.093614230541826808e-16
4.903700883865351898e+03 7.491297690115451065e-17
4.905746452808375579e+03 4.658103837831089852e-17
4.907792021751399261e+03 3.957932506996394300e-17
4.909837590694422943e+03 3.939249143936781575e-17
4.911883159637446624e+03 3.935292573630817933e-17
4.913928728580470306e+03 3.955516477863249417e-17
4.915974297523493988e+03 3.959524995111681389e-17
4.918019866466517669e+03 4.007505110234452228e-17
4.920065435409541351e+03 4.014627135308533796e-17
4.922111004352565033e+03 4.000535286393080417e-17
4.924156573295588714e+03 3.941066625178683087e-17
4.926202142238612396e+03 3.990677278724918454e-17
4.928247711181636078e+03 3.820575526687268822e-17
4.930293280124659759e+03 3.661945446256749598e-17
4.932338849067683441e+03 3.625083631183426516e-17
4.934384418010707122e+03 3.649451379412503647e-17
4.936429986953730804e+03 3.930947559309199389e-17
4.938475555896754486e+03 3.976934169155717431e-17
4.940521124839778167e+03 3.846317718222164064e-17
4.942566693782801849e+03 3.817832595776042982e-17
4.944612262725825531e+03 3.949584600254509145e-17
4.946657831668849212e+03 4.381680260322814296e-17
4.948703400611872894e+03 4.452395600017727611e-17
4.950748969554896576e+03 4.353773502560990291e-17
4.952794538497920257e+03 4.315332103389935947e-17
4.954840107440943939e+03 4.229389692106901477e-17
4.956885676383967620e+03 4.284600027527875820e-17
4.958931245326991302e+03 4.220885282793121289e-17
4.960976814270014984e+03 4.327402653760554748e-17
4.963022383213038665e+03 4.349907591250162461e-17
4.965067952156062347e+03 4.349714361859070074e-17
4.967113521099086029e+03 4.476515524935283856e-17
4.969159090042109710e+03 4.324859569685321719e-17
4.971204658985133392e+03 4.272705501191608303e-17
4.973250227928157074e+03 4.223415793723043511e-17
4.975295796871180755e+03 4.205863021124668264e-17
4.977341365814204437e+03 4.200684539617841290e-17
4.979386934757228119e+03 4.177840458077086835e-17
4.981432503700251800e+03 4.171205476947676489e-17
4.983478072643275482e+03 4.152878463295951608e-17
4.985523641586299163e+03 3.981905855509406148e-17
4.987569210529322845e+03 3.943782093693572167e-17
4.989614779472346527e+03 3.986683650727512436e-17
4.991660348415370208e+03 4.047069820677353584e-17
4.993705917358393890e+03 4.331112393371732566e-17
4.995751486301417572e+03 6.188009122333641763e-17
4.997797055244441253e+03 8.514454595139032099e-17
4.999842624187464935e+03 8.857596244750119718e-17
5.001888193130488617e+03 8.300920236114183153e-17
5.003933762073512298e+03 6.012550879521343745e-17
5.005979331016535980e+03 4.268533533054135853e-17
5.008024899959559662e+03 3.756486565443395301e-17
5.010070468902583343e+03 3.658877598800912929e-17
5.012116037845607025e+03 3.724204683985655822e-17
5.014161606788630706e+03 3.900824288377978291e-17
5.016207175731654388e+03 3.923292829920633671e-17
5.018252744674678070e+03 3.825327182998018434e-17
5.020298313617701751e+03 3.662741524878270632e-17
5.022343882560725433e+03 3.566530162598757856e-17
5.024389451503749115e+03 3.625024735923812740e-17
5.026435020446772796e+03 3.696448142223071446e-17
5.028480589389796478e+03 3.694678306584452988e-17
5.030526158332820160e+03 3.601805776129449253e-17
5.032571727275843841e+03 3.584427042331955163e-17
5.034617296218867523e+03 3.671697905678749795e-17
5.036662865161891204e+03 3.743898200009318305e-17
5.038708434104914886e+03 3.812874144312155113e-17
5.040754003047938568e+03 3.815146574890960790e-17
5.042799571990962249e+03 4.887083313253528930e-17
5.044845140933985931e+03 1.104404239149764518e-16
5.046890709877009613e+03 1.857736085673079005e-16
5.048936278820033294e+03 1.967073348435930237e-16
5.050981847763056976e+03 1.791445699034181359e-16
5.053027416706080658e+03 1.110912827081576761e-16
5.055072985649104339e+03 5.174375051394016205e-17
5.057118554592128021e+03 4.310593020224497141e-17
5.059164123535151703e+03 4.437592044903233607e-17
5.061209692478175384e+03 4.535769119190417398e-17
5.063255261421199066e+03 4.582194134761588544e-17
5.065300830364222747e+03 4.574590690571001114e-17
5.067346399307246429e+03 4.573289039159087670e-17
5.069391968250270111e+03 4.659773750051711904e-17
5.071437537193293792e+03 4.667612444408509415e-17
5.073483106136317474e+03 4.596245617263149336e-17
5.075528675079341156e+03 4.574979465458901037e-17
5.077574244022364837e+03 4.581500957408269107e-17
5.079619812965388519e+03 4.701458689840709180e-17
5.081665381908412201e+03 4.665769486003741270e-17
5.083710950851435882e+03 4.637280723962924954e-17
5.085756519794459564e+03 4.546048327226491362e-17
5.087802088737483245e+03 4.472551675439929747e-17
5.089847657680506927e+03 4.427257912074486121e-17
5.091893226623530609e+03 4.357536843475861546e-17
5.093938795566554290e+03 4.290747633840369922e-17
5.095984364509577972e+03 4.230572229510607286e-17
5.098029933452601654e+03 4.168965471848882891e-17
5.100075502395625335e+03 4.080372443010983499e-17
5.102121071338649017e+03 3.810708585468491286e-17
5.104166640281672699e+03 3.760218804367234562e-17
5.106212209224696380e+03 3.832832689004079586e-17
5.108257778167720062e+03 3.862348147621196719e-17
5.110303347110743744e+03 3.874901440597301467e-17
5.112348916053767425e+03 3.880852177924007948e-17
5.114394484996791107e+03 3.875691563518412119e-17
5.116440053939814788e+03 3.872727279075267089e-17
5.118485622882838470e+03 3.909133813939440986e-17
5.120531191825862152e+03 3.912934543417999637e-17
5.122576760768885833e+03 3.920241526077048063e-17
5.124622329711909515e+03 3.918613965503788725e-17
5.126667898654933197e+03 3.883984545467623754e-17
5.128713467597956878e+03 3.752190520214039897e-17
5.130759036540980560e+03 3.736241485387282459e-17
5.132804605484004242e+03 3.926107229236784092e-17
5.134850174427027923e+03 3.950517990857713982e-17
5.136895743370051605e+03 3.829881970322980425e-17
5.138941312313075287e+03 3.802705447605918233e-17
5.140986881256098968e+03 3.828487674682461042e-17
5.143032450199122650e+03 3.925100715867429568e-17
5.145078019142146331e+03 3.846087100267384280e-17
5.147123588085170013e+03 3.810055112784574395e-17
5.149169157028193695e+03 3.703744867842524214e-17
5.151214725971217376e+03 3.654394279880875519e-17
5.153260294914241058e+03 3.571728496440286103e-17
5.155305863857264740e+03 3.563916602735335310e-17
5.157351432800288421e+03 3.746885645509614819e-17
5.159397001743312103e+03 3.769012065150918267e-17
5.161442570686335785e+03 3.618794411550063336e-17
5.163488139629359466e+03 3.563862008814906810e-17
5.165533708572383148e+03 3.581367135809999003e-17
5.167579277515406829e+03 3.572178813565759972e-17
5.169624846458430511e+03 3.666126347944837622e-17
5.171670415401454193e+03 3.570703785097455413e-17
5.173715984344477874e+03 3.503629363586755504e-17
5.175761553287501556e+03 3.496387562759976258e-17
5.177807122230525238e+03 3.495092197920718216e-17
5.179852691173548919e+03 3.463700693674330816e-17
5.181898260116572601e+03 3.303866569144179406e-17
5.183943829059596283e+03 3.432375033004702637e-17
5.185989398002619055e+03 3.569513306759869095e-17
5.188034966945642736e+03 3.772809485907026707e-17
5.190080535888666418e+03 3.835197102067001160e-17
5.192126104831690100e+03 3.804261208902007967e-17
5.194171673774713781e+03 3.989274380406028519e-17
5.196217242717737463e+03 4.105648766424888877e-17
5.198262811660761145e+03 4.188819791783625682e-17
5.200308380603784826e+03 4.417901506729776315e-17
5.202353949546808508e+03 4.503142468853365817e-17
5.204399518489832190e+03 4.579671233893301810e-17
5.206445087432855871e+03 4.602857106463163176e-17
5.208490656375879553e+03 4.722963731405862794e-17
5.210536225318903234e+03 4.590304144359303449e-17
5.212581794261926916e+03 4.533571796611231535e-17
5.214627363204950598e+03 4.347610345252980193e-17
5.216672932147974279e+03 4.296796309351602681e-17
5.218718501090997961e+03 4.268178838007473115e-17
5.220764070034021643e+03 4.412210834987656506e-17
5.222809638977045324e+03 4.341812470903473511e-17
5.224855207920069006e+03 4.328871395656203904e-17
5.226900776863092688e+03 4.307255842761213206e-17
5.228946345806116369e+03 4.205444467734716432e-17
5.230991914749140051e+03 4.106975564127423933e-17
5.233037483692163732e+03 4.061696359140761240e-17
5.235083052635187414e+03 4.058834975965817807e-17
5.237128621578211096e+03 4.135819682959393029e-17
5.239174190521234777e+03 4.189702889805587294e-17
5.241219759464258459e+03 4.305103518807350228e-17
5.243265328407282141e+03 4.316237038980068959e-17
5.245310897350305822e+03 4.237346176982926540e-17
5.247356466293329504e+03 4.219292132933344158e-17
5.249402035236353186e+03 4.215924846095763293e-17
5.251447604179376867e+03 4.129933796592710705e-17
5.253493173122400549e+03 3.891239250311958827e-17
5.255538742065424231e+03 3.830940761507048301e-17
5.257584311008447912e+03 3.829457130360373190e-17
5.259629879951471594e+03 3.829744658341296623e-17
5.261675448894495275e+03 3.917200148400813090e-17
5.263721017837518957e+03 3.952584288027871445e-17
5.265766586780542639e+03 3.947166585887894135e-17
5.267812155723566320e+03 3.944747248032299039e-17
5.269857724666590002e+03 3.985368764425798144e-17
5.271903293609613684e+03 3.991446225822347748e-17
5.273948862552637365e+03 3.975589173479706208e-17
5.275994431495661047e+03 3.849475232056401481e-17
5.278040000438684729e+03 3.819327807451293835e-17
5.280085569381708410e+03 3.817011039991655315e-17
5.282131138324732092e+03 3.807253286613734779e-17
5.284176707267755774e+03 3.850189916105647297e-17
5.286222276210779455e+03 3.865882524942513296e-17
5.288267845153803137e+03 4.005313081611186704e-17
5.290313414096826818e+03 4.023037907776972981e-17
5.292358983039850500e+03 3.934997104716013991e-17
5.294404551982874182e+03 3.917112798128127491e-17
5.296450120925897863e+03 3.910116835379399004e-17
5.298495689868921545e+03 3.823111000700866362e-17
5.300541258811945227e+03 3.819700038726942697e-17
5.302586827754968908e+03 4.045502147980443086e-17
5.304632396697992590e+03 4.085416921258576883e-17
5.306677965641016272e+03 4.073011859048241638e-17
5.308723534584039953e+03 4.027256859773238444e-17
5.310769103527063635e+03 4.007366143891543319e-17
5.312814672470087316e+03 3.914154800257637864e-17
5.314860241413110998e+03 3.899741674392268888e-17
5.316905810356134680e+03 4.092294100871342755e-17
5.318951379299158361e+03 4.373190078515570020e-17
5.320996948242182043e+03 4.405702908800334305e-17
5.323042517185205725e+03 4.305943603437459083e-17
5.325088086128229406e+03 4.186632395371790456e-17
5.327133655071253088e+03 4.152786811684080733e-17
5.329179224014276770e+03 4.076644505426329514e-17
5.331224792957300451e+03 4.239714229640543348e-17
5.333270361900324133e+03 4.076785126130463529e-17
5.335315930843347815e+03 4.024268090783961844e-17
5.337361499786371496e+03 3.965904873740180381e-17
5.339407068729395178e+03 3.946035664554411635e-17
5.341452637672418859e+03 3.934911408804553498e-17
5.343498206615442541e+03 3.914917460782411755e-17
5.345543775558466223e+03 3.788130194340488864e-17
5.347589344501489904e+03 3.894522164727059284e-17
5.349634913444513586e+03 4.008937456183149050e-17
5.351680482387537268e+03 4.014531844101967687e-17
5.353726051330560949e+03 3.991799597380030402e-17
5.355771620273584631e+03 3.987364585807766089e-17
5.357817189216608313e+03 4.095026443870727916e-17
5.359862758159631994e+03 4.328605043498961829e-17
5.361908327102655676e+03 4.350859841571333507e-17
5.363953896045679357e+03 4.187857946167349021e-17
5.365999464988703039e+03 4.168362291746209223e-17
5.368045033931726721e+03 4.338812783130111211e-17
5.370090602874750402e+03 4.367180776801494785e-17
5.372136171817774084e+03 4.347290060919799660e-17
5.374181740760797766e+03 4.273664368957679773e-17
5.376227309703821447e+03 4.351937161601122570e-17
5.378272878646845129e+03 4.343906892214457777e-17
5.380318447589868811e+03 4.329279692006560078e-17
5.382364016532892492e+03 4.323193297059394901e-17
5.384409585475916174e+03 4.318721227795688212e-17
5.386455154418939856e+03 4.308930056321020534e-17
5.388500723361963537e+03 4.215248543226939937e-17
5.390546292304987219e+03 4.106252277399807566e-17
5.392591861248010900e+03 4.062039473658848236e-17
5.394637430191034582e+03 4.052734684384361739e-17
5.396682999134058264e+03 4.056395785775521439e-17
5.398728568077081945e+03 4.160357830394656085e-17
5.400774137020105627e+03 4.173964620598908369e-17
5.402819705963129309e+03 4.127971724179734924e-17
5.404865274906152990e+03 4.128700304863271631e-17
5.406910843849176672e+03 4.292158473093140366e-17
5.408956412792200354e+03 4.300607295869756990e-17
5.411001981735224035e+03 4.063930077666899436e-17
5.413047550678247717e+03 4.008160899024084268e-17
5.415093119621271399e+03 3.962485309087886165e-17
5.417138688564295080e+03 3.955087998305946949e-17
5.419184257507318762e+03 4.046846812784209288e-17
5.421229826450342443e+03 4.059685317635522320e-17
5.423275395393366125e+03 4.048760577849411972e-17
5.425320964336389807e+03 4.046259845421541659e-17
5.427366533279413488e+03 4.069545641409399431e-17
5.429412102222437170e+03 4.072544005693781645e-17
5.431457671165460852e+03 4.057499906457157220e-17
5.433503240108484533e+03 3.933636888916731793e-17
5.435548809051508215e+03 3.905494880988697706e-17
5.437594377994531897e+03 3.908342367529350249e-17
5.439639946937555578e+03 3.958546275010908647e-17
5.441685515880579260e+03 4.015306746899807364e-17
5.443731084823602941e+03 4.017147389198860361e-17
5.445776653766626623e+03 4.003123038221391308e-17
5.447822222709650305e+03 3.908023075812904780e-17
5.449867791652673986e+03 3.886298665949302104e-17
5.451913360595697668e+03 3.885619716102518579e-17
5.453958929538721350e+03 3.873185868006866488e-17
5.456004498481745031e+03 3.832706295806481483e-17
5.458050067424768713e+03 3.825406261464578503e-17
5.460095636367792395e+03 3.861163294111775762e-17
5.462141205310816076e+03 3.874517297920831841e-17
5.464186774253839758e+03 3.965830758357295630e-17
5.466232343196863440e+03 4.000982294796104073e-17
5.468277912139887121e+03 4.016066429574376064e-17
5.470323481082910803e+03 4.017166910661316612e-17
5.472369050025934484e+03 4.029919057856679108e-17
5.474414618968958166e+03 4.005253524607082886e-17
5.476460187911981848e+03 4.010232821022407092e-17
5.478505756855005529e+03 4.015301783816132045e-17
5.480551325798029211e+03 4.079549232865370726e-17
5.482596894741052893e+03 4.091600592645778297e-17
5.484642463684076574e+03 4.055369420071465642e-17
5.486688032627100256e+03 3.883722825521811976e-17
5.488733601570123938e+03 4.027608907841941012e-17
5.490779170513147619e+03 4.107495364424352256e-17
5.492824739456171301e+03 4.098092636965339479e-17
5.494870308399194982e+03 3.998451783866181850e-17
5.496915877342218664e+03 3.893583811040179129e-17
5.498961446285242346e+03 3.877327065025551966e-17
5.501007015228266027e+03 3.873244432394235242e-17
5.503052584171289709e+03 3.878600592296638607e-17
5.505098153114313391e+03 4.001388605912990120e-17
5.507143722057337072e+03 4.017683402235794723e-17
5.509189291000360754e+03 3.921389983639516686e-17
5.511234859943384436e+03 3.751351759072911126e-17
5.513280428886408117e+03 3.732618434304300198e-17
5.515325997829431799e+03 3.926839449515016033e-17
5.517371566772455481e+03 4.140814199497988210e-17
5.519417135715479162e+03 4.158994636745168695e-17
5.521462704658502844e+03 4.035845310637254020e-17
5.523508273601526525e+03 3.847192213565755125e-17
5.525553842544550207e+03 3.747404784062053100e-17
5.527599411487573889e+03 3.735270375348145205e-17
5.529644980430597570e+03 3.735877195045514106e-17
5.531690549373621252e+03 3.771395337931806051e-17
5.533736118316644934e+03 3.768603107056072050e-17
5.535781687259668615e+03 3.678642583229499994e-17
5.537827256202692297e+03 3.669600175645315317e-17
5.539872825145715979e+03 3.845044852695567465e-17
5.541918394088739660e+03 4.032311264188182464e-17
5.543963963031763342e+03 4.074547768009630100e-17
5.546009531974787024e+03 4.036755540183307371e-17
5.548055100917810705e+03 3.888760686324504935e-17
5.550100669860834387e+03 3.821739204373008421e-17
5.552146238803858068e+03 3.762104114419365423e-17
5.554191807746881750e+03 3.752448269692911420e-17
5.556237376689905432e+03 3.736998851956136011e-17
5.558282945632929113e+03 3.563289930703265136e-17
5.560328514575952795e+03 3.526908542129712852e-17
5.562374083518976477e+03 3.555623951658368697e-17
5.564419652462000158e+03 3.765551803212486442e-17
5.566465221405023840e+03 4.090276441921203410e-17
5.568510790348047522e+03 4.038513795293350087e-17
5.570556359291071203e+03 4.279016558393142883e-17
5.572601928234094885e+03 4.988221694133652560e-17
5.574647497177118566e+03 5.340961285828315470e-17
5.576693066120142248e+03 5.271376205722394612e-17
5.578738635063165930e+03 4.113581097627027391e-17
5.580784204006189611e+03 3.518642360832347936e-17
5.582829772949213293e+03 3.529530042927015907e-17
5.584875341892236975e+03 4.092744087124571602e-17
5.586920910835260656e+03 4.336946332795946560e-17
5.588966479778284338e+03 4.326910315859963186e-17
5.591012048721308020e+03 4.133950916519513229e-17
5.593057617664331701e+03 3.991849889961273626e-17
5.595103186607355383e+03 3.973522876309548745e-17
5.597148755550379065e+03 3.969472007413754058e-17
5.599194324493402746e+03 4.029997805450994156e-17
5.601239893436426428e+03 4.098138297335152406e-17
5.603285462379450109e+03 4.113060966457854047e-17
5.605331031322473791e+03 4.282454651891158288e-17
5.607376600265497473e+03 4.549960229779377141e-17
5.609422169208521154e+03 4.692050668425776065e-17
5.611467738151544836e+03 4.684750303211628064e-17
5.613513307094568518e+03 4.664424159455485025e-17
5.615558876037592199e+03 4.532960675574677358e-17
5.617604444980615881e+03 4.439417467079015628e-17
5.619650013923639563e+03 4.280962418066112626e-17
5.621695582866663244e+03 4.251374498427335847e-17
5.623741151809686926e+03 4.240565894799227945e-17
5.625786720752710607e+03 4.192620190389939312e-17
5.627832289695734289e+03 4.180755442555723705e-17
5.629877858638757971e+03 4.169680486770373728e-17
5.631923427581781652e+03 4.164116869970342064e-17
5.633968996524805334e+03 4.140120029527933709e-17
5.636014565467829016e+03 4.063299766040134029e-17
5.638060134410852697e+03 4.011540759006975939e-17
5.640105703353876379e+03 4.000792704999706919e-17
5.642151272296900061e+03 3.966312839218291534e-17
5.644196841239923742e+03 3.955343431679103324e-17
5.646242410182947424e+03 3.890287661735277824e-17
5.648287979125971106e+03 3.765697387000295775e-17
5.650333548068994787e+03 3.827269403076292943e-17
5.652379117012018469e+03 3.847823848681500617e-17
5.654424685955042150e+03 3.824177732818814747e-17
5.656470254898065832e+03 3.627196581340131969e-17
5.658515823841089514e+03 3.577082671109219341e-17
5.660561392784113195e+03 3.515440179245032655e-17
5.662606961727136877e+03 3.662695533636212684e-17
5.664652530670160559e+03 3.534089793335653217e-17
5.666698099613184240e+03 3.494324574312269007e-17
5.668743668556207922e+03 3.429257554712112786e-17
5.670789237499231604e+03 3.227495299292873509e-17
5.672834806442255285e+03 3.201465579777054834e-17
5.674880375385278967e+03 3.310513461674410515e-17
5.676925944328302649e+03 3.317085246205021809e-17
5.678971513271326330e+03 3.201886449272721815e-17
5.681017082214350012e+03 3.192863232278748368e-17
5.683062651157373693e+03 3.343739652519440531e-17
5.685108220100397375e+03 3.410278722737696119e-17
5.687153789043421057e+03 3.508645717693522085e-17
5.689199357986444738e+03 3.526545906149169604e-17
5.691244926929468420e+03 3.547899739098348524e-17
5.693290495872492102e+03 3.527635799324269474e-17
5.695336064815515783e+03 3.517235492046517746e-17
5.697381633758539465e+03 3.523849628224491755e-17
5.699427202701563147e+03 3.628493600540615117e-17
5.701472771644586828e+03 3.633297534666078080e-17
5.703518340587610510e+03 3.493910984005992493e-17
5.705563909530634191e+03 3.468110889828218539e-17
5.707609478473657873e+03 3.470491184758901131e-17
5.709655047416681555e+03 3.449163159844833865e-17
5.711700616359705236e+03 3.387846908014238094e-17
5.713746185302728918e+03 3.376127743967831819e-17
5.715791754245752600e+03 3.420651567619111086e-17
5.717837323188776281e+03 3.542308659901980100e-17
5.719882892131799963e+03 3.563789878665492186e-17
5.721928461074823645e+03 3.604862704801200222e-17
5.723974030017847326e+03 3.611419930953030583e-17
5.726019598960871008e+03 3.607540123007911862e-17
5.728065167903894690e+03 3.603695056648520368e-17
5.730110736846918371e+03 3.607214213846565969e-17
5.732156305789942053e+03 3.672500601745171253e-17
5.734201874732965734e+03 3.691901626704234985e-17
5.736247443675989416e+03 3.716055962335273436e-17
5.738293012619013098e+03 3.493552318492389500e-17
5.740338581562036779e+03 3.483840225484281892e-17
5.742384150505060461e+03 3.455299516500997246e-17
5.744429719448084143e+03 3.490915928444060490e-17
5.746475288391107824e+03 3.546230157749971493e-17
5.748520857334131506e+03 3.544652889757955380e-17
5.750566426277155188e+03 3.447873750705986206e-17
5.752611995220178869e+03 3.346802536891601882e-17
5.754657564163202551e+03 3.333594116870355136e-17
5.756703133106226232e+03 3.360500978707725041e-17
5.758748702049249914e+03 3.405071786217797321e-17
5.760794270992273596e+03 3.360398739184013487e-17
5.762839839935297277e+03 3.305215535287130883e-17
5.764885408878320959e+03 3.298359531498046369e-17
5.766930977821344641e+03 3.364019805033525621e-17
5.768976546764368322e+03 3.532480099863625025e-17
5.771022115707392004e+03 3.561839717653337168e-17
5.773067684650415686e+03 3.588123547053332133e-17
5.775113253593439367e+03 3.532470835440764431e-17
5.777158822536463049e+03 3.517256336997954082e-17
5.779204391479486731e+03 3.520200769106397840e-17
5.781249960422510412e+03 3.552397285524921846e-17
5.783295529365534094e+03 3.551348420508204607e-17
5.785341098308557775e+03 3.489015398268658654e-17
5.787386667251581457e+03 3.482371483588632736e-17
5.789432236194605139e+03 3.547131453745409272e-17
5.791477805137628820e+03 3.563491101028238032e-17
5.793523374080652502e+03 3.555452228963202688e-17
5.795568943023676184e+03 3.499675109386507011e-17
5.797614511966699865e+03 3.488751362217131727e-17
5.799660080909723547e+03 3.486076260116135236e-17
5.801705649852747229e+03 3.463002553237336061e-17
5.803751218795770910e+03 3.443737847643221067e-17
5.805796787738794592e+03 3.301471054090225838e-17
5.807842356681818274e+03 3.263213289015158265e-17
5.809887925624841955e+03 3.119155814872108241e-17
5.811933494567865637e+03 3.041249297803903925e-17
5.813979063510889318e+03 3.094392343437985741e-17
5.816024632453913000e+03 3.162887530368806730e-17
5.818070201396936682e+03 3.169540709471693242e-17
5.820115770339960363e+03 3.164953165794474150e-17
5.822161339282984045e+03 3.161893921017008033e-17
5.824206908226007727e+03 3.201152243761019747e-17
5.826252477169031408e+03 3.267242982087271595e-17
5.828298046112055090e+03 3.261297207844240432e-17
5.830343615055078772e+03 3.082631820360951815e-17
5.832389183998102453e+03 2.960753374546163611e-17
5.834434752941126135e+03 2.921320682129025718e-17
5.836480321884149816e+03 2.947855312690746761e-17
5.838525890827173498e+03 2.958756229675215581e-17
5.840571459770197180e+03 2.945817470533661122e-17
5.842617028713220861e+03 2.812324085429648325e-17
5.844662597656244543e+03 2.803572514548837292e-17
5.846708166599268225e+03 2.975722696655413242e-17
5.848753735542291906e+03 3.008495261652519178e-17
5.850799304485315588e+03 2.968047453187656209e-17
5.852844873428339270e+03 2.686680644338763761e-17
5.854890442371362951e+03 2.653476291061905145e-17
5.856936011314386633e+03 2.839351715636450973e-17
5.858981580257410315e+03 2.872593457476996985e-17
5.861027149200433996e+03 2.858541313230946151e-17
5.863072718143457678e+03 2.783135197718367127e-17
5.865118287086481359e+03 2.630806910066521890e-17
5.867163856029505041e+03 2.606741248197149124e-17
5.869209424972528723e+03 2.612988281619272099e-17
5.871254993915552404e+03 2.638206206081931233e-17
5.873300562858576086e+03 2.635421750703955231e-17
5.875346131801599768e+03 2.625331139847543357e-17
5.877391700744623449e+03 2.548693848711240407e-17
5.879437269687647131e+03 2.537705085145718455e-17
5.881482838630670813e+03 2.608160359256045098e-17
5.883528407573694494e+03 2.726269343019429155e-17
5.885573976516718176e+03 2.712451952631220870e-17
5.887619545459741857e+03 2.385632396303152104e-17
5.889665114402765539e+03 2.343276447601251811e-17
5.891710683345789221e+03 2.513490861638331166e-17
5.893756252288812902e+03 2.518631292836980701e-17
5.895801821231836584e+03 2.289794919660513296e-17
5.897847390174860266e+03 2.269909828606983532e-17
5.899892959117883947e+03 2.475167252986504372e-17
5.901938528060907629e+03 2.501226254696007424e-17
5.903984097003931311e+03 2.515844355917167040e-17
5.906029665946954992e+03 2.767131899843426211e-17
5.908075234889978674e+03 2.811927038735622872e-17
5.910120803833002356e+03 2.815306236974024501e-17
5.912166372776026037e+03 2.836888702644513077e-17
5.914211941719049719e+03 3.049275596723628463e-17
5.916257510662073400e+03 2.962969225971070662e-17
5.918303079605097082e+03 2.928698802320753704e-17
5.920348648548120764e+03 2.947694508779666453e-17
5.922394217491144445e+03 3.139145130682819687e-17
5.924439786434168127e+03 3.412954486583182653e-17
5.926485355377191809e+03 4.072290888426340419e-17
5.928530924320215490e+03 4.656914682982483619e-17
5.930576493263239172e+03 4.974704239435556003e-17
5.932622062206262854e+03 4.959962226558635944e-17
5.934667631149286535e+03 4.480556467663727907e-17
5.936713200092310217e+03 4.334708312930623088e-17
5.938758769035333899e+03 4.258012788279196405e-17
5.940804337978357580e+03 4.295614764564631937e-17
5.942849906921381262e+03 4.301204520272020276e-17
5.944895475864404943e+03 4.316353836882561446e-17
5.946941044807428625e+03 4.523668790317746688e-17
5.948986613750452307e+03 4.557154715875118354e-17
5.951032182693475988e+03 4.549899680158538259e-17
5.953077751636499670e+03 4.569328167513938752e-17
5.955123320579523352e+03 4.601449245060597922e-17
5.957168889522547033e+03 4.705915869853389915e-17
5.959214458465570715e+03 4.724235935187969351e-17
5.961260027408594397e+03 4.703648402358259555e-17
5.963305596351618078e+03 4.544126290355163147e-17
5.965351165294641760e+03 4.443569252009541785e-17
5.967396734237665441e+03 4.433651025592785962e-17
5.969442303180689123e+03 4.441958565920778529e-17
5.971487872123712805e+03 4.427296624127153603e-17
5.973533441066736486e+03 4.144916353591761185e-17
5.975579010009760168e+03 4.086493248671630883e-17
5.977624578952783850e+03 4.004505091588844907e-17
5.979670147895807531e+03 3.989483160792636903e-17
5.981715716838831213e+03 3.979750222833092958e-17
5.983761285781854895e+03 3.853123760302250376e-17
5.985806854724878576e+03 3.827834201998544150e-17
5.987852423667902258e+03 3.806762933946613344e-17
5.989897992610925940e+03 3.790355971932746551e-17
5.991943561553949621e+03 3.668123492815785652e-17
5.993989130496973303e+03 3.610624844948244613e-17
5.996034699439996984e+03 3.604446798389208560e-17
5.998080268383020666e+03 3.543557702626935172e-17
6.000125837326044348e+03 3.448489834826215701e-17
6.002171406269068029e+03 3.415535951838838142e-17
6.004216975212091711e+03 3.427262395074634883e-17
6.006262544155115393e+03 3.569214859994859963e-17
6.008308113098139074e+03 3.583601185208382220e-17
6.010353682041162756e+03 3.487099317097740821e-17
6.012399250984186438e+03 3.475742789031877793e-17
6.014444819927210119e+03 3.526158454750249766e-17
6.016490388870233801e+03 3.523765586674256368e-17
6.018535957813257482e+03 3.421142912902967585e-17
6.020581526756281164e+03 3.378713510562672583e-17
6.022627095699304846e+03 3.390822772985958866e-17
6.024672664642328527e+03 3.584464100023397539e-17
6.026718233585352209e+03 3.726168079887611688e-17
6.028763802528375891e+03 3.632981551672082824e-17
6.030809371471399572e+03 3.842515334382380307e-17
6.032854940414423254e+03 3.865819990088204287e-17
6.034900509357446936e+03 3.873840664179763465e-17
6.036946078300470617e+03 3.854134905883035197e-17
6.038991647243494299e+03 3.774355982780255847e-17
6.041037216186517981e+03 3.580471795514971606e-17
6.043082785129541662e+03 3.573203855780835683e-17
6.045128354072565344e+03 3.806566395833070745e-17
6.047173923015589025e+03 3.850421526677162145e-17
6.049219491958612707e+03 3.825538610362586988e-17
6.051265060901636389e+03 3.620720749760576826e-17
6.053310629844660070e+03 3.506418285740039293e-17
6.055356198787683752e+03 3.503993984800768879e-17
6.057401767730707434e+03 3.430482112890936288e-17
6.059447336673731115e+03 3.425634503629130525e-17
6.061492905616754797e+03 3.418205098239424252e-17
6.063538474559778479e+03 3.430883130051901996e-17
6.065584043502802160e+03 3.499747570408166656e-17
6.067629612445825842e+03 3.489349579236130077e-17
6.069675181388849524e+03 3.280188689545971499e-17
6.071720750331873205e+03 3.245981793366698614e-17
6.073766319274896887e+03 3.251508021603042881e-17
6.075811888217920568e+03 3.225614621452172945e-17
6.077857457160944250e+03 3.174972308245961443e-17
6.079903026103967932e+03 3.138384455391515923e-17
6.081948595046991613e+03 3.110357591004749218e-17
6.083994163990015295e+03 3.076547741519501786e-17
6.086039732933038977e+03 3.069522992885456453e-17
6.088085301876062658e+03 3.078989909560003345e-17
6.090130870819086340e+03 3.131184344467609348e-17
6.092176439762110022e+03 3.028153705218209412e-17
6.094222008705133703e+03 3.039220058325188838e-17
6.096267577648157385e+03 3.048716753501787638e-17
6.098313146591181066e+03 3.046472116191563742e-17
6.100358715534204748e+03 3.015886947606293033e-17
6.102404284477228430e+03 2.943165860362061137e-17
6.104449853420252111e+03 3.008790068822833077e-17
6.106495422363275793e+03 3.050292698004823666e-17
6.108540991306299475e+03 3.052150545660617766e-17
6.110586560249323156e+03 3.020669705908074639e-17
6.112632129192346838e+03 2.890816908116030227e-17
6.114677698135370520e+03 2.837906796542443344e-17
6.116723267078394201e+03 2.878071378365568156e-17
6.118768836021417883e+03 2.961822753642072165e-17
6.120814404964441565e+03 2.975948351526517708e-17
6.122859973907465246e+03 3.002875065698588886e-17
6.124905542850488928e+03 3.010352447563823235e-17
6.126951111793512609e+03 3.040975335585026362e-17
6.128996680736536291e+03 3.071869538847146882e-17
6.131042249679559973e+03 3.108127512073306255e-17
6.133087818622583654e+03 3.118946372741009815e-17
6.135133387565607336e+03 3.180176266915655050e-17
6.137178956508631018e+03 3.190571280237486439e-17
6.139224525451654699e+03 3.185196260617116865e-17
6.141270094394678381e+03 3.192034066432725213e-17
6.143315663337702063e+03 3.285046555847372920e-17
6.145361232280725744e+03 3.322279609579609802e-17
6.147406801223749426e+03 3.541147960066445691e-17
6.149452370166773107e+03 3.573936737803557666e-17
6.151497939109796789e+03 3.505990467927226867e-17
6.153543508052820471e+03 3.391730355554052048e-17
6.155589076995844152e+03 3.258717396949810049e-17
6.157634645938867834e+03 3.208555179371124324e-17
6.159680214881891516e+03 3.154320255328472511e-17
6.161725783824915197e+03 3.144157514322646013e-17
6.163771352767938879e+03 3.189984312874818810e-17
6.165816921710962561e+03 3.374279491607143334e-17
6.167862490653986242e+03 3.390796964950847211e-17
6.169908059597009924e+03 3.267369706157114719e-17
6.171953628540033606e+03 3.257950765958095903e-17
6.173999197483057287e+03 3.350390515516611894e-17
6.176044766426080969e+03 3.364906211777937445e-17
6.178090335369104650e+03 3.357580700273167832e-17
6.180135904312128332e+03 3.314897518920941562e-17
6.182181473255152014e+03 3.307464143064295034e-17
6.184227042198175695e+03 3.307872439414651208e-17
6.186272611141199377e+03 3.304492248559514516e-17
6.188318180084223059e+03 3.313980010185497743e-17
6.190363749027246740e+03 3.443497303521090647e-17
6.192409317970270422e+03 3.550291283685361838e-17
6.194454886913294104e+03 3.561053565199166770e-17
6.196500455856317785e+03 3.553177813150926883e-17
6.198546024799341467e+03 3.515632085147144957e-17
6.200591593742365149e+03 3.539465805572757854e-17
6.202637162685388830e+03 3.569888515885723148e-17
6.204682731628412512e+03 3.811328309183416015e-17
6.206728300571436193e+03 3.840975124081806569e-17
6.208773869514459875e+03 3.707014547367823822e-17
6.210819438457483557e+03 3.585459032864176320e-17
6.212865007400507238e+03 3.572602660911632143e-17
6.214910576343530920e+03 3.558201777319328952e-17
6.216956145286554602e+03 3.498996821284213528e-17
6.219001714229578283e+03 3.489066352594391920e-17
6.221047283172601965e+03 3.494427475580470603e-17
6.223092852115625647e+03 3.530501814710643204e-17
6.225138421058649328e+03 3.538819612078231429e-17
6.227183990001673010e+03 3.557841126572255832e-17
6.229229558944696691e+03 3.576068878550474350e-17
6.231275127887720373e+03 3.634641537725354240e-17
6.233320696830744055e+03 3.430685599321624333e-17
6.235366265773767736e+03 3.498784732175154932e-17
6.237411834716791418e+03 3.490748837960324779e-17
6.239457403659815100e+03 3.517167332364043377e-17
6.241502972602838781e+03 3.473607008690265876e-17
6.243548541545862463e+03 3.313196504709287516e-17
6.245594110488886145e+03 3.241283407487397417e-17
6.247639679431909826e+03 3.290876524804646659e-17
6.249685248374933508e+03 3.282249361887963602e-17
6.251730817317957190e+03 3.282581888494209919e-17
6.253776386260980871e+03 3.282957097620063972e-17
6.255821955204004553e+03 3.287186637528170113e-17
6.257867524147028234e+03 3.336741042792751874e-17
6.259913093090051916e+03 3.350094384857317910e-17
6.261958662033075598e+03 3.352845256702424259e-17
6.264004230976099279e+03 3.396789392180426365e-17
6.266049799919122961e+03 3.430161497685510735e-17
6.268095368862146643e+03 3.428310267474617059e-17
6.270140937805170324e+03 3.377213335803746412e-17
6.272186506748194006e+03 3.352984884789823210e-17
6.274232075691217688e+03 3.336510093965727069e-17
6.276277644634241369e+03 3.189197167803913349e-17
6.278323213577265051e+03 3.168134171558108073e-17
6.280368782520288732e+03 3.237747375804855734e-17
6.282414351463312414e+03 3.405908892997700985e-17
6.284459920406336096e+03 3.579764390655116256e-17
6.286505489349359777e+03 3.616401212601824916e-17
6.288551058292383459e+03 3.675887740917453390e-17
6.290596627235407141e+03 3.691103893721488845e-17
6.292642196178430822e+03 3.652614187202661404e-17
6.294687765121454504e+03 3.761390753859099692e-17
6.296733334064478186e+03 4.782105490842179167e-17
6.298778903007501867e+03 3.813133879024496764e-17
6.300824471950525549e+03 3.425684796210373749e-17
6.302870040893549231e+03 3.206195398519633046e-17
6.304915609836572912e+03 3.236644247739955016e-17
6.306961178779596594e+03 3.891496668918585330e-17
6.309006747722620275e+03 3.989560584897971867e-17
6.311052316665643957e+03 3.976060997301106455e-17
6.313097885608667639e+03 4.115764192699677341e-17
6.315143454551691320e+03 4.283005554179118604e-17
6.317189023494715002e+03 4.329045434457085061e-17
6.319234592437738684e+03 4.586739326791444921e-17
6.321280161380762365e+03 4.789795954433207176e-17
6.323325730323786047e+03 4.836394347060769437e-17
6.325371299266809729e+03 5.013635329529241740e-17
6.327416868209833410e+03 5.492189423265465180e-17
6.329462437152857092e+03 6.393292189312151748e-17
6.331508006095880774e+03 7.049037303807849288e-17
6.333553575038904455e+03 7.618916438509112259e-17
6.335599143981928137e+03 7.871565190851388693e-17
6.337644712924951818e+03 7.905811129955574081e-17
6.339690281867975500e+03 7.905808482977613912e-17
6.341735850810999182e+03 7.903690900609478161e-17
6.343781419754022863e+03 7.792953254156799155e-17
6.345826988697046545e+03 7.513950527498583260e-17
6.347872557640070227e+03 7.415053475206233313e-17
6.349918126583093908e+03 7.171409741884454160e-17
6.351963695526117590e+03 7.144019475697108265e-17
6.354009264469141272e+03 7.320326736690130711e-17
6.356054833412164953e+03 7.528614123653433292e-17
6.358100402355188635e+03 7.563634965555458356e-17
6.360145971298212316e+03 7.546150352639557479e-17
6.362191540241235998e+03 7.388008639642689563e-17
6.364237109184259680e+03 6.772029736787111296e-17
6.366282678127283361e+03 6.001665182660145901e-17
6.368328247070307043e+03 5.876469080844530014e-17
6.370373816013330725e+03 5.885012202210977684e-17
6.372419384956354406e+03 5.757658151613333458e-17
6.374464953899378088e+03 5.456618009947724821e-17
6.376510522842401770e+03 5.150245862053599367e-17
6.378556091785425451e+03 5.239315016052084281e-17
6.380601660728449133e+03 5.182344771159842116e-17
6.382647229671472815e+03 5.206299590827132776e-17
6.384692798614496496e+03 5.226146300700240080e-17
6.386738367557520178e+03 5.311688687439043905e-17
6.388783936500543859e+03 5.325950604688438187e-17
6.390829505443567541e+03 5.332907193640009150e-17
6.392875074386591223e+03 5.503180006628334748e-17
6.394920643329614904e+03 6.091786841270043287e-17
6.396966212272638586e+03 6.222363587534194109e-17
6.399011781215662268e+03 6.214038180104970396e-17
6.401057350158685949e+03 6.276342747331444525e-17
6.403102919101709631e+03 6.361503969243983915e-17
6.405148488044733313e+03 6.282823872866920008e-17
6.407194056987756994e+03 6.217289330784548816e-17
6.409239625930780676e+03 6.188341979812133102e-17
6.411285194873804357e+03 6.120621695679151790e-17
6.413330763816828039e+03 5.930378095725835933e-17
6.415376332759851721e+03 5.813459755736160705e-17
6.417421901702875402e+03 5.797812145524617591e-17
6.419467470645899084e+03 5.743952761480064853e-17
6.421513039588922766e+03 5.721293306652032234e-17
6.423558608531946447e+03 5.598253168384974558e-17
6.425604177474970129e+03 5.452372257299612640e-17
6.427649746417993811e+03 5.094140186337597627e-17
6.429695315361017492e+03 5.045256459113673861e-17
6.431740884304041174e+03 5.048430847432407360e-17
6.433786453247064856e+03 4.929046516600589045e-17
6.435832022190088537e+03 4.785270283865807051e-17
6.437877591133112219e+03 4.712398980622335525e-17
6.439923160076135900e+03 4.450725356924860538e-17
6.441968729019159582e+03 4.411210608190957384e-17
6.444014297962183264e+03 4.432685540381814068e-17
6.446059866905206945e+03 4.411586479061301480e-17
6.448105435848230627e+03 4.205146020969707300e-17
6.450151004791254309e+03 4.146959158832522142e-17
6.452196573734277990e+03 4.148727009237670473e-17
6.454242142677301672e+03 4.150176229670863377e-17
6.456287711620325354e+03 4.178522054901830530e-17
6.458333280563349035e+03 4.160104713127214858e-17
6.460378849506372717e+03 3.945193594690832653e-17
6.462424418449396399e+03 3.930974359961046107e-17
6.464469987392420080e+03 4.102687459831949037e-17
6.466515556335443762e+03 4.125681426499698101e-17
6.468561125278467443e+03 4.123629356836076550e-17
6.470606694221491125e+03 4.157583135747908209e-17
6.472652263164514807e+03 4.159316906311819355e-17
6.474697832107538488e+03 4.170538107629468707e-17
6.476743401050562170e+03 4.292197846890297890e-17
6.478788969993585852e+03 4.300452116786842042e-17
6.480834538936609533e+03 4.205509649566985611e-17
6.482880107879633215e+03 4.166950129004458694e-17
6.484925676822656897e+03 4.091293543202398613e-17
6.486971245765680578e+03 4.089233532604896553e-17
6.489016814708704260e+03 4.178882043904413607e-17
6.491062383651727941e+03 4.249497791053575538e-17
6.493107952594751623e+03 4.424772730642131805e-17
6.495153521537775305e+03 4.444297832693078491e-17
6.497199090480798986e+03 4.374648894243868540e-17
6.499244659423822668e+03 4.395845562876662385e-17
6.501290228366846350e+03 4.673136356539138534e-17
6.503335797309870031e+03 4.704298897191971256e-17
6.505381366252893713e+03 4.591980343152580904e-17
6.507426935195917395e+03 4.604833737254919891e-17
6.509472504138941076e+03 4.898893798039561059e-17
6.511518073081964758e+03 5.085891210396973814e-17
6.513563642024988440e+03 5.117819720297030639e-17
6.515609210968012121e+03 5.154831420497348331e-17
6.517654779911035803e+03 5.348063789439940787e-17
6.519700348854059484e+03 5.352472331232603403e-17
6.521745917797083166e+03 5.129268892591499606e-17
6.523791486740106848e+03 5.113991197549890206e-17
6.525837055683130529e+03 5.278408233545830411e-17
6.527882624626154211e+03 5.332226589432000519e-17
6.529928193569177893e+03 5.332476397976991533e-17
6.531973762512201574e+03 5.329056171580207274e-17
6.534019331455225256e+03 5.287823203277908972e-17
6.536064900398248938e+03 5.216349504397407042e-17
6.538110469341272619e+03 5.082833950852977823e-17
6.540156038284296301e+03 4.861755704641645265e-17
6.542201607227319982e+03 4.837931248638892962e-17
6.544247176170343664e+03 4.823332503444067087e-17
6.546292745113367346e+03 4.732335356873843576e-17
6.548338314056391027e+03 4.947407279221306090e-17
6.550383882999414709e+03 4.822939427216981888e-17
6.552429451942438391e+03 4.787741237791625455e-17
6.554475020885462072e+03 4.806539744392505562e-17
6.556520589828485754e+03 4.877921791661136617e-17
6.558566158771509436e+03 4.972553569842918131e-17
6.560611727714533117e+03 5.664702903097074420e-17
6.562657296657556799e+03 5.753828636249457961e-17
6.564702865600580481e+03 5.593921388953156863e-17
6.566748434543604162e+03 5.606963049362912919e-17
6.568794003486627844e+03 5.922269078744856093e-17
6.570839572429651525e+03 6.152763949049492318e-17
6.572885141372675207e+03 6.435467150896025438e-17
6.574930710315698889e+03 6.832347085309988031e-17
6.576976279258722570e+03 7.336433597577763266e-17
6.579021848201746252e+03 7.667884869027761455e-17
6.581067417144769934e+03 8.177428126360426503e-17
6.583112986087793615e+03 9.067436746031551863e-17
6.585158555030817297e+03 9.915781932609606325e-17
6.587204123973840979e+03 1.084658974706980718e-16
6.589249692916864660e+03 1.175682657231254930e-16
6.591295261859888342e+03 1.312781954235957890e-16
6.593340830802912024e+03 1.471579853069151871e-16
6.595386399745935705e+03 1.601339741934794327e-16
6.597431968688959387e+03 1.739579092346942371e-16
6.599477537631983068e+03 1.935140471022239132e-16
6.601523106575006750e+03 2.121755064192162345e-16
6.603568675518030432e+03 2.295470139668790615e-16
6.605614244461054113e+03 2.443384856269848913e-16
6.607659813404077795e+03 2.573905486601244137e-16
6.609705382347101477e+03 2.587771415947797034e-16
6.611750951290125158e+03 2.586121025189631233e-16
6.613796520233148840e+03 2.625854017256350377e-16
6.615842089176172522e+03 2.908064484155597909e-16
6.617887658119196203e+03 3.982441868546340510e-16
6.619933227062219885e+03 5.449398642259158012e-16
6.621978796005243566e+03 5.610507485200478140e-16
6.624024364948267248e+03 5.051836846322655707e-16
6.626069933891290930e+03 3.438546395944389262e-16
6.628115502834314611e+03 2.394611905073558249e-16
6.630161071777338293e+03 2.215241296487231422e-16
6.632206640720361975e+03 2.094080512571894225e-16
6.634252209663385656e+03 1.965885781774100107e-16
6.636297778606409338e+03 1.878163476336198534e-16
6.638343347549433020e+03 1.871437902386101381e-16
6.640388916492456701e+03 1.895877846939042141e-16
6.642434485435480383e+03 1.888329459890026240e-16
6.644480054378504065e+03 1.737933995544696910e-16
6.646525623321527746e+03 1.505043874883903133e-16
6.648571192264551428e+03 1.329470753228133750e-16
6.650616761207575109e+03 1.228307093708490500e-16
6.652662330150598791e+03 1.162980074698196612e-16
6.654707899093622473e+03 1.108884447870698729e-16
6.656753468036646154e+03 1.091891775808695388e-16
6.658799036979669836e+03 1.049719990598373901e-16
6.660844605922693518e+03 9.877106937633567006e-17
6.662890174865717199e+03 9.537232320569818825e-17
6.664935743808740881e+03 9.070313349329766272e-17
6.666981312751764563e+03 8.730895335964147363e-17
6.669026881694788244e+03 8.434650856617876159e-17
6.671072450637811926e+03 8.329221724464317463e-17
6.673118019580835607e+03 7.751699440903064516e-17
6.675163588523859289e+03 7.347945304726541242e-17
6.677209157466882971e+03 7.221604384943151964e-17
6.679254726409906652e+03 7.026903935849400395e-17
6.681300295352930334e+03 6.832345761821007946e-17
6.683345864295954016e+03 6.619086026759526606e-17
6.685391433238977697e+03 6.532670799038356826e-17
6.687437002182001379e+03 6.430024302465426516e-17
6.689482571125025061e+03 6.260861896731392102e-17
6.691528140068048742e+03 5.968781775460957860e-17
6.693573709011072424e+03 5.782903703908451863e-17
6.695619277954096106e+03 5.723868154462787299e-17
6.697664846897119787e+03 5.381973562343184624e-17
6.699710415840143469e+03 5.330534508770962045e-17
6.701755984783167150e+03 5.347908279484780817e-17
6.703801553726190832e+03 5.319310660475352523e-17
6.705847122669214514e+03 5.084261333717999328e-17
6.707892691612238195e+03 5.024011152260861898e-17
6.709938260555261877e+03 4.924758743177359171e-17
6.711983829498285559e+03 4.746288570318633068e-17
6.714029398441309240e+03 4.565476483709646834e-17
6.716074967384332922e+03 4.370302887305514933e-17
6.718120536327356604e+03 4.353605419460519516e-17
6.720166105270380285e+03 4.411106052561530682e-17
6.722211674213403967e+03 4.406681298028862026e-17
6.724257243156427649e+03 4.294033856977920590e-17
6.726302812099451330e+03 4.236395250150735579e-17
6.728348381042475012e+03 4.275188697390492492e-17
6.730393949985498693e+03 4.237808074636976151e-17
6.732439518928522375e+03 4.263890733711998219e-17
6.734485087871546057e+03 4.257419203471628352e-17
6.736530656814569738e+03 4.266034785859735667e-17
6.738576225757593420e+03 4.258635158972081303e-17
6.740621794700617102e+03 4.245071713031926797e-17
6.742667363643640783e+03 4.089137579653840402e-17
6.744712932586664465e+03 4.033336637275503197e-17
6.746758501529688147e+03 3.763922257405756977e-17
6.748804070472711828e+03 3.718762828171791963e-17
6.750849639415735510e+03 3.726777546562940759e-17
6.752895208358759191e+03 3.713385823317952262e-17
6.754940777301782873e+03 3.657539220569802131e-17
6.756986346244805645e+03 3.626472632868025560e-17
6.759031915187829327e+03 3.582762424067253450e-17
6.761077484130853009e+03 3.525893095209742755e-17
6.763123053073876690e+03 3.518881912337743292e-17
6.765168622016900372e+03 3.500078111780942846e-17
6.767214190959924053e+03 3.435920659982349935e-17
6.769259759902947735e+03 3.443084374959304176e-17
6.771305328845971417e+03 4.083935937089861942e-17
6.773350897788995098e+03 6.211253559290871883e-17
6.775396466732018780e+03 8.526935757965722223e-17
6.777442035675042462e+03 8.707104298058142202e-17
6.779487604618066143e+03 7.282267164089830844e-17
6.781533173561089825e+03 4.424580493867774481e-17
6.783578742504113507e+03 3.621212095044433325e-17
6.785624311447137188e+03 3.756628178764264379e-17
6.787669880390160870e+03 5.253442599169999951e-17
6.789715449333184552e+03 6.858840025968836402e-17
6.791761018276208233e+03 6.956521453632978419e-17
6.793806587219231915e+03 5.836665149768478322e-17
6.795852156162255596e+03 3.891055947088217077e-17
6.797897725105279278e+03 3.233285894452989724e-17
6.799943294048302960e+03 3.194377965416455472e-17
6.801988862991326641e+03 3.174751947330777316e-17
6.804034431934350323e+03 3.100015186369876202e-17
6.806080000877374005e+03 3.044141452097634331e-17
6.808125569820397686e+03 3.037092218917457429e-17
6.810171138763421368e+03 3.048426909415149057e-17
6.812216707706445050e+03 3.139329426523296501e-17
6.814262276649468731e+03 3.193066056964946370e-17
6.816307845592492413e+03 3.188535423313870927e-17
6.818353414535516094e+03 3.127455083393975278e-17
6.820398983478539776e+03 3.119515803874691319e-17
6.822444552421563458e+03 3.118092722348855090e-17
6.824490121364587139e+03 3.093310391196766381e-17
6.826535690307610821e+03 3.090188611564991254e-17
6.828581259250634503e+03 3.095972589280207045e-17
6.830626828193658184e+03 3.097067114666737211e-17
6.832672397136681866e+03 3.091662647416560750e-17
6.834717966079705548e+03 3.078386067712839634e-17
6.836763535022729229e+03 3.133838601617169504e-17
6.838809103965752911e+03 3.073915983682603073e-17
6.840854672908776593e+03 3.045634016794925014e-17
6.842900241851800274e+03 3.027455564781214657e-17
6.844945810794823956e+03 2.897735446759423751e-17
6.846991379737847637e+03 2.895306182736478019e-17
6.849036948680871319e+03 2.833303040125218213e-17
6.851082517623895001e+03 2.902101967776968673e-17
6.853128086566918682e+03 2.953647231339843061e-17
6.855173655509942364e+03 2.939344947676556191e-17
6.857219224452966046e+03 2.797453694121660036e-17
6.859264793395989727e+03 2.790080867885852390e-17
6.861310362339013409e+03 2.929564364113729192e-17
6.863355931282037091e+03 2.876122209970148201e-17
6.865401500225060772e+03 2.283763449506021639e-17
6.867447069168084454e+03 2.164526356823237764e-17
6.869492638111108135e+03 2.181838750735605101e-17
6.871538207054131817e+03 2.273218220184950621e-17
6.873583775997155499e+03 2.433015617895904677e-17
6.875629344940179180e+03 2.495766862653157442e-17
6.877674913883202862e+03 2.655698925367835130e-17
6.879720482826226544e+03 2.740477328092884979e-17
6.881766051769250225e+03 2.718810986308283525e-17
6.883811620712273907e+03 2.514250544312899866e-17
6.885857189655297589e+03 2.475425167901498406e-17
6.887902758598321270e+03 2.527065226362571371e-17
6.889948327541344952e+03 2.914995066548710205e-17
6.891993896484368634e+03 2.939867394951444684e-17
6.894039465427392315e+03 2.700823282143827896e-17
6.896085034370415997e+03 2.649941748304466058e-17
6.898130603313439678e+03 2.599807323994362114e-17
6.900176172256463360e+03 2.627782572310905510e-17
6.902221741199487042e+03 2.919916791193400720e-17
6.904267310142510723e+03 2.959429885566078767e-17
6.906312879085534405e+03 2.954026410932637369e-17
6.908358448028558087e+03 2.955572907805866509e-17
6.910404016971581768e+03 2.955069320248944226e-17
6.912449585914605450e+03 2.907797271730518779e-17
6.914495154857629132e+03 2.765207381430260337e-17
6.916540723800652813e+03 2.751189978769936730e-17
6.918586292743676495e+03 2.736378648157684727e-17
6.920631861686700177e+03 2.579914788315319373e-17
6.922677430629723858e+03 2.567278115533469279e-17
6.924722999572747540e+03 2.651604546771820154e-17
6.926768568515771221e+03 2.718529910336138006e-17
6.928814137458794903e+03 2.836086006578091619e-17
6.930859706401818585e+03 2.857963610291139117e-17
6.932905275344842266e+03 2.861715039805189608e-17
6.934950844287865948e+03 2.914017339064672526e-17
6.936996413230889630e+03 2.918699512203967684e-17
6.939041982173913311e+03 2.892168190364696853e-17
6.941087551116936993e+03 2.907004501831447958e-17
6.943133120059960675e+03 3.066789657269336229e-17
6.945178689002984356e+03 3.061496693965731915e-17
6.947224257946008038e+03 2.844077233039843909e-17
6.949269826889031719e+03 2.801124059935680330e-17
6.951315395832055401e+03 2.806123870430195851e-17
6.953360964775079083e+03 2.815268848410337104e-17
6.955406533718102764e+03 2.813239939803867037e-17
6.957452102661126446e+03 2.823927775062542197e-17
6.959497671604150128e+03 2.918276657474830576e-17
6.961543240547173809e+03 2.928406642128399975e-17
6.963588809490197491e+03 2.933162930650579884e-17
6.965634378433221173e+03 3.002556104854388439e-17
6.967679947376244854e+03 3.009791949980757304e-17
6.969725516319268536e+03 2.943125493948168549e-17
6.971771085262292218e+03 2.824229861422246563e-17
6.973816654205315899e+03 2.936595730192674948e-17
6.975862223148339581e+03 2.973588570675026431e-17
6.977907792091363262e+03 2.952531530129631537e-17
6.979953361034386944e+03 2.800550989207303593e-17
6.981998929977410626e+03 2.796804191904683399e-17
6.984044498920434307e+03 2.936428308836694216e-17
6.986090067863457989e+03 2.955583495717707188e-17
6.988135636806481671e+03 2.949174500331646330e-17
6.990181205749505352e+03 2.946610571304976965e-17
6.992226774692529034e+03 2.930367391052395671e-17
6.994272343635552716e+03 2.936949432622602623e-17
6.996317912578576397e+03 2.853233791548560904e-17
6.998363481521600079e+03 2.839284217698466646e-17
7.000409050464623760e+03 2.845499983693435117e-17
7.002454619407647442e+03 2.879057708527976386e-17
7.004500188350671124e+03 2.882740647487307486e-17
7.006545757293694805e+03 2.866963004483471036e-17
7.008591326236718487e+03 2.889930170499373382e-17
7.010636895179742169e+03 3.097000278473242927e-17
7.012682464122765850e+03 3.105336935558797361e-17
7.014728033065789532e+03 2.940418628111650021e-17
7.016773602008813214e+03 2.869763176293085546e-17
7.018819170951836895e+03 2.893879461615946557e-17
7.020864739894860577e+03 3.111081539476855627e-17
7.022910308837884259e+03 3.123869420874680414e-17
7.024955877780907940e+03 2.994841156717228860e-17
7.027001446723931622e+03 2.989916123350088134e-17
7.029047015666955303e+03 3.079327399249924980e-17
7.031092584609978985e+03 3.090729587685600935e-17
7.033138153553002667e+03 3.053360545460660335e-17
7.035183722496026348e+03 2.900522383679237412e-17
7.037229291439050030e+03 2.796426997545359218e-17
7.039274860382073712e+03 2.794167801856354389e-17
7.041320429325097393e+03 2.887648806369952131e-17
7.043365998268121075e+03 3.041016032871163971e-17
7.045411567211144757e+03 3.083672744443788545e-17
7.047457136154168438e+03 3.084681243046613196e-17
7.049502705097192120e+03 3.089252904856071270e-17
7.051548274040215802e+03 3.087100250029963270e-17
7.053593842983239483e+03 3.094947216192886312e-17
7.055639411926263165e+03 3.163381191758378376e-17
7.057684980869286846e+03 3.174399237517584705e-17
7.059730549812310528e+03 3.192909223520806316e-17
7.061776118755334210e+03 3.197157292274633645e-17
7.063821687698357891e+03 3.186647797156024918e-17
7.065867256641381573e+03 3.115875547434967955e-17
7.067912825584405255e+03 3.099567847094607525e-17
7.069958394527428936e+03 3.132700070222051516e-17
7.072003963470452618e+03 3.295506089256983445e-17
7.074049532413476300e+03 3.144107883485892832e-17
7.076095101356499981e+03 3.221263982302389041e-17
7.078140670299523663e+03 3.188681999718415323e-17
7.080186239242547344e+03 3.176043010830850082e-17
7.082231808185571026e+03 3.178879247715171903e-17
7.084277377128594708e+03 3.195015556232611346e-17
7.086322946071618389e+03 3.190830353205338047e-17
7.088368515014642071e+03 3.114671834207580789e-17
7.090414083957665753e+03 3.012277131413111620e-17
7.092459652900689434e+03 2.995708041999184433e-17
7.094505221843713116e+03 3.021991540526934377e-17
7.096550790786736798e+03 3.163860294769169090e-17
7.098596359729760479e+03 3.075095874108348711e-17
7.100641928672784161e+03 3.167028727387492207e-17
7.102687497615807843e+03 3.199374136316275759e-17
7.104733066558831524e+03 3.299589383632790210e-17
7.106778635501855206e+03 3.319994936727738339e-17
7.108824204444878887e+03 3.371897211442990614e-17
7.110869773387902569e+03 3.376670043577421584e-17
7.112915342330926251e+03 3.386588600866422428e-17
7.114960911273949932e+03 3.469396328500125944e-17
7.117006480216973614e+03 3.453363913867623161e-17
7.119052049159997296e+03 3.255517531468209917e-17
7.121097618103020977e+03 3.229998347826458971e-17
7.123143187046044659e+03 3.257985838416068152e-17
7.125188755989068341e+03 3.312055326336209359e-17
7.127234324932092022e+03 3.330163302561730198e-17
7.129279893875115704e+03 3.428549818980012416e-17
7.131325462818139385e+03 3.430841109276784302e-17
7.133371031761163067e+03 3.352083919666630453e-17
7.135416600704186749e+03 3.343027284575909863e-17
7.137462169647210430e+03 3.354727919776594950e-17
7.139507738590234112e+03 3.353513949509612127e-17
