   0.000000000E+00   0.500000000E+04  -0.365554502E+01  -0.486363402E+01  -0.558932972E+01  -0.586436902E+01  -0.598754702E+01  -0.450938502E+01  -0.453735502E+01  -0.535037102E+01  -0.637645702E+01  -0.587115702E+01  -0.523445025E+00   0.480976498E+01  -0.229665025E+00  -0.133597502E+01   0.250704975E+00
   0.100002317E+05   0.500000000E+04  -0.415577718E+01  -0.536386618E+01  -0.608956188E+01  -0.636460118E+01  -0.648777918E+01  -0.500961718E+01  -0.503758718E+01  -0.585060318E+01  -0.687668918E+01  -0.637138918E+01  -0.102367718E+01   0.430953282E+01  -0.729897180E+00  -0.183620718E+01  -0.249527180E+00
   0.200004164E+05   0.500000000E+04  -0.409463631E+01  -0.530272531E+01  -0.602842101E+01  -0.630346031E+01  -0.642663831E+01  -0.494847631E+01  -0.497644631E+01  -0.578946231E+01  -0.681554831E+01  -0.631024831E+01  -0.962536312E+00   0.437067369E+01  -0.668756312E+00  -0.177506631E+01  -0.188386312E+00
   0.300025219E+05   0.500000000E+04  -0.405456083E+01  -0.526264983E+01  -0.598834553E+01  -0.626338483E+01  -0.638656283E+01  -0.490840083E+01  -0.493637083E+01  -0.574938683E+01  -0.677547283E+01  -0.627017283E+01  -0.922460828E+00   0.441074917E+01  -0.628680828E+00  -0.173499083E+01  -0.148310828E+00
   0.400051603E+05   0.500000000E+04  -0.403953761E+01  -0.524762661E+01  -0.597332231E+01  -0.624836161E+01  -0.637153961E+01  -0.489337761E+01  -0.492134761E+01  -0.573436361E+01  -0.676044961E+01  -0.625514961E+01  -0.907437613E+00   0.442577239E+01  -0.613657613E+00  -0.171996761E+01  -0.133287613E+00
   0.500019607E+05   0.500000000E+04  -0.403377066E+01  -0.524185966E+01  -0.596755536E+01  -0.624259466E+01  -0.636577266E+01  -0.488761066E+01  -0.491558066E+01  -0.572859666E+01  -0.675468266E+01  -0.624938266E+01  -0.901670658E+00   0.443153934E+01  -0.607890658E+00  -0.171420066E+01  -0.127520658E+00
   0.600090317E+05   0.500000000E+04  -0.403033927E+01  -0.523842827E+01  -0.596412397E+01  -0.623916327E+01  -0.636234127E+01  -0.488417927E+01  -0.491214927E+01  -0.572516527E+01  -0.675125127E+01  -0.624595127E+01  -0.898239275E+00   0.443497073E+01  -0.604459275E+00  -0.171076927E+01  -0.124089275E+00
   0.700053076E+05   0.500000000E+04  -0.402705374E+01  -0.523514274E+01  -0.596083844E+01  -0.623587774E+01  -0.635905574E+01  -0.488089374E+01  -0.490886374E+01  -0.572187974E+01  -0.674796574E+01  -0.624266574E+01  -0.894953735E+00   0.443825626E+01  -0.601173735E+00  -0.170748374E+01  -0.120803735E+00
   0.800009605E+05   0.500000000E+04  -0.402320054E+01  -0.523128954E+01  -0.595698524E+01  -0.623202454E+01  -0.635520254E+01  -0.487704054E+01  -0.490501054E+01  -0.571802654E+01  -0.674411254E+01  -0.623881254E+01  -0.891100543E+00   0.444210946E+01  -0.597320543E+00  -0.170363054E+01  -0.116950543E+00
   0.900031949E+05   0.515434247E+04  -0.863731690E+01  -0.979181233E+01  -0.104784339E+02  -0.107322817E+02  -0.108397989E+02  -0.948825804E+01  -0.947674508E+01  -0.102550513E+02  -0.112376623E+02  -0.107546219E+02  -0.560748268E+01  -0.444970813E+00  -0.532791916E+01  -0.638915653E+01  -0.483229858E+01
   0.100015423E+06   0.516819526E+04  -0.909235942E+01  -0.102420446E+02  -0.109251592E+02  -0.111771049E+02  -0.112832165E+02  -0.994304038E+01  -0.992798367E+01  -0.107031745E+02  -0.116818835E+02  -0.112008410E+02  -0.607170392E+01  -0.924512832E+00  -0.579341638E+01  -0.685060832E+01  -0.529642701E+01
   0.110014068E+06   0.545236997E+04  -0.985152956E+01  -0.109025385E+02  -0.115137099E+02  -0.117266380E+02  -0.118039149E+02  -0.106968731E+02  -0.106091206E+02  -0.113204039E+02  -0.122190669E+02  -0.117790086E+02  -0.701916538E+01  -0.218626300E+01  -0.676705318E+01  -0.774125757E+01  -0.624198450E+01
   0.120011121E+06   0.599445555E+04  -0.109113116E+02  -0.117740878E+02  -0.122480221E+02  -0.123865208E+02  -0.124087934E+02  -0.117464737E+02  -0.115200481E+02  -0.121094227E+02  -0.128553917E+02  -0.124935141E+02  -0.843812791E+01  -0.420475592E+01  -0.823594721E+01  -0.905184635E+01  -0.765731506E+01
   0.130005620E+06   0.129915058E+05  -0.150608446E+02  -0.150390068E+02  -0.148563466E+02  -0.146544414E+02  -0.144301230E+02  -0.158527898E+02  -0.149707835E+02  -0.149719935E+02  -0.150184791E+02  -0.150218870E+02  -0.145423352E+02  -0.132746173E+02  -0.145215869E+02  -0.147155098E+02  -0.142167772E+02
   0.140005903E+06   0.288642098E+05  -0.171966541E+02  -0.168289026E+02  -0.163848141E+02  -0.160502581E+02  -0.157323484E+02  -0.179737730E+02  -0.168327401E+02  -0.165983852E+02  -0.163737747E+02  -0.165221419E+02  -0.176050020E+02  -0.176448698E+02  -0.176152164E+02  -0.175278057E+02  -0.176508904E+02
   0.150015021E+06   0.497275642E+05  -0.181719225E+02  -0.177053635E+02  -0.171840947E+02  -0.168100862E+02  -0.164630860E+02  -0.189450624E+02  -0.177298737E+02  -0.174265750E+02  -0.171212862E+02  -0.173134247E+02  -0.188586382E+02  -0.192821157E+02  -0.188719673E+02  -0.187155569E+02  -0.190247819E+02
   0.160006320E+06   0.740333206E+05  -0.187929570E+02  -0.182855911E+02  -0.177317821E+02  -0.173409471E+02  -0.169814661E+02  -0.195645057E+02  -0.183186884E+02  -0.179864731E+02  -0.176468424E+02  -0.178577394E+02  -0.195938367E+02  -0.201698176E+02  -0.196076770E+02  -0.194270763E+02  -0.198092593E+02
   0.170000037E+06   0.628172591E+05  -0.186578284E+02  -0.181650635E+02  -0.176229456E+02  -0.172381826E+02  -0.168832221E+02  -0.194299394E+02  -0.181950750E+02  -0.178732479E+02  -0.175459909E+02  -0.177501194E+02  -0.194179980E+02  -0.199401108E+02  -0.194317144E+02  -0.192595107E+02  -0.196159108E+02
   0.180004705E+06   0.504107425E+05  -0.184610084E+02  -0.179927156E+02  -0.174700765E+02  -0.170953575E+02  -0.167478394E+02  -0.192340814E+02  -0.180175892E+02  -0.177130663E+02  -0.174063361E+02  -0.175992602E+02  -0.191525977E+02  -0.195826674E+02  -0.191659582E+02  -0.190084492E+02  -0.193208522E+02
   0.190004479E+06   0.431843377E+05  -0.183547556E+02  -0.179079097E+02  -0.174021964E+02  -0.170361802E+02  -0.166950566E+02  -0.191286817E+02  -0.179282824E+02  -0.176388363E+02  -0.173498891E+02  -0.175331348E+02  -0.189860029E+02  -0.193340383E+02  -0.189989195E+02  -0.188554300E+02  -0.191280945E+02
   0.200009967E+06   0.387499039E+05  -0.183109219E+02  -0.178816674E+02  -0.173897552E+02  -0.170308204E+02  -0.166949530E+02  -0.190855494E+02  -0.178983498E+02  -0.176212226E+02  -0.173467429E+02  -0.175221277E+02  -0.188925657E+02  -0.191726340E+02  -0.189050332E+02  -0.187734635E+02  -0.190131702E+02
   0.210000367E+06   0.353919084E+05  -0.182853447E+02  -0.178727067E+02  -0.173937850E+02  -0.170414885E+02  -0.167104792E+02  -0.190606424E+02  -0.178859195E+02  -0.176203881E+02  -0.173594820E+02  -0.175274965E+02  -0.188201227E+02  -0.190355655E+02  -0.188320793E+02  -0.187118979E+02  -0.189204371E+02
   0.220000309E+06   0.331499415E+05  -0.182954648E+02  -0.178959982E+02  -0.174273355E+02  -0.170802696E+02  -0.167530997E+02  -0.190712873E+02  -0.179064601E+02  -0.176500969E+02  -0.173999042E+02  -0.175621120E+02  -0.187930883E+02  -0.189571024E+02  -0.188045928E+02  -0.186937656E+02  -0.188773474E+02
   0.230000333E+06   0.314240553E+05  -0.183225861E+02  -0.179347553E+02  -0.174751230E+02  -0.171326614E+02  -0.168088836E+02  -0.190988873E+02  -0.179427871E+02  -0.176945065E+02  -0.174537267E+02  -0.176108412E+02  -0.187874272E+02  -0.189059417E+02  -0.187984859E+02  -0.186961666E+02  -0.188575683E+02
   0.240000901E+06   0.296518625E+05  -0.183335341E+02  -0.179592158E+02  -0.175100434E+02  -0.171729079E+02  -0.168530834E+02  -0.191103890E+02  -0.179644270E+02  -0.177255149E+02  -0.174956260E+02  -0.176468432E+02  -0.187603582E+02  -0.188259742E+02  -0.187708629E+02  -0.186785239E+02  -0.188141647E+02
   0.250001072E+06   0.279865362E+05  -0.183355975E+02  -0.179756674E+02  -0.175376074E+02  -0.172061181E+02  -0.168904758E+02  -0.191130329E+02  -0.179778703E+02  -0.177489199E+02  -0.175305839E+02  -0.176755678E+02  -0.187219934E+02  -0.187312349E+02  -0.187318471E+02  -0.186503878E+02  -0.187584880E+02
   0.260002781E+06   0.265121044E+05  -0.183365170E+02  -0.179912251E+02  -0.175644275E+02  -0.172386479E+02  -0.169272608E+02  -0.191145583E+02  -0.179903815E+02  -0.177715189E+02  -0.175648975E+02  -0.177035573E+02  -0.186819173E+02  -0.186338692E+02  -0.186910438E+02  -0.186209890E+02  -0.187009335E+02
   0.270005259E+06   0.251672777E+05  -0.183329817E+02  -0.180025880E+02  -0.175872210E+02  -0.172672550E+02  -0.169600414E+02  -0.191116344E+02  -0.179986378E+02  -0.177900480E+02  -0.175953041E+02  -0.177275554E+02  -0.186367296E+02  -0.185303952E+02  -0.186450716E+02  -0.185868527E+02  -0.186380745E+02
   0.280005295E+06   0.239814887E+05  -0.183295866E+02  -0.180138917E+02  -0.176097766E+02  -0.172955455E+02  -0.169923088E+02  -0.191088513E+02  -0.180068886E+02  -0.178084039E+02  -0.176253558E+02  -0.177513072E+02  -0.185923680E+02  -0.184286145E+02  -0.185998726E+02  -0.185535840E+02  -0.185764207E+02
   0.290004513E+06   0.229354786E+05  -0.183271039E+02  -0.180259159E+02  -0.176328837E+02  -0.173242731E+02  -0.170246299E+02  -0.191069739E+02  -0.180158914E+02  -0.178273743E+02  -0.176558112E+02  -0.177755837E+02  -0.185495975E+02  -0.183293524E+02  -0.185562243E+02  -0.185219715E+02  -0.185167539E+02
   0.300001470E+06   0.220083462E+05  -0.183253651E+02  -0.180382881E+02  -0.176560013E+02  -0.173528422E+02  -0.170566016E+02  -0.191058248E+02  -0.180253245E+02  -0.178464775E+02  -0.176860770E+02  -0.177998510E+02  -0.185088265E+02  -0.182337600E+02  -0.185145446E+02  -0.184921776E+02  -0.184596931E+02
   0.310006735E+06   0.211807926E+05  -0.183244405E+02  -0.180513187E+02  -0.176796391E+02  -0.173818703E+02  -0.170889126E+02  -0.191054822E+02  -0.180354451E+02  -0.178661551E+02  -0.177167506E+02  -0.178246214E+02  -0.184694409E+02  -0.181403457E+02  -0.184742088E+02  -0.184637127E+02  -0.184046042E+02
   0.320006226E+06   0.204310951E+05  -0.183231566E+02  -0.180637934E+02  -0.177025574E+02  -0.174100863E+02  -0.171204120E+02  -0.191047773E+02  -0.180450533E+02  -0.178851694E+02  -0.177465949E+02  -0.178486521E+02  -0.184303968E+02  -0.180482014E+02  -0.184341717E+02  -0.184354994E+02  -0.183501855E+02
   0.330004450E+06   0.197483730E+05  -0.183215292E+02  -0.180755860E+02  -0.177245295E+02  -0.174372152E+02  -0.171507911E+02  -0.191037164E+02  -0.180540539E+02  -0.179033373E+02  -0.177753092E+02  -0.178717098E+02  -0.183920606E+02  -0.179582165E+02  -0.183948280E+02  -0.184077125E+02  -0.182968622E+02
   0.340003797E+06   0.191196425E+05  -0.183190824E+02  -0.180863992E+02  -0.177453961E+02  -0.174631682E+02  -0.171800072E+02  -0.191018298E+02  -0.180621132E+02  -0.179204503E+02  -0.178028214E+02  -0.178936515E+02  -0.183534619E+02  -0.178687345E+02  -0.183551981E+02  -0.183794878E+02  -0.182434254E+02
   0.350004277E+06   0.185357475E+05  -0.183152820E+02  -0.180961712E+02  -0.177654285E+02  -0.174883932E+02  -0.172089265E+02  -0.190986072E+02  -0.180690585E+02  -0.179366440E+02  -0.178296431E+02  -0.179147845E+02  -0.183128888E+02  -0.177763525E+02  -0.183135003E+02  -0.183496446E+02  -0.181878143E+02
   0.360000890E+06   0.179881352E+05  -0.183098776E+02  -0.181038384E+02  -0.177829702E+02  -0.175109324E+02  -0.172351324E+02  -0.190937604E+02  -0.180740016E+02  -0.179504897E+02  -0.178537200E+02  -0.179333863E+02  -0.182721273E+02  -0.176857637E+02  -0.182716387E+02  -0.183192475E+02  -0.181326109E+02
   0.370004423E+06   0.174711463E+05  -0.183021490E+02  -0.181100871E+02  -0.177997551E+02  -0.175330423E+02  -0.172624690E+02  -0.190866330E+02  -0.180773396E+02  -0.179633300E+02  -0.178774688E+02  -0.179513086E+02  -0.182269097E+02  -0.175876685E+02  -0.182251752E+02  -0.182853685E+02  -0.180723025E+02
   0.380002582E+06   0.169833149E+05  -0.182930513E+02  -0.181142432E+02  -0.178139015E+02  -0.175522382E+02  -0.172865508E+02  -0.190781056E+02  -0.180787359E+02  -0.179737360E+02  -0.178982179E+02  -0.179665335E+02  -0.181822768E+02  -0.174929107E+02  -0.181793567E+02  -0.182514625E+02  -0.180133749E+02
   0.390005396E+06   0.165192759E+05  -0.182812287E+02  -0.181167682E+02  -0.178272247E+02  -0.175710324E+02  -0.173087557E+02  -0.190669039E+02  -0.180782772E+02  -0.179830127E+02  -0.179186734E+02  -0.179810261E+02  -0.181323375E+02  -0.173891243E+02  -0.181280254E+02  -0.182124727E+02  -0.179483636E+02
   0.400003232E+06   0.160826651E+05  -0.182688701E+02  -0.181179092E+02  -0.178385256E+02  -0.175874810E+02  -0.173284134E+02  -0.190551295E+02  -0.180766108E+02  -0.179905064E+02  -0.179366850E+02  -0.179934273E+02  -0.180841153E+02  -0.172902378E+02  -0.180784933E+02  -0.181745528E+02  -0.178859603E+02
   0.410004587E+06   0.156713336E+05  -0.182548812E+02  -0.181182007E+02  -0.178495453E+02  -0.176039419E+02  -0.173481178E+02  -0.190417619E+02  -0.180739271E+02  -0.179975022E+02  -0.179547894E+02  -0.180056101E+02  -0.180325539E+02  -0.171855159E+02  -0.180254350E+02  -0.181335697E+02  -0.178197340E+02
   0.420001876E+06   0.152860538E+05  -0.182409306E+02  -0.181179942E+02  -0.178596602E+02  -0.176192927E+02  -0.173665585E+02  -0.190284100E+02  -0.180708561E+02  -0.180037450E+02  -0.179717199E+02  -0.180168442E+02  -0.179825189E+02  -0.170844082E+02  -0.179739359E+02  -0.180936487E+02  -0.177556555E+02
   0.430007849E+06   0.149215715E+05  -0.182263529E+02  -0.181168784E+02  -0.178686478E+02  -0.176334069E+02  -0.173838987E+02  -0.190144200E+02  -0.180669343E+02  -0.180089411E+02  -0.179873813E+02  -0.180269309E+02  -0.179327142E+02  -0.169847152E+02  -0.179226661E+02  -0.180535276E+02  -0.176921913E+02
   0.440007317E+06   0.145729706E+05  -0.182092197E+02  -0.181142244E+02  -0.178768408E+02  -0.176471079E+02  -0.174017410E+02  -0.189979238E+02  -0.180612617E+02  -0.180130597E+02  -0.180027461E+02  -0.180363159E+02  -0.178780859E+02  -0.168768869E+02  -0.178663576E+02  -0.180085643E+02  -0.176231937E+02
   0.450006373E+06   0.142429354E+05  -0.181922194E+02  -0.181109321E+02  -0.178838179E+02  -0.176592995E+02  -0.174178534E+02  -0.189815265E+02  -0.180551116E+02  -0.180161793E+02  -0.180165130E+02  -0.180444213E+02  -0.178255873E+02  -0.167740216E+02  -0.178122682E+02  -0.179652159E+02  -0.175570911E+02
   0.460001915E+06   0.139284322E+05  -0.181743508E+02  -0.181066509E+02  -0.178897100E+02  -0.176703603E+02  -0.174328094E+02  -0.189642572E+02  -0.180479972E+02  -0.180182490E+02  -0.180291346E+02  -0.180514350E+02  -0.177726777E+02  -0.166713481E+02  -0.177577447E+02  -0.179209429E+02  -0.174908327E+02
   0.470008825E+06   0.136286451E+05  -0.181543699E+02  -0.181013192E+02  -0.178953283E+02  -0.176815507E+02  -0.174482268E+02  -0.189449275E+02  -0.180396089E+02  -0.180197494E+02  -0.180420062E+02  -0.180582719E+02  -0.177153698E+02  -0.165608849E+02  -0.176985811E+02  -0.178715985E+02  -0.174195547E+02
   0.480005234E+06   0.133469897E+05  -0.181355189E+02  -0.180962312E+02  -0.179005281E+02  -0.176919856E+02  -0.174626330E+02  -0.189266882E+02  -0.180316491E+02  -0.180210803E+02  -0.180540207E+02  -0.180646166E+02  -0.176614493E+02  -0.164570240E+02  -0.176429171E+02  -0.178251598E+02  -0.173525090E+02
   0.490002084E+06   0.130788999E+05  -0.181170191E+02  -0.180908317E+02  -0.179049208E+02  -0.177013613E+02  -0.174757888E+02  -0.189087707E+02  -0.180235161E+02  -0.180217905E+02  -0.180648998E+02  -0.180700990E+02  -0.176095691E+02  -0.163576088E+02  -0.175893775E+02  -0.177804012E+02  -0.172881358E+02
   0.500009085E+06   0.128231857E+05  -0.180964668E+02  -0.180844213E+02  -0.179090706E+02  -0.177108858E+02  -0.174893734E+02  -0.188888525E+02  -0.180141525E+02  -0.180219597E+02  -0.180760486E+02  -0.180754304E+02  -0.175534781E+02  -0.162507278E+02  -0.175313748E+02  -0.177315394E+02  -0.172190412E+02
   0.510008809E+06   0.125825861E+05  -0.180761926E+02  -0.180781445E+02  -0.179132421E+02  -0.177203752E+02  -0.175028739E+02  -0.188692080E+02  -0.180049517E+02  -0.180221892E+02  -0.180871462E+02  -0.180807731E+02  -0.174982128E+02  -0.161453865E+02  -0.174741727E+02  -0.176832592E+02  -0.171510843E+02
   0.520003641E+06   0.123563936E+05  -0.180566902E+02  -0.180718012E+02  -0.179167215E+02  -0.177288541E+02  -0.175151237E+02  -0.188502975E+02  -0.179958595E+02  -0.180219627E+02  -0.180971370E+02  -0.180853536E+02  -0.174458145E+02  -0.160459107E+02  -0.174199535E+02  -0.176374277E+02  -0.170867543E+02
   0.530009767E+06   0.121416573E+05  -0.180378061E+02  -0.180654099E+02  -0.179196553E+02  -0.177365342E+02  -0.175263837E+02  -0.188319754E+02  -0.179868584E+02  -0.180213782E+02  -0.181062524E+02  -0.180893327E+02  -0.173957007E+02  -0.159511039E+02  -0.173681111E+02  -0.175935481E+02  -0.170253132E+02
   0.540013578E+06   0.119386230E+05  -0.180185785E+02  -0.180587328E+02  -0.179223423E+02  -0.177439898E+02  -0.175373675E+02  -0.188133152E+02  -0.179775582E+02  -0.180205276E+02  -0.181151509E+02  -0.180930731E+02  -0.173453403E+02  -0.158560775E+02  -0.173159567E+02  -0.175492165E+02  -0.169638400E+02
   0.550008011E+06   0.117463708E+05  -0.179976319E+02  -0.180512842E+02  -0.179249562E+02  -0.177517330E+02  -0.175487650E+02  -0.187929848E+02  -0.179672854E+02  -0.180193305E+02  -0.181244478E+02  -0.180968267E+02  -0.172914067E+02  -0.157545865E+02  -0.172599756E+02  -0.175012850E+02  -0.168985040E+02
   0.560010889E+06   0.115614109E+05  -0.179770231E+02  -0.180436614E+02  -0.179270142E+02  -0.177587257E+02  -0.175592734E+02  -0.187729687E+02  -0.179569455E+02  -0.180177220E+02  -0.181329354E+02  -0.180999811E+02  -0.172390621E+02  -0.156564883E+02  -0.172056611E+02  -0.174547148E+02  -0.168351894E+02
   0.570005484E+06   0.113845351E+05  -0.179569293E+02  -0.180359861E+02  -0.179285965E+02  -0.177650271E+02  -0.175689369E+02  -0.187534419E+02  -0.179466719E+02  -0.180157982E+02  -0.181406663E+02  -0.181026120E+02  -0.171886196E+02  -0.155622920E+02  -0.171533349E+02  -0.174097944E+02  -0.167742564E+02
   0.580010948E+06   0.112164180E+05  -0.179378972E+02  -0.180287575E+02  -0.179301672E+02  -0.177710832E+02  -0.175781885E+02  -0.187349486E+02  -0.179369737E+02  -0.180140363E+02  -0.181480811E+02  -0.181051793E+02  -0.171407417E+02  -0.154728270E+02  -0.171036665E+02  -0.173671651E+02  -0.167164074E+02
   0.590008136E+06   0.110558710E+05  -0.179199183E+02  -0.180220506E+02  -0.179318633E+02  -0.177770627E+02  -0.175872197E+02  -0.187174842E+02  -0.179279083E+02  -0.180125498E+02  -0.181553581E+02  -0.181078271E+02  -0.170952157E+02  -0.153875865E+02  -0.170564308E+02  -0.173266515E+02  -0.166613595E+02
   0.600010723E+06   0.109014050E+05  -0.178998128E+02  -0.180143534E+02  -0.179334096E+02  -0.177833294E+02  -0.175968329E+02  -0.186979516E+02  -0.179176118E+02  -0.180105838E+02  -0.181630572E+02  -0.181104306E+02  -0.170453295E+02  -0.152944696E+02  -0.170045337E+02  -0.172827619E+02  -0.166016148E+02
   0.610017620E+06   0.107501951E+05  -0.178786408E+02  -0.180061953E+02  -0.179349430E+02  -0.177898161E+02  -0.176068234E+02  -0.186773835E+02  -0.179067260E+02  -0.180084290E+02  -0.181710482E+02  -0.181130773E+02  -0.169931868E+02  -0.151972225E+02  -0.169502196E+02  -0.172371409E+02  -0.165394347E+02
   0.620003826E+06   0.106033331E+05  -0.178593271E+02  -0.179995212E+02  -0.179376818E+02  -0.177973658E+02  -0.176177760E+02  -0.186586564E+02  -0.178974027E+02  -0.180075857E+02  -0.181800588E+02  -0.181168974E+02  -0.169437928E+02  -0.151040210E+02  -0.168987166E+02  -0.171940810E+02  -0.164802920E+02
   0.630007253E+06   0.104627899E+05  -0.178412042E+02  -0.179934942E+02  -0.179406626E+02  -0.178049505E+02  -0.176286172E+02  -0.186410948E+02  -0.178888405E+02  -0.180071385E+02  -0.181890417E+02  -0.181209131E+02  -0.168968838E+02  -0.150151894E+02  -0.168497895E+02  -0.171532337E+02  -0.164240538E+02
   0.640014151E+06   0.103271998E+05  -0.178236350E+02  -0.179875945E+02  -0.179434533E+02  -0.178121829E+02  -0.176389913E+02  -0.186240671E+02  -0.178804949E+02  -0.180066220E+02  -0.181976229E+02  -0.181247021E+02  -0.168515430E+02  -0.149294035E+02  -0.168025016E+02  -0.171137409E+02  -0.163697126E+02
   0.650009826E+06   0.101962037E+05  -0.178064946E+02  -0.179817283E+02  -0.179459830E+02  -0.178190038E+02  -0.176488475E+02  -0.186074499E+02  -0.178722656E+02  -0.180059566E+02  -0.182057469E+02  -0.181281964E+02  -0.168075720E+02  -0.148463576E+02  -0.167566495E+02  -0.170754197E+02  -0.163170460E+02
   0.660016425E+06   0.100696144E+05  -0.177898510E+02  -0.179759796E+02  -0.179483478E+02  -0.178255154E+02  -0.176582924E+02  -0.185913120E+02  -0.178642334E+02  -0.180052338E+02  -0.182135179E+02  -0.181314933E+02  -0.167650004E+02  -0.147660257E+02  -0.167122601E+02  -0.170383080E+02  -0.162660714E+02
   0.670013977E+06   0.994762782E+04  -0.177715194E+02  -0.179692675E+02  -0.179502855E+02  -0.178318818E+02  -0.176678031E+02  -0.185735248E+02  -0.178550837E+02  -0.180038694E+02  -0.182212319E+02  -0.181344327E+02  -0.167194281E+02  -0.146805163E+02  -0.166646543E+02  -0.169986443E+02  -0.162120738E+02
   0.680001232E+06   0.982961327E+04  -0.177506935E+02  -0.179611238E+02  -0.179515790E+02  -0.178380162E+02  -0.176773880E+02  -0.185532991E+02  -0.178442770E+02  -0.180015484E+02  -0.182288426E+02  -0.181368287E+02  -0.166693482E+02  -0.145872348E+02  -0.166122448E+02  -0.169551130E+02  -0.161534213E+02
   0.690021845E+06   0.971513770E+04  -0.177303878E+02  -0.179531199E+02  -0.179527292E+02  -0.178438623E+02  -0.176865811E+02  -0.185335756E+02  -0.178336900E+02  -0.179991925E+02  -0.182361206E+02  -0.181390484E+02  -0.166206657E+02  -0.144966462E+02  -0.165613025E+02  -0.169127827E+02  -0.160964233E+02
   0.700000054E+06   0.960544502E+04  -0.177109587E+02  -0.179454788E+02  -0.179538597E+02  -0.178494924E+02  -0.176954184E+02  -0.185147044E+02  -0.178235736E+02  -0.179969633E+02  -0.182431228E+02  -0.181412036E+02  -0.165740454E+02  -0.144098707E+02  -0.165125169E+02  -0.168722493E+02  -0.160418350E+02
   0.710021480E+06   0.950001047E+04  -0.176924035E+02  -0.179382538E+02  -0.179550660E+02  -0.178550236E+02  -0.177040323E+02  -0.184966854E+02  -0.178139696E+02  -0.179949403E+02  -0.182499728E+02  -0.181433949E+02  -0.165293546E+02  -0.143265834E+02  -0.164657448E+02  -0.168334090E+02  -0.159894853E+02
   0.720004198E+06   0.940369763E+04  -0.176746342E+02  -0.179308346E+02  -0.179553485E+02  -0.178592569E+02  -0.177110815E+02  -0.184794060E+02  -0.178043771E+02  -0.179922730E+02  -0.182554109E+02  -0.181445771E+02  -0.164877108E+02  -0.142496824E+02  -0.164221998E+02  -0.167971096E+02  -0.159408454E+02
   0.730023415E+06   0.931904950E+04  -0.176582013E+02  -0.179234983E+02  -0.179547812E+02  -0.178621618E+02  -0.177164614E+02  -0.184634036E+02  -0.177951306E+02  -0.179891130E+02  -0.182593746E+02  -0.181448005E+02  -0.164502949E+02  -0.141812793E+02  -0.163831129E+02  -0.167643908E+02  -0.158972806E+02
   0.740013113E+06   0.923811593E+04  -0.176425396E+02  -0.179165340E+02  -0.179542888E+02  -0.178649893E+02  -0.177216552E+02  -0.184481536E+02  -0.177863401E+02  -0.179861418E+02  -0.182632145E+02  -0.181450642E+02  -0.164145710E+02  -0.141159281E+02  -0.163457914E+02  -0.167331579E+02  -0.158556777E+02
   0.750014544E+06   0.916019530E+04  -0.176275232E+02  -0.179098911E+02  -0.179538769E+02  -0.178677737E+02  -0.177267179E+02  -0.184335334E+02  -0.177779389E+02  -0.179833434E+02  -0.182669737E+02  -0.181453803E+02  -0.163802392E+02  -0.140530719E+02  -0.163099214E+02  -0.167031500E+02  -0.158156858E+02
   0.760023709E+06   0.908503402E+04  -0.176131555E+02  -0.179036004E+02  -0.179535966E+02  -0.178705765E+02  -0.177317183E+02  -0.184195480E+02  -0.177699522E+02  -0.179807610E+02  -0.182707166E+02  -0.181458021E+02  -0.163472401E+02  -0.139925585E+02  -0.162754387E+02  -0.166743216E+02  -0.157772270E+02
   0.770020200E+06   0.901243430E+04  -0.175993150E+02  -0.178975617E+02  -0.179533634E+02  -0.178733214E+02  -0.177365858E+02  -0.184060767E+02  -0.177622753E+02  -0.179783043E+02  -0.182743696E+02  -0.181462472E+02  -0.163154033E+02  -0.139341451E+02  -0.162421687E+02  -0.166465133E+02  -0.157401165E+02
   0.780014670E+06   0.894232905E+04  -0.175821687E+02  -0.178896627E+02  -0.179523419E+02  -0.178758412E+02  -0.177416474E+02  -0.183893770E+02  -0.177524322E+02  -0.179746281E+02  -0.182779756E+02  -0.181460424E+02  -0.162775859E+02  -0.138652940E+02  -0.162025009E+02  -0.166133900E+02  -0.156969408E+02
   0.790000202E+06   0.887480837E+04  -0.175648868E+02  -0.178816429E+02  -0.179512101E+02  -0.178782584E+02  -0.177466147E+02  -0.183725439E+02  -0.177424647E+02  -0.179708343E+02  -0.182814823E+02  -0.181457308E+02  -0.162397112E+02  -0.137964144E+02  -0.161627471E+02  -0.165802032E+02  -0.156538501E+02
   0.800004349E+06   0.880958481E+04  -0.175482433E+02  -0.178739463E+02  -0.179501672E+02  -0.178806438E+02  -0.177514635E+02  -0.183563338E+02  -0.177328868E+02  -0.179672198E+02  -0.182849201E+02  -0.181454802E+02  -0.162031753E+02  -0.137299286E+02  -0.161243961E+02  -0.165481959E+02  -0.156122758E+02
   0.810020655E+06   0.874660389E+04  -0.175322379E+02  -0.178665803E+02  -0.179492260E+02  -0.178830130E+02  -0.177562115E+02  -0.183407470E+02  -0.177237041E+02  -0.179637956E+02  -0.182883057E+02  -0.181453042E+02  -0.161679617E+02  -0.136657947E+02  -0.160874297E+02  -0.165173550E+02  -0.155721968E+02
   0.820014510E+06   0.868581686E+04  -0.175168099E+02  -0.178594906E+02  -0.179483374E+02  -0.178853195E+02  -0.177608139E+02  -0.183257229E+02  -0.177148610E+02  -0.179605104E+02  -0.182915930E+02  -0.181451540E+02  -0.161339944E+02  -0.136039146E+02  -0.160517707E+02  -0.164876081E+02  -0.155335337E+02
   0.830022461E+06   0.862678639E+04  -0.175018330E+02  -0.178526112E+02  -0.179474798E+02  -0.178875647E+02  -0.177652886E+02  -0.183111384E+02  -0.177062788E+02  -0.179573255E+02  -0.182947907E+02  -0.181450136E+02  -0.161010141E+02  -0.135438281E+02  -0.160171475E+02  -0.164587263E+02  -0.154959933E+02
   0.840009764E+06   0.856956643E+04  -0.174873158E+02  -0.178459431E+02  -0.179466490E+02  -0.178897414E+02  -0.177696265E+02  -0.182970015E+02  -0.176979603E+02  -0.179542387E+02  -0.182978908E+02  -0.181448778E+02  -0.160690456E+02  -0.134855848E+02  -0.159835867E+02  -0.164307306E+02  -0.154596046E+02
   0.850000448E+06   0.851386701E+04  -0.174731954E+02  -0.178394633E+02  -0.179458511E+02  -0.178918713E+02  -0.177738600E+02  -0.182832513E+02  -0.176898737E+02  -0.179512449E+02  -0.183009194E+02  -0.181447566E+02  -0.160379377E+02  -0.134289003E+02  -0.159509286E+02  -0.164034899E+02  -0.154241939E+02
   0.860026668E+06   0.845943796E+04  -0.174594149E+02  -0.178331489E+02  -0.179450893E+02  -0.178939703E+02  -0.177780148E+02  -0.182698325E+02  -0.176819894E+02  -0.179483371E+02  -0.183038967E+02  -0.181446560E+02  -0.160075570E+02  -0.133735263E+02  -0.159190332E+02  -0.163768882E+02  -0.153896086E+02
   0.870006647E+06   0.840662999E+04  -0.174460559E+02  -0.178270338E+02  -0.179443613E+02  -0.178960180E+02  -0.177820570E+02  -0.182568244E+02  -0.176743511E+02  -0.179455271E+02  -0.183067966E+02  -0.181445695E+02  -0.159780924E+02  -0.133198128E+02  -0.158880989E+02  -0.163510900E+02  -0.153560645E+02
   0.880022288E+06   0.835499475E+04  -0.174330084E+02  -0.178210693E+02  -0.179436642E+02  -0.178980350E+02  -0.177860242E+02  -0.182441201E+02  -0.176668971E+02  -0.179427942E+02  -0.183096467E+02  -0.181444997E+02  -0.159492968E+02  -0.132673068E+02  -0.158578663E+02  -0.163258795E+02  -0.153232801E+02
   0.890003053E+06   0.830493890E+04  -0.174203728E+02  -0.178153001E+02  -0.179430014E+02  -0.179000032E+02  -0.177898829E+02  -0.182318172E+02  -0.176596841E+02  -0.179401579E+02  -0.183124226E+02  -0.181444450E+02  -0.159213949E+02  -0.132164198E+02  -0.158285713E+02  -0.163014530E+02  -0.152915114E+02
   0.900014662E+06   0.825607361E+04  -0.174080633E+02  -0.178096936E+02  -0.179423798E+02  -0.179019501E+02  -0.177936754E+02  -0.182198324E+02  -0.176526681E+02  -0.179376098E+02  -0.183151580E+02  -0.181444170E+02  -0.158941822E+02  -0.131667686E+02  -0.157999987E+02  -0.162776330E+02  -0.152605238E+02
   0.910007662E+06   0.820865452E+04  -0.173961303E+02  -0.178042653E+02  -0.179417889E+02  -0.179038516E+02  -0.177973679E+02  -0.182082146E+02  -0.176458720E+02  -0.179351493E+02  -0.183178247E+02  -0.181444021E+02  -0.158677870E+02  -0.131185991E+02  -0.157722839E+02  -0.162545301E+02  -0.152304656E+02
   0.920011794E+06   0.816251537E+04  -0.173845292E+02  -0.177989933E+02  -0.179412236E+02  -0.179057115E+02  -0.178009704E+02  -0.181969201E+02  -0.176392690E+02  -0.179327649E+02  -0.183204291E+02  -0.181443973E+02  -0.158421141E+02  -0.130717395E+02  -0.157453269E+02  -0.162320606E+02  -0.152012284E+02
   0.930015976E+06   0.811763323E+04  -0.173732491E+02  -0.177938699E+02  -0.179406787E+02  -0.179075257E+02  -0.178044798E+02  -0.181859383E+02  -0.176328510E+02  -0.179304505E+02  -0.183229675E+02  -0.181443977E+02  -0.158171456E+02  -0.130261616E+02  -0.157191093E+02  -0.162102083E+02  -0.151727927E+02
   0.940020718E+06   0.807394336E+04  -0.173622689E+02  -0.177888828E+02  -0.179401487E+02  -0.179092920E+02  -0.178078963E+02  -0.181752485E+02  -0.176266037E+02  -0.179281979E+02  -0.183254389E+02  -0.181443984E+02  -0.157928406E+02  -0.129817947E+02  -0.156935885E+02  -0.161889367E+02  -0.151451128E+02
   0.950006223E+06   0.803149786E+04  -0.173516000E+02  -0.177840363E+02  -0.179396321E+02  -0.179110065E+02  -0.178112139E+02  -0.181648617E+02  -0.176205329E+02  -0.179260080E+02  -0.183278383E+02  -0.181443975E+02  -0.157692264E+02  -0.129386899E+02  -0.156687930E+02  -0.161682695E+02  -0.151182196E+02
   0.960016256E+06   0.799011370E+04  -0.173401725E+02  -0.177787080E+02  -0.179388376E+02  -0.179125532E+02  -0.178144489E+02  -0.181537322E+02  -0.176139216E+02  -0.179234557E+02  -0.183301057E+02  -0.181441478E+02  -0.157444050E+02  -0.128935533E+02  -0.156426968E+02  -0.161465124E+02  -0.150902717E+02
   0.970020514E+06   0.794995157E+04  -0.173259257E+02  -0.177716860E+02  -0.179371806E+02  -0.179136814E+02  -0.178176030E+02  -0.181398455E+02  -0.176053789E+02  -0.179197029E+02  -0.183320971E+02  -0.181431495E+02  -0.157147718E+02  -0.128401482E+02  -0.156114459E+02  -0.161204436E+02  -0.150578220E+02
   0.980002220E+06   0.791110265E+04  -0.173121488E+02  -0.177648979E+02  -0.179355820E+02  -0.179147769E+02  -0.178206581E+02  -0.181264172E+02  -0.175971198E+02  -0.179160770E+02  -0.183340275E+02  -0.181421881E+02  -0.156861118E+02  -0.127884935E+02  -0.155812210E+02  -0.160952315E+02  -0.150264375E+02
   0.990022976E+06   0.787333596E+04  -0.172987536E+02  -0.177582966E+02  -0.179340257E+02  -0.179158398E+02  -0.178236259E+02  -0.181133607E+02  -0.175890885E+02  -0.179125499E+02  -0.183359021E+02  -0.181412513E+02  -0.156582480E+02  -0.127382756E+02  -0.155518360E+02  -0.160707194E+02  -0.149959251E+02
   0.100001680E+07   0.783704988E+04  -0.172858560E+02  -0.177519266E+02  -0.179325029E+02  -0.179168333E+02  -0.178264498E+02  -0.181007885E+02  -0.175813445E+02  -0.179091335E+02  -0.183376755E+02  -0.181403237E+02  -0.156314490E+02  -0.126899988E+02  -0.155235754E+02  -0.160471408E+02  -0.149665813E+02
   0.101002557E+07   0.780190191E+04  -0.172733767E+02  -0.177457702E+02  -0.179310416E+02  -0.179178095E+02  -0.178291990E+02  -0.180886244E+02  -0.175738572E+02  -0.179058381E+02  -0.183394071E+02  -0.181394389E+02  -0.156055043E+02  -0.126432501E+02  -0.154962149E+02  -0.160243155E+02  -0.149381717E+02
   0.102000120E+07   0.776803561E+04  -0.172612987E+02  -0.177397845E+02  -0.179295799E+02  -0.179186964E+02  -0.178317941E+02  -0.180768502E+02  -0.175665892E+02  -0.179026091E+02  -0.183410219E+02  -0.181385327E+02  -0.155804520E+02  -0.125981523E+02  -0.154697985E+02  -0.160022688E+02  -0.149107443E+02
   0.103001681E+07   0.773524633E+04  -0.172495577E+02  -0.177339420E+02  -0.179281175E+02  -0.179195079E+02  -0.178342596E+02  -0.180654033E+02  -0.175595051E+02  -0.178994356E+02  -0.183425381E+02  -0.181376081E+02  -0.155561492E+02  -0.125544415E+02  -0.154441750E+02  -0.159808761E+02  -0.148841421E+02
   0.104001753E+07   0.770367701E+04  -0.172381926E+02  -0.177282560E+02  -0.179266487E+02  -0.179202284E+02  -0.178365724E+02  -0.180543213E+02  -0.175526238E+02  -0.178963193E+02  -0.183439370E+02  -0.181366570E+02  -0.155326898E+02  -0.125122962E+02  -0.154194439E+02  -0.159602184E+02  -0.148584686E+02
   0.105002065E+07   0.767324699E+04  -0.172271661E+02  -0.177227037E+02  -0.179251613E+02  -0.179208513E+02  -0.178387303E+02  -0.180435678E+02  -0.175459192E+02  -0.178932440E+02  -0.183452139E+02  -0.181356688E+02  -0.155100054E+02  -0.124716003E+02  -0.153955338E+02  -0.159402348E+02  -0.148336502E+02
   0.106001148E+07   0.764397854E+04  -0.172164801E+02  -0.177172829E+02  -0.179236502E+02  -0.179213699E+02  -0.178407253E+02  -0.180331443E+02  -0.175393901E+02  -0.178902056E+02  -0.183463616E+02  -0.181346378E+02  -0.154881065E+02  -0.124323774E+02  -0.153724560E+02  -0.159209334E+02  -0.148096987E+02
   0.107000876E+07   0.761574105E+04  -0.172060827E+02  -0.177119652E+02  -0.179221045E+02  -0.179217825E+02  -0.178425622E+02  -0.180230001E+02  -0.175330032E+02  -0.178871864E+02  -0.183473811E+02  -0.181335553E+02  -0.154668912E+02  -0.123944483E+02  -0.153501032E+02  -0.159022242E+02  -0.147865031E+02
   0.108000263E+07   0.758848260E+04  -0.171959522E+02  -0.177067383E+02  -0.179205189E+02  -0.179220872E+02  -0.178442418E+02  -0.180131141E+02  -0.175267441E+02  -0.178841782E+02  -0.183482716E+02  -0.181324167E+02  -0.154463178E+02  -0.123577406E+02  -0.153284319E+02  -0.158840699E+02  -0.147640181E+02
   0.109002141E+07   0.756203387E+04  -0.171860194E+02  -0.177015634E+02  -0.179188771E+02  -0.179222796E+02  -0.178457684E+02  -0.180034185E+02  -0.175205678E+02  -0.178811563E+02  -0.183490325E+02  -0.181312087E+02  -0.154262523E+02  -0.123220202E+02  -0.153073011E+02  -0.158663518E+02  -0.147420978E+02
   0.110001772E+07   0.753644417E+04  -0.171763054E+02  -0.176964529E+02  -0.179171849E+02  -0.179223621E+02  -0.178471416E+02  -0.179939341E+02  -0.175144884E+02  -0.178781287E+02  -0.183496649E+02  -0.181299363E+02  -0.154067349E+02  -0.122873562E+02  -0.152867529E+02  -0.158491055E+02  -0.147207857E+02
   0.111001999E+07   0.751167488E+04  -0.171668024E+02  -0.176914056E+02  -0.179154464E+02  -0.179223413E+02  -0.178483703E+02  -0.179846532E+02  -0.175085032E+02  -0.178750977E+02  -0.183501765E+02  -0.181286041E+02  -0.153877426E+02  -0.122537029E+02  -0.152667628E+02  -0.158323114E+02  -0.147000563E+02
   0.112000668E+07   0.748775954E+04  -0.171575377E+02  -0.176864431E+02  -0.179136786E+02  -0.179222320E+02  -0.178494673E+02  -0.179756029E+02  -0.175026351E+02  -0.178720818E+02  -0.183505812E+02  -0.181272285E+02  -0.153693158E+02  -0.122211206E+02  -0.152473727E+02  -0.158160071E+02  -0.146799524E+02
   0.113002128E+07   0.746455677E+04  -0.171484606E+02  -0.176815401E+02  -0.179118750E+02  -0.179220375E+02  -0.178504432E+02  -0.179667340E+02  -0.174968535E+02  -0.178690674E+02  -0.183508854E+02  -0.181258055E+02  -0.153513496E+02  -0.121894207E+02  -0.152284719E+02  -0.158001002E+02  -0.146603590E+02
   0.114000853E+07   0.744209631E+04  -0.171395854E+02  -0.176767053E+02  -0.179100406E+02  -0.179217607E+02  -0.178512993E+02  -0.179580602E+02  -0.174911683E+02  -0.178660610E+02  -0.183510913E+02  -0.181243395E+02  -0.153338697E+02  -0.121586465E+02  -0.152100873E+02  -0.157846136E+02  -0.146413039E+02
   0.115000519E+07   0.742077405E+04  -0.171310140E+02  -0.176719697E+02  -0.179081533E+02  -0.179213520E+02  -0.178519662E+02  -0.179496801E+02  -0.174856253E+02  -0.178630610E+02  -0.183511409E+02  -0.181228019E+02  -0.153171297E+02  -0.121292858E+02  -0.151924885E+02  -0.157697660E+02  -0.146230686E+02
   0.116002200E+07   0.739964369E+04  -0.171224846E+02  -0.176672415E+02  -0.179062477E+02  -0.179209118E+02  -0.178525918E+02  -0.179413402E+02  -0.174800970E+02  -0.178600527E+02  -0.183511548E+02  -0.181212429E+02  -0.153005051E+02  -0.121001542E+02  -0.151750127E+02  -0.157550167E+02  -0.146049621E+02
   0.117001916E+07   0.737932229E+04  -0.171141770E+02  -0.176625896E+02  -0.179043104E+02  -0.179203837E+02  -0.178530888E+02  -0.179332148E+02  -0.174746756E+02  -0.178570549E+02  -0.183510635E+02  -0.181196389E+02  -0.152844122E+02  -0.120720331E+02  -0.151581013E+02  -0.157407274E+02  -0.145874441E+02
   0.118000088E+07   0.735987533E+04  -0.171061303E+02  -0.176580413E+02  -0.179023598E+02  -0.179197818E+02  -0.178534679E+02  -0.179253426E+02  -0.174693909E+02  -0.178540896E+02  -0.183508796E+02  -0.181180074E+02  -0.152689153E+02  -0.120450256E+02  -0.151418211E+02  -0.157269564E+02  -0.145705834E+02
   0.119000520E+07   0.734117024E+04  -0.170982866E+02  -0.176535625E+02  -0.179003797E+02  -0.179190989E+02  -0.178537285E+02  -0.179176667E+02  -0.174642039E+02  -0.178511334E+02  -0.183505987E+02  -0.181163341E+02  -0.152539056E+02  -0.120189443E+02  -0.151260580E+02  -0.157136068E+02  -0.145542619E+02
   0.120002011E+07   0.732320379E+04  -0.170906320E+02  -0.176491399E+02  -0.178983572E+02  -0.179183223E+02  -0.178538581E+02  -0.179101732E+02  -0.174591010E+02  -0.178481732E+02  -0.183502082E+02  -0.181146062E+02  -0.152393680E+02  -0.119937723E+02  -0.151107967E+02  -0.157006637E+02  -0.145384643E+02
   0.121000803E+07   0.730614836E+04  -0.170832153E+02  -0.176447914E+02  -0.178962869E+02  -0.179174349E+02  -0.178538310E+02  -0.179029095E+02  -0.174541067E+02  -0.178452130E+02  -0.183496873E+02  -0.181128157E+02  -0.152254173E+02  -0.119697265E+02  -0.150961589E+02  -0.156882266E+02  -0.145233175E+02
   0.122002081E+07   0.729020519E+04  -0.170760703E+02  -0.176405144E+02  -0.178941398E+02  -0.179163933E+02  -0.178535936E+02  -0.178959075E+02  -0.174492261E+02  -0.178422338E+02  -0.183489884E+02  -0.181109300E+02  -0.152121644E+02  -0.119470368E+02  -0.150822639E+02  -0.156763887E+02  -0.145089465E+02
   0.123000674E+07   0.727616897E+04  -0.170693882E+02  -0.176363573E+02  -0.178918576E+02  -0.179150846E+02  -0.178529929E+02  -0.178893512E+02  -0.174445374E+02  -0.178392192E+02  -0.183479813E+02  -0.181088781E+02  -0.152001049E+02  -0.119266693E+02  -0.150696390E+02  -0.156655749E+02  -0.144959026E+02
   0.124001228E+07   0.726584068E+04  -0.170635065E+02  -0.176323336E+02  -0.178892136E+02  -0.179131568E+02  -0.178515861E+02  -0.178835621E+02  -0.174401226E+02  -0.178360362E+02  -0.183462756E+02  -0.181064035E+02  -0.151902664E+02  -0.119107175E+02  -0.150593844E+02  -0.156566530E+02  -0.144853398E+02
   0.125001393E+07   0.726005232E+04  -0.170585509E+02  -0.176284193E+02  -0.178860725E+02  -0.179104171E+02  -0.178491384E+02  -0.178786585E+02  -0.174359892E+02  -0.178325931E+02  -0.183436603E+02  -0.181033573E+02  -0.151830932E+02  -0.119001182E+02  -0.150519781E+02  -0.156499936E+02  -0.144777607E+02
   0.126001240E+07   0.724457319E+04  -0.170516792E+02  -0.176243321E+02  -0.178840531E+02  -0.179094712E+02  -0.178489733E+02  -0.178719256E+02  -0.174313159E+02  -0.178297659E+02  -0.183430471E+02  -0.181015918E+02  -0.151702914E+02  -0.118781542E+02  -0.150385528E+02  -0.156385655E+02  -0.144638733E+02
   0.127002195E+07   0.722058571E+04  -0.170432070E+02  -0.176201752E+02  -0.178831004E+02  -0.179101820E+02  -0.178508941E+02  -0.178636686E+02  -0.174262507E+02  -0.178275615E+02  -0.183442734E+02  -0.181010326E+02  -0.151526295E+02  -0.118462942E+02  -0.150199247E+02  -0.156230325E+02  -0.144445292E+02
   0.128001589E+07   0.719409772E+04  -0.170343218E+02  -0.176160550E+02  -0.178825186E+02  -0.179114371E+02  -0.178534853E+02  -0.178550210E+02  -0.174211275E+02  -0.178255974E+02  -0.183460978E+02  -0.181008853E+02  -0.151335966E+02  -0.118115831E+02  -0.149998249E+02  -0.156063505E+02  -0.144236387E+02
   0.129002004E+07   0.716670574E+04  -0.170253336E+02  -0.176119944E+02  -0.178821171E+02  -0.179129352E+02  -0.178563651E+02  -0.178462784E+02  -0.174160297E+02  -0.178237665E+02  -0.183481847E+02  -0.181009331E+02  -0.151141144E+02  -0.117758876E+02  -0.149792393E+02  -0.155892993E+02  -0.144022355E+02
   0.130000699E+07   0.713907998E+04  -0.170163890E+02  -0.176080195E+02  -0.178818325E+02  -0.179145664E+02  -0.178593898E+02  -0.178375816E+02  -0.174110087E+02  -0.178220402E+02  -0.183504096E+02  -0.181011015E+02  -0.150945862E+02  -0.117400076E+02  -0.149585983E+02  -0.155722229E+02  -0.143807699E+02
   0.131001518E+07   0.711136612E+04  -0.170074910E+02  -0.176041070E+02  -0.178816221E+02  -0.179162780E+02  -0.178624992E+02  -0.178289321E+02  -0.174060469E+02  -0.178203836E+02  -0.183527168E+02  -0.181013457E+02  -0.150750709E+02  -0.117040885E+02  -0.149379667E+02  -0.155551671E+02  -0.143593110E+02
   0.132001802E+07   0.708380198E+04  -0.169987119E+02  -0.176002865E+02  -0.178814837E+02  -0.179180511E+02  -0.178656628E+02  -0.178204003E+02  -0.174011827E+02  -0.178188069E+02  -0.183550823E+02  -0.181016595E+02  -0.150557319E+02  -0.116684343E+02  -0.149175174E+02  -0.155382744E+02  -0.143380389E+02
   0.133000036E+07   0.705650907E+04  -0.169900836E+02  -0.175965680E+02  -0.178814111E+02  -0.179198712E+02  -0.178688596E+02  -0.178120168E+02  -0.173964307E+02  -0.178173099E+02  -0.183574890E+02  -0.181020345E+02  -0.150366475E+02  -0.116331952E+02  -0.148973337E+02  -0.155216123E+02  -0.143170405E+02
   0.134001929E+07   0.702936612E+04  -0.169815679E+02  -0.175929351E+02  -0.178814040E+02  -0.179217465E+02  -0.178721040E+02  -0.178037445E+02  -0.173917701E+02  -0.178158865E+02  -0.183599477E+02  -0.181024727E+02  -0.150177332E+02  -0.115982150E+02  -0.148773261E+02  -0.155051070E+02  -0.142962227E+02
   0.135000470E+07   0.700261864E+04  -0.169732379E+02  -0.175894169E+02  -0.178814588E+02  -0.179236562E+02  -0.178753628E+02  -0.177956545E+02  -0.173872390E+02  -0.178145454E+02  -0.183624322E+02  -0.181029661E+02  -0.149991562E+02  -0.115638061E+02  -0.148576716E+02  -0.154889037E+02  -0.142757698E+02
   0.136000966E+07   0.697612195E+04  -0.169610447E+02  -0.175835257E+02  -0.178802188E+02  -0.179248748E+02  -0.178783819E+02  -0.177837860E+02  -0.173800224E+02  -0.178114737E+02  -0.183644186E+02  -0.181023359E+02  -0.149741538E+02  -0.115183820E+02  -0.148311292E+02  -0.154670619E+02  -0.142492160E+02
   0.137002015E+07   0.694996462E+04  -0.169486464E+02  -0.175775151E+02  -0.178789201E+02  -0.179260704E+02  -0.178814052E+02  -0.177717177E+02  -0.173726682E+02  -0.178083181E+02  -0.183663936E+02  -0.181016582E+02  -0.149488226E+02  -0.114723777E+02  -0.148042265E+02  -0.154449385E+02  -0.142223866E+02
   0.138001718E+07   0.692416065E+04  -0.169364676E+02  -0.175716377E+02  -0.178776910E+02  -0.179273019E+02  -0.178844397E+02  -0.177598646E+02  -0.173654656E+02  -0.178052572E+02  -0.183683941E+02  -0.181010417E+02  -0.149238858E+02  -0.114270469E+02  -0.147777393E+02  -0.154231660E+02  -0.141959717E+02
   0.139001861E+07   0.689873494E+04  -0.169245422E+02  -0.175659212E+02  -0.178765547E+02  -0.179285902E+02  -0.178875045E+02  -0.177482600E+02  -0.173584433E+02  -0.178023159E+02  -0.183704399E+02  -0.181005089E+02  -0.148993892E+02  -0.113824554E+02  -0.147517152E+02  -0.154017874E+02  -0.141700188E+02
   0.140001180E+07   0.687372140E+04  -0.169128842E+02  -0.175603716E+02  -0.178755109E+02  -0.179299317E+02  -0.178905937E+02  -0.177369176E+02  -0.173516089E+02  -0.177994964E+02  -0.183725268E+02  -0.181000590E+02  -0.148753639E+02  -0.113386609E+02  -0.147261871E+02  -0.153808294E+02  -0.141445607E+02
   0.141000856E+07   0.684909530E+04  -0.169014866E+02  -0.175549876E+02  -0.178745631E+02  -0.179313322E+02  -0.178937149E+02  -0.177258307E+02  -0.173449602E+02  -0.177968004E+02  -0.183746611E+02  -0.180996958E+02  -0.148517905E+02  -0.112956245E+02  -0.147011342E+02  -0.153602759E+02  -0.141195767E+02
   0.142001988E+07   0.682487587E+04  -0.168903678E+02  -0.175497833E+02  -0.178737217E+02  -0.179328002E+02  -0.178968752E+02  -0.177150175E+02  -0.173385119E+02  -0.177942396E+02  -0.183768508E+02  -0.180994293E+02  -0.148286971E+02  -0.112533895E+02  -0.146765856E+02  -0.153401526E+02  -0.140950960E+02
   0.143002178E+07   0.680110375E+04  -0.168795376E+02  -0.175447583E+02  -0.178729790E+02  -0.179343244E+02  -0.179000603E+02  -0.177044873E+02  -0.173322660E+02  -0.177918093E+02  -0.183790833E+02  -0.180992509E+02  -0.148061134E+02  -0.112120177E+02  -0.146525737E+02  -0.153204840E+02  -0.140711506E+02
   0.144001215E+07   0.677782482E+04  -0.168690284E+02  -0.175399338E+02  -0.178723479E+02  -0.179359132E+02  -0.179032756E+02  -0.176942718E+02  -0.173262459E+02  -0.177895257E+02  -0.183813658E+02  -0.180991724E+02  -0.147840944E+02  -0.111716005E+02  -0.146291561E+02  -0.153013198E+02  -0.140477982E+02
   0.145000184E+07   0.675501254E+04  -0.168588341E+02  -0.175353103E+02  -0.178718338E+02  -0.179375744E+02  -0.179065307E+02  -0.176843654E+02  -0.173204507E+02  -0.177873921E+02  -0.183837067E+02  -0.180991998E+02  -0.147626212E+02  -0.111320978E+02  -0.146063123E+02  -0.152826440E+02  -0.140250183E+02
   0.146000619E+07   0.673264289E+04  -0.168489426E+02  -0.175308814E+02  -0.178714345E+02  -0.179393083E+02  -0.179098276E+02  -0.176747561E+02  -0.173148730E+02  -0.177854049E+02  -0.183861072E+02  -0.180993317E+02  -0.147416695E+02  -0.110934665E+02  -0.145840167E+02  -0.152644355E+02  -0.140027853E+02
   0.147001295E+07   0.671074489E+04  -0.168393672E+02  -0.175266536E+02  -0.178711514E+02  -0.179411133E+02  -0.179131627E+02  -0.176654571E+02  -0.173095205E+02  -0.177835672E+02  -0.183885648E+02  -0.180995684E+02  -0.147212673E+02  -0.110557574E+02  -0.145622988E+02  -0.152467186E+02  -0.139811288E+02
   0.148001899E+07   0.668934273E+04  -0.168301241E+02  -0.175226369E+02  -0.178709901E+02  -0.179429928E+02  -0.179165376E+02  -0.176564840E+02  -0.173044045E+02  -0.177818865E+02  -0.183910820E+02  -0.180999151E+02  -0.147014424E+02  -0.110190175E+02  -0.145411881E+02  -0.152295183E+02  -0.139600779E+02
   0.149001809E+07   0.666847188E+04  -0.168212350E+02  -0.175188445E+02  -0.178709573E+02  -0.179449503E+02  -0.179199533E+02  -0.176478582E+02  -0.172995402E+02  -0.177803721E+02  -0.183936614E+02  -0.181003778E+02  -0.146822342E+02  -0.109833143E+02  -0.145207260E+02  -0.152128695E+02  -0.139396743E+02
   0.150000324E+07   0.664815318E+04  -0.168127117E+02  -0.175152831E+02  -0.178710561E+02  -0.179469866E+02  -0.179234094E+02  -0.176395913E+02  -0.172949352E+02  -0.177790285E+02  -0.183963032E+02  -0.181009589E+02  -0.146636649E+02  -0.109486863E+02  -0.145009359E+02  -0.151967918E+02  -0.139199411E+02
   0.151000080E+07   0.662833328E+04  -0.168045312E+02  -0.175119426E+02  -0.178712860E+02  -0.179491065E+02  -0.179269141E+02  -0.176316609E+02  -0.172905768E+02  -0.177778514E+02  -0.183990136E+02  -0.181016593E+02  -0.146456849E+02  -0.109150418E+02  -0.144817652E+02  -0.151812424E+02  -0.139008258E+02
   0.152001332E+07   0.660900806E+04  -0.167966872E+02  -0.175088178E+02  -0.178716423E+02  -0.179513057E+02  -0.179304636E+02  -0.176240607E+02  -0.172864594E+02  -0.177768359E+02  -0.184017887E+02  -0.181024744E+02  -0.146282860E+02  -0.108823694E+02  -0.144632052E+02  -0.151662133E+02  -0.138823199E+02
   0.153000537E+07   0.659023517E+04  -0.167891969E+02  -0.175059119E+02  -0.178721182E+02  -0.179535717E+02  -0.179340413E+02  -0.176168074E+02  -0.172825894E+02  -0.177759791E+02  -0.184046141E+02  -0.181033960E+02  -0.146115140E+02  -0.108507604E+02  -0.144453053E+02  -0.151517434E+02  -0.138644726E+02
   0.154000071E+07   0.657195901E+04  -0.167820279E+02  -0.175032059E+02  -0.178727044E+02  -0.179559007E+02  -0.179376473E+02  -0.176098689E+02  -0.172789447E+02  -0.177752678E+02  -0.184074877E+02  -0.181044160E+02  -0.145953087E+02  -0.108201108E+02  -0.144280020E+02  -0.151377794E+02  -0.138472205E+02
   0.155000373E+07   0.655415130E+04  -0.167751565E+02  -0.175006832E+02  -0.178733896E+02  -0.179582840E+02  -0.179412748E+02  -0.176032222E+02  -0.172755074E+02  -0.177746888E+02  -0.184104016E+02  -0.181055239E+02  -0.145796328E+02  -0.107903607E+02  -0.144112562E+02  -0.151242872E+02  -0.138305246E+02
   0.156001327E+07   0.653679107E+04  -0.167685604E+02  -0.174983265E+02  -0.178741601E+02  -0.179607100E+02  -0.179449138E+02  -0.175968452E+02  -0.172722591E+02  -0.177742270E+02  -0.184133449E+02  -0.181067066E+02  -0.145644533E+02  -0.107614608E+02  -0.143950337E+02  -0.151112366E+02  -0.138143507E+02
   0.157000599E+07   0.651990423E+04  -0.167622401E+02  -0.174961299E+02  -0.178750056E+02  -0.179631657E+02  -0.179485494E+02  -0.175907379E+02  -0.172691952E+02  -0.177738736E+02  -0.184163038E+02  -0.181079529E+02  -0.145497837E+02  -0.107334448E+02  -0.143793496E+02  -0.150986379E+02  -0.137987138E+02
   0.158001781E+07   0.650339116E+04  -0.167561324E+02  -0.174940547E+02  -0.178759050E+02  -0.179656398E+02  -0.179521773E+02  -0.175848386E+02  -0.172662719E+02  -0.177736008E+02  -0.184192699E+02  -0.181092444E+02  -0.145355115E+02  -0.107061217E+02  -0.143640853E+02  -0.150863907E+02  -0.137834958E+02
   0.159000666E+07   0.648731651E+04  -0.167502566E+02  -0.174921044E+02  -0.178768504E+02  -0.179681180E+02  -0.179557786E+02  -0.175791656E+02  -0.172634960E+02  -0.177734050E+02  -0.184222271E+02  -0.181105713E+02  -0.145216881E+02  -0.106795938E+02  -0.143492960E+02  -0.150745384E+02  -0.137687516E+02
   0.160000780E+07   0.647156878E+04  -0.167445394E+02  -0.174902328E+02  -0.178778155E+02  -0.179705849E+02  -0.179593458E+02  -0.175736471E+02  -0.172608156E+02  -0.177732523E+02  -0.184251632E+02  -0.181119103E+02  -0.145081848E+02  -0.106536444E+02  -0.143348466E+02  -0.150629663E+02  -0.137543462E+02
   0.161000477E+07   0.645616783E+04  -0.167389941E+02  -0.174884485E+02  -0.178788055E+02  -0.179730434E+02  -0.179628804E+02  -0.175682962E+02  -0.172582402E+02  -0.177731489E+02  -0.184280807E+02  -0.181132659E+02  -0.144950249E+02  -0.106283126E+02  -0.143207614E+02  -0.150516950E+02  -0.137403042E+02
   0.162001287E+07   0.644109473E+04  -0.167336239E+02  -0.174867591E+02  -0.178798314E+02  -0.179755067E+02  -0.179663968E+02  -0.175631161E+02  -0.172557767E+02  -0.177731047E+02  -0.184309931E+02  -0.181146496E+02  -0.144822021E+02  -0.106035769E+02  -0.143070331E+02  -0.150407207E+02  -0.137266180E+02
   0.163001401E+07   0.642630812E+04  -0.167283705E+02  -0.174851166E+02  -0.178808525E+02  -0.179779379E+02  -0.179698612E+02  -0.175580493E+02  -0.172533748E+02  -0.177730762E+02  -0.184338649E+02  -0.181160218E+02  -0.144696379E+02  -0.105793262E+02  -0.142935805E+02  -0.150299697E+02  -0.137132068E+02
   0.164001441E+07   0.641179564E+04  -0.167232252E+02  -0.174835153E+02  -0.178818654E+02  -0.179803347E+02  -0.179732720E+02  -0.175530871E+02  -0.172510281E+02  -0.177730589E+02  -0.184366941E+02  -0.181173792E+02  -0.144573172E+02  -0.105555358E+02  -0.142803879E+02  -0.150194287E+02  -0.137000549E+02
   0.165001453E+07   0.639757246E+04  -0.167182130E+02  -0.174819764E+02  -0.178828887E+02  -0.179827143E+02  -0.179766454E+02  -0.175482544E+02  -0.172487587E+02  -0.177730725E+02  -0.184394975E+02  -0.181187401E+02  -0.144452728E+02  -0.105322502E+02  -0.142674889E+02  -0.150091285E+02  -0.136871957E+02
   0.166000114E+07   0.638363498E+04  -0.167133260E+02  -0.174804930E+02  -0.178839160E+02  -0.179850706E+02  -0.179799755E+02  -0.175435433E+02  -0.172465595E+02  -0.177731103E+02  -0.184422692E+02  -0.181200983E+02  -0.144334948E+02  -0.105094568E+02  -0.142548736E+02  -0.149990596E+02  -0.136746194E+02
   0.167001048E+07   0.636991693E+04  -0.167085392E+02  -0.174790561E+02  -0.178849503E+02  -0.179874130E+02  -0.179832764E+02  -0.175389296E+02  -0.172444180E+02  -0.177731707E+02  -0.184450203E+02  -0.181214582E+02  -0.144219253E+02  -0.104870455E+02  -0.142424800E+02  -0.149891724E+02  -0.136622642E+02
   0.168001828E+07   0.635650066E+04  -0.167039298E+02  -0.174777229E+02  -0.178860339E+02  -0.179897760E+02  -0.179865768E+02  -0.175344894E+02  -0.172423958E+02  -0.177733020E+02  -0.184477831E+02  -0.181228603E+02  -0.144106826E+02  -0.104651993E+02  -0.142304312E+02  -0.149795749E+02  -0.136502530E+02
   0.169000298E+07   0.634329737E+04  -0.166993771E+02  -0.174763945E+02  -0.178870839E+02  -0.179920850E+02  -0.179898084E+02  -0.175301034E+02  -0.172403893E+02  -0.177734147E+02  -0.184504856E+02  -0.181242238E+02  -0.143996019E+02  -0.104436836E+02  -0.142185572E+02  -0.149701134E+02  -0.136384160E+02
   0.170001461E+07   0.633029602E+04  -0.166949253E+02  -0.174751177E+02  -0.178881491E+02  -0.179943900E+02  -0.179930219E+02  -0.175258156E+02  -0.172384447E+02  -0.177735569E+02  -0.184531780E+02  -0.181255976E+02  -0.143887219E+02  -0.104225281E+02  -0.142068961E+02  -0.149608277E+02  -0.136267913E+02
   0.171001163E+07   0.631755971E+04  -0.166906109E+02  -0.174739135E+02  -0.178892392E+02  -0.179966946E+02  -0.179962163E+02  -0.175216619E+02  -0.172365863E+02  -0.177737428E+02  -0.184558621E+02  -0.181269900E+02  -0.143781103E+02  -0.104018505E+02  -0.141955193E+02  -0.149517780E+02  -0.136154501E+02
   0.172001267E+07   0.630505839E+04  -0.166864221E+02  -0.174727776E+02  -0.178903553E+02  -0.179990028E+02  -0.179993980E+02  -0.175176309E+02  -0.172348084E+02  -0.177739715E+02  -0.184585428E+02  -0.181284029E+02  -0.143677406E+02  -0.103816005E+02  -0.141843985E+02  -0.149429413E+02  -0.136043644E+02
   0.173001791E+07   0.629281209E+04  -0.166823935E+02  -0.174717395E+02  -0.178915232E+02  -0.180013385E+02  -0.180025894E+02  -0.175137568E+02  -0.172331413E+02  -0.177742700E+02  -0.184612434E+02  -0.181298615E+02  -0.143576571E+02  -0.103618382E+02  -0.141735793E+02  -0.149343596E+02  -0.135935794E+02
   0.174001233E+07   0.628082676E+04  -0.166785158E+02  -0.174707886E+02  -0.178927314E+02  -0.180036896E+02  -0.180057779E+02  -0.175100303E+02  -0.172315749E+02  -0.177746274E+02  -0.184639516E+02  -0.181313542E+02  -0.143478536E+02  -0.103425622E+02  -0.141630556E+02  -0.149260258E+02  -0.135830893E+02
   0.175001874E+07   0.626898834E+04  -0.166746819E+02  -0.174698456E+02  -0.178939210E+02  -0.180060081E+02  -0.180089235E+02  -0.175063458E+02  -0.172300239E+02  -0.177749765E+02  -0.184666228E+02  -0.181328248E+02  -0.143381664E+02  -0.103235187E+02  -0.141526572E+02  -0.149177904E+02  -0.135727241E+02
   0.176001717E+07   0.625741026E+04  -0.166710073E+02  -0.174689984E+02  -0.178951594E+02  -0.180083506E+02  -0.180120750E+02  -0.175028173E+02  -0.172285820E+02  -0.177753931E+02  -0.184693104E+02  -0.181343381E+02  -0.143287673E+02  -0.103049690E+02  -0.141425626E+02  -0.149098111E+02  -0.135626618E+02
   0.177000955E+07   0.624608326E+04  -0.166674820E+02  -0.174682392E+02  -0.178964406E+02  -0.180107119E+02  -0.180152278E+02  -0.174994349E+02  -0.172272410E+02  -0.177758702E+02  -0.184720092E+02  -0.181358882E+02  -0.143196417E+02  -0.102868911E+02  -0.141327564E+02  -0.149020745E+02  -0.135528873E+02
   0.178001825E+07   0.623497529E+04  -0.166640976E+02  -0.174675674E+02  -0.178977698E+02  -0.180131003E+02  -0.180183923E+02  -0.174961907E+02  -0.172259987E+02  -0.177764108E+02  -0.184747286E+02  -0.181374811E+02  -0.143107652E+02  -0.102692356E+02  -0.141232126E+02  -0.148945602E+02  -0.135433746E+02
   0.179001479E+07   0.622415735E+04  -0.166609136E+02  -0.174670252E+02  -0.178991763E+02  -0.180155384E+02  -0.180215863E+02  -0.174931432E+02  -0.172249009E+02  -0.177770493E+02  -0.184774890E+02  -0.181391444E+02  -0.143022326E+02  -0.102521531E+02  -0.141140300E+02  -0.148873542E+02  -0.135342223E+02
   0.180001675E+07   0.621347654E+04  -0.166577681E+02  -0.174664879E+02  -0.179005631E+02  -0.180179437E+02  -0.180247379E+02  -0.174901325E+02  -0.172238151E+02  -0.177776779E+02  -0.184802126E+02  -0.181407848E+02  -0.142938063E+02  -0.102352853E+02  -0.141049619E+02  -0.148802376E+02  -0.135251842E+02
   0.181000382E+07   0.620305920E+04  -0.166547885E+02  -0.174660522E+02  -0.179020040E+02  -0.180203780E+02  -0.180279000E+02  -0.174872843E+02  -0.172228444E+02  -0.177783792E+02  -0.184829573E+02  -0.181424729E+02  -0.142856760E+02  -0.102189218E+02  -0.140962058E+02  -0.148733849E+02  -0.135164573E+02
   0.182000869E+07   0.619285321E+04  -0.166519477E+02  -0.174657038E+02  -0.179034940E+02  -0.180228413E+02  -0.180310764E+02  -0.174845723E+02  -0.172219717E+02  -0.177791448E+02  -0.184857247E+02  -0.181442053E+02  -0.142777892E+02  -0.102029688E+02  -0.140877058E+02  -0.148667496E+02  -0.135079858E+02
   0.183000936E+07   0.618287413E+04  -0.166492434E+02  -0.174654364E+02  -0.179050242E+02  -0.180253230E+02  -0.180342554E+02  -0.174819939E+02  -0.172211918E+02  -0.177799665E+02  -0.184885038E+02  -0.181459723E+02  -0.142701509E+02  -0.101874437E+02  -0.140794680E+02  -0.148603351E+02  -0.134997760E+02
   0.184001381E+07   0.617315479E+04  -0.166467311E+02  -0.174652975E+02  -0.179066362E+02  -0.180278618E+02  -0.180374733E+02  -0.174796042E+02  -0.172205537E+02  -0.177808885E+02  -0.184913322E+02  -0.181478150E+02  -0.142628331E+02  -0.101724443E+02  -0.140715663E+02  -0.148542092E+02  -0.134919014E+02
   0.185000453E+07   0.616359899E+04  -0.166442797E+02  -0.174651797E+02  -0.179082397E+02  -0.180303766E+02  -0.180406557E+02  -0.174772734E+02  -0.172199451E+02  -0.177818137E+02  -0.184941317E+02  -0.181496454E+02  -0.142556571E+02  -0.101577159E+02  -0.140638161E+02  -0.148482050E+02  -0.134841781E+02
   0.186001629E+07   0.615425102E+04  -0.166419713E+02  -0.174651541E+02  -0.179098981E+02  -0.180329264E+02  -0.180438586E+02  -0.174750830E+02  -0.172194394E+02  -0.177828084E+02  -0.184969600E+02  -0.181515257E+02  -0.142487269E+02  -0.101433977E+02  -0.140563243E+02  -0.148424211E+02  -0.134767124E+02
   0.187000672E+07   0.614513881E+04  -0.166398120E+02  -0.174652199E+02  -0.179116054E+02  -0.180355026E+02  -0.180470715E+02  -0.174730386E+02  -0.172190372E+02  -0.177838689E+02  -0.184998078E+02  -0.181534493E+02  -0.142420622E+02  -0.101295312E+02  -0.140491121E+02  -0.148368738E+02  -0.134695258E+02
   0.188000020E+07   0.613624212E+04  -0.166377964E+02  -0.174653770E+02  -0.179133651E+02  -0.180381106E+02  -0.180503012E+02  -0.174711353E+02  -0.172187374E+02  -0.177849970E+02  -0.185026809E+02  -0.181554202E+02  -0.142356479E+02  -0.101160855E+02  -0.140421634E+02  -0.148315506E+02  -0.134626019E+02
   0.189000563E+07   0.612758395E+04  -0.166359780E+02  -0.174656728E+02  -0.179152206E+02  -0.180407918E+02  -0.180535874E+02  -0.174694261E+02  -0.172185886E+02  -0.177862379E+02  -0.185056201E+02  -0.181574813E+02  -0.142295487E+02  -0.101031434E+02  -0.140355439E+02  -0.148265131E+02  -0.134560067E+02
   0.190000284E+07   0.611909361E+04  -0.166342519E+02  -0.174660201E+02  -0.179170973E+02  -0.180434781E+02  -0.180568669E+02  -0.174678071E+02  -0.172184997E+02  -0.177875118E+02  -0.185085594E+02  -0.181595595E+02  -0.142236247E+02  -0.100905092E+02  -0.140291099E+02  -0.148216303E+02  -0.134495964E+02
   0.191000349E+07   0.611080015E+04  -0.166326770E+02  -0.174664705E+02  -0.179190417E+02  -0.180462133E+02  -0.180601816E+02  -0.174663369E+02  -0.172185242E+02  -0.177888674E+02  -0.185115417E+02  -0.181617008E+02  -0.142179493E+02  -0.100782791E+02  -0.140229362E+02  -0.148169719E+02  -0.134434460E+02
   0.192001271E+07   0.610272542E+04  -0.166312882E+02  -0.174670535E+02  -0.179210793E+02  -0.180490210E+02  -0.180635534E+02  -0.174650500E+02  -0.172186925E+02  -0.177903319E+02  -0.185145900E+02  -0.181639301E+02  -0.142125682E+02  -0.100665162E+02  -0.140170700E+02  -0.148125810E+02  -0.134376023E+02
   0.193001213E+07   0.609491109E+04  -0.166301384E+02  -0.174678120E+02  -0.179232454E+02  -0.180519322E+02  -0.180670107E+02  -0.174639988E+02  -0.172190496E+02  -0.177919432E+02  -0.185177341E+02  -0.181662817E+02  -0.142075548E+02  -0.100553268E+02  -0.140115871E+02  -0.148085259E+02  -0.134321413E+02
   0.194001494E+07   0.608729431E+04  -0.166291755E+02  -0.174687091E+02  -0.179255146E+02  -0.180549278E+02  -0.180705384E+02  -0.174631320E+02  -0.172195556E+02  -0.177936717E+02  -0.185209566E+02  -0.181687317E+02  -0.142028260E+02  -0.100445781E+02  -0.140064006E+02  -0.148047311E+02  -0.134269762E+02
   0.195000275E+07   0.607988175E+04  -0.166284049E+02  -0.174697487E+02  -0.179278895E+02  -0.180580095E+02  -0.180741381E+02  -0.174624550E+02  -0.172202145E+02  -0.177955204E+02  -0.185242592E+02  -0.181712826E+02  -0.141983905E+02  -0.100342842E+02  -0.140015198E+02  -0.148012046E+02  -0.134221161E+02
   0.196000714E+07   0.607263696E+04  -0.166278119E+02  -0.174709249E+02  -0.179303707E+02  -0.180611816E+02  -0.180778163E+02  -0.174619533E+02  -0.172210185E+02  -0.177974873E+02  -0.185276472E+02  -0.181739358E+02  -0.141942154E+02  -0.100243833E+02  -0.139969094E+02  -0.147979179E+02  -0.134175260E+02
   0.197001446E+07   0.606557719E+04  -0.166274199E+02  -0.174722569E+02  -0.179329745E+02  -0.180644586E+02  -0.180815866E+02  -0.174616505E+02  -0.172219880E+02  -0.177995899E+02  -0.185311345E+02  -0.181767072E+02  -0.141903329E+02  -0.100149212E+02  -0.139926028E+02  -0.147949012E+02  -0.134132392E+02
   0.198001360E+07   0.605877182E+04  -0.166272960E+02  -0.174737949E+02  -0.179357384E+02  -0.180678714E+02  -0.180854749E+02  -0.174616124E+02  -0.172231764E+02  -0.178018707E+02  -0.185347501E+02  -0.181796326E+02  -0.141868443E+02  -0.100060540E+02  -0.139887053E+02  -0.147922471E+02  -0.134093607E+02
