3491.03784179688  1.221530E-15
3493.87490081788  9.319963E-16
3496.71195983888  9.046104E-16
3499.54901885987  1.026568E-15
3502.38607788087  9.497652E-16
3505.22313690186  8.316644E-16
3508.06019592286  9.927072E-16
3510.89725494386  9.289686E-16
3513.73431396485  9.993278E-16
3516.57137298585  9.895766E-16
3519.40843200684  1.131141E-15
3522.24549102784  9.649971E-16
3525.08255004884  1.066761E-15
3527.91960906983  1.111168E-15
3530.75666809083  1.003009E-15
3533.59372711183  1.031618E-15
3536.43078613282  8.687094E-16
3539.26784515382  8.205118E-16
3542.10490417481  8.840185E-16
3544.94196319581  7.715734E-16
3547.77902221681  7.691180E-16
3550.6160812378  8.349040E-16
3553.4531402588  8.130769E-16
3556.29019927979  8.472867E-16
3559.12725830079  7.803235E-16
3561.96431732179  8.285416E-16
3564.80137634278  8.984595E-16
3567.63843536378  8.735968E-16
3570.47549438477  9.410201E-16
3573.31255340577  9.594721E-16
3576.14961242677  9.913992E-16
3578.98667144776  9.067587E-16
3581.82373046876  9.444298E-16
3584.66078948975  8.988360E-16
3587.49784851075  9.859913E-16
3590.33490753175  8.444561E-16
3593.17196655274  8.659431E-16
3596.00902557374  9.536404E-16
3598.84608459474  9.241848E-16
3601.68314361573  9.052247E-16
3604.52020263673  9.018827E-16
3607.35726165772  8.035922E-16
3610.19432067872  9.217540E-16
3613.03137969972  8.559758E-16
3615.86843872071  8.664959E-16
3618.70549774171  8.252873E-16
3621.5425567627  8.579379E-16
3624.3796157837  8.542712E-16
3627.2166748047  8.002088E-16
3630.05373382569  8.422063E-16
3632.89079284669  8.368229E-16
3635.72785186768  7.773329E-16
3638.56491088868  9.065369E-16
3641.40196990968  8.592402E-16
3644.23902893067  8.896821E-16
3647.07608795167  7.874868E-16
3649.91314697266  8.693043E-16
3652.75020599366  9.184963E-16
3655.58726501466  8.726933E-16
3658.42432403565  8.533280E-16
3661.26138305665  8.569813E-16
3664.09844207765  8.839838E-16
3666.93550109864  9.031471E-16
3669.77256011964  8.956914E-16
3672.60961914063  8.803210E-16
3675.44667816163  8.585358E-16
3678.28373718263  9.025365E-16
3681.12079620362  8.874309E-16
3683.95785522462  9.125088E-16
3686.79491424561  7.981322E-16
3689.63197326661  8.460548E-16
3692.46903228761  8.763174E-16
3695.3060913086  9.397584E-16
3698.1431503296  8.121491E-16
3700.98020935059  8.838995E-16
3703.81726837159  8.785535E-16
3706.65432739259  8.060477E-16
3709.49138641358  9.159924E-16
3712.32844543458  9.181654E-16
3715.16550445558  8.567396E-16
3718.00256347657  9.320528E-16
3720.83962249757  8.749484E-16
3723.67668151856  8.933943E-16
3726.51374053956  8.452601E-16
3729.35079956056  7.843015E-16
3732.18785858155  8.407329E-16
3735.02491760255  8.401727E-16
3737.86197662354  8.396751E-16
3740.69903564454  8.972249E-16
3743.53609466554  8.251681E-16
3746.37315368653  7.896606E-16
3749.21021270753  8.733256E-16
3752.04727172852  8.720342E-16
3754.88433074952  9.063227E-16
3757.72138977052  8.849970E-16
3760.55844879151  8.758159E-16
3763.39550781251  8.334506E-16
3766.2325668335  8.881053E-16
3769.0696258545  9.329179E-16
3771.9066848755  1.000437E-15
3774.74374389649  9.372121E-16
3777.58080291749  9.032338E-16
3780.41786193848  9.959183E-16
3783.25492095948  9.269666E-16
3786.09197998048  9.027253E-16
3788.92903900147  8.284661E-16
3791.76609802247  9.137870E-16
3794.60315704347  9.063025E-16
3797.44021606446  9.065677E-16
3800.27727508546  8.991768E-16
3803.11433410645  8.992870E-16
3805.95139312745  9.078861E-16
3808.78845214845  9.321811E-16
3811.62551116944  9.147186E-16
3814.46257019044  9.576545E-16
3817.29962921143  8.973426E-16
3820.13668823243  9.560180E-16
3822.97374725343  9.251939E-16
3825.81080627442  8.581204E-16
3828.64786529542  9.279298E-16
3831.48492431641  9.480338E-16
3834.32198333741  9.454780E-16
3837.15904235841  9.425133E-16
3839.9961013794  8.995802E-16
3842.8331604004  9.394487E-16
3845.6702194214  9.571745E-16
3848.50727844239  8.897311E-16
3851.34433746339  8.695576E-16
3854.18139648438  9.055517E-16
3857.01845550538  9.616999E-16
3859.85551452638  9.337178E-16
3862.69257354737  9.473143E-16
3865.52963256837  9.140665E-16
3868.36669158936  9.206402E-16
3871.20375061036  9.879979E-16
3874.04080963136  8.723276E-16
3876.87786865235  9.062398E-16
3879.71492767335  8.407148E-16
3882.55198669434  8.771534E-16
3885.38904571534  8.543349E-16
3888.22610473634  8.784641E-16
3891.06316375733  8.670418E-16
3893.90022277833  9.198324E-16
3896.73728179933  9.232250E-16
3899.57434082032  8.200830E-16
3902.41139984132  8.603112E-16
3905.24845886231  8.785068E-16
3908.08551788331  9.534673E-16
3910.9225769043  9.422336E-16
3913.7596359253  9.270632E-16
3916.5966949463  9.354126E-16
3919.43375396729  8.689588E-16
3922.27081298829  9.014527E-16
3925.10787200929  8.637517E-16
3927.94493103028  8.057922E-16
3930.78199005128  8.785250E-16
3933.61904907227  8.930737E-16
3936.45610809327  8.634280E-16
3939.29316711427  8.604550E-16
3942.13022613526  8.560598E-16
3944.96728515626  8.981830E-16
3947.80434417725  8.537812E-16
3950.64140319825  8.710361E-16
3953.47846221925  9.036961E-16
3956.31552124024  8.533348E-16
3959.15258026124  8.464984E-16
3961.98963928224  8.557742E-16
3964.82669830323  8.668644E-16
3967.66375732423  8.654678E-16
3970.50081634522  8.339525E-16
3973.33787536622  8.550559E-16
3976.17493438722  8.084878E-16
3979.01199340821  8.153947E-16
3981.84905242921  8.530978E-16
3984.6861114502  7.924596E-16
3987.5231704712  7.696049E-16
3990.3602294922  8.415691E-16
3993.19728851319  8.270748E-16
3996.03434753419  8.517925E-16
3998.87140655518  8.857686E-16
4001.70846557618  8.779039E-16
4004.54552459718  7.951265E-16
4007.38258361817  8.473477E-16
4010.21964263917  8.202397E-16
4013.05670166017  7.936080E-16
4015.89376068116  8.578015E-16
4018.73081970216  8.396995E-16
4021.56787872315  7.697527E-16
4024.40493774415  8.231702E-16
4027.24199676515  7.525280E-16
4030.07905578614  8.203405E-16
4032.91611480714  8.847484E-16
4035.75317382813  8.713672E-16
4038.59023284913  8.977118E-16
4041.42729187013  8.639216E-16
4044.26435089112  9.520862E-16
4047.10140991212  8.853218E-16
4049.93846893311  9.196898E-16
4052.77552795411  9.071458E-16
4055.61258697511  9.167193E-16
4058.4496459961  9.390437E-16
4061.2867050171  9.538576E-16
4064.12376403809  9.272627E-16
4066.96082305909  9.412542E-16
4069.79788208009  9.331824E-16
4072.63494110108  9.130747E-16
4075.47200012208  9.399012E-16
4078.30905914308  9.224952E-16
4081.14611816407  8.991561E-16
4083.98317718507  9.087476E-16
4086.82023620606  9.221116E-16
4089.65729522706  9.233872E-16
4092.49435424806  8.870817E-16
4095.33141326905  9.539144E-16
4098.16847229005  9.172213E-16
4101.00553131104  8.960774E-16
4103.84259033204  9.317764E-16
4106.67964935304  9.622633E-16
4109.51670837403  9.130296E-16
4112.35376739503  9.251790E-16
4115.19082641602  9.206536E-16
4118.02788543702  9.025770E-16
4120.86494445802  9.422862E-16
4123.70200347901  8.763430E-16
4126.53906250001  8.912330E-16
4129.37612152101  9.167150E-16
4132.213180542  8.810216E-16
4135.050239563  8.804531E-16
4137.88729858399  9.331827E-16
4140.72435760499  9.015714E-16
4143.56141662599  9.415813E-16
4146.39847564698  8.781015E-16
4149.23553466798  9.196897E-16
4152.07259368897  8.962690E-16
4154.90965270997  8.716485E-16
4157.74671173097  9.044041E-16
4160.58377075196  8.887080E-16
4163.42082977296  8.798038E-16
4166.25788879396  8.782867E-16
4169.09494781495  8.942864E-16
4171.93200683595  9.418928E-16
4174.76906585694  9.483348E-16
4177.60612487794  8.865951E-16
4180.44318389893  9.737859E-16
4183.28024291993  9.596807E-16
4186.11730194093  9.341415E-16
4188.95436096192  9.551163E-16
4191.79141998292  9.327712E-16
4194.62847900392  8.901839E-16
4197.46553802491  9.122837E-16
4200.30259704591  9.995426E-16
4203.1396560669  9.644716E-16
4205.9767150879  9.669048E-16
4208.8137741089  9.034291E-16
4211.65083312989  9.470915E-16
4214.48789215089  9.758245E-16
4217.32495117188  9.017786E-16
4220.16201019288  9.591668E-16
4222.99906921388  9.481767E-16
4225.83612823487  8.981457E-16
4228.67318725587  9.396049E-16
4231.51024627687  8.870604E-16
4234.34730529786  8.683235E-16
4237.18436431886  9.307497E-16
4240.02142333985  9.590592E-16
4242.85848236085  9.143913E-16
4245.69554138185  8.972884E-16
4248.53260040284  9.184331E-16
4251.36965942384  9.140468E-16
4254.20671844483  8.628107E-16
4257.04377746583  8.881729E-16
4259.88083648683  9.064886E-16
4262.71789550782  9.188762E-16
4265.55495452882  9.656155E-16
4268.39201354981  9.232733E-16
4271.22907257081  9.403898E-16
4274.06613159181  9.318886E-16
4276.9031906128  9.338682E-16
4279.7402496338  9.225974E-16
4282.57730865479  9.233883E-16
4285.41436767579  9.544378E-16
4288.25142669679  9.460395E-16
4291.08848571778  9.163248E-16
4293.92554473878  9.240603E-16
4296.76260375978  8.785445E-16
4299.59966278077  9.244869E-16
4302.43672180177  8.903738E-16
4305.27378082276  8.587569E-16
4308.11083984376  8.924667E-16
4310.94789886476  8.768978E-16
4313.78495788575  8.802660E-16
4316.62201690675  9.048132E-16
4319.45907592774  8.689861E-16
4322.29613494874  8.805897E-16
4325.13319396974  8.975650E-16
4327.97025299073  8.715371E-16
4330.80731201173  8.587420E-16
4333.64437103272  8.325277E-16
4336.48143005372  8.531206E-16
4339.31848907472  8.698742E-16
4342.15554809571  9.013378E-16
4344.99260711671  9.143053E-16
4347.8296661377  8.570592E-16
4350.6667251587  8.806613E-16
4353.5037841797  8.709528E-16
4356.34084320069  8.400285E-16
4359.17790222169  8.741219E-16
4362.01496124269  8.207540E-16
4364.85202026368  8.329288E-16
4367.68907928468  7.979922E-16
4370.52613830567  8.348998E-16
4373.36319732667  8.283847E-16
4376.20025634767  8.269993E-16
4379.03731536866  8.279741E-16
4381.87437438966  8.428911E-16
4384.71143341065  8.466340E-16
4387.54849243165  8.337049E-16
4390.38555145265  8.668858E-16
4393.22261047364  8.230874E-16
4396.05966949464  8.802131E-16
4398.89672851563  8.877948E-16
4401.73378753663  8.639531E-16
4404.57084655763  8.095778E-16
4407.40790557862  8.573363E-16
4410.24496459962  8.721415E-16
4413.08202362061  8.630964E-16
4415.91908264161  8.513385E-16
4418.75614166261  9.031777E-16
4421.5932006836  8.461082E-16
4424.4302597046  8.978296E-16
4427.2673187256  8.614374E-16
4430.10437774659  8.488996E-16
4432.94143676759  8.679874E-16
4435.77849578858  8.551877E-16
4438.61555480958  8.627749E-16
4441.45261383058  8.525722E-16
4444.28967285157  8.921728E-16
4447.12673187257  8.618519E-16
4449.96379089356  8.383113E-16
4452.80084991456  8.744823E-16
4455.63790893556  8.534494E-16
4458.47496795655  8.633136E-16
4461.31202697755  8.668302E-16
4464.14908599854  8.933861E-16
4466.98614501954  8.273969E-16
4469.82320404054  8.080889E-16
4472.66026306153  8.794878E-16
4475.49732208253  8.003243E-16
4478.33438110352  8.304412E-16
4481.17144012452  8.853693E-16
4484.00849914552  8.440277E-16
4486.84555816651  8.607314E-16
4489.68261718751  8.723176E-16
4492.51967620851  9.106766E-16
4495.3567352295  8.630142E-16
4498.1937942505  8.647730E-16
4501.03085327149  9.298985E-16
4503.86791229249  8.709111E-16
4506.70497131349  8.988194E-16
4509.54203033448  8.704323E-16
4512.37908935548  8.631518E-16
4515.21614837647  8.837707E-16
4518.05320739747  8.648728E-16
4520.89026641847  8.695607E-16
4523.72732543946  8.683863E-16
4526.56438446046  8.299669E-16
4529.40144348145  8.794655E-16
4532.23850250245  8.419103E-16
4535.07556152345  8.690820E-16
4537.91262054444  8.489809E-16
4540.74967956544  8.527843E-16
4543.58673858643  9.006689E-16
4546.42379760743  9.001587E-16
4549.26085662843  9.060048E-16
4552.09791564942  8.723984E-16
4554.93497467042  8.960417E-16
4557.77203369142  8.755413E-16
4560.60909271241  9.174763E-16
4563.44615173341  9.188979E-16
4566.2832107544  9.465444E-16
4569.1202697754  9.117186E-16
4571.9573287964  9.340960E-16
4574.79438781739  8.828577E-16
4577.63144683839  8.634686E-16
4580.46850585938  9.003540E-16
4583.30556488038  9.001878E-16
4586.14262390138  8.841152E-16
4588.97968292237  9.019645E-16
4591.81674194337  8.998964E-16
4594.65380096436  8.800983E-16
4597.49085998536  8.831608E-16
4600.32791900636  8.662920E-16
4603.16497802735  8.587557E-16
4606.00203704835  8.797234E-16
4608.83909606934  8.557789E-16
4611.67615509034  9.008891E-16
4614.51321411134  9.003594E-16
4617.35027313233  8.938054E-16
4620.18733215333  8.927690E-16
4623.02439117433  9.005461E-16
4625.86145019532  9.071152E-16
4628.69850921632  8.652844E-16
4631.53556823731  9.099463E-16
4634.37262725831  8.783147E-16
4637.20968627931  8.621623E-16
4640.0467453003  8.513131E-16
4642.8838043213  8.868593E-16
4645.72086334229  8.739641E-16
4648.55792236329  8.881460E-16
4651.39498138429  8.859673E-16
4654.23204040528  8.822657E-16
4657.06909942628  8.732269E-16
4659.90615844727  8.912983E-16
4662.74321746827  8.763662E-16
4665.58027648927  9.066789E-16
4668.41733551026  8.595181E-16
4671.25439453126  8.710923E-16
4674.09145355225  8.740736E-16
4676.92851257325  8.721782E-16
4679.76557159425  8.966942E-16
4682.60263061524  9.127528E-16
4685.43968963624  9.033773E-16
4688.27674865724  9.082707E-16
4691.11380767823  9.038397E-16
4693.95086669923  8.744113E-16
4696.78792572022  8.750395E-16
4699.62498474122  9.077705E-16
4702.46204376222  8.540700E-16
4705.29910278321  9.129873E-16
4708.13616180421  9.035403E-16
4710.9732208252  8.774876E-16
4713.8102798462  8.779345E-16
4716.6473388672  8.280604E-16
4719.48439788819  8.840217E-16
4722.32145690919  8.787789E-16
4725.15851593018  8.954379E-16
4727.99557495118  8.502598E-16
4730.83263397218  8.308303E-16
4733.66969299317  8.588772E-16
4736.50675201417  8.679430E-16
4739.34381103516  8.593558E-16
4742.18087005616  8.274297E-16
4745.01792907716  8.444275E-16
4747.85498809815  8.800968E-16
4750.69204711915  8.716639E-16
4753.52910614015  8.634402E-16
4756.36616516114  8.240283E-16
4759.20322418214  8.534346E-16
4762.04028320313  9.036153E-16
4764.87734222413  8.446559E-16
4767.71440124513  8.464011E-16
4770.55146026612  8.801307E-16
4773.38851928712  8.739808E-16
4776.22557830811  8.550049E-16
4779.06263732911  8.569870E-16
4781.89969635011  8.403394E-16
4784.7367553711  8.554459E-16
4787.5738143921  8.914174E-16
4790.41087341309  9.070610E-16
4793.24793243409  8.499176E-16
4796.08499145509  8.345095E-16
4798.92205047608  8.305879E-16
4801.75910949708  8.599487E-16
4804.59616851808  8.423751E-16
4807.43322753907  8.586306E-16
4810.27028656007  9.014842E-16
4813.10734558106  8.643463E-16
4815.94440460206  8.611436E-16
4818.78146362306  8.933821E-16
4821.61852264405  8.328392E-16
4824.45558166505  8.393201E-16
4827.29264068604  8.638004E-16
4830.12969970704  8.499862E-16
4832.96675872804  8.344787E-16
4835.80381774903  8.109599E-16
4838.64087677003  8.467499E-16
4841.47793579102  8.734216E-16
4844.31499481202  8.262251E-16
4847.15205383302  8.220902E-16
4849.98911285401  8.400219E-16
4852.82617187501  7.835811E-16
4855.663230896  8.036073E-16
4858.500289917  8.490460E-16
4861.337348938  8.529087E-16
4864.17440795899  8.209598E-16
4867.01146697999  8.408285E-16
4869.84852600099  8.645794E-16
4872.68558502198  8.346514E-16
4875.52264404298  8.270005E-16
4878.35970306397  8.439890E-16
4881.19676208497  8.252022E-16
4884.03382110597  8.199909E-16
4886.87088012696  8.009700E-16
4889.70793914796  8.412425E-16
4892.54499816895  7.867982E-16
4895.38205718995  8.187146E-16
4898.21911621095  8.187169E-16
4901.05617523194  8.345281E-16
4903.89323425294  8.032772E-16
4906.73029327393  8.262621E-16
4909.56735229493  7.988140E-16
4912.40441131593  8.114915E-16
4915.24147033692  7.983219E-16
4918.07852935792  7.826733E-16
4920.91558837891  8.052687E-16
4923.75264739991  8.423294E-16
4926.58970642091  8.394992E-16
4929.4267654419  8.348699E-16
4932.2638244629  8.305354E-16
4935.1008834839  8.449503E-16
4937.93794250489  8.540225E-16
4940.77500152589  8.064475E-16
4943.61206054689  8.022319E-16
4946.44911956788  8.234079E-16
4949.28617858888  8.372171E-16
4952.12323760987  8.174660E-16
4954.96029663087  8.059923E-16
4957.79735565186  8.249851E-16
4960.63441467286  7.798793E-16
4963.47147369386  8.529872E-16
4966.30853271485  8.278221E-16
4969.14559173585  8.486176E-16
4971.98265075684  8.431981E-16
4974.81970977784  8.166453E-16
4977.65676879884  8.179620E-16
4980.49382781983  8.031250E-16
4983.33088684083  7.926466E-16
4986.16794586182  8.273728E-16
4989.00500488282  8.298241E-16
4991.84206390382  7.923835E-16
4994.67912292481  8.030541E-16
4997.51618194581  8.283302E-16
5000.35324096681  8.076947E-16
5003.1902999878  8.359508E-16
5006.0273590088  8.485348E-16
5008.8644180298  8.116079E-16
5011.70147705079  8.268222E-16
5014.53853607179  8.096269E-16
5017.37559509278  8.351882E-16
5020.21265411378  8.108678E-16
5023.04971313478  7.822873E-16
5025.88677215577  8.420781E-16
5028.72383117677  8.078403E-16
5031.56089019776  8.040234E-16
5034.39794921876  8.088854E-16
5037.23500823976  8.124904E-16
5040.07206726075  8.686875E-16
5042.90912628175  8.204468E-16
5045.74618530274  7.799300E-16
5048.58324432374  8.050080E-16
5051.42030334474  8.042715E-16
5054.25736236573  8.064944E-16
5057.09442138673  8.216609E-16
5059.93148040773  7.850552E-16
5062.76853942872  7.631539E-16
5065.60559844972  7.810747E-16
5068.44265747071  8.235667E-16
5071.27971649171  7.967981E-16
5074.11677551271  8.102193E-16
5076.9538345337  8.278268E-16
5079.7908935547  8.311412E-16
5082.62795257569  8.359641E-16
5085.46501159669  8.086411E-16
5088.30207061769  7.885676E-16
5091.13912963868  7.937249E-16
5093.97618865968  7.988570E-16
5096.81324768067  8.355451E-16
5099.65030670167  8.191889E-16
5102.48736572266  8.007480E-16
5105.32442474366  8.165170E-16
5108.16148376466  7.908851E-16
5110.99854278565  8.087630E-16
5113.83560180665  8.146934E-16
5116.67266082765  7.870073E-16
5119.50971984864  7.789401E-16
5122.34677886964  8.237278E-16
5125.18383789063  7.828529E-16
5128.02089691163  8.041341E-16
5130.85795593263  8.171383E-16
5133.69501495362  8.081825E-16
5136.53207397462  8.282261E-16
5139.36913299561  7.881358E-16
5142.20619201661  8.049844E-16
5145.04325103761  7.881761E-16
5147.8803100586  8.094360E-16
5150.7173690796  7.946648E-16
5153.5544281006  8.202226E-16
5156.39148712159  8.043944E-16
5159.22854614259  7.742738E-16
5162.06560516358  8.127289E-16
5164.90266418458  8.227326E-16
5167.73972320558  8.046494E-16
5170.57678222657  7.798028E-16
5173.41384124757  8.063840E-16
5176.25090026856  7.788534E-16
5179.08795928956  7.976183E-16
5181.92501831056  8.067814E-16
5184.76207733155  8.077134E-16
5187.59913635255  8.196233E-16
5190.43619537355  8.209495E-16
5193.27325439454  8.086428E-16
5196.11031341554  8.254279E-16
5198.94737243653  7.966378E-16
5201.78443145753  7.745933E-16
5204.62149047853  7.901039E-16
5207.45854949952  8.016606E-16
5210.29560852052  7.968345E-16
5213.13266754151  7.729878E-16
5215.96972656251  8.234473E-16
5218.80678558351  7.849302E-16
5221.6438446045  7.643964E-16
5224.4809036255  7.877466E-16
5227.31796264649  7.863075E-16
5230.15502166749  8.192276E-16
5232.99208068849  7.858510E-16
5235.82913970948  7.866016E-16
5238.66619873048  7.613544E-16
5241.50325775147  7.604371E-16
5244.34031677247  7.865171E-16
5247.17737579347  7.815921E-16
5250.01443481446  7.697367E-16
5252.85149383546  7.627307E-16
5255.68855285646  7.564196E-16
5258.52561187745  8.051163E-16
5261.36267089845  7.859328E-16
5264.19972991944  7.729467E-16
5267.03678894044  7.759839E-16
5269.87384796144  7.518322E-16
5272.71090698243  7.633488E-16
5275.54796600343  8.012735E-16
5278.38502502442  8.076127E-16
5281.22208404542  8.192089E-16
5284.05914306642  7.846925E-16
5286.89620208741  8.019371E-16
5289.73326110841  7.943370E-16
5292.5703201294  7.958931E-16
5295.4073791504  7.876103E-16
5298.2444381714  7.666777E-16
5301.08149719239  7.599313E-16
5303.91855621339  7.649451E-16
5306.75561523438  7.899396E-16
5309.59267425538  8.300317E-16
5312.42973327638  8.172640E-16
5315.26679229737  7.726494E-16
5318.10385131837  8.325871E-16
5320.94091033937  7.962437E-16
5323.77796936036  7.874304E-16
5326.61502838136  8.381232E-16
5329.45208740235  7.948232E-16
5332.28914642335  7.791631E-16
5335.12620544435  7.764804E-16
5337.96326446534  7.842453E-16
5340.80032348634  7.795027E-16
5343.63738250733  7.743997E-16
5346.47444152833  8.026791E-16
5349.31150054933  7.618394E-16
5352.14855957032  7.813852E-16
5354.98561859132  8.049380E-16
5357.82267761231  8.025992E-16
5360.65973663331  8.156223E-16
5363.49679565431  8.693327E-16
5366.3338546753  8.469505E-16
5369.1709136963  8.420800E-16
5372.00797271729  8.391843E-16
5374.84503173829  8.137902E-16
5377.68209075929  8.411504E-16
5380.51914978028  8.634950E-16
5383.35620880128  8.421637E-16
5386.19326782228  8.560990E-16
5389.03032684327  8.656201E-16
5391.86738586427  8.162607E-16
5394.70444488526  8.131395E-16
5397.54150390626  8.106698E-16
5400.37856292726  8.396038E-16
5403.21562194825  7.807731E-16
5406.05268096925  8.102373E-16
5408.88973999024  8.376764E-16
5411.72679901124  8.005195E-16
5414.56385803224  7.881861E-16
5417.40091705323  7.886218E-16
5420.23797607423  7.862176E-16
5423.07503509522  8.084584E-16
5425.91209411622  7.943099E-16
5428.74915313722  8.167499E-16
5431.58621215821  8.330471E-16
5434.42327117921  8.539526E-16
5437.2603302002  8.306604E-16
5440.0973892212  8.188870E-16
5442.9344482422  8.224884E-16
5445.77150726319  8.354860E-16
5448.60856628419  8.455273E-16
5451.44562530519  8.250133E-16
5454.28268432618  8.421799E-16
5457.11974334718  8.577455E-16
5459.95680236817  8.551118E-16
5462.79386138917  8.616270E-16
5465.63092041017  8.138114E-16
5468.46797943116  8.287203E-16
5471.30503845216  8.125769E-16
5474.14209747315  8.442220E-16
5476.97915649415  7.965480E-16
5479.81621551515  8.378803E-16
5482.65327453614  8.324797E-16
5485.49033355714  7.956479E-16
5488.32739257813  8.185330E-16
5491.16445159913  8.358869E-16
5494.00151062013  8.171938E-16
5496.83856964112  8.161247E-16
5499.67562866212  8.536089E-16
5502.51268768311  8.678466E-16
5505.34974670411  8.472859E-16
5508.18680572511  8.481756E-16
5511.0238647461  7.910973E-16
5513.8609237671  8.547988E-16
5516.6979827881  8.339486E-16
5519.53504180909  8.571970E-16
5522.37210083009  8.515820E-16
5525.20915985108  8.497014E-16
5528.04621887208  8.423603E-16
5530.88327789308  8.593585E-16
5533.72033691407  8.286294E-16
5536.55739593507  8.172423E-16
5539.39445495606  8.519959E-16
5542.23151397706  8.312785E-16
5545.06857299806  8.584512E-16
5547.90563201905  8.108443E-16
5550.74269104005  8.186148E-16
5553.57975006104  8.006780E-16
5556.41680908204  8.200204E-16
5559.25386810304  7.773196E-16
5562.09092712403  7.888558E-16
5564.92798614503  8.454099E-16
5567.76504516603  7.993021E-16
5570.60210418702  8.247675E-16
5573.43916320802  8.308464E-16
5576.27622222901  8.380918E-16
5579.11328125001  8.019507E-16
5581.95034027101  8.236903E-16
5584.787399292  8.226810E-16
5587.624458313  8.394060E-16
5590.46151733399  8.193459E-16
5593.29857635499  8.194479E-16
5596.13563537599  8.455039E-16
5598.97269439698  8.440196E-16
5601.80975341798  8.373140E-16
5604.64681243897  8.239109E-16
5607.48387145997  8.524171E-16
5610.32093048097  8.446920E-16
5613.15798950196  8.239578E-16
5615.99504852296  8.571905E-16
5618.83210754395  8.327835E-16
5621.66916656495  8.148345E-16
5624.50622558595  8.545143E-16
5627.34328460694  8.270068E-16
5630.18034362794  8.354521E-16
5633.01740264894  8.271396E-16
5635.85446166993  8.017189E-16
5638.69152069093  8.025956E-16
5641.52857971192  8.501618E-16
5644.36563873292  8.546898E-16
5647.20269775392  8.671909E-16
5650.03975677491  7.792493E-16
5652.87681579591  8.294217E-16
5655.7138748169  8.345418E-16
5658.5509338379  8.248664E-16
5661.3879928589  8.276055E-16
5664.22505187989  8.615302E-16
5667.06211090089  7.955620E-16
5669.89916992189  8.311891E-16
5672.73622894288  8.209835E-16
5675.57328796388  7.904696E-16
5678.41034698487  8.331250E-16
5681.24740600587  8.175720E-16
5684.08446502687  8.491450E-16
5686.92152404786  7.838564E-16
5689.75858306886  8.306902E-16
5692.59564208985  8.187021E-16
5695.43270111085  8.415943E-16
5698.26976013185  8.548403E-16
5701.10681915284  7.989184E-16
5703.94387817384  8.188533E-16
5706.78093719483  8.250745E-16
5709.61799621583  8.050283E-16
5712.45505523683  8.254978E-16
5715.29211425782  8.103694E-16
5718.12917327882  8.429234E-16
5720.96623229981  8.259245E-16
5723.80329132081  8.230016E-16
5726.64035034181  8.381007E-16
5729.4774093628  8.110745E-16
5732.3144683838  7.899213E-16
5735.15152740479  8.238016E-16
5737.98858642579  8.234852E-16
5740.82564544679  8.464337E-16
5743.66270446778  8.173813E-16
5746.49976348878  8.070207E-16
5749.33682250977  8.396619E-16
5752.17388153077  8.118195E-16
5755.01094055177  8.126407E-16
5757.84799957276  7.997961E-16
5760.68505859376  8.084933E-16
5763.52211761475  8.328534E-16
5766.35917663575  7.747968E-16
5769.19623565675  8.371019E-16
5772.03329467774  8.062279E-16
5774.87035369874  8.034799E-16
5777.70741271974  8.176420E-16
5780.54447174073  8.469358E-16
5783.38153076173  8.384462E-16
5786.21858978272  8.386382E-16
5789.05564880372  8.245584E-16
5791.89270782472  8.064244E-16
5794.72976684571  8.282066E-16
5797.56682586671  8.098873E-16
5800.40388488771  8.254632E-16
5803.2409439087  8.317120E-16
5806.0780029297  8.603402E-16
5808.91506195069  8.402879E-16
5811.75212097169  8.111626E-16
5814.58917999268  8.520090E-16
5817.42623901368  8.967006E-16
5820.26329803468  8.833720E-16
5823.10035705567  8.155163E-16
5825.93741607667  8.504255E-16
5828.77447509767  8.442946E-16
5831.61153411866  8.426668E-16
5834.44859313966  8.323169E-16
5837.28565216065  8.756300E-16
5840.12271118165  8.301065E-16
5842.95977020265  8.420093E-16
5845.79682922364  8.222601E-16
5848.63388824464  8.174289E-16
5851.47094726563  8.506006E-16
5854.30800628663  8.464134E-16
5857.14506530763  7.994106E-16
5859.98212432862  7.879141E-16
5862.81918334962  8.231187E-16
5865.65624237062  8.166119E-16
5868.49330139161  7.786298E-16
5871.33036041261  7.908848E-16
5874.1674194336  7.756160E-16
5877.0044784546  8.170557E-16
5879.84153747559  7.906166E-16
5882.67859649659  7.526304E-16
5885.51565551759  7.469202E-16
5888.35271453858  7.930528E-16
5891.18977355958  7.916331E-16
5894.02683258058  8.071045E-16
5896.86389160157  8.200023E-16
5899.70095062257  7.932020E-16
5902.53800964356  8.276749E-16
5905.37506866456  8.397236E-16
5908.21212768556  8.435839E-16
5911.04918670655  8.281641E-16
5913.88624572755  8.251501E-16
5916.72330474855  8.609234E-16
5919.56036376954  8.185145E-16
5922.39742279054  8.403561E-16
5925.23448181153  8.524150E-16
5928.07154083253  7.997240E-16
5930.90859985353  7.712217E-16
5933.74565887452  8.188379E-16
5936.58271789552  8.367858E-16
5939.41977691651  8.015882E-16
5942.25683593751  8.058731E-16
5945.09389495851  7.827950E-16
5947.9309539795  8.175891E-16
5950.7680130005  7.905529E-16
5953.60507202149  7.878964E-16
5956.44213104249  7.936333E-16
5959.27919006349  8.313344E-16
5962.11624908448  8.359709E-16
5964.95330810548  8.291480E-16
5967.79036712647  7.887537E-16
5970.62742614747  7.446467E-16
5973.46448516847  8.141033E-16
5976.30154418946  7.997853E-16
5979.13860321046  7.910222E-16
5981.97566223146  7.719234E-16
5984.81272125245  7.633164E-16
5987.64978027345  7.962186E-16
5990.48683929444  8.049541E-16
5993.32389831544  7.714452E-16
5996.16095733644  7.964656E-16
5998.99801635743  8.024329E-16
6001.83507537843  8.577701E-16
6004.67213439942  8.190159E-16
6007.50919342042  7.935703E-16
6010.34625244142  8.512671E-16
6013.18331146241  8.242907E-16
6016.02037048341  8.064396E-16
6018.8574295044  8.399599E-16
6021.6944885254  7.999072E-16
6024.5315475464  8.208683E-16
6027.36860656739  8.212059E-16
6030.20566558839  7.705217E-16
6033.04272460938  7.860364E-16
6035.87978363038  8.274813E-16
6038.71684265138  8.223853E-16
6041.55390167237  7.912654E-16
6044.39096069337  7.794222E-16
6047.22801971436  8.219142E-16
6050.06507873536  7.833395E-16
6052.90213775636  7.909994E-16
6055.73919677735  8.345514E-16
6058.57625579835  7.882611E-16
6061.41331481935  7.906916E-16
6064.25037384034  8.293296E-16
6067.08743286134  8.579720E-16
6069.92449188233  8.371699E-16
6072.76155090333  7.948246E-16
6075.59860992433  7.691124E-16
6078.43566894532  8.562201E-16
6081.27272796632  8.243904E-16
6084.10978698731  8.011674E-16
6086.94684600831  7.960003E-16
6089.78390502931  7.893098E-16
6092.6209640503  8.156438E-16
6095.4580230713  7.924137E-16
6098.29508209229  7.938332E-16
6101.13214111329  8.274633E-16
6103.96920013429  7.839506E-16
6106.80625915528  7.806605E-16
6109.64331817628  7.823007E-16
6112.48037719727  8.038843E-16
6115.31743621827  8.236260E-16
6118.15449523927  7.910720E-16
6120.99155426026  7.948434E-16
6123.82861328126  7.978297E-16
6126.66567230226  7.947163E-16
6129.50273132325  8.343255E-16
6132.33979034425  8.252314E-16
6135.17684936524  8.046562E-16
6138.01390838624  7.909617E-16
6140.85096740724  7.699199E-16
6143.68802642823  7.929917E-16
6146.52508544923  7.767064E-16
6149.36214447022  7.869172E-16
6152.19920349122  8.037606E-16
6155.03626251222  7.900076E-16
6157.87332153321  7.523941E-16
6160.71038055421  7.771266E-16
6163.5474395752  7.792564E-16
6166.3844985962  7.840460E-16
6169.2215576172  7.736567E-16
6172.05861663819  7.858428E-16
6174.89567565919  8.259204E-16
6177.73273468019  7.675246E-16
6180.56979370118  8.031666E-16
6183.40685272218  7.870830E-16
6186.24391174317  7.135340E-16
6189.08097076417  7.499779E-16
6191.91802978517  7.674345E-16
6194.75508880616  7.831088E-16
6197.59214782716  8.088870E-16
6200.42920684816  7.910119E-16
6203.26626586915  7.730240E-16
6206.10332489015  7.831476E-16
6208.94038391114  7.807310E-16
6211.77744293214  7.556669E-16
6214.61450195313  7.860584E-16
6217.45156097413  7.975037E-16
6220.28861999513  7.816094E-16
6223.12567901612  7.878884E-16
6225.96273803712  7.512972E-16
6228.79979705811  7.558991E-16
6231.63685607911  7.669066E-16
6234.47391510011  7.510061E-16
6237.3109741211  7.780539E-16
6240.1480331421  8.290330E-16
6242.9850921631  7.666843E-16
6245.82215118409  7.636768E-16
6248.65921020509  7.583857E-16
6251.49626922608  7.285000E-16
6254.33332824708  7.748937E-16
6257.17038726808  7.534337E-16
6260.00744628907  7.419924E-16
6262.84450531007  7.385753E-16
6265.68156433107  7.281128E-16
6268.51862335206  7.129678E-16
6271.35568237306  6.932600E-16
6274.19274139405  7.420288E-16
6277.02980041505  7.468654E-16
6279.86685943605  7.331052E-16
6282.70391845704  7.201390E-16
6285.54097747804  7.108282E-16
6288.37803649903  7.105955E-16
6291.21509552003  7.509213E-16
6294.05215454103  7.495345E-16
6296.88921356202  7.353751E-16
6299.72627258302  7.502270E-16
6302.56333160401  7.747459E-16
6305.40039062501  7.605704E-16
6308.23744964601  7.471040E-16
6311.074508667  7.316716E-16
6313.911567688  7.431007E-16
6316.74862670899  7.508591E-16
6319.58568572999  7.382029E-16
6322.42274475099  7.387889E-16
6325.25980377198  7.414437E-16
6328.09686279298  7.299934E-16
6330.93392181397  7.047614E-16
6333.77098083497  7.282854E-16
6336.60803985597  7.422952E-16
6339.44509887696  7.052151E-16
6342.28215789796  7.024476E-16
6345.11921691895  7.272286E-16
6347.95627593995  7.244083E-16
6350.79333496095  7.121590E-16
6353.63039398194  7.160885E-16
6356.46745300294  7.386458E-16
6359.30451202393  7.681494E-16
6362.14157104493  7.528719E-16
6364.97863006593  7.210947E-16
6367.81568908692  7.620779E-16
6370.65274810792  7.716393E-16
6373.48980712892  7.055784E-16
6376.32686614991  7.046376E-16
6379.16392517091  7.404182E-16
6382.0009841919  7.376501E-16
6384.8380432129  7.216506E-16
6387.6751022339  7.387297E-16
6390.51216125489  7.501857E-16
6393.34922027589  7.483272E-16
6396.18627929688  7.581142E-16
6399.02333831788  7.705368E-16
6401.86039733888  7.304979E-16
6404.69745635987  7.398880E-16
6407.53451538087  7.475571E-16
6410.37157440186  6.963882E-16
6413.20863342286  7.097160E-16
6416.04569244386  7.299202E-16
6418.88275146485  7.313760E-16
6421.71981048585  6.891122E-16
6424.55686950684  7.242070E-16
6427.39392852784  7.402734E-16
6430.23098754884  7.247012E-16
6433.06804656983  7.154757E-16
6435.90510559083  7.414921E-16
6438.74216461183  7.239536E-16
6441.57922363282  7.527094E-16
6444.41628265382  7.482434E-16
6447.25334167481  7.370792E-16
6450.09040069581  7.587481E-16
6452.92745971681  7.416286E-16
6455.7645187378  7.445117E-16
6458.6015777588  7.225840E-16
6461.4386367798  7.438904E-16
6464.27569580079  7.390951E-16
6467.11275482179  7.424372E-16
6469.94981384278  7.268005E-16
6472.78687286378  7.442911E-16
6475.62393188477  7.462332E-16
6478.46099090577  7.350942E-16
6481.29804992677  7.438435E-16
6484.13510894776  7.174054E-16
6486.97216796876  7.292929E-16
6489.80922698975  7.379667E-16
6492.64628601075  7.316708E-16
6495.48334503175  7.359131E-16
6498.32040405275  7.391284E-16
6501.15746307374  7.249307E-16
6503.99452209474  7.372830E-16
6506.83158111573  7.318135E-16
6509.66864013673  7.219958E-16
6512.50569915772  7.256033E-16
6515.34275817872  7.256374E-16
6518.17981719972  7.415744E-16
6521.01687622071  7.149584E-16
6523.85393524171  7.127782E-16
6526.69099426271  7.413695E-16
6529.5280532837  7.279799E-16
6532.3651123047  7.139855E-16
6535.20217132569  7.045626E-16
6538.03923034669  6.963692E-16
6540.87628936769  7.453951E-16
6543.71334838868  7.438134E-16
6546.55040740968  7.374707E-16
6549.38746643067  7.512155E-16
6552.22452545167  7.304908E-16
6555.06158447267  7.282175E-16
6557.89864349366  7.107257E-16
6560.73570251466  7.344444E-16
6563.57276153566  7.123745E-16
6566.40982055665  7.146275E-16
6569.24687957765  7.320909E-16
6572.08393859864  7.117238E-16
6574.92099761964  7.503801E-16
6577.75805664063  7.295599E-16
6580.59511566163  7.201385E-16
6583.43217468263  7.157114E-16
6586.26923370362  6.788891E-16
6589.10629272462  7.240998E-16
6591.94335174562  7.454941E-16
6594.78041076661  7.318209E-16
6597.61746978761  7.135550E-16
6600.4545288086  6.923530E-16
6603.2915878296  7.215532E-16
6606.1286468506  7.416926E-16
6608.96570587159  7.247080E-16
6611.80276489259  7.355673E-16
6614.63982391358  7.547762E-16
6617.47688293458  7.249880E-16
6620.31394195558  7.397425E-16
6623.15100097657  7.259417E-16
6625.98805999757  7.220083E-16
6628.82511901856  7.076026E-16
6631.66217803956  7.375940E-16
6634.49923706056  7.124756E-16
6637.33629608155  7.089354E-16
6640.17335510255  7.534378E-16
6643.01041412354  6.866565E-16
6645.84747314454  7.655217E-16
6648.68453216554  8.844266E-16
6651.52159118653  9.513264E-16
6654.35865020753  9.477848E-16
6657.19570922853  9.100057E-16
6660.03276824952  9.273487E-16
6662.86982727052  9.692744E-16
6665.70688629151  9.428026E-16
6668.54394531251  9.407648E-16
6671.3810043335  9.269818E-16
6674.2180633545  8.875727E-16
6677.0551223755  8.587546E-16
6679.89218139649  8.477755E-16
6682.72924041749  8.323826E-16
6685.56629943849  8.203914E-16
6688.40335845948  8.284255E-16
6691.24041748048  8.182121E-16
6694.07747650148  7.880041E-16
6696.91453552247  7.550150E-16
6699.75159454347  7.403343E-16
6702.58865356446  7.471747E-16
6705.42571258546  7.527668E-16
6708.26277160645  7.469955E-16
6711.09983062745  7.645776E-16
6713.93688964845  7.249154E-16
6716.77394866944  7.372357E-16
6719.61100769044  7.637949E-16
6722.44806671144  7.970707E-16
6725.28512573243  7.763047E-16
6728.12218475343  7.353428E-16
6730.95924377442  7.705141E-16
6733.79630279542  7.504174E-16
6736.63336181641  7.288000E-16
6739.47042083741  7.235298E-16
6742.30747985841  7.516534E-16
6745.1445388794  7.495324E-16
6747.9815979004  7.517442E-16
6750.8186569214  7.706408E-16
6753.65571594239  7.535127E-16
6756.49277496339  7.431070E-16
6759.32983398439  7.406892E-16
6762.16689300538  7.515818E-16
6765.00395202638  7.307223E-16
6767.84101104737  7.363301E-16
6770.67807006837  7.267205E-16
6773.51512908936  7.195745E-16
6776.35218811036  7.505804E-16
6779.18924713136  7.473707E-16
6782.02630615235  7.245546E-16
6784.86336517335  7.353764E-16
6787.70042419435  7.469881E-16
6790.53748321534  7.454296E-16
6793.37454223634  7.426980E-16
6796.21160125733  7.270726E-16
6799.04866027833  7.421401E-16
6801.88571929933  6.761223E-16
6804.72277832032  8.239073E-16
6807.55983734132  8.022386E-16
6810.39689636232  7.835505E-16
6813.23395538331  7.819880E-16
6816.07101440431  8.006236E-16
6818.9080734253  7.870479E-16
6821.7451324463  8.377520E-16
6824.5821914673  7.928441E-16
6827.41925048829  8.114907E-16
6830.25630950929  8.091424E-16
6833.09336853028  7.859845E-16
6835.93042755128  7.843580E-16
6838.76748657228  7.615075E-16
6841.60454559327  7.456846E-16
6844.44160461427  7.572939E-16
6847.27866363526  7.512623E-16
6850.11572265626  7.607832E-16
6852.95278167726  7.331840E-16
6855.78984069825  7.333816E-16
6858.62689971925  7.169260E-16
6861.46395874024  7.116884E-16
6864.30101776124  7.712610E-16
6867.13807678224  7.715670E-16
6869.97513580323  7.937480E-16
6872.81219482423  7.416031E-16
6875.64925384523  7.413103E-16
6878.48631286622  7.405143E-16
6881.32337188722  7.156012E-16
6884.16043090821  7.057116E-16
6886.99748992921  7.308841E-16
6889.83454895021  7.780091E-16
6892.6716079712  7.232648E-16
6895.5086669922  7.692152E-16
6898.34572601319  7.256470E-16
6901.18278503419  7.462622E-16
6904.01984405519  7.492663E-16
6906.85690307618  7.889194E-16
6909.69396209718  7.706937E-16
6912.53102111817  7.721308E-16
6915.36808013917  7.458041E-16
6918.20513916017  7.448214E-16
6921.04219818116  7.493637E-16
6923.87925720216  7.321452E-16
6926.71631622315  7.317841E-16
6929.55337524415  7.463966E-16
6932.39043426515  7.578069E-16
6935.22749328614  7.454919E-16
6938.06455230714  7.651459E-16
6940.90161132813  7.715609E-16
6943.73867034913  7.425567E-16
6946.57572937013  7.698998E-16
6949.41278839112  7.241644E-16
6952.24984741212  7.308892E-16
6955.08690643312  7.138981E-16
6957.92396545411  7.027898E-16
6960.76102447511  7.339481E-16
6963.5980834961  7.317060E-16
6966.4351425171  7.595360E-16
6969.2722015381  7.781959E-16
6972.10926055909  7.800909E-16
6974.94631958009  7.432423E-16
6977.78337860108  7.670199E-16
6980.62043762208  7.708310E-16
6983.45749664308  7.449287E-16
6986.29455566407  7.248224E-16
6989.13161468507  7.545845E-16
6991.96867370606  7.967403E-16
6994.80573272706  7.774244E-16
6997.64279174805  7.635223E-16
7000.47985076905  7.423669E-16
7003.31690979005  7.372041E-16
7006.15396881104  7.755266E-16
7008.99102783204  7.611449E-16
7011.82808685304  7.636658E-16
7014.66514587403  7.402221E-16
7017.50220489503  7.267418E-16
7020.33926391603  7.673841E-16
7023.17632293702  6.947041E-16
7026.01338195802  7.793533E-16
7028.85044097901  7.430423E-16
7031.68750000001  7.487559E-16
7034.52455902101  7.365810E-16
7037.361618042  7.202957E-16
7040.198677063  7.568140E-16
7043.03573608399  7.779495E-16
7045.87279510499  7.248056E-16
7048.70985412599  7.453567E-16
7051.54691314698  7.637724E-16
7054.38397216798  7.555439E-16
7057.22103118897  7.541512E-16
7060.05809020997  7.169536E-16
7062.89514923097  6.978020E-16
7065.73220825196  7.711319E-16
7068.56926727296  7.665672E-16
7071.40632629396  7.394980E-16
7074.24338531495  7.744396E-16
7077.08044433595  7.551661E-16
7079.91750335694  7.384989E-16
7082.75456237794  7.795557E-16
7085.59162139894  7.418475E-16
7088.42868041993  7.641517E-16
7091.26573944093  7.821581E-16
7094.10279846192  7.480288E-16
7096.93985748292  7.444116E-16
7099.77691650392  7.380887E-16
7102.61397552491  7.155360E-16
7105.45103454591  7.182039E-16
7108.2880935669  7.649334E-16
7111.1251525879  7.284017E-16
7113.9622116089  7.050294E-16
7116.79927062989  7.395624E-16
7119.63632965089  7.718289E-16
7122.47338867188  7.808176E-16
7125.31044769288  7.318481E-16
7128.14750671388  7.183731E-16
7130.98456573487  7.406614E-16
7133.82162475587  6.815295E-16
7136.65868377687  7.400071E-16
7139.49574279786  7.714905E-16
7142.33280181886  7.602354E-16
7145.16986083985  7.634355E-16
7148.00691986085  7.259469E-16
7150.84397888185  7.340150E-16
7153.68103790284  7.787662E-16
7156.51809692384  7.639576E-16
7159.35515594483  7.401267E-16
7162.19221496583  7.453734E-16
7165.02927398683  7.318948E-16
7167.86633300782  7.341902E-16
7170.70339202882  7.432551E-16
7173.54045104982  7.179382E-16
7176.37751007081  7.141705E-16
7179.21456909181  7.366103E-16
7182.0516281128  7.472019E-16
7184.8886871338  7.292685E-16
7187.72574615479  7.274927E-16
7190.56280517579  7.572509E-16
7193.39986419679  7.334494E-16
7196.23692321778  7.321402E-16
7199.07398223878  7.334724E-16
7201.91104125978  6.646982E-16
7204.74810028077  7.064240E-16
7207.58515930177  7.291854E-16
7210.42221832276  7.068505E-16
7213.25927734376  6.787852E-16
7216.09633636476  7.266585E-16
7218.93339538575  7.311055E-16
7221.77045440675  6.697440E-16
7224.60751342774  7.154574E-16
7227.44457244874  7.278614E-16
7230.28163146974  7.182557E-16
7233.11869049073  6.974084E-16
7235.95574951173  7.123426E-16
7238.79280853272  7.256194E-16
7241.62986755372  7.368140E-16
7244.46692657472  7.129551E-16
7247.30398559571  6.808251E-16
7250.14104461671  7.348036E-16
7252.9781036377  6.621341E-16
7255.8151626587  6.562081E-16
7258.6522216797  6.987552E-16
7261.48928070069  7.281743E-16
7264.32633972169  7.138415E-16
7267.16339874268  6.552521E-16
7270.00045776368  7.092582E-16
7272.83751678468  7.366335E-16
7275.67457580567  6.663755E-16
7278.51163482667  6.898501E-16
7281.34869384767  7.686045E-16
7284.18575286866  7.057502E-16
7287.02281188966  7.087268E-16
7289.85987091065  7.061610E-16
7292.69692993165  6.860530E-16
7295.53398895265  7.065562E-16
7298.37104797364  6.980647E-16
7301.20810699464  7.087375E-16
7304.04516601563  7.194878E-16
7306.88222503663  7.336099E-16
7309.71928405763  6.782134E-16
7312.55634307862  7.242144E-16
7315.39340209962  6.835220E-16
7318.23046112062  7.089727E-16
7321.06752014161  7.038556E-16
7323.90457916261  7.110188E-16
7326.7416381836  6.915241E-16
7329.5786972046  6.899404E-16
7332.4157562256  6.983299E-16
7335.25281524659  6.958943E-16
7338.08987426759  7.167742E-16
7340.92693328858  7.140936E-16
7343.76399230958  6.862531E-16
7346.60105133058  7.029584E-16
7349.43811035157  6.959750E-16
7352.27516937257  7.057565E-16
7355.11222839356  7.189947E-16
7357.94928741456  7.301013E-16
7360.78634643556  7.041037E-16
7363.62340545655  7.308214E-16
7366.46046447755  7.263963E-16
7369.29752349854  7.081276E-16
7372.13458251954  7.474338E-16
7374.97164154054  7.346772E-16
7377.80870056153  7.528368E-16
7380.64575958253  7.274869E-16
7383.48281860353  7.055014E-16
7386.31987762452  7.131349E-16
7389.15693664552  6.845286E-16
7391.99399566651  6.869555E-16
7394.83105468751  6.985071E-16
7397.66811370851  6.768484E-16
7400.5051727295  6.921390E-16
7403.3422317505  7.196675E-16
7406.17929077149  7.030447E-16
7409.01634979249  6.902129E-16
7411.85340881349  6.763659E-16
7414.69046783448  7.130436E-16
7417.52752685548  6.970920E-16
7420.36458587647  6.991879E-16
7423.20164489747  7.159614E-16
7426.03870391847  6.876797E-16
7428.87576293946  7.288680E-16
7431.71282196046  7.376613E-16
7434.54988098146  6.929875E-16
7437.38694000245  6.779952E-16
7440.22399902345  6.857880E-16
7443.06105804445  6.962269E-16
7445.89811706544  7.162951E-16
7448.73517608644  7.018403E-16
7451.57223510743  7.043495E-16
7454.40929412843  6.922369E-16
7457.24635314942  7.178564E-16
7460.08341217042  7.127081E-16
7462.92047119142  7.030157E-16
7465.75753021241  6.908288E-16
7468.59458923341  7.330150E-16
7471.4316482544  7.371936E-16
7474.2687072754  7.035383E-16
7477.1057662964  7.088350E-16
7479.94282531739  6.629968E-16
7482.77988433839  6.821517E-16
7485.61694335938  7.246643E-16
7488.45400238038  7.212038E-16
7491.29106140138  7.489356E-16
7494.12812042237  7.521148E-16
7496.96517944337  7.173453E-16
7499.80223846437  6.982268E-16
7502.63929748536  6.781770E-16
7505.47635650636  7.098568E-16
7508.31341552735  7.271345E-16
7511.15047454835  7.103658E-16
7513.98753356935  6.897112E-16
7516.82459259034  7.139121E-16
7519.66165161134  7.165969E-16
7522.49871063233  7.308166E-16
7525.33576965333  7.393168E-16
7528.17282867433  7.043292E-16
7531.00988769532  6.824167E-16
7533.84694671632  6.833927E-16
7536.68400573731  7.058057E-16
7539.52106475831  7.107159E-16
7542.35812377931  6.934931E-16
7545.1951828003  7.376114E-16
7548.0322418213  7.383223E-16
7550.86930084229  6.943160E-16
7553.70635986329  6.994477E-16
7556.54341888429  6.993134E-16
7559.38047790528  7.237533E-16
7562.21753692628  7.155782E-16
7565.05459594727  6.938622E-16
7567.89165496827  6.841228E-16
7570.72871398927  7.351414E-16
7573.56577301026  7.551806E-16
7576.40283203126  7.162660E-16
7579.23989105226  6.950475E-16
7582.07695007325  7.169858E-16
7584.91400909425  7.071160E-16
7587.75106811524  6.857657E-16
7590.58812713624  7.095638E-16
7593.42518615724  6.485120E-16
7596.26224517823  6.874525E-16
7599.09930419923  7.274519E-16
7601.93636322022  6.719706E-16
7604.77342224122  6.698952E-16
7607.61048126222  7.743963E-16
7610.44754028321  7.078428E-16
7613.28459930421  6.985114E-16
7616.1216583252  6.779004E-16
7618.9587173462  6.636403E-16
7621.7957763672  7.208677E-16
7624.63283538819  7.506119E-16
7627.46989440919  7.498452E-16
7630.30695343018  6.853399E-16
7633.14401245118  6.916714E-16
7635.98107147218  7.061116E-16
7638.81813049317  7.660014E-16
7641.65518951417  7.052793E-16
7644.49224853517  6.952377E-16
7647.32930755616  7.322475E-16
7650.16636657716  6.985035E-16
7653.00342559815  7.071377E-16
7655.84048461915  7.398226E-16
7658.67754364015  7.555637E-16
7661.51460266114  7.484659E-16
7664.35166168214  7.208711E-16
7667.18872070314  6.979968E-16
7670.02577972413  7.285814E-16
7672.86283874513  7.334289E-16
7675.69989776612  6.942626E-16
7678.53695678712  7.386196E-16
7681.37401580812  7.451026E-16
7684.21107482911  7.283704E-16
7687.04813385011  7.368502E-16
7689.8851928711  7.111091E-16
7692.7222518921  7.227107E-16
7695.5593109131  7.247906E-16
7698.39636993409  7.387353E-16
7701.23342895509  7.387594E-16
7704.07048797609  6.927455E-16
7706.90754699708  6.980345E-16
7709.74460601808  7.342245E-16
7712.58166503907  7.336229E-16
7715.41872406007  7.153328E-16
7718.25578308106  6.953649E-16
7721.09284210206  6.892849E-16
7723.92990112306  6.924131E-16
7726.76696014405  6.836016E-16
7729.60401916505  6.821965E-16
7732.44107818605  7.253966E-16
7735.27813720704  7.137786E-16
7738.11519622804  6.689485E-16
7740.95225524903  6.724588E-16
7743.78931427003  6.846360E-16
7746.62637329103  6.819519E-16
7749.46343231202  6.709847E-16
7752.30049133302  7.214825E-16
7755.13755035401  7.463281E-16
7757.97460937501  6.509804E-16
7760.81166839601  7.140308E-16
7763.648727417  7.047009E-16
7766.485786438  7.109101E-16
7769.322845459  7.034780E-16
7772.15990447999  7.463856E-16
7774.99696350099  7.139611E-16
7777.83402252198  6.497308E-16
7780.67108154298  6.610249E-16
7783.50814056397  6.721745E-16
7786.34519958497  6.887336E-16
7789.18225860597  7.196930E-16
7792.01931762696  6.747308E-16
7794.85637664796  6.865189E-16
7797.69343566896  6.664304E-16
7800.53049468995  7.063830E-16
7803.36755371095  6.626278E-16
7806.20461273194  6.453844E-16
7809.04167175294  6.585306E-16
7811.87873077394  6.696421E-16
7814.71578979493  7.069309E-16
7817.55284881593  7.373747E-16
7820.38990783692  7.044691E-16
7823.22696685792  6.610242E-16
7826.06402587892  6.993690E-16
7828.90108489991  7.097591E-16
7831.73814392091  6.924813E-16
7834.5752029419  7.074133E-16
7837.4122619629  6.551152E-16
7840.2493209839  7.023636E-16
7843.08638000489  6.729874E-16
7845.92343902589  7.175952E-16
7848.76049804688  7.002122E-16
7851.59755706788  6.998403E-16
7854.43461608888  7.222574E-16
7857.27167510987  6.919748E-16
7860.10873413087  6.805296E-16
7862.94579315186  6.960322E-16
7865.78285217286  7.130004E-16
7868.61991119386  7.199414E-16
7871.45697021485  7.315904E-16
7874.29402923585  7.127692E-16
7877.13108825684  7.219448E-16
7879.96814727784  7.199087E-16
7882.80520629884  6.841841E-16
7885.64226531983  6.657673E-16
7888.47932434083  7.147178E-16
7891.31638336183  7.095064E-16
7894.15344238282  7.024582E-16
7896.99050140382  7.372014E-16
7899.82756042481  7.027912E-16
7902.66461944581  6.859234E-16
7905.50167846681  6.915500E-16
7908.3387374878  7.247122E-16
7911.1757965088  6.752017E-16
7914.01285552979  6.925518E-16
7916.84991455079  6.656660E-16
7919.68697357179  6.835467E-16
7922.52403259278  7.228886E-16
7925.36109161378  7.472964E-16
7928.19815063478  7.156329E-16
7931.03520965577  7.033388E-16
7933.87226867677  7.565911E-16
7936.70932769776  7.725142E-16
7939.54638671876  7.278066E-16
7942.38344573976  7.356625E-16
7945.22050476075  7.287044E-16
7948.05756378175  7.185999E-16
7950.89462280274  7.451381E-16
7953.73168182374  6.877851E-16
7956.56874084474  7.230940E-16
7959.40579986573  7.610497E-16
7962.24285888673  6.837653E-16
7965.07991790773  6.897809E-16
7967.91697692872  7.515725E-16
7970.75403594972  6.820508E-16
7973.59109497071  7.057613E-16
7976.42815399171  7.714145E-16
7979.2652130127  7.661108E-16
7982.1022720337  6.890033E-16
7984.9393310547  6.928880E-16
7987.77639007569  7.109574E-16
7990.61344909669  7.154660E-16
7993.45050811769  7.153418E-16
7996.28756713868  6.977787E-16
7999.12462615968  7.356258E-16
8001.96168518067  6.914078E-16
8004.79874420167  7.103511E-16
8007.63580322267  7.204676E-16
8010.47286224366  6.839474E-16
8013.30992126466  7.523198E-16
8016.14698028565  6.827339E-16
8018.98403930665  7.117252E-16
8021.82109832765  7.514226E-16
8024.65815734864  6.957837E-16
8027.49521636964  6.658791E-16
8030.33227539063  6.948384E-16
8033.16933441163  7.197925E-16
8036.00639343263  6.900867E-16
8038.84345245362  6.882174E-16
8041.68051147462  6.972072E-16
8044.51757049561  7.226660E-16
8047.35462951661  7.252876E-16
8050.19168853761  7.640138E-16
8053.0287475586  6.953905E-16
8055.8658065796  6.858423E-16
8058.7028656006  7.129026E-16
8061.53992462159  7.018489E-16
8064.37698364259  7.063472E-16
8067.21404266358  7.201416E-16
8070.05110168458  7.259581E-16
8072.88816070558  7.296216E-16
8075.72521972657  7.069812E-16
8078.56227874757  7.197592E-16
8081.39933776856  7.614329E-16
8084.23639678956  7.161273E-16
8087.07345581056  7.511744E-16
8089.91051483155  7.349281E-16
8092.74757385255  7.244282E-16
8095.58463287354  7.867915E-16
8098.42169189454  7.343352E-16
8101.25875091554  7.004400E-16
8104.09580993653  7.287675E-16
8106.93286895753  7.645758E-16
8109.76992797852  7.209512E-16
8112.60698699952  7.436607E-16
8115.44404602052  7.844986E-16
8118.28110504151  7.648261E-16
8121.11816406251  7.679722E-16
8123.95522308351  7.920515E-16
8126.7922821045  7.466253E-16
8129.6293411255  7.171886E-16
8132.46640014649  7.288359E-16
8135.30345916749  7.443304E-16
8138.14051818849  7.512382E-16
8140.97757720948  7.371320E-16
8143.81463623048  7.496473E-16
8146.65169525147  7.286093E-16
8149.48875427247  7.454262E-16
8152.32581329347  7.662492E-16
8155.16287231446  7.577438E-16
8157.99993133546  7.413108E-16
8160.83699035645  7.393684E-16
8163.67404937745  7.261407E-16
8166.51110839845  7.071583E-16
8169.34816741944  7.894278E-16
8172.18522644044  7.446996E-16
8175.02228546143  7.585402E-16
8177.85934448243  7.266600E-16
8180.69640350343  6.905826E-16
8183.53346252442  6.850235E-16
8186.37052154542  7.397609E-16
8189.20758056641  7.790853E-16
8192.04463958741  7.378203E-16
8194.88169860841  7.741970E-16
8197.7187576294  6.839173E-16
8200.5558166504  7.637950E-16
8203.39287567139  7.812102E-16
8206.22993469239  7.435743E-16
8209.06699371339  7.078294E-16
8211.90405273438  7.348188E-16
8214.74111175538  7.846360E-16
8217.57817077638  8.004763E-16
8220.41522979737  7.470672E-16
8223.25228881837  7.396443E-16
8226.08934783936  7.446849E-16
8228.92640686036  7.392134E-16
8231.76346588136  7.721527E-16
8234.60052490235  7.372311E-16
8237.43758392335  7.300616E-16
8240.27464294435  7.593416E-16
8243.11170196534  7.627634E-16
8245.94876098634  7.520052E-16
8248.78582000733  7.377062E-16
8251.62287902833  7.471606E-16
8254.45993804933  7.795535E-16
8257.29699707032  7.732224E-16
8260.13405609132  7.862414E-16
8262.97111511231  7.211314E-16
8265.80817413331  7.225728E-16
8268.64523315431  7.611079E-16
8271.4822921753  7.243871E-16
8274.3193511963  7.288782E-16
8277.15641021729  7.512826E-16
8279.99346923829  7.746572E-16
8282.83052825929  8.064562E-16
8285.66758728028  7.782694E-16
8288.50464630128  7.610548E-16
8291.34170532227  7.148799E-16
8294.17876434327  7.400663E-16
8297.01582336427  8.000103E-16
8299.85288238526  7.380425E-16
8302.68994140626  7.724705E-16
8305.52700042726  8.606183E-16
8308.36405944825  7.444538E-16
8311.20111846925  6.999917E-16
8314.03817749024  7.703933E-16
8316.87523651124  7.282793E-16
8319.71229553224  7.190160E-16
8322.54935455323  7.681181E-16
8325.38641357423  7.563539E-16
8328.22347259522  7.157643E-16
8331.06053161622  7.626376E-16
8333.89759063722  7.571931E-16
8336.73464965821  7.338916E-16
8339.57170867921  7.515558E-16
8342.4087677002  7.593967E-16
8345.2458267212  7.759835E-16
8348.0828857422  7.212187E-16
8350.91994476319  6.951569E-16
8353.75700378419  7.774819E-16
8356.59406280518  7.980055E-16
8359.43112182618  7.730411E-16
8362.26818084718  7.929300E-16
8365.10523986818  6.917780E-16
8367.94229888917  7.328500E-16
8370.77935791017  7.687336E-16
8373.61641693116  7.762630E-16
8376.45347595216  7.096891E-16
8379.29053497316  7.277739E-16
8382.12759399415  7.685837E-16
8384.96465301515  7.233694E-16
8387.80171203614  6.834704E-16
8390.63877105714  7.760322E-16
8393.47583007814  7.193501E-16
8396.31288909913  6.928773E-16
8399.14994812013  6.901487E-16
8401.98700714112  7.121283E-16
8404.82406616212  6.998234E-16
8407.66112518311  7.106970E-16
8410.49818420411  7.162584E-16
8413.33524322511  6.826230E-16
8416.1723022461  6.643838E-16
8419.0093612671  7.057537E-16
8421.84642028809  6.902807E-16
8424.68347930909  7.220497E-16
8427.52053833009  6.565333E-16
8430.35759735108  7.175229E-16
8433.19465637208  7.242899E-16
8436.03171539308  6.621984E-16
8438.86877441407  6.820465E-16
8441.70583343507  7.237561E-16
8444.54289245606  6.780281E-16
8447.37995147706  6.383850E-16
8450.21701049806  6.151414E-16
8453.05406951905  6.569584E-16
8455.89112854005  6.377786E-16
8458.72818756105  6.564001E-16
8461.56524658204  6.623134E-16
8464.40230560304  6.386495E-16
8467.23936462403  6.557413E-16
8470.07642364503  6.967570E-16
8472.91348266602  6.781934E-16
8475.75054168702  7.010117E-16
8478.58760070802  6.894919E-16
8481.42465972901  6.251089E-16
8484.26171875001  6.635066E-16
8487.098777771  6.833970E-16
8489.935836792  6.368178E-16
8492.772895813  7.158212E-16
8495.60995483399  7.142217E-16
8498.44701385499  6.825440E-16
8501.28407287599  6.951521E-16
8504.12113189698  6.612963E-16
8506.95819091798  6.724584E-16
8509.79524993897  6.498257E-16
8512.63230895997  6.440816E-16
8515.46936798097  7.014847E-16
8518.30642700196  6.571985E-16
8521.14348602296  6.089226E-16
8523.98054504396  6.868478E-16
8526.81760406495  7.109342E-16
8529.65466308595  6.544360E-16
8532.49172210694  6.235811E-16
8535.32878112794  6.363467E-16
8538.16584014893  6.544866E-16
8541.00289916993  6.669691E-16
8543.83995819093  6.545109E-16
8546.67701721192  6.388876E-16
8549.51407623292  6.303425E-16
8552.35113525391  6.459940E-16
8555.18819427491  6.076237E-16
8558.02525329591  6.298651E-16
8560.8623123169  6.439591E-16
8563.6993713379  6.177271E-16
8566.5364303589  6.301210E-16
8569.37348937989  6.181714E-16
8572.21054840089  6.363130E-16
8575.04760742188  6.517822E-16
8577.88466644288  6.278027E-16
8580.72172546388  6.501125E-16
8583.55878448487  6.781954E-16
8586.39584350587  6.786179E-16
8589.23290252687  6.763201E-16
8592.06996154786  6.678350E-16
8594.90702056886  6.201132E-16
8597.74407958985  6.574988E-16
8600.58113861085  6.501492E-16
8603.41819763185  6.499176E-16
8606.25525665284  5.957150E-16
8609.09231567384  6.138586E-16
8611.92937469483  6.367395E-16
8614.76643371583  5.768103E-16
8617.60349273682  6.503579E-16
8620.44055175782  6.324307E-16
8623.27761077882  6.445164E-16
8626.11466979982  6.316947E-16
8628.95172882081  6.607591E-16
8631.78878784181  6.252316E-16
8634.6258468628  5.696189E-16
8637.4629058838  6.111071E-16
8640.2999649048  6.462601E-16
8643.13702392579  6.224053E-16
8645.97408294679  6.303044E-16
8648.81114196778  6.515184E-16
8651.64820098878  6.722749E-16
8654.48526000978  6.503875E-16
8657.32231903077  6.176284E-16
8660.15937805177  6.491972E-16
8662.99643707276  6.826321E-16
8665.83349609376  6.206718E-16
8668.67055511476  6.379835E-16
8671.50761413575  6.155199E-16
8674.34467315675  6.265962E-16
8677.18173217774  5.816772E-16
8680.01879119874  5.356262E-16
8682.85585021973  6.169795E-16
8685.69290924073  6.157563E-16
8688.52996826173  5.947662E-16
8691.36702728273  6.216265E-16
8694.20408630372  6.157103E-16
8697.04114532472  6.292331E-16
8699.87820434571  6.618482E-16
8702.71526336671  6.344962E-16
8705.55232238771  5.976357E-16
8708.3893814087  6.126821E-16
8711.2264404297  6.270750E-16
8714.06349945069  6.003005E-16
8716.90055847169  5.890129E-16
8719.73761749269  5.900151E-16
8722.57467651368  6.020428E-16
8725.41173553468  6.204166E-16
8728.24879455567  5.987643E-16
8731.08585357667  5.951468E-16
8733.92291259767  6.071449E-16
8736.75997161866  6.323876E-16
8739.59703063966  6.310760E-16
8742.43408966065  6.244884E-16
8745.27114868165  6.037598E-16
8748.10820770265  5.839477E-16
8750.94526672364  5.831034E-16
8753.78232574464  5.831298E-16
8756.61938476563  5.831128E-16
8759.45644378663  5.830480E-16
8762.29350280763  5.829315E-16
8765.13056182862  5.827555E-16
8767.96762084962  5.825241E-16
