  0.0000000000E+000  0.0000000000E+000
  1.0001197770E+004  9.0220641011E+037
  2.0008277218E+004  9.7102272493E+037
  3.0010355146E+004  9.5308167859E+037
  4.0027788294E+004  9.3456302856E+037
  5.0041661685E+004  9.1644420005E+037
  6.0060319255E+004  9.0026004437E+037
  7.0060868729E+004  8.8218361017E+037
  8.0045063462E+004  8.6256303792E+037
  9.0040228490E+004  8.3094632157E+037
  1.0001486551E+005  2.1924306925E+037
  1.1004106408E+005  7.2835897704E+037
  1.2003026975E+005  8.7592143606E+037
  1.3001240624E+005  8.8782765331E+037
  1.4001730838E+005  8.7836821340E+037
  1.5004138605E+005  8.7484434168E+037
  1.6008988009E+005  8.7593283015E+037
  1.7009450043E+005  9.3866600387E+037
  1.8006978893E+005  1.9191260436E+038
  1.9009264906E+005  2.9265099074E+039
  2.0006803903E+005  3.9867506932E+039
  2.1006059181E+005  4.7206996172E+039
  2.2009367455E+005  5.6735991791E+039
  2.3009669211E+005  6.9643391550E+039
  2.4005578327E+005  8.7133128104E+039
  2.5006705292E+005  1.1180947034E+040
  2.6007044824E+005  1.4756123424E+040
  2.7006048703E+005  2.0311924050E+040
  2.8008845233E+005  3.0080239823E+040
  2.9009987977E+005  5.2127213774E+040
  3.0009339430E+005  6.9038375467E+041
  3.1006732571E+005  3.7095557932E+042
  3.2007301084E+005  1.5042629899E+043
  3.3008492424E+005  4.7517659940E+043
  3.4008524789E+005  1.2122243260E+044
  3.5001388033E+005  2.6376173442E+044
  3.6000877889E+005  3.5889350477E+044
  3.7000011267E+005  1.6930003486E+044
  3.8000011590E+005  9.7881593923E+043
  3.9000051235E+005  7.7120057576E+043
  4.0000302511E+005  6.4020593401E+043
  4.1000315605E+005  5.4901413234E+043
  4.2000523703E+005  4.8502343732E+043
  4.3000649590E+005  4.3820736966E+043
  4.4000932203E+005  4.0238936390E+043
  4.5001174185E+005  3.7387099698E+043
  4.6001389458E+005  3.5032947675E+043
  4.7002008828E+005  3.3020741342E+043
  4.8001784606E+005  3.1259123453E+043
  4.9001175215E+005  2.9681752259E+043
  5.0001263137E+005  2.8245226420E+043
  5.1002053984E+005  2.6915027290E+043
  5.2001834609E+005  2.5669384364E+043
  5.3001391622E+005  2.4498703156E+043
  5.4001731900E+005  2.3389174301E+043
  5.5001989377E+005  2.2358921244E+043
  5.6002364605E+005  2.1387240829E+043
  5.7002160527E+005  2.0475043866E+043
  5.8001407488E+005  1.9624378506E+043
  5.9002336382E+005  1.8830793469E+043
  6.0002206172E+005  1.8085224731E+043
  6.1002036670E+005  1.7382815761E+043
  6.2001637381E+005  1.6727000476E+043
  6.3001709263E+005  1.6105246221E+043
  6.4001652643E+005  1.5520951959E+043
  6.5001704514E+005  1.4973185482E+043
  6.6002252438E+005  1.4449499918E+043
  6.7001581973E+005  1.3964386530E+043
  6.8002554331E+005  1.3496273474E+043
  6.9002561320E+005  1.3062545339E+043
  7.0001496265E+005  1.2647785272E+043
  7.1001868359E+005  1.2260414835E+043
  7.2001678816E+005  1.1888015150E+043
  7.3002353487E+005  1.1541528596E+043
  7.4001468445E+005  1.1207570890E+043
  7.5002256979E+005  1.0896562234E+043
  7.6001782796E+005  1.0593679453E+043
  7.7003010457E+005  1.0314336747E+043
  7.8002434835E+005  1.0042884749E+043
  7.9003207695E+005  9.7895439365E+042
  8.0001752590E+005  9.5469032821E+042
  8.1002598061E+005  9.3148855230E+042
  8.2002540859E+005  9.0982842264E+042
  8.3001625434E+005  8.8856466780E+042
  8.4003328837E+005  8.6867918386E+042
  8.5001980153E+005  8.4970663974E+042
  8.6001811162E+005  8.3116997544E+042
  8.7002695058E+005  8.1386048441E+042
  8.8001884047E+005  7.9717878849E+042
  8.9003002865E+005  7.8093578726E+042
  9.0001976872E+005  7.6577712599E+042
  9.1002340979E+005  7.5104333454E+042
  9.2002733148E+005  7.3668106275E+042
  9.3001925014E+005  7.2316560391E+042
  9.4002011852E+005  7.1011177598E+042
  9.5001588213E+005  6.9722955548E+042
  9.6002127044E+005  6.8492776009E+042
  9.7003821417E+005  6.7318754079E+042
  9.8002897191E+005  6.6162401034E+042
  9.9002752728E+005  6.5030176205E+042
  1.0000283051E+006  6.3956281020E+042
  1.0100277006E+006  6.2912144196E+042
  1.0200209734E+006  6.1878995123E+042
  1.0300259832E+006  6.0876708647E+042
  1.0400270457E+006  5.9919447834E+042
  1.0500310795E+006  5.8979803932E+042
  1.0600250570E+006  5.8053992451E+042
  1.0700361036E+006  5.7158089824E+042
  1.0800251081E+006  5.6295960357E+042
  1.0900251775E+006  5.5448035311E+042
  1.1000339176E+006  5.4613900941E+042
  1.1100246525E+006  5.3808418403E+042
  1.1200278017E+006  5.3026298364E+042
  1.1300340122E+006  5.2257364100E+042
  1.1400215705E+006  5.1504923078E+042
  1.1500340164E+006  5.0773012388E+042
  1.1600290439E+006  5.0062987739E+042
  1.1700227061E+006  4.9365642173E+042
  1.1800262146E+006  4.8680930459E+042
  1.1900344091E+006  4.8014443425E+042
  1.2000405932E+006  4.7366732125E+042
  1.2100239632E+006  4.6733403210E+042
  1.2200249261E+006  4.6111480748E+042
  1.2300334070E+006  4.5504162570E+042
  1.2400419782E+006  4.4914198523E+042
  1.2500259514E+006  4.4340122880E+042
  1.2600273643E+006  4.3778052309E+042
  1.2700353835E+006  4.3229367870E+042
  1.2800232622E+006  4.2696283970E+042
  1.2900233907E+006  4.2177049513E+042
  1.3000343871E+006  4.1670124806E+042
  1.3100260562E+006  4.1177151699E+042
  1.3200211576E+006  4.0696329983E+042
  1.3300353431E+006  4.0226756522E+042
  1.3400222834E+006  3.9770214790E+042
  1.3500361133E+006  3.9323986110E+042
  1.3600349970E+006  3.8890354165E+042
  1.3700366634E+006  3.8467288735E+042
  1.3800303261E+006  3.8054631377E+042
  1.3900379573E+006  3.7651199753E+042
  1.4000210925E+006  3.7259475067E+042
  1.4100265475E+006  3.6879137761E+042
  1.4200373482E+006  3.6509100306E+042
  1.4300237113E+006  3.6148033375E+042
  1.4400267933E+006  3.5795198087E+042
  1.4500343475E+006  3.5453194780E+042
  1.4600223488E+006  3.5124248219E+042
  1.4700263902E+006  3.4805795813E+042
  1.4800407574E+006  3.4494185140E+042
  1.4900386262E+006  3.4190691628E+042
  1.5000304925E+006  3.3896832827E+042
  1.5100391047E+006  3.3615935207E+042
  1.5200273424E+006  3.3347797736E+042
  1.5300289095E+006  3.3086596337E+042
  1.5400289555E+006  3.2830462700E+042
  1.5500239505E+006  3.2581255985E+042
  1.5600334989E+006  3.2342986574E+042
  1.5700288287E+006  3.2118816723E+042
  1.5800225513E+006  3.1910540058E+042
  1.5900258163E+006  3.1700731559E+042
  1.6000254790E+006  3.1489597931E+042
  1.6100228635E+006  3.1285399168E+042
  1.6200314973E+006  3.1092137233E+042
  1.6300329525E+006  3.0906272761E+042
  1.6400368318E+006  3.0724395174E+042
  1.6500365230E+006  3.0541230920E+042
  1.6600430343E+006  3.0357307215E+042
  1.6700351659E+006  3.0178023801E+042
  1.6800339530E+006  3.0007709202E+042
  1.6900227979E+006  2.9845090822E+042
  1.7000349931E+006  2.9683219684E+042
  1.7100404865E+006  2.9518949558E+042
  1.7200296062E+006  2.9354238159E+042
  1.7300318858E+006  2.9193883122E+042
  1.7400306746E+006  2.9042523092E+042
  1.7500367473E+006  2.8898858038E+042
  1.7600335641E+006  2.8758084848E+042
  1.7700233876E+006  2.8617241222E+042
  1.7800344357E+006  2.8477344050E+042
  1.7900227154E+006  2.8343263705E+042
  1.8000358350E+006  2.8217725029E+042
  1.8100429485E+006  2.8099883365E+042
  1.8200305861E+006  2.7985488407E+042
  1.8300338546E+006  2.7871333932E+042
  1.8400275711E+006  2.7758473107E+042
  1.8500249776E+006  2.7650016326E+042
  1.8600286168E+006  2.7548650931E+042
  1.8700408052E+006  2.7453478504E+042
  1.8800234139E+006  2.7361249783E+042
  1.8900310578E+006  2.7268712789E+042
  1.9000349239E+006  2.7176273961E+042
  1.9100326113E+006  2.7086046932E+042
  1.9200296323E+006  2.7000478791E+042
  1.9300246257E+006  2.6918646092E+042
  1.9400228639E+006  2.6837985218E+042
  1.9500260942E+006  2.6756018885E+042
  1.9600313225E+006  2.6672365550E+042
  1.9700289616E+006  2.6588419514E+042
  1.9800291804E+006  2.6504846269E+042
  1.9872000000E+006  2.6445164926E+042
