  0.0000000000E+000  0.0000000000E+000
  1.0000536147E+004 -3.6231931338E+033
  2.0000271421E+004  3.5337160819E+034
  3.0000776112E+004  1.9242520219E+038
  4.0000313114E+004  1.9216422482E+038
  5.0000232775E+004  1.7991330466E+038
  6.0000279646E+004  1.5232104755E+038
  7.0000592330E+004  1.3477915856E+038
  8.0000237266E+004  1.2030346744E+038
  9.0000415975E+004  1.0908912813E+038
  1.0000045052E+005  1.0027658706E+038
  1.1000029976E+005  9.3047766930E+037
  1.2000029410E+005  8.7092973354E+037
  1.3000037117E+005  8.2074498952E+037
  1.4000035835E+005  7.7757848468E+037
  1.5000036123E+005  7.3942037935E+037
  1.6000038578E+005  7.0564947374E+037
  1.7000041318E+005  6.7564003134E+037
  1.8000039407E+005  6.4869034411E+037
  1.9000052256E+005  6.2434353830E+037
  2.0000039370E+005  6.0219497154E+037
  2.1000044822E+005  5.8192007525E+037
  2.2000034725E+005  5.6327010977E+037
  2.3000042199E+005  5.4603166222E+037
  2.4000033782E+005  5.3003216301E+037
  2.5000040211E+005  5.1512981800E+037
  2.6000051021E+005  5.0118489747E+037
  2.7000040093E+005  4.8807253827E+037
  2.8000044332E+005  4.7573026044E+037
  2.9000047413E+005  4.6413082439E+037
  3.0000044325E+005  4.5319780946E+037
  3.1000042618E+005  4.4286588327E+037
  3.2000054638E+005  4.3307453703E+037
  3.3000041803E+005  4.2379909646E+037
  3.4000035883E+005  4.1499569684E+037
  3.5000038113E+005  4.0663411308E+037
  3.6000055146E+005  3.9867166040E+037
  3.7000043421E+005  3.9107381498E+037
  3.8000052450E+005  3.8380274232E+037
  3.9000029359E+005  3.7681280128E+037
  4.0000040388E+005  3.7006817059E+037
  4.1000037918E+005  3.6357578420E+037
  4.2000053975E+005  3.5742163517E+037
  4.3000043496E+005  3.5201728246E+037
  4.4000057759E+005  3.5049422783E+037
  4.5000053052E+005  3.7655118914E+037
  4.6000038028E+005  7.0193588310E+037
  4.7000050848E+005  3.0549021417E+038
  4.8000034292E+005  1.3409709445E+039
  4.9000030233E+005  2.9791942033E+039
  5.0000058505E+005  3.1912267990E+039
  5.1000053073E+005  3.4923898649E+039
  5.2000050516E+005  3.9080514035E+039
  5.3000043025E+005  4.4522641810E+039
  5.4000044909E+005  5.1494822615E+039
  5.5000039152E+005  6.0470503359E+039
  5.6000057306E+005  7.2284902661E+039
  5.7000045699E+005  8.8413516007E+039
  5.8000054822E+005  1.1163419551E+040
  5.9000044028E+005  1.4807189542E+040
  6.0000048963E+005  2.0690273277E+040
  6.1000060429E+005  3.4982645905E+040
  6.2000034500E+005  3.0156856341E+041
  6.3000056214E+005  1.4034221331E+042
  6.4000047488E+005  4.8528101064E+042
  6.5000063144E+005  1.3779121825E+043
  6.6000036234E+005  3.3573779300E+043
  6.7000060517E+005  7.1304309406E+043
  6.8000034824E+005  1.2557381658E+044
  6.9000059086E+005  1.4358979967E+044
  7.0000051679E+005  9.1013142463E+043
  7.1000016454E+005  3.8825907391E+043
  7.2000014642E+005  2.9707130811E+043
  7.3000026609E+005  2.5726266851E+043
  7.4000057842E+005  2.2490362116E+043
  7.5000050984E+005  1.9963719170E+043
  7.6000056976E+005  1.7941396179E+043
  7.7000042929E+005  1.6296089865E+043
  7.8000061825E+005  1.4978413541E+043
  7.9000050034E+005  1.3893094556E+043
  8.0000057612E+005  1.2984572209E+043
  8.1000036578E+005  1.2219672011E+043
  8.2000047287E+005  1.1563695496E+043
  8.3000068973E+005  1.0999878349E+043
  8.4000069739E+005  1.0505419990E+043
  8.5000039438E+005  1.0073877128E+043
  8.6000070138E+005  9.6889754478E+042
  8.7000057733E+005  9.3476599990E+042
  8.8000067250E+005  9.0409327927E+042
  8.9000036678E+005  8.7632589402E+042
  9.0000062543E+005  8.5139625996E+042
  9.1000062271E+005  8.2851302658E+042
  9.2000055985E+005  8.0773459875E+042
  9.3000062201E+005  7.8878189990E+042
  9.4000066622E+005  7.7122183476E+042
  9.5000041137E+005  7.5520044259E+042
  9.6000044690E+005  7.4041163345E+042
  9.7000069334E+005  7.2656803666E+042
  9.8000057072E+005  7.1375791141E+042
  9.9000048641E+005  7.0177402605E+042
  1.0000004736E+006  6.9043915315E+042
  1.0100006076E+006  6.7979767603E+042
  1.0200005783E+006  6.6974833770E+042
  1.0300004516E+006  6.6014563111E+042
  1.0400006382E+006  6.5099923322E+042
  1.0500004534E+006  6.4229732973E+042
  1.0600004827E+006  6.3392489153E+042
  1.0700006261E+006  6.2588993750E+042
  1.0800004294E+006  6.1811974642E+042
  1.0900004751E+006  6.1055957922E+042
  1.1000005811E+006  6.0326760806E+042
  1.1100004475E+006  5.9612793424E+042
  1.1200004964E+006  5.8910506526E+042
  1.1300004537E+006  5.8226810865E+042
  1.1400007608E+006  5.7564112273E+042
  1.1500005340E+006  5.6906202815E+042
  1.1600004966E+006  5.6254837956E+042
  1.1700007596E+006  5.5626760442E+042
  1.1800005621E+006  5.5004807031E+042
  1.1900007203E+006  5.4379291161E+042
  1.2000004808E+006  5.3761115334E+042
  1.2100006759E+006  5.3170559041E+042
  1.2200007217E+006  5.2578538244E+042
  1.2300006639E+006  5.1983284968E+042
  1.2400007296E+006  5.1400988290E+042
  1.2500005992E+006  5.0842718181E+042
  1.2600005135E+006  5.0277940440E+042
  1.2700006626E+006  4.9707714406E+042
  1.2800005292E+006  4.9149500732E+042
  1.2900008120E+006  4.8618079524E+042
  1.3000005864E+006  4.8084419100E+042
  1.3100007848E+006  4.7544411140E+042
  1.3200007306E+006  4.7011175065E+042
  1.3300007338E+006  4.6504265784E+042
  1.3400005598E+006  4.6002850819E+042
  1.3500008448E+006  4.5493430502E+042
  1.3600007533E+006  4.4984504658E+042
  1.3700007229E+006  4.4494390959E+042
  1.3800007094E+006  4.4027084546E+042
  1.3900004977E+006  4.3557995191E+042
  1.4000006720E+006  4.3083194588E+042
  1.4100006639E+006  4.2610951630E+042
  1.4200004622E+006  4.2156823614E+042
  1.4300007995E+006  4.1722583082E+042
  1.4400005754E+006  4.1288577090E+042
  1.4500006125E+006  4.0850294747E+042
  1.4600007742E+006  4.0413345786E+042
  1.4700007681E+006  3.9990687760E+042
  1.4800008527E+006  3.9587137356E+042
  1.4900006669E+006  3.9186988287E+042
  1.5000007363E+006  3.8782819747E+042
  1.5100006652E+006  3.8378726992E+042
  1.5200005588E+006  3.7982848249E+042
  1.5300008497E+006  3.7605061210E+042
  1.5400004660E+006  3.7238737106E+042
  1.5500007903E+006  3.6870337566E+042
  1.5600006714E+006  3.6498642216E+042
  1.5700004843E+006  3.6128828308E+042
  1.5800007678E+006  3.5770220070E+042
  1.5900005073E+006  3.5429413024E+042
  1.6000009000E+006  3.5095141757E+042
  1.6100006295E+006  3.4757939978E+042
  1.6200004800E+006  3.4418795230E+042
  1.6300004996E+006  3.4082460589E+042
  1.6400008613E+006  3.3756926608E+042
  1.6500008890E+006  3.3446012618E+042
  1.6600008789E+006  3.3139904374E+042
  1.6700008358E+006  3.2831670898E+042
  1.6800004556E+006  3.2522680709E+042
  1.6900006876E+006  3.2216251317E+042
  1.7000006556E+006  3.1919264156E+042
  1.7100006619E+006  3.1635346227E+042
  1.7200006388E+006  3.1356089290E+042
  1.7300005987E+006  3.1074764215E+042
  1.7400006636E+006  3.0792306252E+042
  1.7500004628E+006  3.0511635746E+042
  1.7600008163E+006  3.0237436463E+042
  1.7700007160E+006  2.9976097293E+042
  1.7800006383E+006  2.9721164007E+042
  1.7900007169E+006  2.9465282425E+042
  1.8000007077E+006  2.9208209176E+042
  1.8100009140E+006  2.8951710492E+042
  1.8200007531E+006  2.8698875839E+042
  1.8300006090E+006  2.8454606786E+042
  1.8400009459E+006  2.8218876066E+042
  1.8500008673E+006  2.7984915821E+042
  1.8600005171E+006  2.7750026349E+042
  1.8700005931E+006  2.7515578167E+042
  1.8800008836E+006  2.7282693188E+042
  1.8900006427E+006  2.7054323930E+042
  1.9000007170E+006  2.6834135748E+042
  1.9100005219E+006  2.6619486554E+042
  1.9200008758E+006  2.6405163135E+042
  1.9300008545E+006  2.6190298931E+042
  1.9400008139E+006  2.5976056443E+042
  1.9500007622E+006  2.5763441495E+042
  1.9600009219E+006  2.5555258706E+042
  1.9700005551E+006  2.5354258871E+042
  1.9800007477E+006  2.5157840594E+042
  1.9872000000E+006  2.5016764696E+042
