   0.000000000E+00   0.500000000E+04  -0.363934320E+01  -0.484743220E+01  -0.557312790E+01  -0.584816720E+01  -0.597134520E+01  -0.449318320E+01  -0.452115320E+01  -0.533416920E+01  -0.636025520E+01  -0.585495520E+01  -0.507243197E+00   0.482596680E+01  -0.213463197E+00  -0.131977320E+01   0.266906803E+00
   0.100004320E+05   0.500000000E+04  -0.414755196E+01  -0.535564096E+01  -0.608133666E+01  -0.635637596E+01  -0.647955396E+01  -0.500139196E+01  -0.502936196E+01  -0.584237796E+01  -0.686846396E+01  -0.636316396E+01  -0.101545196E+01   0.431775804E+01  -0.721671964E+00  -0.182798196E+01  -0.241301964E+00
   0.200007697E+05   0.500000000E+04  -0.408424967E+01  -0.529233867E+01  -0.601803437E+01  -0.629307367E+01  -0.641625167E+01  -0.493808967E+01  -0.496605967E+01  -0.577907567E+01  -0.680516167E+01  -0.629986167E+01  -0.952149668E+00   0.438106033E+01  -0.658369668E+00  -0.176467967E+01  -0.177999668E+00
   0.300023507E+05   0.500000000E+04  -0.403775182E+01  -0.524584082E+01  -0.597153652E+01  -0.624657582E+01  -0.636975382E+01  -0.489159182E+01  -0.491956182E+01  -0.573257782E+01  -0.675866382E+01  -0.625336382E+01  -0.905651823E+00   0.442755818E+01  -0.611871823E+00  -0.171818182E+01  -0.131501823E+00
   0.400004943E+05   0.500000000E+04  -0.401629845E+01  -0.522438745E+01  -0.595008315E+01  -0.622512245E+01  -0.634830045E+01  -0.487013845E+01  -0.489810845E+01  -0.571112445E+01  -0.673721045E+01  -0.623191045E+01  -0.884198448E+00   0.444901155E+01  -0.590418448E+00  -0.169672845E+01  -0.110048448E+00
   0.500017562E+05   0.500000000E+04  -0.400634021E+01  -0.521442921E+01  -0.594012491E+01  -0.621516421E+01  -0.633834221E+01  -0.486018021E+01  -0.488815021E+01  -0.570116621E+01  -0.672725221E+01  -0.622195221E+01  -0.874240206E+00   0.445896979E+01  -0.580460206E+00  -0.168677021E+01  -0.100090206E+00
   0.600072982E+05   0.500000000E+04  -0.400112699E+01  -0.520921599E+01  -0.593491169E+01  -0.620995099E+01  -0.633312899E+01  -0.485496699E+01  -0.488293699E+01  -0.569595299E+01  -0.672203899E+01  -0.621673899E+01  -0.869026991E+00   0.446418301E+01  -0.575246991E+00  -0.168155699E+01  -0.948769913E-01
   0.700025527E+05   0.500000000E+04  -0.399781352E+01  -0.520590252E+01  -0.593159822E+01  -0.620663752E+01  -0.632981552E+01  -0.485165352E+01  -0.487962352E+01  -0.569263952E+01  -0.671872552E+01  -0.621342552E+01  -0.865713523E+00   0.446749648E+01  -0.571933523E+00  -0.167824352E+01  -0.915635233E-01
   0.800003814E+05   0.500000000E+04  -0.399502023E+01  -0.520310923E+01  -0.592880493E+01  -0.620384423E+01  -0.632702223E+01  -0.484886023E+01  -0.487683023E+01  -0.568984623E+01  -0.671593223E+01  -0.621063223E+01  -0.862920227E+00   0.447028977E+01  -0.569140227E+00  -0.167545023E+01  -0.887702269E-01
   0.900065709E+05   0.500000000E+04  -0.822184496E+01  -0.942993396E+01  -0.101556297E+02  -0.104306690E+02  -0.105538470E+02  -0.907568496E+01  -0.910365496E+01  -0.991667096E+01  -0.109427570E+02  -0.104374570E+02  -0.508974496E+01   0.243465042E+00  -0.479596496E+01  -0.590227496E+01  -0.431559496E+01
   0.100004385E+06   0.542505593E+04  -0.929633000E+01  -0.103568234E+02  -0.109749098E+02  -0.111915881E+02  -0.112716365E+02  -0.101421866E+02  -0.100614213E+02  -0.107788472E+02  -0.116852040E+02  -0.112412065E+02  -0.644586781E+01  -0.158275692E+01  -0.619123971E+01  -0.717342063E+01  -0.566886993E+01
   0.110010936E+06   0.176901670E+05  -0.153044385E+02  -0.151064551E+02  -0.147916595E+02  -0.145226908E+02  -0.142499032E+02  -0.160886678E+02  -0.150749408E+02  -0.149569055E+02  -0.148664230E+02  -0.149427312E+02  -0.152450813E+02  -0.146282415E+02  -0.152438746E+02  -0.152987365E+02  -0.150968672E+02
   0.120005090E+06   0.763481118E+05  -0.180853516E+02  -0.175755430E+02  -0.170197676E+02  -0.166279148E+02  -0.162676734E+02  -0.188568042E+02  -0.176091496E+02  -0.172752055E+02  -0.169334861E+02  -0.171455297E+02  -0.188930132E+02  -0.194779047E+02  -0.189068732E+02  -0.187248783E+02  -0.191113444E+02
   0.130001802E+06   0.758688242E+05  -0.182068701E+02  -0.176975565E+02  -0.171421767E+02  -0.167505244E+02  -0.163904377E+02  -0.189783453E+02  -0.177310577E+02  -0.173974647E+02  -0.170561628E+02  -0.172679785E+02  -0.190131684E+02  -0.195962673E+02  -0.190270271E+02  -0.188453058E+02  -0.192309144E+02
   0.140013557E+06   0.527740687E+05  -0.178993576E+02  -0.174254450E+02  -0.168983339E+02  -0.165213086E+02  -0.161721022E+02  -0.186722179E+02  -0.174514965E+02  -0.171430003E+02  -0.168315641E+02  -0.170270591E+02  -0.186067726E+02  -0.190581938E+02  -0.186202258E+02  -0.184592244E+02  -0.187818745E+02
   0.150000012E+06   0.431404872E+05  -0.177926703E+02  -0.173459757E+02  -0.168403821E+02  -0.164744268E+02  -0.161333493E+02  -0.185666021E+02  -0.173663168E+02  -0.170769768E+02  -0.167881550E+02  -0.169713328E+02  -0.184234901E+02  -0.187709414E+02  -0.184364027E+02  -0.182930154E+02  -0.185653958E+02
   0.160000439E+06   0.391297741E+05  -0.178309499E+02  -0.174000045E+02  -0.169067698E+02  -0.165471566E+02  -0.162107917E+02  -0.186055079E+02  -0.174170413E+02  -0.171387333E+02  -0.168628665E+02  -0.170390043E+02  -0.184173589E+02  -0.187039806E+02  -0.184298745E+02  -0.182971568E+02  -0.185400276E+02
   0.170000950E+06   0.356042138E+05  -0.178613732E+02  -0.174475823E+02  -0.169677604E+02  -0.166150053E+02  -0.162836607E+02  -0.186366263E+02  -0.174610351E+02  -0.171947011E+02  -0.169328545E+02  -0.171013806E+02  -0.183994058E+02  -0.186193410E+02  -0.184113985E+02  -0.182904146E+02  -0.185011257E+02
   0.180003060E+06   0.327177146E+05  -0.178944431E+02  -0.174977718E+02  -0.170312828E+02  -0.166853224E+02  -0.163589672E+02  -0.186703821E+02  -0.175076523E+02  -0.172532308E+02  -0.170053038E+02  -0.171662852E+02  -0.183841885E+02  -0.185372758E+02  -0.183955879E+02  -0.182867942E+02  -0.184650517E+02
   0.190001559E+06   0.303030825E+05  -0.179236276E+02  -0.175441321E+02  -0.170909508E+02  -0.167517786E+02  -0.164304397E+02  -0.187002706E+02  -0.175504240E+02  -0.173079207E+02  -0.170738637E+02  -0.172273360E+02  -0.183650178E+02  -0.184509170E+02  -0.183757418E+02  -0.182795554E+02  -0.184250753E+02
   0.200002247E+06   0.282418407E+05  -0.179472035E+02  -0.175849911E+02  -0.171451720E+02  -0.168127880E+02  -0.164964841E+02  -0.187245464E+02  -0.175876709E+02  -0.173571436E+02  -0.171369768E+02  -0.172829479E+02  -0.183400046E+02  -0.183581828E+02  -0.183499638E+02  -0.182667665E+02  -0.183792399E+02
   0.210006921E+06   0.264597087E+05  -0.179652178E+02  -0.176204755E+02  -0.171941002E+02  -0.168685354E+02  -0.165573087E+02  -0.187432818E+02  -0.176195177E+02  -0.174010340E+02  -0.171948516E+02  -0.173332741E+02  -0.183090803E+02  -0.182588813E+02  -0.183181785E+02  -0.182485559E+02  -0.183274421E+02
   0.220002854E+06   0.249093806E+05  -0.179785471E+02  -0.176512026E+02  -0.172381716E+02  -0.169193948E+02  -0.166130120E+02  -0.187573255E+02  -0.176466170E+02  -0.174401272E+02  -0.172478107E+02  -0.173787541E+02  -0.182737836E+02  -0.181555287E+02  -0.182819583E+02  -0.182261918E+02  -0.182715288E+02
   0.230018901E+06   0.235574417E+05  -0.179891947E+02  -0.176793431E+02  -0.172796933E+02  -0.169677265E+02  -0.166659401E+02  -0.187687031E+02  -0.176711230E+02  -0.174766540E+02  -0.172982323E+02  -0.174216945E+02  -0.182357435E+02  -0.180492314E+02  -0.182428962E+02  -0.182014502E+02  -0.182129861E+02
   0.240001289E+06   0.223749368E+05  -0.179971519E+02  -0.177044954E+02  -0.173179599E+02  -0.170126452E+02  -0.167150592E+02  -0.187773785E+02  -0.176926939E+02  -0.175100233E+02  -0.173452091E+02  -0.174613549E+02  -0.181960468E+02  -0.179426568E+02  -0.182021242E+02  -0.181750575E+02  -0.181533544E+02
   0.250007637E+06   0.213425622E+05  -0.180048306E+02  -0.177289782E+02  -0.173552231E+02  -0.170563996E+02  -0.167627996E+02  -0.187857585E+02  -0.177136740E+02  -0.175425140E+02  -0.173909579E+02  -0.174999838E+02  -0.181573566E+02  -0.178388331E+02  -0.181623106E+02  -0.181494914E+02  -0.180955919E+02
   0.260028441E+06   0.204397101E+05  -0.180127204E+02  -0.177531951E+02  -0.173918360E+02  -0.170993025E+02  -0.168095894E+02  -0.187943343E+02  -0.177344887E+02  -0.175744941E+02  -0.174357919E+02  -0.175379176E+02  -0.181204051E+02  -0.177388348E+02  -0.181241919E+02  -0.181253798E+02  -0.180403746E+02
   0.270008122E+06   0.196519850E+05  -0.180213900E+02  -0.177774796E+02  -0.174279644E+02  -0.171414298E+02  -0.168555060E+02  -0.188036630E+02  -0.177555253E+02  -0.176061967E+02  -0.174797629E+02  -0.175753095E+02  -0.180863791E+02  -0.176447342E+02  -0.180889884E+02  -0.181036213E+02  -0.179889059E+02
   0.280012216E+06   0.189625306E+05  -0.180318940E+02  -0.178026258E+02  -0.174642095E+02  -0.171832905E+02  -0.169009985E+02  -0.188147860E+02  -0.177776299E+02  -0.176382973E+02  -0.175233454E+02  -0.176127418E+02  -0.180569814E+02  -0.175591714E+02  -0.180584464E+02  -0.180856880E+02  -0.179431355E+02
   0.290020578E+06   0.183548728E+05  -0.180437642E+02  -0.178289582E+02  -0.175014676E+02  -0.172260783E+02  -0.169478090E+02  -0.188272730E+02  -0.178009484E+02  -0.176714659E+02  -0.175678346E+02  -0.176511727E+02  -0.180297245E+02  -0.174767756E+02  -0.180299742E+02  -0.180698916E+02  -0.178998912E+02
   0.300033138E+06   0.178134698E+05  -0.180565660E+02  -0.178552490E+02  -0.175379405E+02  -0.172677017E+02  -0.169936676E+02  -0.188406519E+02  -0.178244288E+02  -0.177041272E+02  -0.176110430E+02  -0.176887408E+02  -0.180061499E+02  -0.174019216E+02  -0.180052404E+02  -0.180571009E+02  -0.178615351E+02
   0.310041890E+06   0.173259229E+05  -0.180695839E+02  -0.178814483E+02  -0.175740760E+02  -0.173088589E+02  -0.170397539E+02  -0.188542369E+02  -0.178478832E+02  -0.177365427E+02  -0.176537458E+02  -0.177259489E+02  -0.179838139E+02  -0.173297193E+02  -0.179817294E+02  -0.180454577E+02  -0.178249676E+02
   0.320021111E+06   0.168779337E+05  -0.180815543E+02  -0.179060045E+02  -0.176081150E+02  -0.173476941E+02  -0.170827813E+02  -0.188667496E+02  -0.178698196E+02  -0.177670305E+02  -0.176940511E+02  -0.177610126E+02  -0.179621237E+02  -0.172605291E+02  -0.179588875E+02  -0.180337959E+02  -0.177897989E+02
   0.330004245E+06   0.164570963E+05  -0.180911518E+02  -0.179286139E+02  -0.176405172E+02  -0.173850581E+02  -0.171232384E+02  -0.188769102E+02  -0.178897230E+02  -0.177957631E+02  -0.177329217E+02  -0.177944754E+02  -0.179371532E+02  -0.171867247E+02  -0.179326545E+02  -0.180187555E+02  -0.177511597E+02
   0.340010567E+06   0.160602450E+05  -0.180993280E+02  -0.179490603E+02  -0.176701984E+02  -0.174194181E+02  -0.171605153E+02  -0.188856174E+02  -0.179076176E+02  -0.178219837E+02  -0.177687024E+02  -0.178251565E+02  -0.179127316E+02  -0.171162524E+02  -0.179070423E+02  -0.180036980E+02  -0.177138483E+02
   0.350023285E+06   0.156857027E+05  -0.181048643E+02  -0.179676712E+02  -0.176986309E+02  -0.174528322E+02  -0.171968929E+02  -0.188917227E+02  -0.179235044E+02  -0.178467322E+02  -0.178036208E+02  -0.178546540E+02  -0.178838828E+02  -0.170387496E+02  -0.178768185E+02  -0.179845215E+02  -0.176715867E+02
   0.360036649E+06   0.153267760E+05  -0.181079938E+02  -0.179836047E+02  -0.177241797E+02  -0.174832588E+02  -0.172301981E+02  -0.188954099E+02  -0.179367693E+02  -0.178686738E+02  -0.178355190E+02  -0.178812454E+02  -0.178533960E+02  -0.169606834E+02  -0.178449677E+02  -0.179634568E+02  -0.176280169E+02
   0.370044534E+06   0.149839618E+05  -0.181092567E+02  -0.179971908E+02  -0.177470189E+02  -0.175107923E+02  -0.172605428E+02  -0.188972098E+02  -0.179477870E+02  -0.178880414E+02  -0.178644688E+02  -0.179050887E+02  -0.178223286E+02  -0.168838510E+02  -0.178125813E+02  -0.179414123E+02  -0.175843775E+02
   0.380011494E+06   0.146573043E+05  -0.181068798E+02  -0.180083817E+02  -0.177683740E+02  -0.175373086E+02  -0.172909398E+02  -0.188954298E+02  -0.179561493E+02  -0.179055786E+02  -0.178925443E+02  -0.179275607E+02  -0.177848168E+02  -0.167964880E+02  -0.177734950E+02  -0.179129570E+02  -0.175334009E+02
   0.390018835E+06   0.143458897E+05  -0.181028830E+02  -0.180173195E+02  -0.177870018E+02  -0.175608568E+02  -0.173181876E+02  -0.188920021E+02  -0.179623906E+02  -0.179205666E+02  -0.179175788E+02  -0.179472532E+02  -0.177473246E+02  -0.167114708E+02  -0.177345018E+02  -0.178840988E+02  -0.174830722E+02
   0.400032812E+06   0.140527393E+05  -0.180969543E+02  -0.180235668E+02  -0.178023708E+02  -0.175808575E+02  -0.173416710E+02  -0.188866090E+02  -0.179660995E+02  -0.179325092E+02  -0.179389788E+02  -0.179636245E+02  -0.177098649E+02  -0.166292735E+02  -0.176956291E+02  -0.178547667E+02  -0.174335288E+02
   0.410004116E+06   0.137775498E+05  -0.180879816E+02  -0.180276546E+02  -0.178162249E+02  -0.175996795E+02  -0.173642561E+02  -0.188782158E+02  -0.179674625E+02  -0.179426913E+02  -0.179593000E+02  -0.179785631E+02  -0.176675219E+02  -0.165394393E+02  -0.176516549E+02  -0.178197951E+02  -0.173786457E+02
   0.420008658E+06   0.135145775E+05  -0.180771285E+02  -0.180296516E+02  -0.178278272E+02  -0.176161697E+02  -0.173844542E+02  -0.188679338E+02  -0.179667783E+02  -0.179506814E+02  -0.179772650E+02  -0.179912344E+02  -0.176239255E+02  -0.164492153E+02  -0.176064308E+02  -0.177831843E+02  -0.173227948E+02
   0.430010687E+06   0.132642042E+05  -0.180656161E+02  -0.180303737E+02  -0.178376944E+02  -0.176306906E+02  -0.174025054E+02  -0.188569652E+02  -0.179649475E+02  -0.179571095E+02  -0.179931900E+02  -0.180021194E+02  -0.175812387E+02  -0.163621347E+02  -0.175621941E+02  -0.177471483E+02  -0.172684406E+02
   0.440009628E+06   0.130214774E+05  -0.180538801E+02  -0.180304986E+02  -0.178466851E+02  -0.176441929E+02  -0.174194301E+02  -0.188457564E+02  -0.179625976E+02  -0.179627661E+02  -0.180080535E+02  -0.180120968E+02  -0.175392803E+02  -0.162771384E+02  -0.175187332E+02  -0.177116378E+02  -0.172151711E+02
   0.450005339E+06   0.127944472E+05  -0.180397990E+02  -0.180294254E+02  -0.178553228E+02  -0.176577731E+02  -0.174367399E+02  -0.188322599E+02  -0.179588073E+02  -0.179677410E+02  -0.180231280E+02  -0.180218224E+02  -0.174926308E+02  -0.161838991E+02  -0.174702961E+02  -0.176715264E+02  -0.171566779E+02
   0.460005318E+06   0.125874860E+05  -0.180244780E+02  -0.180261448E+02  -0.178610297E+02  -0.176680545E+02  -0.174504715E+02  -0.188174806E+02  -0.179530115E+02  -0.179700570E+02  -0.180347927E+02  -0.180285368E+02  -0.174472108E+02  -0.160954043E+02  -0.174232101E+02  -0.176321150E+02  -0.171003407E+02
   0.470018240E+06   0.123893855E+05  -0.180091491E+02  -0.180223408E+02  -0.178658284E+02  -0.176772318E+02  -0.174629513E+02  -0.188026701E+02  -0.179468000E+02  -0.179716101E+02  -0.180452941E+02  -0.180342998E+02  -0.174030716E+02  -0.160100344E+02  -0.173774762E+02  -0.175937270E+02  -0.170457517E+02
   0.480000930E+06   0.121934236E+05  -0.179942341E+02  -0.180188263E+02  -0.178708237E+02  -0.176865585E+02  -0.174755449E+02  -0.187882679E+02  -0.179409040E+02  -0.179733947E+02  -0.180559306E+02  -0.180402491E+02  -0.173596573E+02  -0.159258346E+02  -0.173324844E+02  -0.175560018E+02  -0.169920004E+02
   0.490037035E+06   0.120042981E+05  -0.179803446E+02  -0.180159395E+02  -0.178761499E+02  -0.176960649E+02  -0.174882042E+02  -0.187748733E+02  -0.179357188E+02  -0.179756223E+02  -0.180667012E+02  -0.180464960E+02  -0.173182627E+02  -0.158450773E+02  -0.172895673E+02  -0.175200979E+02  -0.169406294E+02
   0.500013545E+06   0.118242511E+05  -0.179638062E+02  -0.180119905E+02  -0.178815862E+02  -0.177062852E+02  -0.175018368E+02  -0.187589095E+02  -0.179291358E+02  -0.179775043E+02  -0.180783706E+02  -0.180529951E+02  -0.172709438E+02  -0.157533889E+02  -0.172403421E+02  -0.174783907E+02  -0.168826602E+02
   0.510017057E+06   0.116491876E+05  -0.179473482E+02  -0.180078238E+02  -0.178865823E+02  -0.177159520E+02  -0.175148312E+02  -0.187430126E+02  -0.179223973E+02  -0.179790301E+02  -0.180894522E+02  -0.180590289E+02  -0.172244481E+02  -0.156635877E+02  -0.171919820E+02  -0.174373605E+02  -0.168257815E+02
   0.520004375E+06   0.114805851E+05  -0.179313177E+02  -0.180036308E+02  -0.178912140E+02  -0.177250819E+02  -0.175271660E+02  -0.187275224E+02  -0.179157276E+02  -0.179803196E+02  -0.180999449E+02  -0.180646600E+02  -0.171794884E+02  -0.155769208E+02  -0.171452267E+02  -0.173976646E+02  -0.167708219E+02
   0.530018272E+06   0.113174428E+05  -0.179157115E+02  -0.179994788E+02  -0.178956009E+02  -0.177338215E+02  -0.175390065E+02  -0.187124391E+02  -0.179091791E+02  -0.179814725E+02  -0.181100029E+02  -0.180700141E+02  -0.171358900E+02  -0.154929658E+02  -0.170998907E+02  -0.173591594E+02  -0.167175475E+02
   0.540010890E+06   0.111636462E+05  -0.179015393E+02  -0.179961047E+02  -0.179002765E+02  -0.177426004E+02  -0.175507088E+02  -0.186987598E+02  -0.179035457E+02  -0.179830994E+02  -0.181200248E+02  -0.180756014E+02  -0.170953291E+02  -0.154143602E+02  -0.170576919E+02  -0.173234000E+02  -0.166678649E+02
   0.550039166E+06   0.110164131E+05  -0.178878660E+02  -0.179927686E+02  -0.179046466E+02  -0.177508987E+02  -0.175618057E+02  -0.186855584E+02  -0.178980467E+02  -0.179845509E+02  -0.181295130E+02  -0.180808443E+02  -0.170563932E+02  -0.153390033E+02  -0.170171880E+02  -0.172890608E+02  -0.166201967E+02
   0.560001758E+06   0.108760320E+05  -0.178707576E+02  -0.179874819E+02  -0.179081644E+02  -0.177589154E+02  -0.175730068E+02  -0.186689978E+02  -0.178902827E+02  -0.179847197E+02  -0.181388956E+02  -0.180853722E+02  -0.170110775E+02  -0.152526491E+02  -0.169699173E+02  -0.172496042E+02  -0.165656785E+02
   0.570003863E+06   0.107413251E+05  -0.178534996E+02  -0.179818174E+02  -0.179111337E+02  -0.177662973E+02  -0.175835101E+02  -0.186522777E+02  -0.178821882E+02  -0.179844033E+02  -0.181476176E+02  -0.180893333E+02  -0.169662288E+02  -0.151676186E+02  -0.169231342E+02  -0.172105654E+02  -0.165118879E+02
   0.580036612E+06   0.106124512E+05  -0.178366495E+02  -0.179760589E+02  -0.179136351E+02  -0.177730204E+02  -0.175932193E+02  -0.186359424E+02  -0.178741049E+02  -0.179837614E+02  -0.181556227E+02  -0.180927836E+02  -0.169229828E+02  -0.150859308E+02  -0.168780376E+02  -0.171728777E+02  -0.164600873E+02
   0.590044975E+06   0.104916542E+05  -0.178211631E+02  -0.179709689E+02  -0.179162873E+02  -0.177796297E+02  -0.176026276E+02  -0.186209385E+02  -0.178668359E+02  -0.179834673E+02  -0.181634337E+02  -0.180963253E+02  -0.168827548E+02  -0.150096703E+02  -0.168360749E+02  -0.171378597E+02  -0.164118408E+02
   0.600043019E+06   0.103764408E+05  -0.178065183E+02  -0.179662400E+02  -0.179189427E+02  -0.177860593E+02  -0.176117268E+02  -0.186067538E+02  -0.178600286E+02  -0.179833125E+02  -0.181710095E+02  -0.180998290E+02  -0.168445119E+02  -0.149370605E+02  -0.167961776E+02  -0.171045860E+02  -0.163659501E+02
   0.610048261E+06   0.102644094E+05  -0.177920144E+02  -0.179613780E+02  -0.179212613E+02  -0.177920477E+02  -0.176203111E+02  -0.185926974E+02  -0.178531457E+02  -0.179828985E+02  -0.181781124E+02  -0.181029724E+02  -0.168070618E+02  -0.148661925E+02  -0.167571187E+02  -0.170719678E+02  -0.163210633E+02
   0.620002256E+06   0.101566461E+05  -0.177778971E+02  -0.179565353E+02  -0.179233254E+02  -0.177976420E+02  -0.176284024E+02  -0.185790104E+02  -0.178463591E+02  -0.179823342E+02  -0.181847787E+02  -0.181058300E+02  -0.167708723E+02  -0.147978583E+02  -0.167193818E+02  -0.170404262E+02  -0.162777205E+02
   0.630022053E+06   0.100517989E+05  -0.177639065E+02  -0.179515684E+02  -0.179250785E+02  -0.178028297E+02  -0.176360194E+02  -0.185654386E+02  -0.178395008E+02  -0.179815299E+02  -0.181910094E+02  -0.181083551E+02  -0.167354070E+02  -0.147311181E+02  -0.166824108E+02  -0.170094829E+02  -0.162352954E+02
   0.640033666E+06   0.995187834E+04  -0.177485955E+02  -0.179458868E+02  -0.179265649E+02  -0.178079868E+02  -0.176437838E+02  -0.185505792E+02  -0.178317989E+02  -0.179802790E+02  -0.181972838E+02  -0.181106724E+02  -0.166975579E+02  -0.146602020E+02  -0.166428679E+02  -0.169765381E+02  -0.161905123E+02
   0.650046921E+06   0.985670732E+04  -0.177322647E+02  -0.179397833E+02  -0.179280719E+02  -0.178133977E+02  -0.176519773E+02  -0.185347325E+02  -0.178235479E+02  -0.179788711E+02  -0.182038852E+02  -0.181130685E+02  -0.166576356E+02  -0.145854404E+02  -0.166010670E+02  -0.169418969E+02  -0.161436768E+02
   0.660025319E+06   0.976461877E+04  -0.177163722E+02  -0.179337869E+02  -0.179294394E+02  -0.178185428E+02  -0.176598148E+02  -0.185193083E+02  -0.178154736E+02  -0.179774182E+02  -0.182101821E+02  -0.181152963E+02  -0.166189157E+02  -0.145130097E+02  -0.165605293E+02  -0.169082870E+02  -0.160982676E+02
   0.670002723E+06   0.967457644E+04  -0.177005883E+02  -0.179276793E+02  -0.179305321E+02  -0.178233290E+02  -0.176672337E+02  -0.185039824E+02  -0.178073341E+02  -0.179757530E+02  -0.182160946E+02  -0.181172302E+02  -0.165808117E+02  -0.144419438E+02  -0.165206478E+02  -0.168751794E+02  -0.160536229E+02
   0.680010505E+06   0.958653137E+04  -0.176849288E+02  -0.179214813E+02  -0.179313748E+02  -0.178277832E+02  -0.176742622E+02  -0.184887707E+02  -0.177991494E+02  -0.179738990E+02  -0.182216502E+02  -0.181188953E+02  -0.165433271E+02  -0.143722286E+02  -0.164814252E+02  -0.168425805E+02  -0.160097427E+02
   0.690033402E+06   0.950110705E+04  -0.176695152E+02  -0.179152477E+02  -0.179319722E+02  -0.178318848E+02  -0.176808614E+02  -0.184737916E+02  -0.177909882E+02  -0.179718801E+02  -0.182268203E+02  -0.181202908E+02  -0.165067381E+02  -0.143043684E+02  -0.164431500E+02  -0.168107317E+02  -0.159669485E+02
   0.700031321E+06   0.941958324E+04  -0.176550134E+02  -0.179095067E+02  -0.179327503E+02  -0.178360070E+02  -0.176873672E+02  -0.184597044E+02  -0.177834076E+02  -0.179701613E+02  -0.182319623E+02  -0.181218305E+02  -0.164720278E+02  -0.142398146E+02  -0.164068303E+02  -0.167805451E+02  -0.159263163E+02
   0.710020135E+06   0.934150329E+04  -0.176413985E+02  -0.179042825E+02  -0.179337699E+02  -0.178402294E+02  -0.176938725E+02  -0.184464866E+02  -0.177764215E+02  -0.179687894E+02  -0.182371614E+02  -0.181235795E+02  -0.164390580E+02  -0.141782621E+02  -0.163723193E+02  -0.167519080E+02  -0.158876748E+02
   0.720000203E+06   0.926546521E+04  -0.176280003E+02  -0.178990557E+02  -0.179346235E+02  -0.178442021E+02  -0.177000684E+02  -0.184334752E+02  -0.177694789E+02  -0.179673141E+02  -0.182420852E+02  -0.181251434E+02  -0.164068112E+02  -0.141181800E+02  -0.163385715E+02  -0.167238805E+02  -0.158499046E+02
   0.730041638E+06   0.919068638E+04  -0.176146095E+02  -0.178937007E+02  -0.179352483E+02  -0.178478943E+02  -0.177059470E+02  -0.184204646E+02  -0.177624366E+02  -0.179656486E+02  -0.182467129E+02  -0.181264668E+02  -0.163748837E+02  -0.140588783E+02  -0.163051679E+02  -0.166961026E+02  -0.158125452E+02
   0.740009456E+06   0.911847995E+04  -0.176014869E+02  -0.178883377E+02  -0.179356593E+02  -0.178512673E+02  -0.177114311E+02  -0.184077093E+02  -0.177554442E+02  -0.179638481E+02  -0.182509890E+02  -0.181275524E+02  -0.163438623E+02  -0.140014242E+02  -0.162727211E+02  -0.166690878E+02  -0.157762787E+02
   0.750007085E+06   0.904834665E+04  -0.175885831E+02  -0.178829706E+02  -0.179359005E+02  -0.178543853E+02  -0.177165998E+02  -0.183951622E+02  -0.177484945E+02  -0.179619413E+02  -0.182549844E+02  -0.181284487E+02  -0.163135735E+02  -0.139454617E+02  -0.162410478E+02  -0.166426907E+02  -0.157408954E+02
   0.760000888E+06   0.898111070E+04  -0.175751591E+02  -0.178773333E+02  -0.179360562E+02  -0.178575171E+02  -0.177218585E+02  -0.183821097E+02  -0.177412214E+02  -0.179598715E+02  -0.182590257E+02  -0.181292856E+02  -0.162824042E+02  -0.138879204E+02  -0.162083985E+02  -0.166155156E+02  -0.157047550E+02
   0.770037274E+06   0.891649411E+04  -0.175594423E+02  -0.178704802E+02  -0.179357949E+02  -0.178606521E+02  -0.177274340E+02  -0.183668223E+02  -0.177325044E+02  -0.179570626E+02  -0.182632034E+02  -0.181298092E+02  -0.162469802E+02  -0.138228251E+02  -0.161711762E+02  -0.165845780E+02  -0.156643394E+02
   0.780022007E+06   0.885402120E+04  -0.175441664E+02  -0.178637739E+02  -0.179354616E+02  -0.178636025E+02  -0.177327440E+02  -0.183519615E+02  -0.177239961E+02  -0.179542662E+02  -0.182671619E+02  -0.181302349E+02  -0.162126509E+02  -0.137598089E+02  -0.161351083E+02  -0.165545862E+02  -0.156251840E+02
   0.790003642E+06   0.879314086E+04  -0.175290804E+02  -0.178570391E+02  -0.179349374E+02  -0.178662783E+02  -0.177377192E+02  -0.183372801E+02  -0.177155052E+02  -0.179513417E+02  -0.182708200E+02  -0.181304502E+02  -0.161789972E+02  -0.136981996E+02  -0.160997603E+02  -0.165251594E+02  -0.155868273E+02
   0.800008851E+06   0.873380456E+04  -0.175142136E+02  -0.178503117E+02  -0.179342631E+02  -0.178687229E+02  -0.177424048E+02  -0.183228078E+02  -0.177070663E+02  -0.179483281E+02  -0.182742221E+02  -0.181304968E+02  -0.161460337E+02  -0.136379895E+02  -0.160651455E+02  -0.164963157E+02  -0.155492801E+02
   0.810034158E+06   0.867613669E+04  -0.174996319E+02  -0.178436406E+02  -0.179334748E+02  -0.178709657E+02  -0.177468257E+02  -0.183086093E+02  -0.176987317E+02  -0.179452662E+02  -0.182773954E+02  -0.181304090E+02  -0.161138642E+02  -0.135793394E+02  -0.160313710E+02  -0.164681500E+02  -0.155126557E+02
   0.820049127E+06   0.862082666E+04  -0.174857537E+02  -0.178373494E+02  -0.179328260E+02  -0.178732241E+02  -0.177511731E+02  -0.182950987E+02  -0.176908451E+02  -0.179424367E+02  -0.182805463E+02  -0.181304321E+02  -0.160831171E+02  -0.135231945E+02  -0.159990847E+02  -0.164412431E+02  -0.154776360E+02
   0.830047459E+06   0.856810095E+04  -0.174727536E+02  -0.178315820E+02  -0.179324373E+02  -0.178756068E+02  -0.177555472E+02  -0.182824490E+02  -0.176835568E+02  -0.179399692E+02  -0.182837798E+02  -0.181306839E+02  -0.160540365E+02  -0.134699028E+02  -0.159685367E+02  -0.164158232E+02  -0.154444823E+02
   0.840029355E+06   0.851724250E+04  -0.174602279E+02  -0.178260327E+02  -0.179320762E+02  -0.178779189E+02  -0.177597802E+02  -0.182702613E+02  -0.176765405E+02  -0.179376030E+02  -0.182869126E+02  -0.181309407E+02  -0.160259996E+02  -0.134185122E+02  -0.159390845E+02  -0.163913175E+02  -0.154125166E+02
   0.850035631E+06   0.846753308E+04  -0.174478552E+02  -0.178204788E+02  -0.179315933E+02  -0.178800488E+02  -0.177637876E+02  -0.182582189E+02  -0.176695528E+02  -0.179351603E+02  -0.182898446E+02  -0.181310617E+02  -0.159984662E+02  -0.133681527E+02  -0.159101676E+02  -0.163672354E+02  -0.153811431E+02
   0.860013477E+06   0.841917943E+04  -0.174357071E+02  -0.178149636E+02  -0.179310108E+02  -0.178820079E+02  -0.177675729E+02  -0.182463922E+02  -0.176626428E+02  -0.179326714E+02  -0.182925839E+02  -0.181310666E+02  -0.159715709E+02  -0.133190539E+02  -0.158819267E+02  -0.163436973E+02  -0.153505125E+02
   0.870005219E+06   0.837193952E+04  -0.174237402E+02  -0.178094768E+02  -0.179303431E+02  -0.178838232E+02  -0.177711725E+02  -0.182347393E+02  -0.176557934E+02  -0.179301412E+02  -0.182951616E+02  -0.181309728E+02  -0.159451966E+02  -0.132709875E+02  -0.158542377E+02  -0.163206028E+02  -0.153204889E+02
   0.880004701E+06   0.832622551E+04  -0.174121521E+02  -0.178041594E+02  -0.179296892E+02  -0.178855721E+02  -0.177746479E+02  -0.182234550E+02  -0.176491574E+02  -0.179276850E+02  -0.182976481E+02  -0.181308742E+02  -0.159196663E+02  -0.132244658E+02  -0.158274352E+02  -0.162982465E+02  -0.152914272E+02
   0.890002775E+06   0.828263638E+04  -0.174012288E+02  -0.177992155E+02  -0.179291919E+02  -0.178873660E+02  -0.177780881E+02  -0.182128214E+02  -0.176429561E+02  -0.179254691E+02  -0.183001453E+02  -0.181309064E+02  -0.158954490E+02  -0.131802328E+02  -0.158020048E+02  -0.162770555E+02  -0.152638427E+02
   0.900039443E+06   0.824088177E+04  -0.173907896E+02  -0.177945039E+02  -0.179287398E+02  -0.178891086E+02  -0.177814077E+02  -0.182026597E+02  -0.176370401E+02  -0.179233708E+02  -0.183025616E+02  -0.181309615E+02  -0.158722751E+02  -0.131378857E+02  -0.157776689E+02  -0.162567807E+02  -0.152374433E+02
   0.910044486E+06   0.820032376E+04  -0.173805778E+02  -0.177898556E+02  -0.179282290E+02  -0.178907296E+02  -0.177845605E+02  -0.181927175E+02  -0.176312220E+02  -0.179212610E+02  -0.183048371E+02  -0.181309434E+02  -0.158496938E+02  -0.130966804E+02  -0.157539588E+02  -0.162370153E+02  -0.152117288E+02
   0.920022301E+06   0.816076634E+04  -0.173704625E+02  -0.177851666E+02  -0.179275753E+02  -0.178921551E+02  -0.177874801E+02  -0.181828651E+02  -0.176253919E+02  -0.179190477E+02  -0.183069010E+02  -0.181307703E+02  -0.158275140E+02  -0.130563363E+02  -0.157306781E+02  -0.162175820E+02  -0.151864932E+02
   0.930032327E+06   0.812197694E+04  -0.173604136E+02  -0.177804385E+02  -0.179268043E+02  -0.178934229E+02  -0.177902130E+02  -0.181730739E+02  -0.176195450E+02  -0.179167474E+02  -0.183087947E+02  -0.181304705E+02  -0.158056349E+02  -0.130166455E+02  -0.157077195E+02  -0.161983960E+02  -0.151616176E+02
   0.940035667E+06   0.808433792E+04  -0.173505462E+02  -0.177757342E+02  -0.179259397E+02  -0.178945367E+02  -0.177927483E+02  -0.181634567E+02  -0.176137550E+02  -0.179143988E+02  -0.183105158E+02  -0.181300631E+02  -0.157842881E+02  -0.129780152E+02  -0.156853252E+02  -0.161796625E+02  -0.151373632E+02
   0.950020545E+06   0.804859371E+04  -0.173411289E+02  -0.177712201E+02  -0.179250719E+02  -0.178955477E+02  -0.177951094E+02  -0.181542769E+02  -0.176082098E+02  -0.179121218E+02  -0.183121036E+02  -0.181296296E+02  -0.157639693E+02  -0.129412830E+02  -0.156640117E+02  -0.161618254E+02  -0.151142832E+02
   0.960016424E+06   0.801486725E+04  -0.173322403E+02  -0.177669579E+02  -0.179242503E+02  -0.178964988E+02  -0.177973343E+02  -0.181456125E+02  -0.176029748E+02  -0.179099704E+02  -0.183135989E+02  -0.181292176E+02  -0.157447946E+02  -0.129066215E+02  -0.156438984E+02  -0.161449924E+02  -0.150925031E+02
   0.970044410E+06   0.798253151E+04  -0.173218503E+02  -0.177617498E+02  -0.179228923E+02  -0.178971337E+02  -0.177994118E+02  -0.181354780E+02  -0.175966764E+02  -0.179071147E+02  -0.183148491E+02  -0.181283268E+02  -0.157231781E+02  -0.128678385E+02  -0.156211644E+02  -0.161259584E+02  -0.150685130E+02
   0.980041977E+06   0.795137968E+04  -0.173102314E+02  -0.177557349E+02  -0.179210387E+02  -0.178974405E+02  -0.178012900E+02  -0.181241385E+02  -0.175894818E+02  -0.179036355E+02  -0.183158254E+02  -0.181269842E+02  -0.156996247E+02  -0.128258463E+02  -0.155963563E+02  -0.161051698E+02  -0.150427750E+02
   0.990039134E+06   0.792122917E+04  -0.172988518E+02  -0.177497791E+02  -0.179191106E+02  -0.178976032E+02  -0.178029736E+02  -0.181130293E+02  -0.175823845E+02  -0.179001340E+02  -0.183166362E+02  -0.181255506E+02  -0.156766943E+02  -0.127850699E+02  -0.155722114E+02  -0.160849152E+02  -0.150177301E+02
   0.100004041E+07   0.789211859E+04  -0.172877268E+02  -0.177438910E+02  -0.179171110E+02  -0.178976225E+02  -0.178044612E+02  -0.181021654E+02  -0.175753940E+02  -0.178966154E+02  -0.183172811E+02  -0.181240285E+02  -0.156544169E+02  -0.127455619E+02  -0.155487615E+02  -0.160652214E+02  -0.149934112E+02
   0.101001177E+07   0.786471836E+04  -0.172770728E+02  -0.177381661E+02  -0.179150464E+02  -0.178974580E+02  -0.178056788E+02  -0.180917572E+02  -0.175686316E+02  -0.178931208E+02  -0.183177055E+02  -0.181224133E+02  -0.156332658E+02  -0.127081926E+02  -0.155265066E+02  -0.160465020E+02  -0.149703385E+02
   0.102000579E+07   0.783967408E+04  -0.172671158E+02  -0.177327143E+02  -0.179129401E+02  -0.178970885E+02  -0.178065727E+02  -0.180820248E+02  -0.175622316E+02  -0.178897076E+02  -0.183178743E+02  -0.181207178E+02  -0.156137141E+02  -0.126738172E+02  -0.155059462E+02  -0.160291731E+02  -0.149490305E+02
   0.103003335E+07   0.781708787E+04  -0.172578702E+02  -0.177275318E+02  -0.179107747E+02  -0.178964895E+02  -0.178071129E+02  -0.180729817E+02  -0.175561938E+02  -0.178863636E+02  -0.183177607E+02  -0.181189229E+02  -0.155958156E+02  -0.126425499E+02  -0.154871379E+02  -0.160132791E+02  -0.149295480E+02
   0.104003659E+07   0.779727436E+04  -0.172493233E+02  -0.177225492E+02  -0.179084388E+02  -0.178955277E+02  -0.178071505E+02  -0.180646125E+02  -0.175504610E+02  -0.178829938E+02  -0.183172247E+02  -0.181169120E+02  -0.155796781E+02  -0.126146848E+02  -0.154702023E+02  -0.159989000E+02  -0.149120209E+02
   0.105003823E+07   0.778124720E+04  -0.172416186E+02  -0.177177277E+02  -0.179057583E+02  -0.178939586E+02  -0.178063898E+02  -0.180570516E+02  -0.175450326E+02  -0.178794769E+02  -0.183160001E+02  -0.181144943E+02  -0.155658333E+02  -0.125913535E+02  -0.154557119E+02  -0.159864776E+02  -0.148970522E+02
   0.106003782E+07   0.777095109E+04  -0.172351568E+02  -0.177131181E+02  -0.179025241E+02  -0.178914384E+02  -0.178043890E+02  -0.180506821E+02  -0.175400331E+02  -0.178757054E+02  -0.183137012E+02  -0.181114290E+02  -0.155554270E+02  -0.125748530E+02  -0.154448909E+02  -0.159769851E+02  -0.148859238E+02
   0.107003740E+07   0.775705319E+04  -0.172279018E+02  -0.177083632E+02  -0.178996257E+02  -0.178895038E+02  -0.178031555E+02  -0.180435518E+02  -0.175347521E+02  -0.178720818E+02  -0.183120653E+02  -0.181087586E+02  -0.155428477E+02  -0.125540475E+02  -0.154317518E+02  -0.159656392E+02  -0.148723698E+02
   0.108004516E+07   0.772771788E+04  -0.172174284E+02  -0.177031671E+02  -0.178983483E+02  -0.178902608E+02  -0.178053922E+02  -0.180333415E+02  -0.175284451E+02  -0.178692735E+02  -0.183134527E+02  -0.181079623E+02  -0.155211358E+02  -0.125149720E+02  -0.154088583E+02  -0.159465308E+02  -0.148486007E+02
   0.109004315E+07   0.769455565E+04  -0.172062670E+02  -0.176979713E+02  -0.178975824E+02  -0.178917946E+02  -0.178085988E+02  -0.180224775E+02  -0.175219936E+02  -0.178667771E+02  -0.183156993E+02  -0.181077404E+02  -0.154972697E+02  -0.124714772E+02  -0.153836564E+02  -0.159256079E+02  -0.148224089E+02
   0.110004024E+07   0.766031893E+04  -0.171950110E+02  -0.176928742E+02  -0.178970587E+02  -0.178936453E+02  -0.178121764E+02  -0.180115286E+02  -0.175156002E+02  -0.178644668E+02  -0.183182858E+02  -0.181077783E+02  -0.154728974E+02  -0.124268402E+02  -0.153579051E+02  -0.159042741E+02  -0.147956356E+02
   0.111001196E+07   0.762585362E+04  -0.171838005E+02  -0.176878638E+02  -0.178966523E+02  -0.178956290E+02  -0.178158986E+02  -0.180006272E+02  -0.175092848E+02  -0.178622619E+02  -0.183210103E+02  -0.181079372E+02  -0.154484832E+02  -0.123820259E+02  -0.153321026E+02  -0.158829187E+02  -0.147688043E+02
   0.112003494E+07   0.759117557E+04  -0.171725727E+02  -0.176828744E+02  -0.178962952E+02  -0.178976768E+02  -0.178196956E+02  -0.179897104E+02  -0.175029822E+02  -0.178600951E+02  -0.183238034E+02  -0.181081489E+02  -0.154239700E+02  -0.123369868E+02  -0.153061926E+02  -0.158614832E+02  -0.147418592E+02
   0.113003131E+07   0.755666317E+04  -0.171614310E+02  -0.176779412E+02  -0.178959724E+02  -0.178997473E+02  -0.178235070E+02  -0.179788783E+02  -0.174967423E+02  -0.178579713E+02  -0.183266157E+02  -0.181083921E+02  -0.153996065E+02  -0.122921954E+02  -0.152804389E+02  -0.158401826E+02  -0.147150753E+02
   0.114001666E+07   0.752238035E+04  -0.171503840E+02  -0.176730615E+02  -0.178956722E+02  -0.179018246E+02  -0.178273136E+02  -0.179681388E+02  -0.174905644E+02  -0.178558821E+02  -0.183294298E+02  -0.181086542E+02  -0.153754256E+02  -0.122477225E+02  -0.152548770E+02  -0.158190443E+02  -0.146884901E+02
   0.115000516E+07   0.748847257E+04  -0.171394778E+02  -0.176682550E+02  -0.178953952E+02  -0.179038992E+02  -0.178310985E+02  -0.179575367E+02  -0.174844740E+02  -0.178538357E+02  -0.183322331E+02  -0.181089335E+02  -0.153515291E+02  -0.122037560E+02  -0.152296148E+02  -0.157981572E+02  -0.146622157E+02
   0.116001406E+07   0.745498561E+04  -0.171287469E+02  -0.176635482E+02  -0.178951617E+02  -0.179059879E+02  -0.178348764E+02  -0.179471061E+02  -0.174784992E+02  -0.178518546E+02  -0.183350415E+02  -0.181092492E+02  -0.153279692E+02  -0.121603751E+02  -0.152047060E+02  -0.157775692E+02  -0.146363073E+02
   0.117000070E+07   0.742200813E+04  -0.171182269E+02  -0.176589605E+02  -0.178949793E+02  -0.179080924E+02  -0.178386444E+02  -0.179368819E+02  -0.174726629E+02  -0.178499513E+02  -0.183378548E+02  -0.181096077E+02  -0.153048153E+02  -0.121177019E+02  -0.151802238E+02  -0.157573421E+02  -0.146108407E+02
   0.118001902E+07   0.738925510E+04  -0.171078133E+02  -0.176544391E+02  -0.178948330E+02  -0.179102176E+02  -0.178424216E+02  -0.179267621E+02  -0.174669012E+02  -0.178480959E+02  -0.183406839E+02  -0.181099986E+02  -0.152818539E+02  -0.120753540E+02  -0.151559431E+02  -0.157372875E+02  -0.145855824E+02
   0.119003148E+07   0.735684402E+04  -0.170975281E+02  -0.176499844E+02  -0.178947079E+02  -0.179123401E+02  -0.178461790E+02  -0.179167676E+02  -0.174612193E+02  -0.178462794E+02  -0.183435030E+02  -0.181104051E+02  -0.152591518E+02  -0.120334678E+02  -0.151319355E+02  -0.157174619E+02  -0.145606073E+02
   0.120000606E+07   0.732490621E+04  -0.170874090E+02  -0.176456107E+02  -0.178946005E+02  -0.179144476E+02  -0.178498975E+02  -0.179069349E+02  -0.174556362E+02  -0.178445054E+02  -0.183462969E+02  -0.181108216E+02  -0.152367972E+02  -0.119922092E+02  -0.151082944E+02  -0.156979418E+02  -0.145360129E+02
   0.121000422E+07   0.729323264E+04  -0.170773981E+02  -0.176412976E+02  -0.178945185E+02  -0.179165621E+02  -0.178536097E+02  -0.178972081E+02  -0.174501238E+02  -0.178427705E+02  -0.183490921E+02  -0.181112591E+02  -0.152146520E+02  -0.119513164E+02  -0.150848734E+02  -0.156786076E+02  -0.145116464E+02
   0.122000441E+07   0.726197929E+04  -0.170675389E+02  -0.176370607E+02  -0.178944565E+02  -0.179186675E+02  -0.178572915E+02  -0.178876292E+02  -0.174447035E+02  -0.178410776E+02  -0.183518692E+02  -0.181117097E+02  -0.151928195E+02  -0.119109850E+02  -0.150617820E+02  -0.156595488E+02  -0.144876221E+02
   0.123000443E+07   0.723120087E+04  -0.170578641E+02  -0.176329227E+02  -0.178944299E+02  -0.179207754E+02  -0.178609520E+02  -0.178782304E+02  -0.174394001E+02  -0.178394449E+02  -0.183546386E+02  -0.181121880E+02  -0.151713533E+02  -0.118713011E+02  -0.150390761E+02  -0.156408142E+02  -0.144639974E+02
   0.124000467E+07   0.720086114E+04  -0.170483653E+02  -0.176288818E+02  -0.178944419E+02  -0.179228914E+02  -0.178645984E+02  -0.178690038E+02  -0.174342104E+02  -0.178378737E+02  -0.183574067E+02  -0.181126977E+02  -0.151502312E+02  -0.118322209E+02  -0.150167319E+02  -0.156223848E+02  -0.144407476E+02
   0.125001222E+07   0.717089152E+04  -0.170390134E+02  -0.176249212E+02  -0.178944848E+02  -0.179250126E+02  -0.178682313E+02  -0.178599207E+02  -0.174291150E+02  -0.178363526E+02  -0.183601721E+02  -0.181132321E+02  -0.151293978E+02  -0.117936485E+02  -0.149946913E+02  -0.156042112E+02  -0.144178124E+02
   0.126003172E+07   0.714125508E+04  -0.170297923E+02  -0.176210315E+02  -0.178945540E+02  -0.179271371E+02  -0.178718507E+02  -0.178509654E+02  -0.174241031E+02  -0.178348752E+02  -0.183629335E+02  -0.181137874E+02  -0.151088228E+02  -0.117555317E+02  -0.149729226E+02  -0.155862664E+02  -0.143951591E+02
   0.127002510E+07   0.711207749E+04  -0.170207402E+02  -0.176172283E+02  -0.178946483E+02  -0.179292549E+02  -0.178754403E+02  -0.178421750E+02  -0.174191951E+02  -0.178334470E+02  -0.183656784E+02  -0.181143603E+02  -0.150885927E+02  -0.117180313E+02  -0.149515171E+02  -0.155686258E+02  -0.143728827E+02
   0.128002832E+07   0.708327292E+04  -0.170118335E+02  -0.176135032E+02  -0.178947711E+02  -0.179313752E+02  -0.178790136E+02  -0.178335266E+02  -0.174143794E+02  -0.178320666E+02  -0.183684178E+02  -0.181149556E+02  -0.150686507E+02  -0.116810400E+02  -0.149304150E+02  -0.155512403E+02  -0.143509207E+02
   0.129002433E+07   0.705493111E+04  -0.170031034E+02  -0.176098717E+02  -0.178949256E+02  -0.179334951E+02  -0.178825631E+02  -0.178250508E+02  -0.174096747E+02  -0.178307421E+02  -0.183711468E+02  -0.181155749E+02  -0.150490628E+02  -0.116446765E+02  -0.149096854E+02  -0.155341677E+02  -0.143293451E+02
   0.130000653E+07   0.702707359E+04  -0.169945652E+02  -0.176063448E+02  -0.178951199E+02  -0.179356214E+02  -0.178860946E+02  -0.178167623E+02  -0.174050929E+02  -0.178294828E+02  -0.183738718E+02  -0.181162262E+02  -0.150298522E+02  -0.116089770E+02  -0.148893527E+02  -0.155174294E+02  -0.143081809E+02
   0.131002127E+07   0.699957614E+04  -0.169861123E+02  -0.176028658E+02  -0.178953339E+02  -0.179377533E+02  -0.178896217E+02  -0.178085577E+02  -0.174005671E+02  -0.178282538E+02  -0.183765983E+02  -0.181168943E+02  -0.150108178E+02  -0.115735828E+02  -0.148692023E+02  -0.155008498E+02  -0.142872235E+02
   0.132001718E+07   0.697257332E+04  -0.169733926E+02  -0.175967403E+02  -0.178940726E+02  -0.179390669E+02  -0.178928221E+02  -0.177961787E+02  -0.173930546E+02  -0.178250756E+02  -0.183787165E+02  -0.181162740E+02  -0.149847472E+02  -0.115261708E+02  -0.148415094E+02  -0.154780905E+02  -0.142596062E+02
   0.133000499E+07   0.694602974E+04  -0.169609400E+02  -0.175907696E+02  -0.178928834E+02  -0.179404090E+02  -0.178960187E+02  -0.177840610E+02  -0.173857207E+02  -0.178220021E+02  -0.183808495E+02  -0.181157149E+02  -0.149591708E+02  -0.114796159E+02  -0.148143382E+02  -0.154557691E+02  -0.142325093E+02
   0.134003590E+07   0.691982962E+04  -0.169487014E+02  -0.175849291E+02  -0.178917626E+02  -0.179417865E+02  -0.178992269E+02  -0.177721530E+02  -0.173785345E+02  -0.178190213E+02  -0.183830077E+02  -0.181152161E+02  -0.149339782E+02  -0.114337163E+02  -0.147875715E+02  -0.154337895E+02  -0.142058160E+02
   0.135002164E+07   0.689422752E+04  -0.169368005E+02  -0.175792803E+02  -0.178907257E+02  -0.179431910E+02  -0.179024202E+02  -0.177605752E+02  -0.173715708E+02  -0.178161669E+02  -0.183851751E+02  -0.181147870E+02  -0.149094190E+02  -0.113889228E+02  -0.147614742E+02  -0.154123699E+02  -0.141797903E+02
   0.136001265E+07   0.686910976E+04  -0.169251936E+02  -0.175738071E+02  -0.178897773E+02  -0.179446378E+02  -0.179056220E+02  -0.177492852E+02  -0.173648076E+02  -0.178134354E+02  -0.183873703E+02  -0.181144348E+02  -0.148853932E+02  -0.113450454E+02  -0.147359393E+02  -0.153914243E+02  -0.141543258E+02
   0.137000570E+07   0.684450896E+04  -0.169139028E+02  -0.175685239E+02  -0.178889256E+02  -0.179461320E+02  -0.179088351E+02  -0.177383048E+02  -0.173582609E+02  -0.178108373E+02  -0.183895975E+02  -0.181141671E+02  -0.148619392E+02  -0.113021484E+02  -0.147110073E+02  -0.153709870E+02  -0.141294627E+02
   0.138000243E+07   0.682042644E+04  -0.169029330E+02  -0.175634351E+02  -0.178881749E+02  -0.179476778E+02  -0.179120636E+02  -0.177276389E+02  -0.173519352E+02  -0.178083770E+02  -0.183918610E+02  -0.181139882E+02  -0.148390624E+02  -0.112602382E+02  -0.146866836E+02  -0.153510635E+02  -0.141052064E+02
   0.139000580E+07   0.679685568E+04  -0.168922823E+02  -0.175585404E+02  -0.178875263E+02  -0.179492768E+02  -0.179153095E+02  -0.177172856E+02  -0.173458299E+02  -0.178060551E+02  -0.183941623E+02  -0.181138990E+02  -0.148167577E+02  -0.112193046E+02  -0.146629628E+02  -0.153316493E+02  -0.140815516E+02
   0.140000665E+07   0.677382361E+04  -0.168819625E+02  -0.175538450E+02  -0.178869799E+02  -0.179509267E+02  -0.179185687E+02  -0.177072564E+02  -0.173399516E+02  -0.178038737E+02  -0.183964985E+02  -0.181138994E+02  -0.147950503E+02  -0.111793940E+02  -0.146398716E+02  -0.153127663E+02  -0.140585249E+02
   0.141001089E+07   0.675130869E+04  -0.168719648E+02  -0.175493455E+02  -0.178865362E+02  -0.179526300E+02  -0.179218451E+02  -0.176975428E+02  -0.173342957E+02  -0.178018316E+02  -0.183988727E+02  -0.181139902E+02  -0.147739206E+02  -0.111404700E+02  -0.146173893E+02  -0.152943977E+02  -0.140361056E+02
   0.142001115E+07   0.672934117E+04  -0.168623001E+02  -0.175450452E+02  -0.178861931E+02  -0.179543817E+02  -0.179251317E+02  -0.176881552E+02  -0.173288672E+02  -0.177999291E+02  -0.184012790E+02  -0.181141686E+02  -0.147533946E+02  -0.111025821E+02  -0.145955434E+02  -0.152765655E+02  -0.140143212E+02
   0.143003701E+07   0.670785751E+04  -0.168529382E+02  -0.175409297E+02  -0.178859477E+02  -0.179561849E+02  -0.179284360E+02  -0.176790645E+02  -0.173236483E+02  -0.177981585E+02  -0.184037224E+02  -0.181144332E+02  -0.147334107E+02  -0.110656188E+02  -0.145742688E+02  -0.152592161E+02  -0.139931068E+02
   0.144003274E+07   0.668696817E+04  -0.168439233E+02  -0.175370160E+02  -0.178857969E+02  -0.179580261E+02  -0.179317368E+02  -0.176703131E+02  -0.173186617E+02  -0.177965248E+02  -0.184061860E+02  -0.181147783E+02  -0.147140675E+02  -0.110297660E+02  -0.145536706E+02  -0.152424346E+02  -0.139725671E+02
   0.145001299E+07   0.666661989E+04  -0.168352252E+02  -0.175332870E+02  -0.178857334E+02  -0.179599030E+02  -0.179350355E+02  -0.176618718E+02  -0.173138876E+02  -0.177950168E+02  -0.184086693E+02  -0.181151979E+02  -0.146953088E+02  -0.109949251E+02  -0.145336893E+02  -0.152261712E+02  -0.139526428E+02
   0.146000633E+07   0.664673570E+04  -0.168268027E+02  -0.175297202E+02  -0.178857485E+02  -0.179618142E+02  -0.179383360E+02  -0.176537002E+02  -0.173092995E+02  -0.177936203E+02  -0.184111730E+02  -0.181156850E+02  -0.146770550E+02  -0.109609561E+02  -0.145142408E+02  -0.152103558E+02  -0.139332500E+02
   0.147000469E+07   0.662731341E+04  -0.168186466E+02  -0.175263070E+02  -0.178858341E+02  -0.179637519E+02  -0.179416307E+02  -0.176457892E+02  -0.173048888E+02  -0.177923271E+02  -0.184136894E+02  -0.181162316E+02  -0.146592960E+02  -0.109278469E+02  -0.144953150E+02  -0.151949786E+02  -0.139143785E+02
   0.148001028E+07   0.660833682E+04  -0.168107436E+02  -0.175230381E+02  -0.178859836E+02  -0.179657109E+02  -0.179449157E+02  -0.176381256E+02  -0.173006453E+02  -0.177911294E+02  -0.184162139E+02  -0.181168316E+02  -0.146420105E+02  -0.108955634E+02  -0.144768894E+02  -0.151800201E+02  -0.138960060E+02
   0.149002731E+07   0.658979539E+04  -0.168030847E+02  -0.175199071E+02  -0.178861926E+02  -0.179676881E+02  -0.179481883E+02  -0.176307007E+02  -0.172965620E+02  -0.177900222E+02  -0.184187435E+02  -0.181174808E+02  -0.146251843E+02  -0.108640832E+02  -0.144589492E+02  -0.151654677E+02  -0.138781178E+02
   0.150001780E+07   0.657175445E+04  -0.167956922E+02  -0.175169202E+02  -0.178864556E+02  -0.179696714E+02  -0.179514322E+02  -0.176235358E+02  -0.172926485E+02  -0.177890045E+02  -0.184212644E+02  -0.181181720E+02  -0.146088719E+02  -0.108335123E+02  -0.144415529E+02  -0.151513676E+02  -0.138607720E+02
   0.151001622E+07   0.655413997E+04  -0.167885299E+02  -0.175140593E+02  -0.178867678E+02  -0.179716633E+02  -0.179546548E+02  -0.176165957E+02  -0.172888830E+02  -0.177880662E+02  -0.184237812E+02  -0.181189024E+02  -0.145930005E+02  -0.108037195E+02  -0.144246233E+02  -0.151376563E+02  -0.138438917E+02
   0.152000707E+07   0.653696460E+04  -0.167815966E+02  -0.175113203E+02  -0.178871227E+02  -0.179736560E+02  -0.179578476E+02  -0.176098792E+02  -0.172852618E+02  -0.177872018E+02  -0.184262857E+02  -0.181196650E+02  -0.145775753E+02  -0.107747199E+02  -0.144081661E+02  -0.151243373E+02  -0.138274826E+02
   0.153002128E+07   0.652015857E+04  -0.167748591E+02  -0.175086869E+02  -0.178875167E+02  -0.179756526E+02  -0.179610185E+02  -0.176033537E+02  -0.172817652E+02  -0.177864028E+02  -0.184287830E+02  -0.181204580E+02  -0.145625285E+02  -0.107463906E+02  -0.143921096E+02  -0.151113515E+02  -0.138114732E+02
   0.154003052E+07   0.650375022E+04  -0.167683263E+02  -0.175061610E+02  -0.178879466E+02  -0.179776472E+02  -0.179641595E+02  -0.175970280E+02  -0.172783966E+02  -0.177856679E+02  -0.184312666E+02  -0.181212774E+02  -0.145478830E+02  -0.107187770E+02  -0.143764783E+02  -0.150987181E+02  -0.137958878E+02
   0.155002122E+07   0.648774704E+04  -0.167619999E+02  -0.175037426E+02  -0.178884109E+02  -0.179796376E+02  -0.179672681E+02  -0.175909035E+02  -0.172751562E+02  -0.177849961E+02  -0.184337338E+02  -0.181221217E+02  -0.145336442E+02  -0.106918902E+02  -0.143612780E+02  -0.150864418E+02  -0.137807323E+02
   0.156002141E+07   0.647209155E+04  -0.167558568E+02  -0.175014226E+02  -0.178889112E+02  -0.179816307E+02  -0.179703550E+02  -0.175849580E+02  -0.172720322E+02  -0.177843850E+02  -0.184361934E+02  -0.181229935E+02  -0.145197607E+02  -0.106656335E+02  -0.143464540E+02  -0.150744781E+02  -0.137659521E+02
   0.157001988E+07   0.645679993E+04  -0.167499005E+02  -0.174992005E+02  -0.178894437E+02  -0.179836214E+02  -0.179734142E+02  -0.175791946E+02  -0.172690248E+02  -0.177838320E+02  -0.184386398E+02  -0.181238890E+02  -0.145062438E+02  -0.106400311E+02  -0.143320184E+02  -0.150628364E+02  -0.137515593E+02
   0.158002875E+07   0.644184383E+04  -0.167441180E+02  -0.174970703E+02  -0.178900077E+02  -0.179856115E+02  -0.179764494E+02  -0.175736008E+02  -0.172661264E+02  -0.177833342E+02  -0.184410756E+02  -0.181248081E+02  -0.144930667E+02  -0.106150335E+02  -0.143179426E+02  -0.150514934E+02  -0.137375255E+02
   0.159002149E+07   0.642724275E+04  -0.167385174E+02  -0.174950353E+02  -0.178906028E+02  -0.179875990E+02  -0.179794571E+02  -0.175681844E+02  -0.172633414E+02  -0.177828928E+02  -0.184434982E+02  -0.181257499E+02  -0.144802469E+02  -0.105906739E+02  -0.143042456E+02  -0.150404641E+02  -0.137238693E+02
   0.160000726E+07   0.641297189E+04  -0.167330894E+02  -0.174930922E+02  -0.178912305E+02  -0.179895876E+02  -0.179824427E+02  -0.175629365E+02  -0.172606655E+02  -0.177825074E+02  -0.184459120E+02  -0.181267163E+02  -0.144677630E+02  -0.105669112E+02  -0.142909043E+02  -0.150297302E+02  -0.137105680E+02
   0.161001927E+07   0.639896966E+04  -0.167278150E+02  -0.174912372E+02  -0.178918978E+02  -0.179915901E+02  -0.179854236E+02  -0.175578388E+02  -0.172580913E+02  -0.177821807E+02  -0.184483317E+02  -0.181277160E+02  -0.144555655E+02  -0.105436472E+02  -0.142778656E+02  -0.150192499E+02  -0.136975685E+02
   0.162000691E+07   0.638529946E+04  -0.167227222E+02  -0.174894826E+02  -0.178926058E+02  -0.179936017E+02  -0.179883903E+02  -0.175529185E+02  -0.172556346E+02  -0.177819183E+02  -0.184507506E+02  -0.181287486E+02  -0.144437138E+02  -0.105209914E+02  -0.142651926E+02  -0.150090746E+02  -0.136849338E+02
   0.163001968E+07   0.637189533E+04  -0.167177889E+02  -0.174878227E+02  -0.178933605E+02  -0.179956345E+02  -0.179913598E+02  -0.175481543E+02  -0.172532862E+02  -0.177817214E+02  -0.184531829E+02  -0.181298214E+02  -0.144321533E+02  -0.104988370E+02  -0.142528267E+02  -0.149991577E+02  -0.136726054E+02
   0.164003181E+07   0.635878047E+04  -0.167130283E+02  -0.174862647E+02  -0.178941650E+02  -0.179976897E+02  -0.179943312E+02  -0.175435592E+02  -0.172510547E+02  -0.177815949E+02  -0.184556288E+02  -0.181309373E+02  -0.144209083E+02  -0.104772269E+02  -0.142407938E+02  -0.149895210E+02  -0.136606092E+02
   0.165001828E+07   0.634598662E+04  -0.167084531E+02  -0.174848138E+02  -0.178950187E+02  -0.179997634E+02  -0.179972989E+02  -0.175391454E+02  -0.172489467E+02  -0.177815404E+02  -0.184580838E+02  -0.181320947E+02  -0.144100075E+02  -0.104562146E+02  -0.142291244E+02  -0.149801892E+02  -0.136489756E+02
   0.166001029E+07   0.633345390E+04  -0.167040490E+02  -0.174834702E+02  -0.178959328E+02  -0.180018726E+02  -0.180002837E+02  -0.175348995E+02  -0.172469594E+02  -0.177815647E+02  -0.184605664E+02  -0.181333063E+02  -0.143994069E+02  -0.104357089E+02  -0.142177708E+02  -0.149711255E+02  -0.136376572E+02
   0.167000503E+07   0.632119200E+04  -0.166998222E+02  -0.174822378E+02  -0.178969092E+02  -0.180040183E+02  -0.180032862E+02  -0.175308274E+02  -0.172450972E+02  -0.177816707E+02  -0.184630775E+02  -0.181345738E+02  -0.143891176E+02  -0.104157284E+02  -0.142067448E+02  -0.149623398E+02  -0.136266654E+02
   0.168000705E+07   0.630918443E+04  -0.166957737E+02  -0.174811215E+02  -0.178979560E+02  -0.180062101E+02  -0.180063170E+02  -0.175269304E+02  -0.172433642E+02  -0.177818651E+02  -0.184656271E+02  -0.181359056E+02  -0.143791322E+02  -0.103962530E+02  -0.141960380E+02  -0.149538269E+02  -0.136159923E+02
   0.169002327E+07   0.629743114E+04  -0.166919049E+02  -0.174801229E+02  -0.178990746E+02  -0.180084494E+02  -0.180093775E+02  -0.175232099E+02  -0.172417620E+02  -0.177821493E+02  -0.184682166E+02  -0.181373032E+02  -0.143694523E+02  -0.103772840E+02  -0.141856519E+02  -0.149455883E+02  -0.136056391E+02
   0.170000405E+07   0.628597861E+04  -0.166882331E+02  -0.174792479E+02  -0.179002626E+02  -0.180107296E+02  -0.180124579E+02  -0.175196827E+02  -0.172402987E+02  -0.177825243E+02  -0.184708380E+02  -0.181387631E+02  -0.143601181E+02  -0.103588985E+02  -0.141756297E+02  -0.149376586E+02  -0.135956490E+02
   0.171002220E+07   0.627474955E+04  -0.166847324E+02  -0.174784893E+02  -0.179015268E+02  -0.180130645E+02  -0.180155774E+02  -0.175163236E+02  -0.172389634E+02  -0.177829913E+02  -0.184735076E+02  -0.181402939E+02  -0.143510654E+02  -0.103409710E+02  -0.141659024E+02  -0.149299829E+02  -0.135859531E+02
   0.172002036E+07   0.626379179E+04  -0.166814191E+02  -0.174778519E+02  -0.179028633E+02  -0.180154459E+02  -0.180187245E+02  -0.175131485E+02  -0.172377632E+02  -0.177835499E+02  -0.184762155E+02  -0.181418905E+02  -0.143423343E+02  -0.103235795E+02  -0.141565129E+02  -0.149225955E+02  -0.135765943E+02
   0.173002462E+07   0.625308490E+04  -0.166782849E+02  -0.174773324E+02  -0.179042725E+02  -0.180178761E+02  -0.180219028E+02  -0.175101495E+02  -0.172366938E+02  -0.177841991E+02  -0.184789648E+02  -0.181435539E+02  -0.143339064E+02  -0.103066896E+02  -0.141474418E+02  -0.149154806E+02  -0.135675531E+02
   0.174000147E+07   0.624265079E+04  -0.166753361E+02  -0.174769316E+02  -0.179057513E+02  -0.180203499E+02  -0.180251056E+02  -0.175073324E+02  -0.172357571E+02  -0.177849372E+02  -0.184817495E+02  -0.181452804E+02  -0.143257987E+02  -0.102903354E+02  -0.141387072E+02  -0.149086525E+02  -0.135588478E+02
   0.175003162E+07   0.623240869E+04  -0.166725442E+02  -0.174766408E+02  -0.179073055E+02  -0.180228808E+02  -0.180283521E+02  -0.175046697E+02  -0.172349403E+02  -0.177857643E+02  -0.184845855E+02  -0.181470777E+02  -0.143179429E+02  -0.102743847E+02  -0.141302360E+02  -0.149020526E+02  -0.135504052E+02
   0.176003002E+07   0.622243968E+04  -0.166699238E+02  -0.174764548E+02  -0.179089153E+02  -0.180254412E+02  -0.180316091E+02  -0.175021750E+02  -0.172342423E+02  -0.177866664E+02  -0.184874431E+02  -0.181489242E+02  -0.143103935E+02  -0.102589565E+02  -0.141220877E+02  -0.148957257E+02  -0.135422849E+02
   0.177001510E+07   0.621271720E+04  -0.166674553E+02  -0.174763605E+02  -0.179105725E+02  -0.180280255E+02  -0.180348727E+02  -0.174998292E+02  -0.172336487E+02  -0.177876333E+02  -0.184903170E+02  -0.181508121E+02  -0.143031180E+02  -0.102439969E+02  -0.141142280E+02  -0.148896425E+02  -0.135344524E+02
   0.178000828E+07   0.620322565E+04  -0.166651224E+02  -0.174763455E+02  -0.179122673E+02  -0.180306254E+02  -0.180381358E+02  -0.174976161E+02  -0.172331462E+02  -0.177886544E+02  -0.184931998E+02  -0.181527323E+02  -0.142960923E+02  -0.102294697E+02  -0.141066321E+02  -0.148837807E+02  -0.135268831E+02
   0.179002267E+07   0.619395732E+04  -0.166629376E+02  -0.174764240E+02  -0.179140153E+02  -0.180332573E+02  -0.180414152E+02  -0.174955482E+02  -0.172327487E+02  -0.177897445E+02  -0.184961078E+02  -0.181547004E+02  -0.142893249E+02  -0.102153772E+02  -0.140993079E+02  -0.148781499E+02  -0.135195848E+02
   0.180002937E+07   0.618488970E+04  -0.166608395E+02  -0.174765402E+02  -0.179157650E+02  -0.180358716E+02  -0.180446632E+02  -0.174935645E+02  -0.172323992E+02  -0.177908504E+02  -0.184989923E+02  -0.181566653E+02  -0.142827436E+02  -0.102016293E+02  -0.140921817E+02  -0.148726806E+02  -0.135124841E+02
   0.181002931E+07   0.617602319E+04  -0.166588304E+02  -0.174766964E+02  -0.179175184E+02  -0.180384705E+02  -0.180478815E+02  -0.174916674E+02  -0.172320999E+02  -0.177919743E+02  -0.185018554E+02  -0.181586291E+02  -0.142763507E+02  -0.101882289E+02  -0.140852562E+02  -0.148673750E+02  -0.135055833E+02
   0.182002145E+07   0.616736470E+04  -0.166569048E+02  -0.174768852E+02  -0.179192669E+02  -0.180410447E+02  -0.180510607E+02  -0.174898510E+02  -0.172318441E+02  -0.177931082E+02  -0.185046876E+02  -0.181605832E+02  -0.142701441E+02  -0.101751791E+02  -0.140785294E+02  -0.148622302E+02  -0.134988808E+02
   0.183001648E+07   0.615889901E+04  -0.166550507E+02  -0.174770984E+02  -0.179210052E+02  -0.180435902E+02  -0.180541977E+02  -0.174881038E+02  -0.172316225E+02  -0.177942455E+02  -0.185074854E+02  -0.181625224E+02  -0.142641044E+02  -0.101624486E+02  -0.140719810E+02  -0.148572286E+02  -0.134923561E+02
   0.184002029E+07   0.615061053E+04  -0.166532555E+02  -0.174773273E+02  -0.179227271E+02  -0.180461025E+02  -0.180572892E+02  -0.174864131E+02  -0.172314257E+02  -0.177953790E+02  -0.185102447E+02  -0.181644411E+02  -0.142582112E+02  -0.101500047E+02  -0.140655898E+02  -0.148523518E+02  -0.134859881E+02
   0.185000598E+07   0.614251993E+04  -0.166515182E+02  -0.174775657E+02  -0.179244229E+02  -0.180485698E+02  -0.180603218E+02  -0.174847779E+02  -0.172312485E+02  -0.177965005E+02  -0.185129531E+02  -0.181663290E+02  -0.142524736E+02  -0.101378728E+02  -0.140593662E+02  -0.148476064E+02  -0.134797872E+02
   0.186001321E+07   0.613458162E+04  -0.166498295E+02  -0.174778155E+02  -0.179261027E+02  -0.180510066E+02  -0.180633132E+02  -0.174831893E+02  -0.172310906E+02  -0.177976167E+02  -0.185156264E+02  -0.181681973E+02  -0.142468600E+02  -0.101259852E+02  -0.140532756E+02  -0.148429662E+02  -0.134737188E+02
   0.187001446E+07   0.612682949E+04  -0.166482006E+02  -0.174780797E+02  -0.179277633E+02  -0.180534065E+02  -0.180662548E+02  -0.174816582E+02  -0.172309566E+02  -0.177987271E+02  -0.185182573E+02  -0.181700419E+02  -0.142413982E+02  -0.101143966E+02  -0.140473481E+02  -0.148384551E+02  -0.134678130E+02
   0.188000443E+07   0.611925079E+04  -0.166466338E+02  -0.174783636E+02  -0.179294125E+02  -0.180557784E+02  -0.180691562E+02  -0.174801871E+02  -0.172308514E+02  -0.177998382E+02  -0.185208550E+02  -0.181718710E+02  -0.142360844E+02  -0.101030930E+02  -0.140415790E+02  -0.148340706E+02  -0.134620651E+02
   0.189001011E+07   0.611183301E+04  -0.166451248E+02  -0.174786661E+02  -0.179310512E+02  -0.180581244E+02  -0.180720205E+02  -0.174787717E+02  -0.172307728E+02  -0.178009503E+02  -0.185234220E+02  -0.181736858E+02  -0.142309078E+02  -0.100920539E+02  -0.140359568E+02  -0.148298038E+02  -0.134564636E+02
   0.190001231E+07   0.610457362E+04  -0.166436808E+02  -0.174789948E+02  -0.179326876E+02  -0.180604530E+02  -0.180748563E+02  -0.174774192E+02  -0.172307287E+02  -0.178020714E+02  -0.185259670E+02  -0.181754945E+02  -0.142258746E+02  -0.100812833E+02  -0.140304873E+02  -0.148256607E+02  -0.134510145E+02
   0.191002794E+07   0.609746713E+04  -0.166423004E+02  -0.174793498E+02  -0.179343228E+02  -0.180627659E+02  -0.180776657E+02  -0.174761285E+02  -0.172307187E+02  -0.178032021E+02  -0.185284916E+02  -0.181772984E+02  -0.142209806E+02  -0.100707727E+02  -0.140251664E+02  -0.148216382E+02  -0.134457135E+02
   0.192001503E+07   0.609053100E+04  -0.166409986E+02  -0.174797418E+02  -0.179359643E+02  -0.180650688E+02  -0.180804533E+02  -0.174749143E+02  -0.172307545E+02  -0.178043511E+02  -0.185310012E+02  -0.181791045E+02  -0.142162494E+02  -0.100605596E+02  -0.140200185E+02  -0.148177576E+02  -0.134405850E+02
   0.193002480E+07   0.608373845E+04  -0.166397785E+02  -0.174801805E+02  -0.179376265E+02  -0.180673788E+02  -0.180832378E+02  -0.174737799E+02  -0.172308443E+02  -0.178055312E+02  -0.185335135E+02  -0.181809280E+02  -0.142116709E+02  -0.100506127E+02  -0.140150319E+02  -0.148140120E+02  -0.134356174E+02
   0.194002841E+07   0.607710554E+04  -0.166386509E+02  -0.174806726E+02  -0.179393135E+02  -0.180696982E+02  -0.180860208E+02  -0.174727359E+02  -0.172309958E+02  -0.178067473E+02  -0.185360307E+02  -0.181827725E+02  -0.142072638E+02  -0.100409634E+02  -0.140102263E+02  -0.148104183E+02  -0.134308304E+02
   0.195001321E+07   0.607063328E+04  -0.166376211E+02  -0.174812234E+02  -0.179410302E+02  -0.180720321E+02  -0.180888069E+02  -0.174717879E+02  -0.172312141E+02  -0.178080046E+02  -0.185385574E+02  -0.181846428E+02  -0.142030340E+02  -0.100316183E+02  -0.140056076E+02  -0.148069822E+02  -0.134262299E+02
   0.196002992E+07   0.606429246E+04  -0.166366843E+02  -0.174818350E+02  -0.179427840E+02  -0.180743906E+02  -0.180916084E+02  -0.174709310E+02  -0.172315001E+02  -0.178093082E+02  -0.185411048E+02  -0.181865472E+02  -0.141989621E+02  -0.100225350E+02  -0.140011548E+02  -0.148036879E+02  -0.134217947E+02
   0.197002625E+07   0.605809673E+04  -0.166358442E+02  -0.174825079E+02  -0.179445730E+02  -0.180767704E+02  -0.180944211E+02  -0.174701691E+02  -0.172318547E+02  -0.178106574E+02  -0.185436692E+02  -0.181884832E+02  -0.141950586E+02  -0.100137348E+02  -0.139968791E+02  -0.148005442E+02  -0.134175364E+02
   0.198002114E+07   0.605204154E+04  -0.166351063E+02  -0.174832487E+02  -0.179464046E+02  -0.180791794E+02  -0.180972532E+02  -0.174695077E+02  -0.172322846E+02  -0.178120592E+02  -0.185462587E+02  -0.181904586E+02  -0.141913270E+02  -0.100052175E+02  -0.139927836E+02  -0.147975551E+02  -0.134134579E+02
