   0.000000000E+00   0.500000000E+04   0.147469624E+02   0.135388734E+02   0.128131777E+02   0.125381384E+02   0.124149604E+02   0.138931224E+02   0.138651524E+02   0.130521364E+02   0.120260504E+02   0.125313504E+02   0.178790624E+02   0.232122724E+02   0.181728424E+02   0.170665324E+02   0.186532124E+02
   0.100002775E+05   0.500000000E+04               NaN               NaN               NaN               NaN               NaN               NaN               NaN               NaN               NaN               NaN               NaN               NaN               NaN               NaN               NaN
   0.200008607E+05   0.500000000E+04               NaN               NaN               NaN               NaN               NaN               NaN               NaN               NaN               NaN               NaN               NaN               NaN               NaN               NaN               NaN
   0.300012754E+05   0.500000000E+04   0.350070010E+01   0.229261110E+01   0.156691540E+01   0.129187610E+01   0.116869810E+01   0.264686010E+01   0.261889010E+01   0.180587410E+01   0.779788102E+00   0.128508810E+01   0.663280010E+01   0.119660101E+02   0.692658010E+01   0.582027010E+01   0.740695010E+01
   0.400050456E+05   0.500000000E+04  -0.474840670E+01  -0.595649570E+01  -0.668219140E+01  -0.695723070E+01  -0.708040870E+01  -0.560224670E+01  -0.563021670E+01  -0.644323270E+01  -0.746931870E+01  -0.696401870E+01  -0.161630670E+01   0.371690330E+01  -0.132252670E+01  -0.242883670E+01  -0.842156700E+00
   0.500019211E+05   0.500000000E+04  -0.474145639E+01  -0.594954539E+01  -0.667524109E+01  -0.695028039E+01  -0.707345839E+01  -0.559529639E+01  -0.562326639E+01  -0.643628239E+01  -0.746236839E+01  -0.695706839E+01  -0.160935639E+01   0.372385361E+01  -0.131557639E+01  -0.242188639E+01  -0.835206393E+00
   0.600029918E+05   0.500000000E+04  -0.470231555E+01  -0.591040455E+01  -0.663610025E+01  -0.691113955E+01  -0.703431755E+01  -0.555615555E+01  -0.558412555E+01  -0.639714155E+01  -0.742322755E+01  -0.691792755E+01  -0.157021555E+01   0.376299445E+01  -0.127643555E+01  -0.238274555E+01  -0.796065552E+00
   0.700117582E+05   0.500000000E+04  -0.459745289E+01  -0.580554189E+01  -0.653123759E+01  -0.680627689E+01  -0.692945489E+01  -0.545129289E+01  -0.547926289E+01  -0.629227889E+01  -0.731836489E+01  -0.681306489E+01  -0.146535289E+01   0.386785711E+01  -0.117157289E+01  -0.227788289E+01  -0.691202887E+00
   0.800133553E+05   0.500000000E+04  -0.444973018E+01  -0.565781918E+01  -0.638351488E+01  -0.665855418E+01  -0.678173218E+01  -0.530357018E+01  -0.533154018E+01  -0.614455618E+01  -0.717064218E+01  -0.666534218E+01  -0.131763018E+01   0.401557982E+01  -0.102385018E+01  -0.213016018E+01  -0.543480178E+00
   0.900260803E+05   0.500000000E+04  -0.433624594E+01  -0.554433494E+01  -0.627003064E+01  -0.654506994E+01  -0.666824794E+01  -0.519008594E+01  -0.521805594E+01  -0.603107194E+01  -0.705715794E+01  -0.655185794E+01  -0.120414594E+01   0.412906406E+01  -0.910365939E+00  -0.201667594E+01  -0.429995939E+00
   0.100029577E+06   0.500000000E+04  -0.423946104E+01  -0.544755004E+01  -0.617324574E+01  -0.644828504E+01  -0.657146304E+01  -0.509330104E+01  -0.512127104E+01  -0.593428704E+01  -0.696037304E+01  -0.645507304E+01  -0.110736104E+01   0.422584896E+01  -0.813581040E+00  -0.191989104E+01  -0.333211040E+00
   0.110018810E+06   0.500000000E+04  -0.413840703E+01  -0.534649603E+01  -0.607219173E+01  -0.634723103E+01  -0.647040903E+01  -0.499224703E+01  -0.502021703E+01  -0.583323303E+01  -0.685931903E+01  -0.635401903E+01  -0.100630703E+01   0.432690297E+01  -0.712527033E+00  -0.181883703E+01  -0.232157033E+00
   0.120019598E+06   0.500000000E+04  -0.405068850E+01  -0.525877750E+01  -0.598447320E+01  -0.625951250E+01  -0.638269050E+01  -0.490452850E+01  -0.493249850E+01  -0.574551450E+01  -0.677160050E+01  -0.626630050E+01  -0.918588497E+00   0.441462150E+01  -0.624808497E+00  -0.173111850E+01  -0.144438497E+00
   0.130013820E+06   0.500000000E+04  -0.397558231E+01  -0.518367131E+01  -0.590936701E+01  -0.618440631E+01  -0.630758431E+01  -0.482942231E+01  -0.485739231E+01  -0.567040831E+01  -0.669649431E+01  -0.619119431E+01  -0.843482310E+00   0.448972769E+01  -0.549702310E+00  -0.165601231E+01  -0.693323098E-01
   0.140021724E+06   0.500000000E+04  -0.390692923E+01  -0.511501823E+01  -0.584071393E+01  -0.611575323E+01  -0.623893123E+01  -0.476076923E+01  -0.478873923E+01  -0.560175523E+01  -0.662784123E+01  -0.612254123E+01  -0.774829230E+00   0.455838077E+01  -0.481049230E+00  -0.158735923E+01  -0.679229849E-03
   0.150013088E+06   0.500000000E+04  -0.384376081E+01  -0.505184981E+01  -0.577754551E+01  -0.605258481E+01  -0.617576281E+01  -0.469760081E+01  -0.472557081E+01  -0.553858681E+01  -0.656467281E+01  -0.605937281E+01  -0.711660812E+00   0.462154919E+01  -0.417880812E+00  -0.152419081E+01   0.624891882E-01
   0.160027745E+06   0.500000000E+04  -0.378523411E+01  -0.499332311E+01  -0.571901881E+01  -0.599405811E+01  -0.611723611E+01  -0.463907411E+01  -0.466704411E+01  -0.548006011E+01  -0.650614611E+01  -0.600084611E+01  -0.653134110E+00   0.468007589E+01  -0.359354110E+00  -0.146566411E+01   0.121015890E+00
   0.170035528E+06   0.500000000E+04  -0.373473964E+01  -0.494282864E+01  -0.566852434E+01  -0.594356364E+01  -0.606674164E+01  -0.458857964E+01  -0.461654964E+01  -0.542956564E+01  -0.645565164E+01  -0.595035164E+01  -0.602639645E+00   0.473057036E+01  -0.308859645E+00  -0.141516964E+01   0.171510355E+00
   0.180031354E+06   0.500000000E+04  -0.419246393E+01  -0.540055293E+01  -0.612624863E+01  -0.640128793E+01  -0.652446593E+01  -0.504630393E+01  -0.507427393E+01  -0.588728993E+01  -0.691337593E+01  -0.640807593E+01  -0.106036393E+01   0.427284607E+01  -0.766583935E+00  -0.187289393E+01  -0.286213935E+00
   0.190007553E+06   0.500000000E+04  -0.855034297E+01  -0.975843197E+01  -0.104841277E+02  -0.107591670E+02  -0.108823450E+02  -0.940418297E+01  -0.943215297E+01  -0.102451690E+02  -0.112712550E+02  -0.107659550E+02  -0.541824297E+01  -0.850329721E-01  -0.512446297E+01  -0.623077297E+01  -0.464409297E+01
   0.200001401E+06   0.500000000E+04  -0.878819190E+01  -0.999628090E+01  -0.107219766E+02  -0.109970159E+02  -0.111201939E+02  -0.964203190E+01  -0.967000190E+01  -0.104830179E+02  -0.115091039E+02  -0.110038039E+02  -0.565609190E+01  -0.322881903E+00  -0.536231190E+01  -0.646862190E+01  -0.488194190E+01
   0.210024059E+06   0.500000000E+04  -0.925845538E+01  -0.104665444E+02  -0.111922401E+02  -0.114672794E+02  -0.115904574E+02  -0.101122954E+02  -0.101402654E+02  -0.109532814E+02  -0.119793674E+02  -0.114740674E+02  -0.612635538E+01  -0.793145384E+00  -0.583257538E+01  -0.693888538E+01  -0.535220538E+01
   0.220024971E+06   0.500000000E+04  -0.998459698E+01  -0.111926860E+02  -0.119183817E+02  -0.121934210E+02  -0.123165990E+02  -0.108384370E+02  -0.108664070E+02  -0.116794230E+02  -0.127055090E+02  -0.122002090E+02  -0.685249698E+01  -0.151928698E+01  -0.655871698E+01  -0.766502698E+01  -0.607834698E+01
   0.230005776E+06   0.152232768E+05  -0.161456153E+02  -0.160249183E+02  -0.157682660E+02  -0.155287516E+02  -0.152765209E+02  -0.169331922E+02  -0.159773134E+02  -0.159117199E+02  -0.158814362E+02  -0.159256323E+02  -0.158813239E+02  -0.149748915E+02  -0.158725024E+02  -0.159941017E+02  -0.156521724E+02
   0.240011168E+06   0.737384928E+05  -0.193134980E+02  -0.188064557E+02  -0.182529084E+02  -0.178622087E+02  -0.175028302E+02  -0.200850585E+02  -0.188394855E+02  -0.185075021E+02  -0.181681479E+02  -0.183788946E+02  -0.201134700E+02  -0.206882609E+02  -0.201273100E+02  -0.199468921E+02  -0.203285048E+02
   0.250000648E+06   0.681674548E+05  -0.192762405E+02  -0.187758644E+02  -0.182276620E+02  -0.178397432E+02  -0.174824362E+02  -0.200480538E+02  -0.188074813E+02  -0.184802473E+02  -0.181465631E+02  -0.183542136E+02  -0.200576433E+02  -0.206079370E+02  -0.200714350E+02  -0.198948294E+02  -0.202647012E+02
   0.260002658E+06   0.496819997E+05  -0.189346513E+02  -0.184682113E+02  -0.179470364E+02  -0.175730767E+02  -0.172261115E+02  -0.197077963E+02  -0.184926964E+02  -0.181894815E+02  -0.178842916E+02  -0.180763764E+02  -0.196210336E+02  -0.200440590E+02  -0.196343609E+02  -0.194780256E+02  -0.197870323E+02
   0.270000175E+06   0.426349652E+05  -0.188227007E+02  -0.183778231E+02  -0.178736571E+02  -0.175084374E+02  -0.171679089E+02  -0.195967055E+02  -0.183977820E+02  -0.181097165E+02  -0.178223953E+02  -0.180047566E+02  -0.194484018E+02  -0.197888604E+02  -0.194612763E+02  -0.193191070E+02  -0.195880911E+02
   0.280000478E+06   0.385322544E+05  -0.187832360E+02  -0.183549696E+02  -0.178638301E+02  -0.175052913E+02  -0.171697135E+02  -0.195579049E+02  -0.183714452E+02  -0.180950080E+02  -0.178213380E+02  -0.179962831E+02  -0.193620982E+02  -0.196383359E+02  -0.193745374E+02  -0.192436381E+02  -0.194814969E+02
   0.290000323E+06   0.357830341E+05  -0.187809788E+02  -0.183662169E+02  -0.178856368E+02  -0.175324955E+02  -0.172008683E+02  -0.195561943E+02  -0.183798717E+02  -0.181128619E+02  -0.178502230E+02  -0.180191801E+02  -0.193217527E+02  -0.195454717E+02  -0.193337758E+02  -0.192121159E+02  -0.194246564E+02
   0.300000713E+06   0.336629300E+05  -0.187922903E+02  -0.183896534E+02  -0.179185181E+02  -0.175702005E+02  -0.172421072E+02  -0.195679846E+02  -0.184007719E+02  -0.181422080E+02  -0.178894401E+02  -0.180530432E+02  -0.192988552E+02  -0.194752682E+02  -0.193104776E+02  -0.191973676E+02  -0.193869770E+02
   0.310002212E+06   0.319207590E+05  -0.188092333E+02  -0.184178759E+02  -0.179555118E+02  -0.176116544E+02  -0.172868485E+02  -0.195853955E+02  -0.184266479E+02  -0.181759185E+02  -0.179322926E+02  -0.180909469E+02  -0.192840085E+02  -0.194163264E+02  -0.192952063E+02  -0.191902992E+02  -0.193584262E+02
   0.320002450E+06   0.304773392E+05  -0.188311170E+02  -0.184502901E+02  -0.179960790E+02  -0.176563822E+02  -0.173346530E+02  -0.196077042E+02  -0.184568591E+02  -0.182134339E+02  -0.179783035E+02  -0.181323578E+02  -0.192762502E+02  -0.193673579E+02  -0.192870282E+02  -0.191898608E+02  -0.193379160E+02
   0.330000130E+06   0.292256393E+05  -0.188537104E+02  -0.184828956E+02  -0.180364383E+02  -0.177006795E+02  -0.173818779E+02  -0.196307059E+02  -0.184873737E+02  -0.182508953E+02  -0.180238238E+02  -0.181735194E+02  -0.192706716E+02  -0.193225463E+02  -0.192810229E+02  -0.191913052E+02  -0.193202500E+02
   0.340000946E+06   0.282135793E+05  -0.188760193E+02  -0.185140584E+02  -0.180744333E+02  -0.177421479E+02  -0.174259168E+02  -0.196533724E+02  -0.185166857E+02  -0.182863321E+02  -0.180663672E+02  -0.182122295E+02  -0.192681145E+02  -0.192853077E+02  -0.192780620E+02  -0.191950561E+02  -0.193070476E+02
   0.350000992E+06   0.274766068E+05  -0.188851099E+02  -0.185301006E+02  -0.180958295E+02  -0.177662574E+02  -0.174520429E+02  -0.196627493E+02  -0.185312786E+02  -0.183057192E+02  -0.180913250E+02  -0.182341825E+02  -0.192577174E+02  -0.192476988E+02  -0.192673314E+02  -0.191896863E+02  -0.192883274E+02
   0.360001299E+06   0.268809195E+05  -0.188904352E+02  -0.185412744E+02  -0.181115042E+02  -0.177842124E+02  -0.174716968E+02  -0.196683168E+02  -0.185412348E+02  -0.183197057E+02  -0.181099936E+02  -0.182503242E+02  -0.192466602E+02  -0.192137520E+02  -0.192559859E+02  -0.191828883E+02  -0.192702829E+02
   0.370002634E+06   0.262949655E+05  -0.189006995E+02  -0.185576853E+02  -0.181326379E+02  -0.178077485E+02  -0.174970259E+02  -0.196788348E+02  -0.185563683E+02  -0.183390757E+02  -0.181342739E+02  -0.182719501E+02  -0.192397267E+02  -0.191827651E+02  -0.192487360E+02  -0.191804725E+02  -0.192560308E+02
   0.380008033E+06   0.257511850E+05  -0.189148413E+02  -0.185777677E+02  -0.181572799E+02  -0.178347096E+02  -0.175256684E+02  -0.196932207E+02  -0.185752131E+02  -0.183620162E+02  -0.181619529E+02  -0.182970712E+02  -0.192372567E+02  -0.191570522E+02  -0.192459549E+02  -0.191823991E+02  -0.192465077E+02
   0.390008200E+06   0.251554474E+05  -0.189317476E+02  -0.186014893E+02  -0.181862261E+02  -0.178663128E+02  -0.175591362E+02  -0.197104059E+02  -0.185975109E+02  -0.183890144E+02  -0.181943782E+02  -0.183265715E+02  -0.192351173E+02  -0.191282536E+02  -0.192434521E+02  -0.191853413E+02  -0.192363021E+02
   0.400002951E+06   0.245457786E+05  -0.189541777E+02  -0.186313891E+02  -0.182218451E+02  -0.179048462E+02  -0.175996960E+02  -0.197331463E+02  -0.186258581E+02  -0.184224990E+02  -0.182338076E+02  -0.183627984E+02  -0.192367208E+02  -0.191006713E+02  -0.192446338E+02  -0.191925723E+02  -0.192291102E+02
   0.410002675E+06   0.239715953E+05  -0.189774053E+02  -0.186618467E+02  -0.182578358E+02  -0.179436575E+02  -0.176404546E+02  -0.197566756E+02  -0.186548152E+02  -0.184564242E+02  -0.182734841E+02  -0.183993773E+02  -0.192398080E+02  -0.190755235E+02  -0.192473044E+02  -0.192011288E+02  -0.192237018E+02
   0.420001003E+06   0.234391310E+05  -0.190003940E+02  -0.186921728E+02  -0.182937688E+02  -0.179824338E+02  -0.176810520E+02  -0.197799705E+02  -0.186836131E+02  -0.184902645E+02  -0.183131336E+02  -0.184359013E+02  -0.192424140E+02  -0.190495521E+02  -0.192494684E+02  -0.192093736E+02  -0.192177564E+02
   0.430005125E+06   0.229371183E+05  -0.190220104E+02  -0.187207975E+02  -0.183277463E+02  -0.180191260E+02  -0.177194768E+02  -0.198018794E+02  -0.187107781E+02  -0.185222440E+02  -0.183506611E+02  -0.184704442E+02  -0.192445731E+02  -0.190244249E+02  -0.192512015E+02  -0.192169276E+02  -0.192117583E+02
   0.440001825E+06   0.224595577E+05  -0.190423470E+02  -0.187484025E+02  -0.183608862E+02  -0.180550740E+02  -0.177571775E+02  -0.198225197E+02  -0.187368693E+02  -0.185533161E+02  -0.183874830E+02  -0.185041764E+02  -0.192448044E+02  -0.189964180E+02  -0.192509647E+02  -0.192228132E+02  -0.192035988E+02
   0.450002268E+06   0.220083490E+05  -0.190615039E+02  -0.187744268E+02  -0.183921400E+02  -0.180889809E+02  -0.177927403E+02  -0.198419635E+02  -0.187614633E+02  -0.185826162E+02  -0.184222157E+02  -0.185359897E+02  -0.192449654E+02  -0.189698990E+02  -0.192506835E+02  -0.192283165E+02  -0.191958320E+02
   0.460007000E+06   0.215775086E+05  -0.190795206E+02  -0.187997023E+02  -0.184229328E+02  -0.181225775E+02  -0.178280448E+02  -0.198602831E+02  -0.187852251E+02  -0.186113491E+02  -0.184566682E+02  -0.185673717E+02  -0.192429763E+02  -0.189398065E+02  -0.192482005E+02  -0.192320074E+02  -0.191856732E+02
   0.470006335E+06   0.211657793E+05  -0.190961114E+02  -0.188232430E+02  -0.184517561E+02  -0.181540852E+02  -0.178611870E+02  -0.198771637E+02  -0.188073166E+02  -0.186382002E+02  -0.184889953E+02  -0.185967590E+02  -0.192404134E+02  -0.189103371E+02  -0.192451641E+02  -0.192348835E+02  -0.191752916E+02
   0.480006202E+06   0.207709587E+05  -0.191114246E+02  -0.188456651E+02  -0.184795758E+02  -0.181846441E+02  -0.178934371E+02  -0.198927754E+02  -0.188282573E+02  -0.186640028E+02  -0.185203949E+02  -0.186251540E+02  -0.192361983E+02  -0.188786668E+02  -0.192404423E+02  -0.192362573E+02  -0.191631208E+02
   0.490006178E+06   0.203913505E+05  -0.191254295E+02  -0.188668143E+02  -0.185061458E+02  -0.182139624E+02  -0.179244674E+02  -0.199070817E+02  -0.188479183E+02  -0.186885456E+02  -0.185505597E+02  -0.186523009E+02  -0.192306192E+02  -0.188455395E+02  -0.192343393E+02  -0.192363116E+02  -0.191495737E+02
   0.500000455E+06   0.200256365E+05  -0.191380692E+02  -0.188863367E+02  -0.185308906E+02  -0.182413550E+02  -0.179535094E+02  -0.199200118E+02  -0.188660072E+02  -0.187113375E+02  -0.185787678E+02  -0.186776016E+02  -0.192243917E+02  -0.188127722E+02  -0.192276071E+02  -0.192355113E+02  -0.191356698E+02
   0.510003610E+06   0.196721111E+05  -0.191494291E+02  -0.189050943E+02  -0.185552572E+02  -0.182685598E+02  -0.179825316E+02  -0.199316843E+02  -0.188832281E+02  -0.187336097E+02  -0.186068430E+02  -0.187025679E+02  -0.192155755E+02  -0.187755594E+02  -0.192182178E+02  -0.192324857E+02  -0.191185773E+02
   0.520005542E+06   0.193303808E+05  -0.191595489E+02  -0.189224212E+02  -0.185780484E+02  -0.182941156E+02  -0.180098610E+02  -0.199421086E+02  -0.188990583E+02  -0.187543608E+02  -0.186332463E+02  -0.187259435E+02  -0.192060458E+02  -0.187383735E+02  -0.192081276E+02  -0.192285945E+02  -0.191009828E+02
   0.530005668E+06   0.189999577E+05  -0.191685156E+02  -0.189383566E+02  -0.185992674E+02  -0.183180077E+02  -0.180354680E+02  -0.199513696E+02  -0.189135464E+02  -0.187736071E+02  -0.186579579E+02  -0.187477274E+02  -0.191960129E+02  -0.187015990E+02  -0.191975528E+02  -0.192240137E+02  -0.190831518E+02
   0.540000660E+06   0.186804602E+05  -0.191762258E+02  -0.189536709E+02  -0.186203262E+02  -0.183419740E+02  -0.180615494E+02  -0.199594042E+02  -0.189272760E+02  -0.187925157E+02  -0.186828187E+02  -0.187694029E+02  -0.191831507E+02  -0.186597456E+02  -0.191840516E+02  -0.192171772E+02  -0.190618836E+02
   0.550006789E+06   0.183708262E+05  -0.191829239E+02  -0.189677382E+02  -0.186399608E+02  -0.183644263E+02  -0.180860514E+02  -0.199664165E+02  -0.189398075E+02  -0.188100664E+02  -0.187061379E+02  -0.187896351E+02  -0.191699114E+02  -0.186184102E+02  -0.191701930E+02  -0.192097776E+02  -0.190404978E+02
   0.560007406E+06   0.180817548E+05  -0.191899658E+02  -0.189816600E+02  -0.186590801E+02  -0.183861761E+02  -0.181097149E+02  -0.199737518E+02  -0.189522955E+02  -0.188272403E+02  -0.187286972E+02  -0.188093123E+02  -0.191583400E+02  -0.185806084E+02  -0.191580435E+02  -0.192036581E+02  -0.190213210E+02
   0.570002548E+06   0.177864649E+05  -0.191938619E+02  -0.189932751E+02  -0.186765169E+02  -0.184065563E+02  -0.181327952E+02  -0.199779793E+02  -0.189623029E+02  -0.188424976E+02  -0.187499832E+02  -0.188273767E+02  -0.191414876E+02  -0.185344973E+02  -0.191405130E+02  -0.191930309E+02  -0.189960845E+02
   0.580003328E+06   0.175019195E+05  -0.191970918E+02  -0.190041979E+02  -0.186932387E+02  -0.184262090E+02  -0.181553246E+02  -0.199815400E+02  -0.189716237E+02  -0.188570484E+02  -0.187705379E+02  -0.188447245E+02  -0.191240840E+02  -0.184879903E+02  -0.191224236E+02  -0.191818679E+02  -0.189703750E+02
   0.590005937E+06   0.172268739E+05  -0.191996574E+02  -0.190141997E+02  -0.187088460E+02  -0.184446492E+02  -0.181765455E+02  -0.199844256E+02  -0.189800770E+02  -0.188705570E+02  -0.187898500E+02  -0.188609369E+02  -0.191067050E+02  -0.184424796E+02  -0.191043817E+02  -0.191705212E+02  -0.189449674E+02
   0.600000155E+06   0.169607226E+05  -0.192014462E+02  -0.190233366E+02  -0.187235206E+02  -0.184621236E+02  -0.181966023E+02  -0.199865307E+02  -0.189876840E+02  -0.188831581E+02  -0.188081843E+02  -0.188762095E+02  -0.190888159E+02  -0.183968281E+02  -0.190858281E+02  -0.191585347E+02  -0.189191802E+02
   0.610001375E+06   0.167024669E+05  -0.192020461E+02  -0.190319215E+02  -0.187381151E+02  -0.184797630E+02  -0.182161399E+02  -0.199874762E+02  -0.189946084E+02  -0.188955006E+02  -0.188267482E+02  -0.188914549E+02  -0.190682024E+02  -0.183462466E+02  -0.190644398E+02  -0.191440150E+02  -0.188901785E+02
   0.620004132E+06   0.164519863E+05  -0.192020600E+02  -0.190396801E+02  -0.187517023E+02  -0.184963034E+02  -0.182345213E+02  -0.199878253E+02  -0.190007563E+02  -0.189069037E+02  -0.188441853E+02  -0.189056733E+02  -0.190476416E+02  -0.182966201E+02  -0.190431276E+02  -0.191293646E+02  -0.188614821E+02
   0.630004872E+06   0.162091364E+05  -0.192015242E+02  -0.190466529E+02  -0.187643263E+02  -0.185117906E+02  -0.182517935E+02  -0.199876144E+02  -0.190061677E+02  -0.189174100E+02  -0.188605419E+02  -0.189189093E+02  -0.190271579E+02  -0.182479561E+02  -0.190219153E+02  -0.191146111E+02  -0.188331107E+02
   0.640003965E+06   0.159735867E+05  -0.192003716E+02  -0.190529088E+02  -0.187761564E+02  -0.185264454E+02  -0.182681972E+02  -0.199867826E+02  -0.190108824E+02  -0.189271509E+02  -0.188760536E+02  -0.189313431E+02  -0.190063528E+02  -0.181993814E+02  -0.190003824E+02  -0.190994341E+02  -0.188045500E+02
   0.650006887E+06   0.157449286E+05  -0.191979455E+02  -0.190586397E+02  -0.187880128E+02  -0.185414092E+02  -0.182849949E+02  -0.199847119E+02  -0.190149132E+02  -0.189367093E+02  -0.188919550E+02  -0.189438638E+02  -0.189825111E+02  -0.181452288E+02  -0.189756718E+02  -0.190815949E+02  -0.187723737E+02
   0.660005774E+06   0.155231221E+05  -0.191951169E+02  -0.190637236E+02  -0.187990387E+02  -0.185554494E+02  -0.183008140E+02  -0.199822279E+02  -0.190183480E+02  -0.189455060E+02  -0.189069046E+02  -0.189555340E+02  -0.189589085E+02  -0.180922235E+02  -0.189512263E+02  -0.190638150E+02  -0.187406863E+02
   0.670000525E+06   0.153079201E+05  -0.191919121E+02  -0.190681957E+02  -0.188092758E+02  -0.185686112E+02  -0.183157017E+02  -0.199793575E+02  -0.190212201E+02  -0.189535804E+02  -0.189209487E+02  -0.189663963E+02  -0.189355483E+02  -0.180403362E+02  -0.189270484E+02  -0.190461041E+02  -0.187094820E+02
   0.680005691E+06   0.150987190E+05  -0.191883491E+02  -0.190720955E+02  -0.188187799E+02  -0.185809584E+02  -0.183297266E+02  -0.199761196E+02  -0.190235645E+02  -0.189609821E+02  -0.189341536E+02  -0.189765082E+02  -0.189123920E+02  -0.179894482E+02  -0.189030971E+02  -0.190284395E+02  -0.186787003E+02
   0.690003951E+06   0.148955529E+05  -0.191838272E+02  -0.190754334E+02  -0.188280124E+02  -0.185931827E+02  -0.183439835E+02  -0.199719419E+02  -0.190252640E+02  -0.189680016E+02  -0.189472812E+02  -0.189863845E+02  -0.188873900E+02  -0.179354203E+02  -0.188772166E+02  -0.190089248E+02  -0.186457947E+02
   0.700000692E+06   0.146979452E+05  -0.191784527E+02  -0.190782666E+02  -0.188369943E+02  -0.186052868E+02  -0.183584352E+02  -0.199669285E+02  -0.190263861E+02  -0.189746739E+02  -0.189603285E+02  -0.189960420E+02  -0.188607610E+02  -0.178786344E+02  -0.188496351E+02  -0.189877745E+02  -0.186110203E+02
   0.710000690E+06   0.145058904E+05  -0.191728513E+02  -0.190806422E+02  -0.188453459E+02  -0.186166728E+02  -0.183721028E+02  -0.199616780E+02  -0.190270987E+02  -0.189807807E+02  -0.189726312E+02  -0.190050502E+02  -0.188345024E+02  -0.178230663E+02  -0.188224508E+02  -0.189668406E+02  -0.185768452E+02
   0.720006136E+06   0.143190497E+05  -0.191669824E+02  -0.190825336E+02  -0.188530511E+02  -0.186273301E+02  -0.183849798E+02  -0.199561504E+02  -0.190273723E+02  -0.189863021E+02  -0.189841803E+02  -0.190133943E+02  -0.188085370E+02  -0.177685872E+02  -0.187955849E+02  -0.189460554E+02  -0.185431783E+02
   0.730001374E+06   0.141377565E+05  -0.191608763E+02  -0.190839576E+02  -0.188601162E+02  -0.186372596E+02  -0.183970631E+02  -0.199503756E+02  -0.190272264E+02  -0.189912483E+02  -0.189949751E+02  -0.190210792E+02  -0.187829313E+02  -0.177153143E+02  -0.187691052E+02  -0.189254760E+02  -0.185100996E+02
   0.740004980E+06   0.139612979E+05  -0.191542069E+02  -0.190849011E+02  -0.188667597E+02  -0.186467990E+02  -0.184087847E+02  -0.199440419E+02  -0.190265824E+02  -0.189957501E+02  -0.190053891E+02  -0.190283510E+02  -0.187566260E+02  -0.176611237E+02  -0.187418964E+02  -0.189040181E+02  -0.184763125E+02
   0.750006636E+06   0.137897260E+05  -0.191461332E+02  -0.190852113E+02  -0.188733367E+02  -0.186565651E+02  -0.184209700E+02  -0.199363409E+02  -0.190251433E+02  -0.189999704E+02  -0.190161173E+02  -0.190356255E+02  -0.187271896E+02  -0.176012659E+02  -0.187113980E+02  -0.188791393E+02  -0.184388808E+02
   0.760003601E+06   0.136229071E+05  -0.191379229E+02  -0.190851525E+02  -0.188793712E+02  -0.186657002E+02  -0.184324573E+02  -0.199284929E+02  -0.190233837E+02  -0.190037135E+02  -0.190261880E+02  -0.190423381E+02  -0.186982083E+02  -0.175427059E+02  -0.186813841E+02  -0.188545894E+02  -0.184021258E+02
   0.770000755E+06   0.134605638E+05  -0.191295834E+02  -0.190847460E+02  -0.188848944E+02  -0.186742409E+02  -0.184432870E+02  -0.199205061E+02  -0.190213219E+02  -0.190070067E+02  -0.190356391E+02  -0.190485212E+02  -0.186696551E+02  -0.174853677E+02  -0.186518260E+02  -0.188303487E+02  -0.183660074E+02
   0.780002201E+06   0.133024875E+05  -0.191211376E+02  -0.190840246E+02  -0.188899469E+02  -0.186822316E+02  -0.184535065E+02  -0.199124036E+02  -0.190189887E+02  -0.190098879E+02  -0.190445162E+02  -0.190542163E+02  -0.186415269E+02  -0.174292110E+02  -0.186227193E+02  -0.188064197E+02  -0.183305129E+02
   0.790004350E+06   0.131486881E+05  -0.191125829E+02  -0.190829853E+02  -0.188945253E+02  -0.186896686E+02  -0.184631121E+02  -0.199041830E+02  -0.190163813E+02  -0.190123537E+02  -0.190528158E+02  -0.190594199E+02  -0.186138224E+02  -0.173742363E+02  -0.185940628E+02  -0.187828006E+02  -0.182956412E+02
   0.800003473E+06   0.129989499E+05  -0.191039299E+02  -0.190816590E+02  -0.188986756E+02  -0.186966059E+02  -0.184721634E+02  -0.198958557E+02  -0.190135263E+02  -0.190144444E+02  -0.190605939E+02  -0.190641798E+02  -0.185865032E+02  -0.173203347E+02  -0.185658148E+02  -0.187594617E+02  -0.182613378E+02
   0.810006650E+06   0.128530264E+05  -0.190932611E+02  -0.190794796E+02  -0.189028330E+02  -0.187039886E+02  -0.184819788E+02  -0.198855687E+02  -0.190095734E+02  -0.190162110E+02  -0.190689520E+02  -0.190690475E+02  -0.185546123E+02  -0.172580726E+02  -0.185327491E+02  -0.187318072E+02  -0.182217494E+02
   0.820005576E+06   0.127109530E+05  -0.190825879E+02  -0.190770718E+02  -0.189065950E+02  -0.187108908E+02  -0.184912495E+02  -0.198752674E+02  -0.190054390E+02  -0.190176452E+02  -0.190768037E+02  -0.190735010E+02  -0.185232769E+02  -0.171971676E+02  -0.185002701E+02  -0.187045966E+02  -0.181829197E+02
   0.830002435E+06   0.125725157E+05  -0.190719173E+02  -0.190744550E+02  -0.189099900E+02  -0.187173456E+02  -0.185000122E+02  -0.198649590E+02  -0.190011398E+02  -0.190187721E+02  -0.190841839E+02  -0.190775700E+02  -0.184924730E+02  -0.171375507E+02  -0.184683517E+02  -0.186778117E+02  -0.181448132E+02
   0.840000373E+06   0.124375644E+05  -0.190612389E+02  -0.190716277E+02  -0.189130231E+02  -0.187233616E+02  -0.185082780E+02  -0.198546338E+02  -0.189966725E+02  -0.190195941E+02  -0.190911019E+02  -0.190812600E+02  -0.184621682E+02  -0.170791585E+02  -0.184369606E+02  -0.186514249E+02  -0.181073898E+02
   0.850005840E+06   0.123058475E+05  -0.190505506E+02  -0.190686023E+02  -0.189157175E+02  -0.187289674E+02  -0.185160796E+02  -0.198442901E+02  -0.189920462E+02  -0.190201305E+02  -0.190975881E+02  -0.190845957E+02  -0.184323239E+02  -0.170218999E+02  -0.184060559E+02  -0.186254045E+02  -0.180705973E+02
   0.860003659E+06   0.121774740E+05  -0.190398661E+02  -0.190653862E+02  -0.189180762E+02  -0.187341635E+02  -0.185234158E+02  -0.198339417E+02  -0.189872700E+02  -0.190203859E+02  -0.191036423E+02  -0.190875793E+02  -0.184029697E+02  -0.169658273E+02  -0.183756683E+02  -0.185997773E+02  -0.180344714E+02
   0.870004310E+06   0.120522090E+05  -0.190291720E+02  -0.190619796E+02  -0.189201094E+02  -0.187389654E+02  -0.185303060E+02  -0.198235754E+02  -0.189823411E+02  -0.190203668E+02  -0.191092815E+02  -0.190902222E+02  -0.183740579E+02  -0.169108441E+02  -0.183457482E+02  -0.185745022E+02  -0.179989519E+02
   0.880002568E+06   0.119299659E+05  -0.190170953E+02  -0.190578574E+02  -0.189219199E+02  -0.187437984E+02  -0.185373407E+02  -0.198118597E+02  -0.189765556E+02  -0.190199337E+02  -0.191150295E+02  -0.190927021E+02  -0.183423717E+02  -0.168509673E+02  -0.183128958E+02  -0.185465181E+02  -0.179603580E+02
   0.890006987E+06   0.118104351E+05  -0.190040359E+02  -0.190531903E+02  -0.189235091E+02  -0.187485767E+02  -0.185443909E+02  -0.197991835E+02  -0.189701325E+02  -0.190191533E+02  -0.191207737E+02  -0.190949998E+02  -0.183088030E+02  -0.167878303E+02  -0.182780541E+02  -0.185166812E+02  -0.179196999E+02
   0.900002756E+06   0.116937349E+05  -0.189910476E+02  -0.190483955E+02  -0.189248224E+02  -0.187530036E+02  -0.185510360E+02  -0.197865692E+02  -0.189636235E+02  -0.190181533E+02  -0.191261438E+02  -0.190970049E+02  -0.182757910E+02  -0.167259502E+02  -0.182437993E+02  -0.184873126E+02  -0.178797664E+02
   0.910001158E+06   0.115796808E+05  -0.189781094E+02  -0.190434650E+02  -0.189258615E+02  -0.187570857E+02  -0.185572861E+02  -0.197739966E+02  -0.189570176E+02  -0.190169316E+02  -0.191311477E+02  -0.190987202E+02  -0.182432832E+02  -0.166652289E+02  -0.182100768E+02  -0.184583656E+02  -0.178404941E+02
   0.920003760E+06   0.114681421E+05  -0.189652282E+02  -0.190384150E+02  -0.189266494E+02  -0.187608494E+02  -0.185631699E+02  -0.197614728E+02  -0.189503290E+02  -0.190155084E+02  -0.191358128E+02  -0.191001693E+02  -0.182112640E+02  -0.166056183E+02  -0.181768697E+02  -0.184298286E+02  -0.178018595E+02
   0.930004573E+06   0.113591163E+05  -0.189524049E+02  -0.190332464E+02  -0.189271872E+02  -0.187642960E+02  -0.185686889E+02  -0.197489990E+02  -0.189435588E+02  -0.190138850E+02  -0.191401406E+02  -0.191013534E+02  -0.181797338E+02  -0.165471184E+02  -0.181441784E+02  -0.184017022E+02  -0.177638630E+02
   0.940004413E+06   0.112524789E+05  -0.189396424E+02  -0.190279708E+02  -0.189274931E+02  -0.187674469E+02  -0.185738668E+02  -0.197365782E+02  -0.189367167E+02  -0.190120770E+02  -0.191441534E+02  -0.191022914E+02  -0.181486742E+02  -0.164896799E+02  -0.181119831E+02  -0.183739718E+02  -0.177264787E+02
   0.950005467E+06   0.111481269E+05  -0.189269327E+02  -0.190225877E+02  -0.189275717E+02  -0.187703097E+02  -0.185787131E+02  -0.197242029E+02  -0.189298007E+02  -0.190100870E+02  -0.191478595E+02  -0.191029886E+02  -0.181180596E+02  -0.164332517E+02  -0.180802571E+02  -0.183466150E+02  -0.176896750E+02
   0.960000709E+06   0.110460295E+05  -0.189142856E+02  -0.190171089E+02  -0.189274367E+02  -0.187728987E+02  -0.185832427E+02  -0.197118831E+02  -0.189228221E+02  -0.190079282E+02  -0.191512737E+02  -0.191034589E+02  -0.180878945E+02  -0.163778308E+02  -0.180490047E+02  -0.183196374E+02  -0.176534545E+02
   0.970005772E+06   0.109459688E+05  -0.189001090E+02  -0.190108142E+02  -0.189270142E+02  -0.187754742E+02  -0.185879451E+02  -0.196980698E+02  -0.189148765E+02  -0.190052754E+02  -0.191547587E+02  -0.191037071E+02  -0.180547533E+02  -0.163171864E+02  -0.180145975E+02  -0.182902637E+02  -0.176139967E+02
   0.980000195E+06   0.108480938E+05  -0.188847196E+02  -0.190038484E+02  -0.189263215E+02  -0.187779877E+02  -0.185927265E+02  -0.196830713E+02  -0.189061452E+02  -0.190021954E+02  -0.191582458E+02  -0.191037350E+02  -0.180193172E+02  -0.162525551E+02  -0.179777558E+02  -0.182590489E+02  -0.175720636E+02
   0.990001830E+06   0.107521406E+05  -0.188694218E+02  -0.189968088E+02  -0.189254319E+02  -0.187802413E+02  -0.185972034E+02  -0.196681568E+02  -0.188973747E+02  -0.189989654E+02  -0.191614540E+02  -0.191035519E+02  -0.179843663E+02  -0.161889823E+02  -0.179414270E+02  -0.182282364E+02  -0.175307433E+02
   0.100000583E+07   0.106580723E+05  -0.188542185E+02  -0.189897015E+02  -0.189243537E+02  -0.187822445E+02  -0.186013863E+02  -0.196533292E+02  -0.188885705E+02  -0.189955927E+02  -0.191643930E+02  -0.191031663E+02  -0.179498959E+02  -0.161264523E+02  -0.179056058E+02  -0.181978232E+02  -0.174900287E+02
   0.101000321E+07   0.105658757E+05  -0.188391190E+02  -0.189825369E+02  -0.189230983E+02  -0.187840093E+02  -0.186052874E+02  -0.196385979E+02  -0.188797428E+02  -0.189920885E+02  -0.191670750E+02  -0.191025897E+02  -0.179159127E+02  -0.160649677E+02  -0.178702987E+02  -0.181678165E+02  -0.174499255E+02
   0.102000332E+07   0.104754231E+05  -0.188241042E+02  -0.189753070E+02  -0.189216657E+02  -0.187855398E+02  -0.186089137E+02  -0.196239444E+02  -0.188708811E+02  -0.189884497E+02  -0.191695053E+02  -0.191018231E+02  -0.178823714E+02  -0.160044454E+02  -0.178354585E+02  -0.181381764E+02  -0.174103800E+02
   0.103000361E+07   0.103866692E+05  -0.188091737E+02  -0.189680151E+02  -0.189200623E+02  -0.187868438E+02  -0.186122742E+02  -0.196093684E+02  -0.188619882E+02  -0.189846815E+02  -0.191716922E+02  -0.191008732E+02  -0.178492623E+02  -0.159448619E+02  -0.178010749E+02  -0.181088953E+02  -0.173713794E+02
   0.104000296E+07   0.102995610E+05  -0.187943275E+02  -0.189606658E+02  -0.189182960E+02  -0.187879310E+02  -0.186153799E+02  -0.195948700E+02  -0.188530676E+02  -0.189807906E+02  -0.191736460E+02  -0.190997483E+02  -0.178165746E+02  -0.158861906E+02  -0.177671363E+02  -0.180799645E+02  -0.173329094E+02
   0.105000228E+07   0.102140252E+05  -0.187795614E+02  -0.189532614E+02  -0.189163738E+02  -0.187888108E+02  -0.186182416E+02  -0.195804456E+02  -0.188441202E+02  -0.189767821E+02  -0.191753767E+02  -0.190984560E+02  -0.177842891E+02  -0.158283907E+02  -0.177336225E+02  -0.180513682E+02  -0.172949461E+02
   0.106000421E+07   0.101300207E+05  -0.187648689E+02  -0.189457986E+02  -0.189142952E+02  -0.187894840E+02  -0.186208613E+02  -0.195660886E+02  -0.188351421E+02  -0.189726546E+02  -0.191768856E+02  -0.190969959E+02  -0.177523907E+02  -0.157714346E+02  -0.177005178E+02  -0.180230929E+02  -0.172574715E+02
   0.107000500E+07   0.100475232E+05  -0.187502518E+02  -0.189382817E+02  -0.189120658E+02  -0.187899570E+02  -0.186232459E+02  -0.195518010E+02  -0.188261370E+02  -0.189684129E+02  -0.191781793E+02  -0.190953739E+02  -0.177208765E+02  -0.157153121E+02  -0.176678189E+02  -0.179951368E+02  -0.172204810E+02
   0.108000041E+07   0.996653282E+04  -0.187342641E+02  -0.189299805E+02  -0.189094868E+02  -0.187903076E+02  -0.186256761E+02  -0.195361733E+02  -0.188162234E+02  -0.189636498E+02  -0.191794212E+02  -0.190934574E+02  -0.176868591E+02  -0.156548677E+02  -0.176324584E+02  -0.179650261E+02  -0.171808780E+02
   0.109000496E+07   0.988684939E+04  -0.187163271E+02  -0.189206066E+02  -0.189064848E+02  -0.187905742E+02  -0.186282725E+02  -0.195186416E+02  -0.188050514E+02  -0.189582072E+02  -0.191806846E+02  -0.190911998E+02  -0.176491698E+02  -0.155880087E+02  -0.175931962E+02  -0.179317585E+02  -0.171374005E+02
   0.110000204E+07   0.980855656E+04  -0.186985289E+02  -0.189112220E+02  -0.189033610E+02  -0.187906620E+02  -0.186306494E+02  -0.195012416E+02  -0.187939001E+02  -0.189526855E+02  -0.191817517E+02  -0.190888074E+02  -0.176119640E+02  -0.155221423E+02  -0.175544449E+02  -0.178988972E+02  -0.170945075E+02
   0.111000159E+07   0.973151089E+04  -0.186808445E+02  -0.189018172E+02  -0.189001172E+02  -0.187905786E+02  -0.186328187E+02  -0.194839491E+02  -0.187827567E+02  -0.189470819E+02  -0.191826321E+02  -0.190862834E+02  -0.175751811E+02  -0.154571553E+02  -0.175161411E+02  -0.178663896E+02  -0.170521281E+02
   0.112000341E+07   0.965568147E+04  -0.186632726E+02  -0.188923941E+02  -0.188967579E+02  -0.187903298E+02  -0.186347870E+02  -0.194667628E+02  -0.187716226E+02  -0.189414001E+02  -0.191833318E+02  -0.190836325E+02  -0.175388122E+02  -0.153930275E+02  -0.174782754E+02  -0.178342284E+02  -0.170102509E+02
   0.113000557E+07   0.958103219E+04  -0.186458092E+02  -0.188829528E+02  -0.188932859E+02  -0.187899200E+02  -0.186365598E+02  -0.194496791E+02  -0.187604968E+02  -0.189356418E+02  -0.191838558E+02  -0.190808579E+02  -0.175028444E+02  -0.153297328E+02  -0.174408340E+02  -0.178024029E+02  -0.169688606E+02
   0.114000043E+07   0.950759141E+04  -0.186284635E+02  -0.188734992E+02  -0.188897051E+02  -0.187893517E+02  -0.186381388E+02  -0.194327069E+02  -0.187493860E+02  -0.189298116E+02  -0.191842062E+02  -0.190779632E+02  -0.174672938E+02  -0.152672978E+02  -0.174038336E+02  -0.177709275E+02  -0.169279752E+02
   0.115000250E+07   0.943521471E+04  -0.186112049E+02  -0.188640184E+02  -0.188860121E+02  -0.187886275E+02  -0.186395307E+02  -0.194158164E+02  -0.187382721E+02  -0.189239018E+02  -0.191843873E+02  -0.190749462E+02  -0.174320941E+02  -0.152056032E+02  -0.173672052E+02  -0.177397440E+02  -0.168875181E+02
   0.116000533E+07   0.936391279E+04  -0.185940411E+02  -0.188545170E+02  -0.188822123E+02  -0.187877526E+02  -0.186407405E+02  -0.193990153E+02  -0.187271617E+02  -0.189179182E+02  -0.191844043E+02  -0.190718126E+02  -0.173972557E+02  -0.151446632E+02  -0.173309593E+02  -0.177088621E+02  -0.168475003E+02
   0.117000476E+07   0.929368953E+04  -0.185769761E+02  -0.188449984E+02  -0.188783092E+02  -0.187867301E+02  -0.186417712E+02  -0.193823074E+02  -0.187160585E+02  -0.189118643E+02  -0.191842602E+02  -0.190685655E+02  -0.173627834E+02  -0.150844843E+02  -0.172951008E+02  -0.176782865E+02  -0.168079270E+02
   0.118000518E+07   0.922447998E+04  -0.185599976E+02  -0.188354573E+02  -0.188743026E+02  -0.187855624E+02  -0.186426270E+02  -0.193656809E+02  -0.187049557E+02  -0.189057379E+02  -0.191839582E+02  -0.190652054E+02  -0.173286488E+02  -0.150250142E+02  -0.172596001E+02  -0.176479924E+02  -0.167687651E+02
   0.119000066E+07   0.915630388E+04  -0.185431144E+02  -0.188259005E+02  -0.188701976E+02  -0.187842540E+02  -0.186433120E+02  -0.193491445E+02  -0.186938605E+02  -0.188995448E+02  -0.191835026E+02  -0.190617373E+02  -0.172948658E+02  -0.149662740E+02  -0.172244713E+02  -0.176179925E+02  -0.167300297E+02
   0.120000044E+07   0.908906558E+04  -0.185263067E+02  -0.188163185E+02  -0.188659923E+02  -0.187828068E+02  -0.186438307E+02  -0.193326788E+02  -0.186827613E+02  -0.188932802E+02  -0.191828965E+02  -0.190581601E+02  -0.172613908E+02  -0.149081850E+02  -0.171896689E+02  -0.175882485E+02  -0.166916705E+02
   0.121000591E+07   0.902274669E+04  -0.185095724E+02  -0.188067110E+02  -0.188616880E+02  -0.187812230E+02  -0.186441859E+02  -0.193162817E+02  -0.186716573E+02  -0.188869447E+02  -0.191821422E+02  -0.190544754E+02  -0.172282170E+02  -0.148507339E+02  -0.171551860E+02  -0.175587548E+02  -0.166536793E+02
   0.122000109E+07   0.895742984E+04  -0.184901278E+02  -0.187955503E+02  -0.188566890E+02  -0.187793946E+02  -0.186446304E+02  -0.192972357E+02  -0.186587554E+02  -0.188795706E+02  -0.191812853E+02  -0.190502061E+02  -0.171901505E+02  -0.147847927E+02  -0.171154858E+02  -0.175249061E+02  -0.166106719E+02
   0.123000262E+07   0.889298632E+04  -0.184693101E+02  -0.187835726E+02  -0.188512853E+02  -0.187773782E+02  -0.186450480E+02  -0.192768463E+02  -0.186449187E+02  -0.188716262E+02  -0.191803088E+02  -0.190455853E+02  -0.171496784E+02  -0.147147288E+02  -0.170732202E+02  -0.174889083E+02  -0.165652216E+02
   0.124000197E+07   0.882945320E+04  -0.184486367E+02  -0.187716142E+02  -0.188458082E+02  -0.187752405E+02  -0.186453099E+02  -0.192565951E+02  -0.186311278E+02  -0.188636443E+02  -0.191791963E+02  -0.190408800E+02  -0.171096283E+02  -0.146455049E+02  -0.170314020E+02  -0.174532693E+02  -0.165202635E+02
   0.125000332E+07   0.876677853E+04  -0.184280959E+02  -0.187596708E+02  -0.188402585E+02  -0.187729850E+02  -0.186454216E+02  -0.192364709E+02  -0.186173766E+02  -0.188556235E+02  -0.191779522E+02  -0.190360916E+02  -0.170699726E+02  -0.145770697E+02  -0.169900021E+02  -0.174179652E+02  -0.164757663E+02
   0.126000275E+07   0.870497949E+04  -0.184076987E+02  -0.187477508E+02  -0.188346427E+02  -0.187706176E+02  -0.186453882E+02  -0.192164844E+02  -0.186036739E+02  -0.188475713E+02  -0.191765819E+02  -0.190312266E+02  -0.170307275E+02  -0.145094471E+02  -0.169490371E+02  -0.173830108E+02  -0.164317472E+02
   0.127000151E+07   0.864401376E+04  -0.183874370E+02  -0.187358521E+02  -0.188289633E+02  -0.187681427E+02  -0.186452159E+02  -0.191966279E+02  -0.185900167E+02  -0.188394882E+02  -0.191750907E+02  -0.190262878E+02  -0.169918722E+02  -0.144425969E+02  -0.169084851E+02  -0.173483883E+02  -0.163881823E+02
   0.128000226E+07   0.858385714E+04  -0.183673063E+02  -0.187239733E+02  -0.188232213E+02  -0.187655626E+02  -0.186449079E+02  -0.191768970E+02  -0.185764027E+02  -0.188313745E+02  -0.191734814E+02  -0.190212765E+02  -0.169533946E+02  -0.143764960E+02  -0.168683333E+02  -0.173140874E+02  -0.163450576E+02
   0.129000305E+07   0.852451641E+04  -0.183473127E+02  -0.187121197E+02  -0.188174212E+02  -0.187628815E+02  -0.186444681E+02  -0.191572977E+02  -0.185628373E+02  -0.188232347E+02  -0.191717578E+02  -0.190161973E+02  -0.169153028E+02  -0.143111555E+02  -0.168285901E+02  -0.172801157E+02  -0.163023817E+02
   0.130000715E+07   0.846596442E+04  -0.183274504E+02  -0.187002892E+02  -0.188115637E+02  -0.187601017E+02  -0.186438997E+02  -0.191378246E+02  -0.185493179E+02  -0.188150688E+02  -0.191699228E+02  -0.190110512E+02  -0.168775830E+02  -0.142465492E+02  -0.167892408E+02  -0.172464611E+02  -0.162601387E+02
   0.131000031E+07   0.840828233E+04  -0.183077513E+02  -0.186885026E+02  -0.188056614E+02  -0.187572313E+02  -0.186432079E+02  -0.191185088E+02  -0.185358675E+02  -0.188068924E+02  -0.191679832E+02  -0.190058496E+02  -0.168402917E+02  -0.141827708E+02  -0.167503442E+02  -0.172131746E+02  -0.162183915E+02
   0.132000205E+07   0.835134498E+04  -0.182881768E+02  -0.186767384E+02  -0.187997056E+02  -0.187542682E+02  -0.186423953E+02  -0.190993127E+02  -0.185224609E+02  -0.187986918E+02  -0.191659389E+02  -0.190005855E+02  -0.168033521E+02  -0.141196862E+02  -0.167118200E+02  -0.171801882E+02  -0.161770535E+02
   0.133000485E+07   0.829519773E+04  -0.182687450E+02  -0.186650085E+02  -0.187937035E+02  -0.187512173E+02  -0.186414650E+02  -0.190802541E+02  -0.185091115E+02  -0.187904760E+02  -0.191637940E+02  -0.189952654E+02  -0.167667961E+02  -0.140573480E+02  -0.166737015E+02  -0.171475306E+02  -0.161361602E+02
   0.134000605E+07   0.823985197E+04  -0.182494640E+02  -0.186533196E+02  -0.187876605E+02  -0.187480834E+02  -0.186404215E+02  -0.190613410E+02  -0.184958261E+02  -0.187822509E+02  -0.191615531E+02  -0.189898948E+02  -0.167306355E+02  -0.139957731E+02  -0.166360006E+02  -0.171152126E+02  -0.160957241E+02
   0.135000261E+07   0.818532080E+04  -0.182303404E+02  -0.186416762E+02  -0.187815800E+02  -0.187448692E+02  -0.186392668E+02  -0.190425797E+02  -0.184826097E+02  -0.187740205E+02  -0.191592188E+02  -0.189844767E+02  -0.166948806E+02  -0.139349781E+02  -0.165987281E+02  -0.170832438E+02  -0.160557566E+02
   0.136000057E+07   0.813157793E+04  -0.182113675E+02  -0.186300754E+02  -0.187754618E+02  -0.187415758E+02  -0.186380032E+02  -0.190239640E+02  -0.184694588E+02  -0.187657834E+02  -0.191567926E+02  -0.189790113E+02  -0.166595169E+02  -0.138749362E+02  -0.165618687E+02  -0.170516115E+02  -0.160162413E+02
   0.137000342E+07   0.807859434E+04  -0.181925428E+02  -0.186185187E+02  -0.187693101E+02  -0.187382090E+02  -0.186366376E+02  -0.190054915E+02  -0.184563738E+02  -0.187575428E+02  -0.191542808E+02  -0.189735033E+02  -0.166245330E+02  -0.138156228E+02  -0.165254103E+02  -0.170203062E+02  -0.159771644E+02
   0.138000704E+07   0.802638762E+04  -0.181738727E+02  -0.186070100E+02  -0.187631272E+02  -0.187347702E+02  -0.186351705E+02  -0.189871684E+02  -0.184433592E+02  -0.187493015E+02  -0.191516844E+02  -0.189679546E+02  -0.165899406E+02  -0.137570575E+02  -0.164893650E+02  -0.169893385E+02  -0.159385390E+02
   0.139000694E+07   0.797498398E+04  -0.181527917E+02  -0.185940489E+02  -0.187561996E+02  -0.187309644E+02  -0.186336233E+02  -0.189664870E+02  -0.184286896E+02  -0.187400281E+02  -0.191488421E+02  -0.189617579E+02  -0.165512279E+02  -0.136914209E+02  -0.164489103E+02  -0.169546781E+02  -0.158960335E+02
   0.140000663E+07   0.792436276E+04  -0.181292360E+02  -0.185795996E+02  -0.187485124E+02  -0.187267878E+02  -0.186320001E+02  -0.189433854E+02  -0.184123236E+02  -0.187296994E+02  -0.191457534E+02  -0.189549011E+02  -0.165082790E+02  -0.136185093E+02  -0.164039223E+02  -0.169162218E+02  -0.158495346E+02
   0.141000230E+07   0.787440500E+04  -0.181059175E+02  -0.185652682E+02  -0.187408545E+02  -0.187225944E+02  -0.186303266E+02  -0.189205150E+02  -0.183961005E+02  -0.187194345E+02  -0.191426337E+02  -0.189480626E+02  -0.164658215E+02  -0.135464818E+02  -0.163594525E+02  -0.168781980E+02  -0.158035735E+02
   0.142000153E+07   0.782531284E+04  -0.180828528E+02  -0.185510348E+02  -0.187331789E+02  -0.187183233E+02  -0.186285319E+02  -0.188978905E+02  -0.183800082E+02  -0.187091971E+02  -0.191394178E+02  -0.189411922E+02  -0.164239492E+02  -0.134755519E+02  -0.163156028E+02  -0.168406827E+02  -0.157582584E+02
   0.143000351E+07   0.777701867E+04  -0.180600689E+02  -0.185369387E+02  -0.187255341E+02  -0.187140277E+02  -0.186266722E+02  -0.188755398E+02  -0.183640835E+02  -0.186990321E+02  -0.191361600E+02  -0.189343395E+02  -0.163826636E+02  -0.134056810E+02  -0.162723719E+02  -0.168036832E+02  -0.157135860E+02
   0.144000413E+07   0.772950405E+04  -0.180375557E+02  -0.185229731E+02  -0.187179156E+02  -0.187097043E+02  -0.186247456E+02  -0.188534528E+02  -0.183483187E+02  -0.186889341E+02  -0.191328578E+02  -0.189275004E+02  -0.163419474E+02  -0.133368408E+02  -0.162297418E+02  -0.167671839E+02  -0.156695375E+02
   0.145000450E+07   0.768276710E+04  -0.180153148E+02  -0.185091398E+02  -0.187103256E+02  -0.187053554E+02  -0.186227542E+02  -0.188316310E+02  -0.183327157E+02  -0.186789051E+02  -0.191295134E+02  -0.189206769E+02  -0.163018013E+02  -0.132690311E+02  -0.161877131E+02  -0.167311857E+02  -0.156261137E+02
   0.146000523E+07   0.763681487E+04  -0.179933505E+02  -0.184954419E+02  -0.187027662E+02  -0.187009827E+02  -0.186206994E+02  -0.188100789E+02  -0.183172779E+02  -0.186689477E+02  -0.191261284E+02  -0.189138713E+02  -0.162622324E+02  -0.132022632E+02  -0.161462933E+02  -0.166956951E+02  -0.155833223E+02
   0.147000093E+07   0.759168498E+04  -0.179716835E+02  -0.184818935E+02  -0.186952463E+02  -0.186965926E+02  -0.186185857E+02  -0.187888167E+02  -0.183020207E+02  -0.186590728E+02  -0.191227082E+02  -0.189070916E+02  -0.162232760E+02  -0.131365943E+02  -0.161055190E+02  -0.166607439E+02  -0.155412008E+02
   0.148000477E+07   0.754736734E+04  -0.179503040E+02  -0.184684864E+02  -0.186877593E+02  -0.186921789E+02  -0.186164075E+02  -0.187678346E+02  -0.182869355E+02  -0.186492731E+02  -0.191192470E+02  -0.189003315E+02  -0.161849181E+02  -0.130720049E+02  -0.160653761E+02  -0.166263193E+02  -0.154997350E+02
   0.149000375E+07   0.750385398E+04  -0.179292268E+02  -0.184552370E+02  -0.186803225E+02  -0.186877598E+02  -0.186141832E+02  -0.187471477E+02  -0.182720384E+02  -0.186395656E+02  -0.191157631E+02  -0.188936085E+02  -0.161471708E+02  -0.130085020E+02  -0.160258760E+02  -0.165924337E+02  -0.154589361E+02
   0.150000558E+07   0.746114406E+04  -0.179084447E+02  -0.184421381E+02  -0.186729289E+02  -0.186833281E+02  -0.186119059E+02  -0.187267487E+02  -0.182573223E+02  -0.186299433E+02  -0.191122493E+02  -0.188869154E+02  -0.161100263E+02  -0.129460775E+02  -0.159870112E+02  -0.165590798E+02  -0.154187963E+02
   0.151000146E+07   0.741928323E+04  -0.178879846E+02  -0.184292085E+02  -0.186655912E+02  -0.186788933E+02  -0.186095827E+02  -0.187066641E+02  -0.182428077E+02  -0.186204211E+02  -0.191087143E+02  -0.188802643E+02  -0.160735291E+02  -0.128848029E+02  -0.159488279E+02  -0.165262977E+02  -0.153793635E+02
   0.152000362E+07   0.737822078E+04  -0.178678247E+02  -0.184164355E+02  -0.186583034E+02  -0.186744532E+02  -0.186072138E+02  -0.186868725E+02  -0.182284798E+02  -0.186109905E+02  -0.191051566E+02  -0.188736500E+02  -0.160376380E+02  -0.128246069E+02  -0.159112827E+02  -0.164940509E+02  -0.153405926E+02
   0.153000180E+07   0.733800576E+04  -0.178479917E+02  -0.184038368E+02  -0.186510768E+02  -0.186700154E+02  -0.186048046E+02  -0.186674001E+02  -0.182143584E+02  -0.186016653E+02  -0.191015832E+02  -0.188670830E+02  -0.160023984E+02  -0.127655640E+02  -0.158744233E+02  -0.164623804E+02  -0.153025327E+02
   0.154000371E+07   0.729861110E+04  -0.178284740E+02  -0.183914060E+02  -0.186439084E+02  -0.186655790E+02  -0.186023553E+02  -0.186482358E+02  -0.182004359E+02  -0.185924411E+02  -0.190979935E+02  -0.188605608E+02  -0.159677884E+02  -0.127076363E+02  -0.158382265E+02  -0.164312667E+02  -0.152651600E+02
   0.155000559E+07   0.726004992E+04  -0.178092805E+02  -0.183791494E+02  -0.186368029E+02  -0.186611477E+02  -0.185998691E+02  -0.186293881E+02  -0.181867192E+02  -0.185833233E+02  -0.190943909E+02  -0.188540878E+02  -0.159338220E+02  -0.126508455E+02  -0.158027068E+02  -0.164007225E+02  -0.152284893E+02
   0.156000389E+07   0.722233558E+04  -0.177904213E+02  -0.183670747E+02  -0.186297662E+02  -0.186567264E+02  -0.185973502E+02  -0.186108672E+02  -0.181732164E+02  -0.185743186E+02  -0.190907802E+02  -0.188476697E+02  -0.159005142E+02  -0.125952146E+02  -0.157678798E+02  -0.163707619E+02  -0.151925366E+02
   0.157000278E+07   0.718549139E+04  -0.177719010E+02  -0.183551824E+02  -0.186227957E+02  -0.186523110E+02  -0.185947933E+02  -0.185926773E+02  -0.181599291E+02  -0.185654254E+02  -0.190871567E+02  -0.188413035E+02  -0.158678787E+02  -0.125407711E+02  -0.157337603E+02  -0.163413963E+02  -0.151573172E+02
   0.158000534E+07   0.714942287E+04  -0.177536986E+02  -0.183434684E+02  -0.186158998E+02  -0.186479165E+02  -0.185922181E+02  -0.185747984E+02  -0.181468493E+02  -0.185566473E+02  -0.190835374E+02  -0.188349993E+02  -0.158358582E+02  -0.124874016E+02  -0.157002870E+02  -0.163125769E+02  -0.151227672E+02
   0.159000336E+07   0.711418536E+04  -0.177358263E+02  -0.183319352E+02  -0.186090737E+02  -0.186435340E+02  -0.185896131E+02  -0.185572422E+02  -0.181339818E+02  -0.185479823E+02  -0.190799122E+02  -0.188287511E+02  -0.158044863E+02  -0.124351726E+02  -0.156674957E+02  -0.162843323E+02  -0.150889241E+02
   0.160000651E+07   0.707976023E+04  -0.177182769E+02  -0.183205785E+02  -0.186023157E+02  -0.186391634E+02  -0.185869789E+02  -0.185400015E+02  -0.181213217E+02  -0.185394279E+02  -0.190762814E+02  -0.188225577E+02  -0.157737484E+02  -0.123840585E+02  -0.156353711E+02  -0.162566497E+02  -0.150557720E+02
   0.161000101E+07   0.704618850E+04  -0.177010738E+02  -0.183094148E+02  -0.185956365E+02  -0.186348124E+02  -0.185843214E+02  -0.185230995E+02  -0.181088867E+02  -0.185309968E+02  -0.190726520E+02  -0.188164292E+02  -0.157436839E+02  -0.123341228E+02  -0.156039543E+02  -0.162295646E+02  -0.150233531E+02
   0.162000363E+07   0.701341312E+04  -0.176841891E+02  -0.182984262E+02  -0.185890261E+02  -0.186304750E+02  -0.185816372E+02  -0.185065088E+02  -0.180966571E+02  -0.185226761E+02  -0.190690190E+02  -0.188103564E+02  -0.157142428E+02  -0.122852820E+02  -0.155731930E+02  -0.162030324E+02  -0.149916134E+02
   0.163000447E+07   0.698146368E+04  -0.176645266E+02  -0.182857032E+02  -0.185814340E+02  -0.186255806E+02  -0.185787145E+02  -0.184872005E+02  -0.180824742E+02  -0.185130681E+02  -0.190649652E+02  -0.188034243E+02  -0.156802768E+02  -0.122287268E+02  -0.155375731E+02  -0.161725299E+02  -0.149556450E+02
   0.164000717E+07   0.695031945E+04  -0.176430747E+02  -0.182718568E+02  -0.185731979E+02  -0.186203143E+02  -0.185756243E+02  -0.184661416E+02  -0.180670282E+02  -0.185026210E+02  -0.190606270E+02  -0.187959275E+02  -0.156434264E+02  -0.121672619E+02  -0.154988516E+02  -0.161394987E+02  -0.149170107E+02
   0.165000498E+07   0.692000424E+04  -0.176221030E+02  -0.182582881E+02  -0.185650901E+02  -0.186150974E+02  -0.185725256E+02  -0.184455524E+02  -0.180519025E+02  -0.184923612E+02  -0.190563134E+02  -0.187885395E+02  -0.156074661E+02  -0.121073423E+02  -0.154610700E+02  -0.161072560E+02  -0.148793140E+02
   0.166000442E+07   0.689052768E+04  -0.176016085E+02  -0.182449917E+02  -0.185571036E+02  -0.186099218E+02  -0.185694095E+02  -0.184254298E+02  -0.180370922E+02  -0.184822822E+02  -0.190520161E+02  -0.187812527E+02  -0.155723976E+02  -0.120489773E+02  -0.154242305E+02  -0.160758022E+02  -0.148425571E+02
   0.167000144E+07   0.686186089E+04  -0.175815960E+02  -0.182319797E+02  -0.185492557E+02  -0.186048074E+02  -0.185662981E+02  -0.184057791E+02  -0.180226079E+02  -0.184723992E+02  -0.190477559E+02  -0.187740853E+02  -0.155382116E+02  -0.119921347E+02  -0.153883222E+02  -0.160451316E+02  -0.148067290E+02
   0.168000610E+07   0.683396124E+04  -0.175620276E+02  -0.182192244E+02  -0.185415261E+02  -0.185997383E+02  -0.185631785E+02  -0.183865627E+02  -0.180084197E+02  -0.184626891E+02  -0.190435182E+02  -0.187670181E+02  -0.155048489E+02  -0.119367218E+02  -0.153532833E+02  -0.160151902E+02  -0.147717682E+02
   0.169000119E+07   0.680687476E+04  -0.175429415E+02  -0.182067529E+02  -0.185339339E+02  -0.185947291E+02  -0.185600617E+02  -0.183678183E+02  -0.179945570E+02  -0.184531740E+02  -0.190393160E+02  -0.187600689E+02  -0.154723705E+02  -0.118828359E+02  -0.153191776E+02  -0.159860335E+02  -0.147377383E+02
   0.170000254E+07   0.678056306E+04  -0.175243117E+02  -0.181945484E+02  -0.185264692E+02  -0.185897734E+02  -0.185569445E+02  -0.183495205E+02  -0.179810011E+02  -0.184438414E+02  -0.190351444E+02  -0.187532288E+02  -0.154407316E+02  -0.118304018E+02  -0.152859578E+02  -0.159576211E+02  -0.147045922E+02
   0.171000606E+07   0.675504496E+04  -0.175061477E+02  -0.181826160E+02  -0.185191336E+02  -0.185848711E+02  -0.185538252E+02  -0.183316786E+02  -0.179677581E+02  -0.184346943E+02  -0.190310025E+02  -0.187464989E+02  -0.154099508E+02  -0.117794530E+02  -0.152536439E+02  -0.159299697E+02  -0.146723498E+02
   0.172000421E+07   0.673033734E+04  -0.174884622E+02  -0.181709641E+02  -0.185119326E+02  -0.185800262E+02  -0.185507066E+02  -0.183143048E+02  -0.179548373E+02  -0.184257392E+02  -0.190268938E+02  -0.187398844E+02  -0.153800493E+02  -0.117300241E+02  -0.152222579E+02  -0.159030980E+02  -0.146410330E+02
   0.173000592E+07   0.670640370E+04  -0.174712356E+02  -0.181595821E+02  -0.185048619E+02  -0.185752378E+02  -0.185475905E+02  -0.182973802E+02  -0.179422260E+02  -0.184169696E+02  -0.190228186E+02  -0.187333820E+02  -0.153509893E+02  -0.116820484E+02  -0.151917600E+02  -0.158769730E+02  -0.146106021E+02
   0.174000319E+07   0.668325284E+04  -0.174544766E+02  -0.181484766E+02  -0.184979268E+02  -0.185705103E+02  -0.185444806E+02  -0.182809133E+02  -0.179299315E+02  -0.184083909E+02  -0.190187809E+02  -0.187269964E+02  -0.153227839E+02  -0.116355459E+02  -0.151621637E+02  -0.158516066E+02  -0.145810706E+02
   0.175000512E+07   0.666088147E+04  -0.174381712E+02  -0.181376342E+02  -0.184911144E+02  -0.185658312E+02  -0.185413646E+02  -0.182648902E+02  -0.179179401E+02  -0.183999904E+02  -0.190147684E+02  -0.187207151E+02  -0.152954175E+02  -0.115904985E+02  -0.151334532E+02  -0.158269836E+02  -0.145524228E+02
   0.176000679E+07   0.663927087E+04  -0.174223238E+02  -0.181270642E+02  -0.184844372E+02  -0.185612148E+02  -0.185382582E+02  -0.182493155E+02  -0.179062601E+02  -0.183917791E+02  -0.190107960E+02  -0.187145509E+02  -0.152688853E+02  -0.115468866E+02  -0.151056227E+02  -0.158031015E+02  -0.145246527E+02
   0.177000382E+07   0.661840370E+04  -0.174069202E+02  -0.181167564E+02  -0.184778884E+02  -0.185566558E+02  -0.185351572E+02  -0.182341752E+02  -0.178948806E+02  -0.183837489E+02  -0.190068588E+02  -0.187084975E+02  -0.152431644E+02  -0.115046736E+02  -0.150786481E+02  -0.157799396E+02  -0.144977366E+02
   0.178000239E+07   0.659825569E+04  -0.173919444E+02  -0.181067007E+02  -0.184714622E+02  -0.185521509E+02  -0.185320600E+02  -0.182194536E+02  -0.178837901E+02  -0.183758924E+02  -0.190029543E+02  -0.187025496E+02  -0.152182269E+02  -0.114638123E+02  -0.150525001E+02  -0.157574728E+02  -0.144716450E+02
   0.179000747E+07   0.657881079E+04  -0.173773838E+02  -0.180968887E+02  -0.184651529E+02  -0.185476958E+02  -0.185289636E+02  -0.182051384E+02  -0.178729794E+02  -0.183682027E+02  -0.189990786E+02  -0.186967019E+02  -0.151940523E+02  -0.114242697E+02  -0.150271573E+02  -0.157356828E+02  -0.144463566E+02
   0.180000426E+07   0.656007882E+04  -0.173632505E+02  -0.180873297E+02  -0.184589683E+02  -0.185432975E+02  -0.185258741E+02  -0.181912414E+02  -0.178624583E+02  -0.183606883E+02  -0.189952384E+02  -0.186909619E+02  -0.151706574E+02  -0.113860701E+02  -0.150026370E+02  -0.157145850E+02  -0.144218888E+02
   0.181000560E+07   0.654201459E+04  -0.173495132E+02  -0.180780037E+02  -0.184528963E+02  -0.185389481E+02  -0.185227869E+02  -0.181777320E+02  -0.178522045E+02  -0.183533340E+02  -0.189914273E+02  -0.186853188E+02  -0.151479887E+02  -0.113491245E+02  -0.149788830E+02  -0.156941315E+02  -0.143981853E+02
   0.182000723E+07   0.652460154E+04  -0.173361648E+02  -0.180689075E+02  -0.184469370E+02  -0.185346492E+02  -0.185197047E+02  -0.181646033E+02  -0.178422141E+02  -0.183461385E+02  -0.189876473E+02  -0.186797728E+02  -0.151260309E+02  -0.113134044E+02  -0.149558789E+02  -0.156743090E+02  -0.143752300E+02
   0.183000209E+07   0.650786003E+04  -0.173232056E+02  -0.180600367E+02  -0.184410819E+02  -0.185303906E+02  -0.185166158E+02  -0.181518554E+02  -0.178324834E+02  -0.183390950E+02  -0.189838875E+02  -0.186743152E+02  -0.151047943E+02  -0.112789364E+02  -0.149336365E+02  -0.156551254E+02  -0.143530345E+02
   0.184000706E+07   0.649172101E+04  -0.173106099E+02  -0.180513821E+02  -0.184353346E+02  -0.185261823E+02  -0.185135351E+02  -0.181394633E+02  -0.178229999E+02  -0.183322019E+02  -0.189801601E+02  -0.186689510E+02  -0.150842190E+02  -0.112456058E+02  -0.149120916E+02  -0.156365293E+02  -0.143315348E+02
   0.185000005E+07   0.647619578E+04  -0.172983736E+02  -0.180429371E+02  -0.184296863E+02  -0.185220145E+02  -0.185104521E+02  -0.181274230E+02  -0.178137575E+02  -0.183254515E+02  -0.189764549E+02  -0.186636713E+02  -0.150643067E+02  -0.112134233E+02  -0.148912465E+02  -0.156185208E+02  -0.143107332E+02
   0.186000731E+07   0.646122148E+04  -0.172864521E+02  -0.180346723E+02  -0.184241190E+02  -0.185178751E+02  -0.185073590E+02  -0.181156904E+02  -0.178047237E+02  -0.183188212E+02  -0.189727617E+02  -0.186584594E+02  -0.150449815E+02  -0.111822633E+02  -0.148710217E+02  -0.156010319E+02  -0.142905503E+02
   0.187000119E+07   0.644682073E+04  -0.172748675E+02  -0.180266044E+02  -0.184186452E+02  -0.185137745E+02  -0.185042646E+02  -0.181042875E+02  -0.177959161E+02  -0.183123251E+02  -0.189690903E+02  -0.186533275E+02  -0.150262768E+02  -0.111521771E+02  -0.148514518E+02  -0.155840932E+02  -0.142710207E+02
   0.188000166E+07   0.643294653E+04  -0.172635816E+02  -0.180187067E+02  -0.184132468E+02  -0.185096991E+02  -0.185011586E+02  -0.180931767E+02  -0.177873058E+02  -0.183059417E+02  -0.189654283E+02  -0.186482584E+02  -0.150081312E+02  -0.111230662E+02  -0.148324727E+02  -0.155676490E+02  -0.142520804E+02
   0.189000359E+07   0.641957667E+04  -0.172525837E+02  -0.180109736E+02  -0.184079221E+02  -0.185056494E+02  -0.184980430E+02  -0.180823474E+02  -0.177788861E+02  -0.182996679E+02  -0.189617770E+02  -0.186432512E+02  -0.149905229E+02  -0.110948911E+02  -0.148140610E+02  -0.155516802E+02  -0.142337062E+02
   0.190000542E+07   0.640669392E+04  -0.172418630E+02  -0.180033989E+02  -0.184026681E+02  -0.185016238E+02  -0.184949176E+02  -0.180717893E+02  -0.177706497E+02  -0.182934994E+02  -0.189581353E+02  -0.186383030E+02  -0.149734326E+02  -0.110676191E+02  -0.147961968E+02  -0.155361697E+02  -0.142158780E+02
   0.191000693E+07   0.639428399E+04  -0.172314055E+02  -0.179959720E+02  -0.183974767E+02  -0.184976158E+02  -0.184917767E+02  -0.180614884E+02  -0.177625854E+02  -0.182874270E+02  -0.189544970E+02  -0.186334061E+02  -0.149568394E+02  -0.110412178E+02  -0.147788579E+02  -0.155210983E+02  -0.141985739E+02
   0.192000310E+07   0.638232676E+04  -0.172211993E+02  -0.179886858E+02  -0.183923444E+02  -0.184936238E+02  -0.184886201E+02  -0.180514331E+02  -0.177546851E+02  -0.182814459E+02  -0.189508613E+02  -0.186285577E+02  -0.149407212E+02  -0.110156494E+02  -0.147620214E+02  -0.155064465E+02  -0.141817709E+02
   0.193000363E+07   0.637077491E+04  -0.172112212E+02  -0.179815285E+02  -0.183872682E+02  -0.184896491E+02  -0.184854526E+02  -0.180416007E+02  -0.177469345E+02  -0.182755495E+02  -0.189472308E+02  -0.186237557E+02  -0.149250315E+02  -0.109908298E+02  -0.147456377E+02  -0.154921734E+02  -0.141654195E+02
   0.194000495E+07   0.635961512E+04  -0.172014633E+02  -0.179744960E+02  -0.183822459E+02  -0.184856910E+02  -0.184822742E+02  -0.180319837E+02  -0.177393288E+02  -0.182697350E+02  -0.189436053E+02  -0.186189984E+02  -0.149097561E+02  -0.109667343E+02  -0.147296917E+02  -0.154782664E+02  -0.141495048E+02
   0.195000770E+07   0.634883826E+04  -0.171919125E+02  -0.179675768E+02  -0.183772681E+02  -0.184817408E+02  -0.184790771E+02  -0.180225688E+02  -0.177318561E+02  -0.182639922E+02  -0.189399762E+02  -0.186142764E+02  -0.148948768E+02  -0.109433376E+02  -0.147141650E+02  -0.154647088E+02  -0.141340083E+02
   0.196000683E+07   0.633844433E+04  -0.171825569E+02  -0.179607595E+02  -0.183723231E+02  -0.184777870E+02  -0.184758495E+02  -0.180133444E+02  -0.177245050E+02  -0.182583093E+02  -0.189363321E+02  -0.186095781E+02  -0.148803823E+02  -0.109206284E+02  -0.146990460E+02  -0.154514888E+02  -0.141189184E+02
   0.197000389E+07   0.632840015E+04  -0.171733862E+02  -0.179540415E+02  -0.183674145E+02  -0.184738362E+02  -0.184726004E+02  -0.180043004E+02  -0.177172711E+02  -0.182526877E+02  -0.189326806E+02  -0.186049079E+02  -0.148662454E+02  -0.108985532E+02  -0.146843057E+02  -0.154385837E+02  -0.141042062E+02
   0.198000497E+07   0.631867202E+04  -0.171643861E+02  -0.179474171E+02  -0.183625424E+02  -0.184698918E+02  -0.184693358E+02  -0.179954231E+02  -0.177101471E+02  -0.182471250E+02  -0.189290261E+02  -0.186002669E+02  -0.148524355E+02  -0.108770548E+02  -0.146699113E+02  -0.154259668E+02  -0.140898390E+02
