59562.45779 g 16.302 0.013
59562.45877 r 16.082 0.012
59562.45972 i 16.032 0.013
59562.46069 z 16.159 0.016
59563.50907 g 15.797 0.015
59563.51200 z 16.078 0.020
59564.49664 g 16.405 0.012
59564.49763 r 16.108 0.012
59564.49861 i 16.058 0.013
59564.49958 z 16.126 0.015
59570.44953 g 16.811 0.013
59570.45046 r 16.435 0.012
59570.45140 i 16.368 0.013
59570.45235 z 16.293 0.016
59571.59869 g 16.800 0.013
59571.59965 r 16.389 0.013
59571.60061 i 16.309 0.013
59571.60157 z 16.317 0.017
59572.51476 r 16.425 0.012
59572.51573 i 16.304 0.013
59572.51670 z 16.276 0.015
59575.69824 g 17.022 0.014
59575.69918 r 16.507 0.013
59575.70014 i 16.442 0.014
59575.70109 z 16.417 0.018
59576.49377 g 16.983 0.013
59576.49473 r 16.491 0.012
59576.49571 i 16.390 0.013
59576.49669 z 16.385 0.016
59577.46169 g 17.033 0.013
59577.46264 r 16.521 0.012
59577.46359 i 16.395 0.013
59577.46453 z 16.339 0.015
59578.47060 g 17.035 0.013
59578.47193 r 16.512 0.012
59578.47326 i 16.453 0.013
59578.47459 z 16.369 0.016
59580.45464 g 17.115 0.013
59580.45594 r 16.552 0.012
59580.45726 i 16.452 0.012
59580.45855 z 16.361 0.015
59581.44755 g 17.151 0.013
59581.44887 r 16.605 0.012
59581.45021 i 16.525 0.014
59581.45155 z 16.416 0.016
59587.45485 g 17.311 0.014
59587.45616 r 16.653 0.013
59587.45748 i 16.596 0.014
59587.45878 z 16.514 0.017
59588.52793 g 17.388 0.013
59588.52925 r 16.709 0.012
59588.53058 i 16.648 0.013
59588.53192 z 16.529 0.015
59591.50285 g 17.632 0.024
59591.50414 r 16.776 0.018
59591.50547 i 16.838 0.022
59591.50679 z 16.709 0.027
59592.45472 g 17.596 0.016
59592.45603 r 16.818 0.013
59592.45734 i 16.787 0.014
59592.45863 z 16.659 0.016
59593.48495 g 17.654 0.015
59593.48626 r 16.868 0.013
59593.48757 i 16.847 0.014
59593.48887 z 16.596 0.015
59594.52356 g 17.679 0.016
59594.52486 r 16.891 0.013
59594.52619 i 16.873 0.014
59594.52751 z 16.714 0.017
59595.47819 g 17.748 0.015
59595.47950 r 16.962 0.013
59595.48081 i 16.918 0.014
59595.48211 z 16.699 0.016
59598.51176 g 17.997 0.019
59598.51308 r 17.068 0.013
59598.51440 i 17.117 0.016
59598.51572 z 16.897 0.019
59602.44692 g 18.577 0.019
59602.44821 r 17.534 0.015
59602.44950 i 17.566 0.017
59602.45079 z 17.200 0.020
59604.45685 g 18.822 0.021
59604.45817 r 17.738 0.015
59604.45949 i 17.849 0.019
59604.46083 z 17.385 0.021
59605.45169 g 18.876 0.018
59605.45302 r 17.834 0.014
59605.45435 i 17.967 0.017
59605.45569 z 17.537 0.019
59606.45691 g 18.995 0.023
59606.45824 r 17.960 0.016
59606.45957 i 18.111 0.023
59606.46090 z 17.604 0.028
59616.45507 g 19.517 0.020
59616.45811 r 18.355 0.015
59616.46117 i 18.525 0.017
59616.46422 z 17.364 0.016
59620.45985 g 19.630 0.030
59620.46288 r 18.331 0.017
59620.46591 i 18.629 0.024
59620.46895 z 17.927 0.027
59621.46458 g 19.671 0.022
59621.46763 r 18.404 0.016
59621.47066 i 18.635 0.023
59621.47370 z 18.116 0.026
59622.47000 g 19.633 0.031
59622.47303 r 18.397 0.016
59622.47611 i 18.821 0.024
59622.47917 z 18.092 0.026
59766.82155 g >21.011 0.000
59766.82462 r >21.645 0.000
59766.82769 i 20.689 0.282
59766.83074 z >20.010 0.000
59784.79821 g >21.309 0.000
59784.80126 r >21.061 0.000
59784.80433 i 20.782 0.233
59784.80742 z 20.266 0.115
59785.84584 g >21.467 0.000
59785.84584 g >21.234 0.000
59785.84899 r >21.289 0.000
59785.84899 r >21.382 0.000
59785.85216 i >21.195 0.000
59785.85216 i >20.600 0.000
59785.85531 z >19.880 0.000