   0.000000000E+00   0.500000000E+04  -0.363934320E+01  -0.484743220E+01  -0.557312790E+01  -0.584816720E+01  -0.597134520E+01  -0.449318320E+01  -0.452115320E+01  -0.533416920E+01  -0.636025520E+01  -0.585495520E+01  -0.507243197E+00   0.482596680E+01  -0.213463197E+00  -0.131977320E+01   0.266906803E+00
   0.100003251E+05   0.500000000E+04  -0.414577280E+01  -0.535386180E+01  -0.607955750E+01  -0.635459680E+01  -0.647777480E+01  -0.499961280E+01  -0.502758280E+01  -0.584059880E+01  -0.686668480E+01  -0.636138480E+01  -0.101367280E+01   0.431953720E+01  -0.719892800E+00  -0.182620280E+01  -0.239522800E+00
   0.200000811E+05   0.500000000E+04  -0.408274851E+01  -0.529083751E+01  -0.601653321E+01  -0.629157251E+01  -0.641475051E+01  -0.493658851E+01  -0.496455851E+01  -0.577757451E+01  -0.680366051E+01  -0.629836051E+01  -0.950648512E+00   0.438256149E+01  -0.656868512E+00  -0.176317851E+01  -0.176498512E+00
   0.300001284E+05   0.500000000E+04  -0.403678354E+01  -0.524487254E+01  -0.597056824E+01  -0.624560754E+01  -0.636878554E+01  -0.489062354E+01  -0.491859354E+01  -0.573160954E+01  -0.675769554E+01  -0.625239554E+01  -0.904683538E+00   0.442852646E+01  -0.610903538E+00  -0.171721354E+01  -0.130533538E+00
   0.400001577E+05   0.500000000E+04  -0.401576227E+01  -0.522385127E+01  -0.594954697E+01  -0.622458627E+01  -0.634776427E+01  -0.486960227E+01  -0.489757227E+01  -0.571058827E+01  -0.673667427E+01  -0.623137427E+01  -0.883662275E+00   0.444954773E+01  -0.589882275E+00  -0.169619227E+01  -0.109512275E+00
   0.500001663E+05   0.500000000E+04  -0.400614292E+01  -0.521423192E+01  -0.593992762E+01  -0.621496692E+01  -0.633814492E+01  -0.485998292E+01  -0.488795292E+01  -0.570096892E+01  -0.672705492E+01  -0.622175492E+01  -0.874042917E+00   0.445916708E+01  -0.580262917E+00  -0.168657292E+01  -0.998929166E-01
   0.600000198E+05   0.500000000E+04  -0.400146782E+01  -0.520955682E+01  -0.593525252E+01  -0.621029182E+01  -0.633346982E+01  -0.485530782E+01  -0.488327782E+01  -0.569629382E+01  -0.672237982E+01  -0.621707982E+01  -0.869367819E+00   0.446384218E+01  -0.575587819E+00  -0.168189782E+01  -0.952178192E-01
   0.700000194E+05   0.500000000E+04  -0.399885363E+01  -0.520694263E+01  -0.593263833E+01  -0.620767763E+01  -0.633085563E+01  -0.485269363E+01  -0.488066363E+01  -0.569367963E+01  -0.671976563E+01  -0.621446563E+01  -0.866753630E+00   0.446645637E+01  -0.572973630E+00  -0.167928363E+01  -0.926036299E-01
   0.800001507E+05   0.500000000E+04  -0.399679824E+01  -0.520488724E+01  -0.593058294E+01  -0.620562224E+01  -0.632880024E+01  -0.485063824E+01  -0.487860824E+01  -0.569162424E+01  -0.671771024E+01  -0.621241024E+01  -0.864698237E+00   0.446851176E+01  -0.570918237E+00  -0.167722824E+01  -0.905482370E-01
   0.900002056E+05   0.500000000E+04  -0.399441745E+01  -0.520250645E+01  -0.592820215E+01  -0.620324145E+01  -0.632641945E+01  -0.484825745E+01  -0.487622745E+01  -0.568924345E+01  -0.671532945E+01  -0.621002945E+01  -0.862317452E+00   0.447089255E+01  -0.568537452E+00  -0.167484745E+01  -0.881674522E-01
   0.100000131E+06   0.500000000E+04  -0.399138656E+01  -0.519947556E+01  -0.592517126E+01  -0.620021056E+01  -0.632338856E+01  -0.484522656E+01  -0.487319656E+01  -0.568621256E+01  -0.671229856E+01  -0.620699856E+01  -0.859286562E+00   0.447392344E+01  -0.565506562E+00  -0.167181656E+01  -0.851365617E-01
   0.110000165E+06   0.500000000E+04  -0.398764418E+01  -0.519573318E+01  -0.592142888E+01  -0.619646818E+01  -0.631964618E+01  -0.484148418E+01  -0.486945418E+01  -0.568247018E+01  -0.670855618E+01  -0.620325618E+01  -0.855544178E+00   0.447766582E+01  -0.561764178E+00  -0.166807418E+01  -0.813941784E-01
   0.120000189E+06   0.500000000E+04  -0.398326753E+01  -0.519135653E+01  -0.591705223E+01  -0.619209153E+01  -0.631526953E+01  -0.483710753E+01  -0.486507753E+01  -0.567809353E+01  -0.670417953E+01  -0.619887953E+01  -0.851167532E+00   0.448204247E+01  -0.557387532E+00  -0.166369753E+01  -0.770175323E-01
   0.130000217E+06   0.500000000E+04  -0.397837702E+01  -0.518646602E+01  -0.591216172E+01  -0.618720102E+01  -0.631037902E+01  -0.483221702E+01  -0.486018702E+01  -0.567320302E+01  -0.669928902E+01  -0.619398902E+01  -0.846277019E+00   0.448693298E+01  -0.552497019E+00  -0.165880702E+01  -0.721270191E-01
   0.140000159E+06   0.500000000E+04  -0.397309922E+01  -0.518118822E+01  -0.590688392E+01  -0.618192322E+01  -0.630510122E+01  -0.482693922E+01  -0.485490922E+01  -0.566792522E+01  -0.669401122E+01  -0.618871122E+01  -0.840999223E+00   0.449221078E+01  -0.547219223E+00  -0.165352922E+01  -0.668492231E-01
   0.150000066E+06   0.500000000E+04  -0.396756094E+01  -0.517564994E+01  -0.590134564E+01  -0.617638494E+01  -0.629956294E+01  -0.482140094E+01  -0.484937094E+01  -0.566238694E+01  -0.668847294E+01  -0.618317294E+01  -0.835460938E+00   0.449774906E+01  -0.541680938E+00  -0.164799094E+01  -0.613109383E-01
   0.160000164E+06   0.500000000E+04  -0.396182593E+01  -0.516991493E+01  -0.589561063E+01  -0.617064993E+01  -0.629382793E+01  -0.481566593E+01  -0.484363593E+01  -0.565665193E+01  -0.668273793E+01  -0.617743793E+01  -0.829725928E+00   0.450348407E+01  -0.535945928E+00  -0.164225593E+01  -0.555759277E-01
   0.170000151E+06   0.500000000E+04  -0.395596967E+01  -0.516405867E+01  -0.588975437E+01  -0.616479367E+01  -0.628797167E+01  -0.480980967E+01  -0.483777967E+01  -0.565079567E+01  -0.667688167E+01  -0.617158167E+01  -0.823869666E+00   0.450934033E+01  -0.530089666E+00  -0.163639967E+01  -0.497196663E-01
   0.180000073E+06   0.500000000E+04  -0.395004408E+01  -0.515813308E+01  -0.588382878E+01  -0.615886808E+01  -0.628204608E+01  -0.480388408E+01  -0.483185408E+01  -0.564487008E+01  -0.667095608E+01  -0.616565608E+01  -0.817944079E+00   0.451526592E+01  -0.524164079E+00  -0.163047408E+01  -0.437940791E-01
   0.190000034E+06   0.500000000E+04  -0.394411675E+01  -0.515220575E+01  -0.587790145E+01  -0.615294075E+01  -0.627611875E+01  -0.479795675E+01  -0.482592675E+01  -0.563894275E+01  -0.666502875E+01  -0.615972875E+01  -0.812016747E+00   0.452119325E+01  -0.518236747E+00  -0.162454675E+01  -0.378667467E-01
   0.200000068E+06   0.500000000E+04  -0.393823235E+01  -0.514632135E+01  -0.587201705E+01  -0.614705635E+01  -0.627023435E+01  -0.479207235E+01  -0.482004235E+01  -0.563305835E+01  -0.665914435E+01  -0.615384435E+01  -0.806132351E+00   0.452707765E+01  -0.512352351E+00  -0.161866235E+01  -0.319823508E-01
   0.210000218E+06   0.500000000E+04  -0.393241649E+01  -0.514050549E+01  -0.586620119E+01  -0.614124049E+01  -0.626441849E+01  -0.478625649E+01  -0.481422649E+01  -0.562724249E+01  -0.665332849E+01  -0.614802849E+01  -0.800316485E+00   0.453289351E+01  -0.506536485E+00  -0.161284649E+01  -0.261664851E-01
   0.220000195E+06   0.500000000E+04  -0.392668373E+01  -0.513477273E+01  -0.586046843E+01  -0.613550773E+01  -0.625868573E+01  -0.478052373E+01  -0.480849373E+01  -0.562150973E+01  -0.664759573E+01  -0.614229573E+01  -0.794583735E+00   0.453862627E+01  -0.500803735E+00  -0.160711373E+01  -0.204337349E-01
   0.230000037E+06   0.505836247E+04  -0.796748144E+01  -0.915530478E+01  -0.986622514E+01  -0.101332512E+02  -0.102505072E+02  -0.882022528E+01  -0.883326534E+01  -0.963315631E+01  -0.106428028E+02  -0.101459200E+02  -0.487405183E+01   0.394611028E+00  -0.458564760E+01  -0.567491401E+01  -0.409951080E+01
   0.240000120E+06   0.500000000E+04  -0.796845768E+01  -0.917654668E+01  -0.990224238E+01  -0.101772817E+02  -0.103004597E+02  -0.882229768E+01  -0.885026768E+01  -0.966328368E+01  -0.106893697E+02  -0.101840697E+02  -0.483635768E+01   0.496852322E+00  -0.454257768E+01  -0.564888768E+01  -0.406220768E+01
   0.250000004E+06   0.500000000E+04  -0.839014979E+01  -0.959823879E+01  -0.103239345E+02  -0.105989738E+02  -0.107221518E+02  -0.924398979E+01  -0.927195979E+01  -0.100849758E+02  -0.111110618E+02  -0.106057618E+02  -0.525804979E+01   0.751602124E-01  -0.496426979E+01  -0.607057979E+01  -0.448389979E+01
   0.260000016E+06   0.526737563E+04  -0.907427101E+01  -0.101895170E+02  -0.108475225E+02  -0.110858507E+02  -0.111818986E+02  -0.992308916E+01  -0.988266073E+01  -0.106355471E+02  -0.115863191E+02  -0.111195805E+02  -0.611933143E+01  -0.108183086E+01  -0.585017940E+01  -0.687840769E+01  -0.534339001E+01
   0.270000258E+06   0.592273250E+04  -0.101636977E+02  -0.110513789E+02  -0.115434709E+02  -0.116918173E+02  -0.117213675E+02  -0.110002069E+02  -0.107921290E+02  -0.113976333E+02  -0.121638052E+02  -0.117915835E+02  -0.764299103E+01  -0.333029549E+01  -0.743420392E+01  -0.827104834E+01  -0.686265872E+01
   0.280000162E+06   0.102861068E+05  -0.134112834E+02  -0.135787797E+02  -0.135372722E+02  -0.134073479E+02  -0.132351086E+02  -0.142118797E+02  -0.134709387E+02  -0.135994387E+02  -0.137931967E+02  -0.137188236E+02  -0.124307748E+02  -0.104963776E+02  -0.123811433E+02  -0.126947451E+02  -0.119462166E+02
   0.290000035E+06   0.156164503E+05  -0.149438773E+02  -0.148091546E+02  -0.145419696E+02  -0.142971120E+02  -0.140417281E+02  -0.157308433E+02  -0.147644730E+02  -0.146893749E+02  -0.146481846E+02  -0.146981938E+02  -0.147164098E+02  -0.138620964E+02  -0.147090823E+02  -0.148188663E+02  -0.145015894E+02
   0.300000098E+06   0.213677878E+05  -0.158005807E+02  -0.155243024E+02  -0.151502237E+02  -0.148512357E+02  -0.145575356E+02  -0.165814908E+02  -0.155090870E+02  -0.153376354E+02  -0.151857438E+02  -0.152949498E+02  -0.159542802E+02  -0.156374051E+02  -0.159592631E+02  -0.159460817E+02  -0.158929945E+02
   0.310000156E+06   0.272929824E+05  -0.163595609E+02  -0.160063236E+02  -0.155734167E+02  -0.152445351E+02  -0.149308348E+02  -0.171372737E+02  -0.160071325E+02  -0.157827942E+02  -0.155698194E+02  -0.157119111E+02  -0.167272031E+02  -0.167102491E+02  -0.167367308E+02  -0.166604593E+02  -0.167556941E+02
   0.320000001E+06   0.330918436E+05  -0.167455636E+02  -0.163464560E+02  -0.158780733E+02  -0.155311492E+02  -0.152040839E+02  -0.175214006E+02  -0.163568435E+02  -0.161007295E+02  -0.158508285E+02  -0.160128783E+02  -0.172421744E+02  -0.174047843E+02  -0.172536655E+02  -0.171430968E+02  -0.173259960E+02
   0.330000223E+06   0.383026975E+05  -0.170217969E+02  -0.165945727E+02  -0.161042481E+02  -0.157461272E+02  -0.154108546E+02  -0.177965094E+02  -0.166108302E+02  -0.163351207E+02  -0.160623046E+02  -0.162367861E+02  -0.175977254E+02  -0.178699229E+02  -0.176101347E+02  -0.174799424E+02  -0.177158523E+02
   0.340000181E+06   0.423344778E+05  -0.172109087E+02  -0.167671279E+02  -0.162638213E+02  -0.158990462E+02  -0.155588483E+02  -0.179849586E+02  -0.167868554E+02  -0.164995592E+02  -0.162131424E+02  -0.163950109E+02  -0.178335238E+02  -0.181697665E+02  -0.178463772E+02  -0.177049411E+02  -0.179718789E+02
   0.350000178E+06   0.438610440E+05  -0.172973524E+02  -0.168481718E+02  -0.163406111E+02  -0.159736543E+02  -0.156318202E+02  -0.180711905E+02  -0.168690317E+02  -0.165779480E+02  -0.162870654E+02  -0.164713601E+02  -0.179351976E+02  -0.182922467E+02  -0.179481751E+02  -0.178031088E+02  -0.180801584E+02
   0.360000144E+06   0.415843697E+05  -0.172465090E+02  -0.168055450E+02  -0.163044502E+02  -0.159408102E+02  -0.156014582E+02  -0.180206755E+02  -0.168246825E+02  -0.165393605E+02  -0.162552598E+02  -0.164358690E+02  -0.178611918E+02  -0.181865822E+02  -0.178739761E+02  -0.177344409E+02  -0.179961125E+02
   0.370000230E+06   0.365981491E+05  -0.170649553E+02  -0.166459647E+02  -0.161620781E+02  -0.158072479E+02  -0.154743866E+02  -0.178399997E+02  -0.166605047E+02  -0.163905394E+02  -0.161244511E+02  -0.162952829E+02  -0.176176686E+02  -0.178578698E+02  -0.176298303E+02  -0.175052508E+02  -0.177257411E+02
   0.380000018E+06   0.301848476E+05  -0.167432486E+02  -0.163646564E+02  -0.159121739E+02  -0.155733575E+02  -0.152522835E+02  -0.175199295E+02  -0.163707603E+02  -0.161288824E+02  -0.158955538E+02  -0.160486312E+02  -0.171820991E+02  -0.172644642E+02  -0.171927864E+02  -0.170972657E+02  -0.172410653E+02
   0.390000110E+06   0.274751934E+05  -0.165971627E+02  -0.162421671E+02  -0.158079064E+02  -0.154783396E+02  -0.151641291E+02  -0.173748026E+02  -0.162433422E+02  -0.160177922E+02  -0.158034089E+02  -0.159462605E+02  -0.169697319E+02  -0.169596600E+02  -0.169793452E+02  -0.169017108E+02  -0.170003256E+02
   0.400000067E+06   0.259154985E+05  -0.165218073E+02  -0.161828540E+02  -0.157609251E+02  -0.154376219E+02  -0.151280664E+02  -0.173001098E+02  -0.161806920E+02  -0.159661987E+02  -0.157646385E+02  -0.159005636E+02  -0.168494758E+02  -0.167766243E+02  -0.168582742E+02  -0.167932166E+02  -0.168609516E+02
   0.410000157E+06   0.248762647E+05  -0.164810310E+02  -0.161541014E+02  -0.157413880E+02  -0.154227730E+02  -0.151165025E+02  -0.172598267E+02  -0.161494296E+02  -0.159432250E+02  -0.157512386E+02  -0.158820042E+02  -0.167751114E+02  -0.166552357E+02  -0.167832623E+02  -0.167278331E+02  -0.167723687E+02
   0.420000094E+06   0.239309615E+05  -0.164492644E+02  -0.161342657E+02  -0.157306827E+02  -0.154167214E+02  -0.151136575E+02  -0.172285581E+02  -0.161271176E+02  -0.159291114E+02  -0.157466146E+02  -0.158722694E+02  -0.167101116E+02  -0.165436463E+02  -0.167175743E+02  -0.166718627E+02  -0.166933528E+02
   0.430000280E+06   0.229816162E+05  -0.164205203E+02  -0.161186301E+02  -0.157250631E+02  -0.154161812E+02  -0.151163687E+02  -0.172003610E+02  -0.161087518E+02  -0.159197535E+02  -0.157476349E+02  -0.158677059E+02  -0.166449563E+02  -0.164274393E+02  -0.166516283E+02  -0.166167840E+02  -0.166129233E+02
   0.440000180E+06   0.220042651E+05  -0.163833743E+02  -0.160963594E+02  -0.157141200E+02  -0.154109849E+02  -0.151147593E+02  -0.171638366E+02  -0.160833829E+02  -0.159045785E+02  -0.157442271E+02  -0.158579747E+02  -0.165666639E+02  -0.162913561E+02  -0.165723781E+02  -0.165500634E+02  -0.165174588E+02
   0.450000235E+06   0.210947272E+05  -0.163456467E+02  -0.160739777E+02  -0.157034024E+02  -0.154061948E+02  -0.151135787E+02  -0.171267490E+02  -0.160578012E+02  -0.158895061E+02  -0.157412463E+02  -0.158485026E+02  -0.164866434E+02  -0.161519239E+02  -0.164913124E+02  -0.164820521E+02  -0.164201723E+02
   0.460000174E+06   0.202537567E+05  -0.163077039E+02  -0.160516782E+02  -0.156929746E+02  -0.154017874E+02  -0.151129129E+02  -0.170894654E+02  -0.160322429E+02  -0.158746396E+02  -0.157386915E+02  -0.158393389E+02  -0.164057952E+02  -0.160107303E+02  -0.164093254E+02  -0.164135295E+02  -0.163218616E+02
   0.470000226E+06   0.194935152E+05  -0.162718680E+02  -0.160312998E+02  -0.156843184E+02  -0.153990659E+02  -0.151139646E+02  -0.170542823E+02  -0.160086513E+02  -0.158616047E+02  -0.157377920E+02  -0.158319345E+02  -0.163277451E+02  -0.158732753E+02  -0.163300945E+02  -0.163476021E+02  -0.162265321E+02
   0.480000155E+06   0.187940850E+05  -0.162366084E+02  -0.160113492E+02  -0.156759615E+02  -0.153965753E+02  -0.151153985E+02  -0.170196714E+02  -0.159855178E+02  -0.158489157E+02  -0.157371019E+02  -0.158248189E+02  -0.162508495E+02  -0.157377548E+02  -0.162519777E+02  -0.162827331E+02  -0.161325719E+02
   0.490000129E+06   0.181507480E+05  -0.162021790E+02  -0.159922312E+02  -0.156684108E+02  -0.153948790E+02  -0.151179610E+02  -0.169858950E+02  -0.159632089E+02  -0.158370353E+02  -0.157372069E+02  -0.158185098E+02  -0.161749957E+02  -0.156035246E+02  -0.161748372E+02  -0.162190126E+02  -0.160397919E+02
   0.500000047E+06   0.175656495E+05  -0.161696215E+02  -0.159750046E+02  -0.156627466E+02  -0.153950604E+02  -0.151235317E+02  -0.169539956E+02  -0.159427892E+02  -0.158270425E+02  -0.157391873E+02  -0.158140922E+02  -0.161012350E+02  -0.154716596E+02  -0.160997282E+02  -0.161576212E+02  -0.159493863E+02
   0.510000270E+06   0.170338383E+05  -0.161396846E+02  -0.159594457E+02  -0.156580261E+02  -0.153958175E+02  -0.151296654E+02  -0.169246772E+02  -0.159242362E+02  -0.158182643E+02  -0.157416303E+02  -0.158105416E+02  -0.160327343E+02  -0.153487653E+02  -0.160299459E+02  -0.161007842E+02  -0.158653620E+02
   0.520000191E+06   0.165480345E+05  -0.161112025E+02  -0.159458528E+02  -0.156556401E+02  -0.153991088E+02  -0.151366207E+02  -0.168968393E+02  -0.159075467E+02  -0.158116789E+02  -0.157466468E+02  -0.158093690E+02  -0.159646736E+02  -0.152247976E+02  -0.159604477E+02  -0.160441302E+02  -0.157816338E+02
   0.530000230E+06   0.161001632E+05  -0.160846577E+02  -0.159331557E+02  -0.156533650E+02  -0.154021140E+02  -0.151429178E+02  -0.168708937E+02  -0.158919698E+02  -0.158054984E+02  -0.157512554E+02  -0.158082225E+02  -0.159013402E+02  -0.151094931E+02  -0.158957707E+02  -0.159913647E+02  -0.157037535E+02
   0.540000154E+06   0.156857720E+05  -0.160587091E+02  -0.159215135E+02  -0.156524714E+02  -0.154066717E+02  -0.151507318E+02  -0.168455673E+02  -0.158773472E+02  -0.158005734E+02  -0.157574601E+02  -0.158084942E+02  -0.158377341E+02  -0.149926100E+02  -0.158306700E+02  -0.159383709E+02  -0.156254405E+02
   0.550000045E+06   0.153012326E+05  -0.160342200E+02  -0.159107421E+02  -0.156520014E+02  -0.154114276E+02  -0.151585717E+02  -0.168216757E+02  -0.158637168E+02  -0.157962388E+02  -0.157637926E+02  -0.158091413E+02  -0.157772298E+02  -0.148811312E+02  -0.157687045E+02  -0.158879611E+02  -0.155509197E+02
   0.560000146E+06   0.149434412E+05  -0.160111185E+02  -0.159007356E+02  -0.156518245E+02  -0.154162381E+02  -0.151664701E+02  -0.167991457E+02  -0.158509809E+02  -0.157923735E+02  -0.157701081E+02  -0.158100329E+02  -0.157198321E+02  -0.147751706E+02  -0.157098894E+02  -0.158400392E+02  -0.154802107E+02
   0.570000005E+06   0.146100273E+05  -0.159880146E+02  -0.158914801E+02  -0.156529435E+02  -0.154226251E+02  -0.151768180E+02  -0.167766510E+02  -0.158388384E+02  -0.157895955E+02  -0.157780864E+02  -0.158122918E+02  -0.156608665E+02  -0.146653228E+02  -0.156493169E+02  -0.157903175E+02  -0.154075019E+02
   0.580000170E+06   0.142987731E+05  -0.159666682E+02  -0.158830617E+02  -0.156542101E+02  -0.154288095E+02  -0.151867000E+02  -0.167558733E+02  -0.158277248E+02  -0.157872241E+02  -0.157857564E+02  -0.158146226E+02  -0.156060420E+02  -0.145629978E+02  -0.155929921E+02  -0.157441225E+02  -0.153398474E+02
   0.590000133E+06   0.140074794E+05  -0.159469429E+02  -0.158754352E+02  -0.156556475E+02  -0.154348493E+02  -0.151962005E+02  -0.167366802E+02  -0.158175760E+02  -0.157852569E+02  -0.157931866E+02  -0.158170559E+02  -0.155549854E+02  -0.144674868E+02  -0.155405314E+02  -0.157011420E+02  -0.152767837E+02
   0.600000120E+06   0.137336555E+05  -0.159261598E+02  -0.158679777E+02  -0.156581512E+02  -0.154424217E+02  -0.152076172E+02  -0.167164893E+02  -0.158073380E+02  -0.157840147E+02  -0.158022884E+02  -0.158206679E+02  -0.155002347E+02  -0.143643691E+02  -0.154840960E+02  -0.156536738E+02  -0.152093130E+02
   0.610000234E+06   0.134748870E+05  -0.159065144E+02  -0.158609770E+02  -0.156606023E+02  -0.154496826E+02  -0.152185267E+02  -0.166974059E+02  -0.157976990E+02  -0.157829113E+02  -0.158110004E+02  -0.158241709E+02  -0.154483695E+02  -0.142666217E+02  -0.154306291E+02  -0.156086826E+02  -0.151453892E+02
   0.620000063E+06   0.132293300E+05  -0.158878191E+02  -0.158542809E+02  -0.156628754E+02  -0.154565199E+02  -0.152288263E+02  -0.166792440E+02  -0.157884992E+02  -0.157818115E+02  -0.158192148E+02  -0.158274422E+02  -0.153990995E+02  -0.141738120E+02  -0.153798390E+02  -0.155659356E+02  -0.150846763E+02
   0.630000187E+06   0.129956284E+05  -0.158698637E+02  -0.158477860E+02  -0.156649469E+02  -0.154629505E+02  -0.152385634E+02  -0.166617981E+02  -0.157796129E+02  -0.157806612E+02  -0.158269607E+02  -0.158304671E+02  -0.153519539E+02  -0.140850940E+02  -0.153312387E+02  -0.155250088E+02  -0.150266133E+02
   0.640000289E+06   0.127726985E+05  -0.158496605E+02  -0.158405522E+02  -0.156673940E+02  -0.154703251E+02  -0.152496544E+02  -0.166421783E+02  -0.157696698E+02  -0.157794559E+02  -0.158358253E+02  -0.158339995E+02  -0.152993294E+02  -0.139860711E+02  -0.152768196E+02  -0.154788564E+02  -0.149622292E+02
   0.650000003E+06   0.125594844E+05  -0.158301407E+02  -0.158334366E+02  -0.156695375E+02  -0.154771812E+02  -0.152600650E+02  -0.166232166E+02  -0.157599630E+02  -0.157781060E+02  -0.158441066E+02  -0.158371809E+02  -0.152488012E+02  -0.138911667E+02  -0.152245751E+02  -0.154345183E+02  -0.149004540E+02
   0.660000124E+06   0.123548676E+05  -0.158111280E+02  -0.158263279E+02  -0.156713144E+02  -0.154834808E+02  -0.152697758E+02  -0.166047393E+02  -0.157503676E+02  -0.157765306E+02  -0.158517738E+02  -0.158399539E+02  -0.152000305E+02  -0.137998091E+02  -0.151741572E+02  -0.153916880E+02  -0.148408898E+02
   0.670000211E+06   0.121578979E+05  -0.157924700E+02  -0.158191290E+02  -0.156726691E+02  -0.154891891E+02  -0.152787678E+02  -0.165865968E+02  -0.157407749E+02  -0.157746581E+02  -0.158587987E+02  -0.158422675E+02  -0.151527266E+02  -0.137115099E+02  -0.151252677E+02  -0.153501025E+02  -0.147831957E+02
   0.680000285E+06   0.119681574E+05  -0.157735291E+02  -0.158116097E+02  -0.156736734E+02  -0.154945329E+02  -0.152873492E+02  -0.165681711E+02  -0.157308690E+02  -0.157724442E+02  -0.158654553E+02  -0.158442291E+02  -0.151053584E+02  -0.136234016E+02  -0.150762893E+02  -0.153083126E+02  -0.147256099E+02
   0.690000194E+06   0.117855756E+05  -0.157520720E+02  -0.158029717E+02  -0.156745917E+02  -0.155003225E+02  -0.152966093E+02  -0.165472992E+02  -0.157195488E+02  -0.157697432E+02  -0.158727205E+02  -0.158462298E+02  -0.150525736E+02  -0.135254515E+02  -0.150215600E+02  -0.152612280E+02  -0.146619961E+02
   0.700000228E+06   0.116103985E+05  -0.157313956E+02  -0.157945945E+02  -0.156753833E+02  -0.155057878E+02  -0.153054044E+02  -0.165271843E+02  -0.157085983E+02  -0.157670622E+02  -0.158796016E+02  -0.158480598E+02  -0.150018400E+02  -0.134313843E+02  -0.149689608E+02  -0.152159634E+02  -0.146008727E+02
   0.710000055E+06   0.114426919E+05  -0.157116489E+02  -0.157866225E+02  -0.156761890E+02  -0.155110680E+02  -0.153138723E+02  -0.165079750E+02  -0.156981626E+02  -0.157645435E+02  -0.158862371E+02  -0.158498597E+02  -0.149533178E+02  -0.133413765E+02  -0.149186525E+02  -0.151726770E+02  -0.145424039E+02
   0.720000194E+06   0.112822664E+05  -0.156928879E+02  -0.157791250E+02  -0.156770882E+02  -0.155162473E+02  -0.153221010E+02  -0.164897283E+02  -0.156883085E+02  -0.157622626E+02  -0.158927130E+02  -0.158517099E+02  -0.149070308E+02  -0.132554050E+02  -0.148706569E+02  -0.151313984E+02  -0.144866020E+02
   0.730000067E+06   0.111287678E+05  -0.156750902E+02  -0.157721044E+02  -0.156781017E+02  -0.155213561E+02  -0.153301275E+02  -0.164724225E+02  -0.156790330E+02  -0.157602332E+02  -0.158990624E+02  -0.158536333E+02  -0.148628954E+02  -0.131732987E+02  -0.148248868E+02  -0.150920553E+02  -0.144333626E+02
   0.740000047E+06   0.109816139E+05  -0.156576401E+02  -0.157652775E+02  -0.156791929E+02  -0.155264852E+02  -0.153381302E+02  -0.164554585E+02  -0.156699828E+02  -0.157583235E+02  -0.159054151E+02  -0.158556233E+02  -0.148195853E+02  -0.130926509E+02  -0.147799412E+02  -0.150535583E+02  -0.143811948E+02
   0.750000186E+06   0.108403190E+05  -0.156373953E+02  -0.157571932E+02  -0.156801646E+02  -0.155320855E+02  -0.153470044E+02  -0.164357780E+02  -0.156593497E+02  -0.157558489E+02  -0.159124210E+02  -0.158576354E+02  -0.147704004E+02  -0.130013192E+02  -0.147287274E+02  -0.150104674E+02  -0.143226308E+02
   0.760000308E+06   0.107042832E+05  -0.156179961E+02  -0.157495019E+02  -0.156811923E+02  -0.155375694E+02  -0.153556405E+02  -0.164169222E+02  -0.156492045E+02  -0.157535585E+02  -0.159192582E+02  -0.158596647E+02  -0.147231384E+02  -0.129134790E+02  -0.146795119E+02  -0.149690726E+02  -0.142663387E+02
   0.770000234E+06   0.105732442E+05  -0.155993762E+02  -0.157421599E+02  -0.156822489E+02  -0.155429186E+02  -0.153640260E+02  -0.163988256E+02  -0.156394986E+02  -0.157514189E+02  -0.159259110E+02  -0.158616861E+02  -0.146776790E+02  -0.128289321E+02  -0.146321708E+02  -0.149292650E+02  -0.142121810E+02
   0.780000252E+06   0.104469557E+05  -0.155815148E+02  -0.157351675E+02  -0.156833508E+02  -0.155481574E+02  -0.153721910E+02  -0.163814686E+02  -0.156302282E+02  -0.157494405E+02  -0.159324061E+02  -0.158637179E+02  -0.146339512E+02  -0.127475337E+02  -0.145866295E+02  -0.148909840E+02  -0.141600702E+02
   0.790000005E+06   0.103252291E+05  -0.155643914E+02  -0.157285205E+02  -0.156845056E+02  -0.155532998E+02  -0.153801539E+02  -0.163648314E+02  -0.156213853E+02  -0.157476263E+02  -0.159387594E+02  -0.158657690E+02  -0.145918958E+02  -0.126691684E+02  -0.145428261E+02  -0.148541787E+02  -0.141099345E+02
   0.800000120E+06   0.102079022E+05  -0.155480039E+02  -0.157222308E+02  -0.156857358E+02  -0.155583733E+02  -0.153879460E+02  -0.163489126E+02  -0.156129792E+02  -0.157459947E+02  -0.159450001E+02  -0.158678630E+02  -0.145514775E+02  -0.125937526E+02  -0.145007230E+02  -0.148188207E+02  -0.140617280E+02
   0.810000329E+06   0.100947918E+05  -0.155323462E+02  -0.157163080E+02  -0.156870625E+02  -0.155634053E+02  -0.153955989E+02  -0.163337066E+02  -0.156050159E+02  -0.157445625E+02  -0.159511573E+02  -0.158700225E+02  -0.145126525E+02  -0.125211879E+02  -0.144602737E+02  -0.147848741E+02  -0.140153947E+02
   0.820000168E+06   0.998565012E+04  -0.155167601E+02  -0.157104222E+02  -0.156883997E+02  -0.155684363E+02  -0.154032459E+02  -0.163185721E+02  -0.155970964E+02  -0.157431482E+02  -0.159573108E+02  -0.158721918E+02  -0.144740940E+02  -0.124491009E+02  -0.144200707E+02  -0.147512003E+02  -0.139695016E+02
   0.830000284E+06   0.988024091E+04  -0.154978699E+02  -0.157028596E+02  -0.156892663E+02  -0.155736268E+02  -0.154115183E+02  -0.163002180E+02  -0.155871552E+02  -0.157407863E+02  -0.159638198E+02  -0.158740430E+02  -0.144290745E+02  -0.123654942E+02  -0.143729704E+02  -0.147120299E+02  -0.139168252E+02
   0.840000070E+06   0.977830716E+04  -0.154797205E+02  -0.156956642E+02  -0.156902221E+02  -0.155787640E+02  -0.154196358E+02  -0.162825870E+02  -0.155776597E+02  -0.157386201E+02  -0.159702321E+02  -0.158759512E+02  -0.143856571E+02  -0.122847620E+02  -0.143275409E+02  -0.146742689E+02  -0.138660034E+02
   0.850000322E+06   0.967963748E+04  -0.154622570E+02  -0.156888041E+02  -0.156912522E+02  -0.155838415E+02  -0.154275982E+02  -0.162656253E+02  -0.155685731E+02  -0.157366281E+02  -0.159765438E+02  -0.158779030E+02  -0.143437349E+02  -0.122067198E+02  -0.142836710E+02  -0.146378218E+02  -0.138169138E+02
   0.860000226E+06   0.958402913E+04  -0.154454290E+02  -0.156822505E+02  -0.156923441E+02  -0.155888552E+02  -0.154354073E+02  -0.162492837E+02  -0.155598621E+02  -0.157347917E+02  -0.159827535E+02  -0.158798880E+02  -0.143032071E+02  -0.121311927E+02  -0.142412558E+02  -0.146025993E+02  -0.137694410E+02
   0.870000245E+06   0.949131684E+04  -0.154292052E+02  -0.156759899E+02  -0.156934972E+02  -0.155938114E+02  -0.154430743E+02  -0.162335314E+02  -0.155515094E+02  -0.157331053E+02  -0.159888694E+02  -0.158819073E+02  -0.142640013E+02  -0.120580477E+02  -0.142002199E+02  -0.145685382E+02  -0.137235006E+02
   0.880000226E+06   0.940139595E+04  -0.154135734E+02  -0.156700212E+02  -0.156947192E+02  -0.155987219E+02  -0.154506139E+02  -0.162183569E+02  -0.155435117E+02  -0.157315731E+02  -0.159949047E+02  -0.158839693E+02  -0.142260794E+02  -0.119872085E+02  -0.141605230E+02  -0.145356060E+02  -0.136790468E+02
   0.890000119E+06   0.931415982E+04  -0.153985261E+02  -0.156643485E+02  -0.156960224E+02  -0.156036036E+02  -0.154580462E+02  -0.162037533E+02  -0.155358706E+02  -0.157302045E+02  -0.160008776E+02  -0.158860875E+02  -0.141894076E+02  -0.119186021E+02  -0.141221291E+02  -0.145037749E+02  -0.136360382E+02
   0.900000038E+06   0.922954547E+04  -0.153840466E+02  -0.156589619E+02  -0.156974021E+02  -0.156084542E+02  -0.154653707E+02  -0.161897041E+02  -0.155285746E+02  -0.157289926E+02  -0.160067866E+02  -0.158882576E+02  -0.141539535E+02  -0.118521732E+02  -0.140850047E+02  -0.144730160E+02  -0.135944376E+02
   0.910000151E+06   0.914745012E+04  -0.153701140E+02  -0.156538516E+02  -0.156988566E+02  -0.156132762E+02  -0.154725931E+02  -0.161761891E+02  -0.155216118E+02  -0.157279327E+02  -0.160126356E+02  -0.158904790E+02  -0.141196707E+02  -0.117878378E+02  -0.140491014E+02  -0.144432887E+02  -0.135541915E+02
   0.920000190E+06   0.906774266E+04  -0.153566918E+02  -0.156489949E+02  -0.157003738E+02  -0.156180630E+02  -0.154797104E+02  -0.161631722E+02  -0.155149565E+02  -0.157270086E+02  -0.160184194E+02  -0.158927409E+02  -0.140864901E+02  -0.117254787E+02  -0.140143474E+02  -0.144145311E+02  -0.135152210E+02
   0.930000181E+06   0.899029598E+04  -0.153431079E+02  -0.156440220E+02  -0.157018080E+02  -0.156227860E+02  -0.154867805E+02  -0.161499974E+02  -0.155081751E+02  -0.157259854E+02  -0.160241464E+02  -0.158949257E+02  -0.140531543E+02  -0.116628883E+02  -0.139794042E+02  -0.143856280E+02  -0.134762147E+02
   0.940000276E+06   0.891495464E+04  -0.153256365E+02  -0.156368855E+02  -0.157023573E+02  -0.156272954E+02  -0.154941355E+02  -0.161330267E+02  -0.154988654E+02  -0.157235643E+02  -0.160298715E+02  -0.158963903E+02  -0.140127049E+02  -0.115878429E+02  -0.139368581E+02  -0.143504096E+02  -0.134299451E+02
   0.950000014E+06   0.884158716E+04  -0.153086995E+02  -0.156300126E+02  -0.157029688E+02  -0.156317633E+02  -0.155013744E+02  -0.161165773E+02  -0.154898762E+02  -0.157212832E+02  -0.160355232E+02  -0.158978931E+02  -0.139733918E+02  -0.115148402E+02  -0.138955031E+02  -0.143161904E+02  -0.133849644E+02
   0.960000223E+06   0.877007125E+04  -0.152922581E+02  -0.156233813E+02  -0.157036331E+02  -0.156361866E+02  -0.155084988E+02  -0.161006112E+02  -0.154811820E+02  -0.157191279E+02  -0.160411006E+02  -0.158994262E+02  -0.139351390E+02  -0.114437481E+02  -0.138552601E+02  -0.142829030E+02  -0.133411870E+02
   0.970000219E+06   0.870030765E+04  -0.152762805E+02  -0.156169735E+02  -0.157043420E+02  -0.156405624E+02  -0.155155095E+02  -0.160850972E+02  -0.154727618E+02  -0.157170863E+02  -0.160466021E+02  -0.159009826E+02  -0.138978845E+02  -0.113744588E+02  -0.138160640E+02  -0.142504921E+02  -0.132985432E+02
   0.980000182E+06   0.863220643E+04  -0.152607349E+02  -0.156107696E+02  -0.157050853E+02  -0.156448853E+02  -0.155224045E+02  -0.160700043E+02  -0.154645936E+02  -0.157151447E+02  -0.160520239E+02  -0.159025532E+02  -0.138615690E+02  -0.113068719E+02  -0.137778533E+02  -0.142189049E+02  -0.132569670E+02
   0.990000335E+06   0.856567097E+04  -0.152455943E+02  -0.156047560E+02  -0.157058592E+02  -0.156491564E+02  -0.155291886E+02  -0.160553059E+02  -0.154566608E+02  -0.157132953E+02  -0.160573686E+02  -0.159041354E+02  -0.138261361E+02  -0.112408865E+02  -0.137405687E+02  -0.141880915E+02  -0.132163941E+02
   0.100000019E+07   0.850065828E+04  -0.152308351E+02  -0.155989148E+02  -0.157066502E+02  -0.156533646E+02  -0.155358522E+02  -0.160409788E+02  -0.154489443E+02  -0.157115231E+02  -0.160626259E+02  -0.159057161E+02  -0.137915489E+02  -0.111764462E+02  -0.137041722E+02  -0.141580182E+02  -0.131767847E+02
   0.101000034E+07   0.843710220E+04  -0.152164407E+02  -0.155932387E+02  -0.157074576E+02  -0.156575126E+02  -0.155424007E+02  -0.160270068E+02  -0.154414349E+02  -0.157098248E+02  -0.160677994E+02  -0.159072956E+02  -0.137577708E+02  -0.111134837E+02  -0.136686253E+02  -0.141286528E+02  -0.131380969E+02
   0.102000025E+07   0.837495838E+04  -0.152023853E+02  -0.155877078E+02  -0.157082661E+02  -0.156615876E+02  -0.155488228E+02  -0.160133643E+02  -0.154341115E+02  -0.157081833E+02  -0.160728772E+02  -0.159088591E+02  -0.137247624E+02  -0.110519395E+02  -0.136338875E+02  -0.140999590E+02  -0.131002879E+02
   0.103000032E+07   0.831419019E+04  -0.151886519E+02  -0.155823102E+02  -0.157090677E+02  -0.156655833E+02  -0.155551136E+02  -0.160000348E+02  -0.154269610E+02  -0.157065890E+02  -0.160778534E+02  -0.159103989E+02  -0.136924955E+02  -0.109917685E+02  -0.135999295E+02  -0.140719113E+02  -0.130633267E+02
   0.104000017E+07   0.825471719E+04  -0.151752150E+02  -0.155770315E+02  -0.157098560E+02  -0.156694976E+02  -0.155612741E+02  -0.159869932E+02  -0.154199668E+02  -0.157050325E+02  -0.160827274E+02  -0.159119097E+02  -0.136609202E+02  -0.109328838E+02  -0.135666990E+02  -0.140444652E+02  -0.130271571E+02
   0.105000033E+07   0.819648317E+04  -0.151620514E+02  -0.155718560E+02  -0.157106211E+02  -0.156733236E+02  -0.155672996E+02  -0.159742165E+02  -0.154131115E+02  -0.157035017E+02  -0.160874931E+02  -0.159133822E+02  -0.136299960E+02  -0.108752191E+02  -0.135341541E+02  -0.140175841E+02  -0.129917343E+02
   0.106000006E+07   0.813942466E+04  -0.151491445E+02  -0.155667761E+02  -0.157113620E+02  -0.156770635E+02  -0.155731946E+02  -0.159616889E+02  -0.154063858E+02  -0.157019929E+02  -0.160921537E+02  -0.159148162E+02  -0.135996871E+02  -0.108187095E+02  -0.135022573E+02  -0.139912369E+02  -0.129570177E+02
   0.107000030E+07   0.808347588E+04  -0.151364769E+02  -0.155617832E+02  -0.157120765E+02  -0.156807189E+02  -0.155789631E+02  -0.159493931E+02  -0.153997790E+02  -0.157005017E+02  -0.160967119E+02  -0.159162105E+02  -0.135699559E+02  -0.107632872E+02  -0.134709690E+02  -0.139653901E+02  -0.129229644E+02
   0.108000016E+07   0.802859517E+04  -0.151240421E+02  -0.155568766E+02  -0.157127685E+02  -0.156842955E+02  -0.155846124E+02  -0.159373230E+02  -0.153932894E+02  -0.156990299E+02  -0.161011740E+02  -0.159175691E+02  -0.135407832E+02  -0.107089138E+02  -0.134402690E+02  -0.139400278E+02  -0.128895522E+02
   0.109000026E+07   0.797474820E+04  -0.151092330E+02  -0.155505326E+02  -0.157127148E+02  -0.156874960E+02  -0.155901668E+02  -0.159229305E+02  -0.153851645E+02  -0.156965311E+02  -0.161053787E+02  -0.159182770E+02  -0.135075789E+02  -0.106476324E+02  -0.134052518E+02  -0.139110500E+02  -0.128523680E+02
   0.110000034E+07   0.792192133E+04  -0.150918227E+02  -0.155426255E+02  -0.157118644E+02  -0.156903091E+02  -0.155956445E+02  -0.159059940E+02  -0.153752570E+02  -0.156929240E+02  -0.161093272E+02  -0.159182931E+02  -0.134699303E+02  -0.105787156E+02  -0.133654753E+02  -0.138780898E+02  -0.128110147E+02
   0.111000007E+07   0.787014125E+04  -0.150747795E+02  -0.155348972E+02  -0.157110531E+02  -0.156930887E+02  -0.156010360E+02  -0.158894152E+02  -0.153655681E+02  -0.156894106E+02  -0.161132196E+02  -0.159183311E+02  -0.134330500E+02  -0.105111866E+02  -0.133265093E+02  -0.138458050E+02  -0.127705030E+02
   0.112000021E+07   0.781944235E+04  -0.150581329E+02  -0.155273709E+02  -0.157102993E+02  -0.156958508E+02  -0.156063555E+02  -0.158732233E+02  -0.153561221E+02  -0.156860111E+02  -0.161170714E+02  -0.159184089E+02  -0.133969803E+02  -0.104451083E+02  -0.132883975E+02  -0.138142348E+02  -0.127308778E+02
   0.113000027E+07   0.776983962E+04  -0.150418949E+02  -0.155200561E+02  -0.157096106E+02  -0.156986020E+02  -0.156116087E+02  -0.158574302E+02  -0.153469291E+02  -0.156827339E+02  -0.161208886E+02  -0.159185337E+02  -0.133617393E+02  -0.103805074E+02  -0.132511584E+02  -0.137833960E+02  -0.126921582E+02
   0.114000013E+07   0.772133945E+04  -0.150260807E+02  -0.155129668E+02  -0.157090000E+02  -0.157013548E+02  -0.156168080E+02  -0.158420510E+02  -0.153380033E+02  -0.156795924E+02  -0.161246839E+02  -0.159187187E+02  -0.133273444E+02  -0.103174053E+02  -0.132148100E+02  -0.137533056E+02  -0.126543620E+02
   0.115000012E+07   0.767393162E+04  -0.150106970E+02  -0.155061115E+02  -0.157084776E+02  -0.157041201E+02  -0.156219645E+02  -0.158270925E+02  -0.153293529E+02  -0.156765960E+02  -0.161284680E+02  -0.159189738E+02  -0.132937986E+02  -0.102557987E+02  -0.131793546E+02  -0.137239672E+02  -0.126174914E+02
   0.116000019E+07   0.762759077E+04  -0.149957466E+02  -0.154994974E+02  -0.157080539E+02  -0.157069101E+02  -0.156270921E+02  -0.158125578E+02  -0.153209842E+02  -0.156737541E+02  -0.161322540E+02  -0.159193102E+02  -0.132610948E+02  -0.101956658E+02  -0.131447841E+02  -0.136953761E+02  -0.125815377E+02
   0.117000024E+07   0.758228960E+04  -0.149812247E+02  -0.154931249E+02  -0.157077328E+02  -0.157097306E+02  -0.156321976E+02  -0.157984421E+02  -0.153128963E+02  -0.156710690E+02  -0.161360481E+02  -0.159197322E+02  -0.132292177E+02  -0.101369750E+02  -0.131110824E+02  -0.136675195E+02  -0.125464837E+02
   0.118000011E+07   0.753797533E+04  -0.149671164E+02  -0.154869884E+02  -0.157075159E+02  -0.157125869E+02  -0.156372892E+02  -0.157847313E+02  -0.153050819E+02  -0.156685396E+02  -0.161398568E+02  -0.159202422E+02  -0.131981325E+02  -0.100796600E+02  -0.130782121E+02  -0.136403671E+02  -0.125122907E+02
   0.119000003E+07   0.749462916E+04  -0.149534174E+02  -0.154810870E+02  -0.157074048E+02  -0.157154818E+02  -0.156423706E+02  -0.157714210E+02  -0.152975392E+02  -0.156661666E+02  -0.161436834E+02  -0.159208421E+02  -0.131678273E+02  -0.100236983E+02  -0.130461609E+02  -0.136139089E+02  -0.124789456E+02
   0.120000022E+07   0.745226249E+04  -0.149401130E+02  -0.154754041E+02  -0.157073814E+02  -0.157183964E+02  -0.156474223E+02  -0.157584967E+02  -0.152902521E+02  -0.156639323E+02  -0.161475086E+02  -0.159215136E+02  -0.131382920E+02  -0.996908618E+01  -0.130149191E+02  -0.135881337E+02  -0.124464392E+02
   0.121000017E+07   0.741084921E+04  -0.149271679E+02  -0.154699090E+02  -0.157074184E+02  -0.157213054E+02  -0.156524202E+02  -0.157459230E+02  -0.152831888E+02  -0.156618081E+02  -0.161513076E+02  -0.159222298E+02  -0.131094813E+02  -0.991576297E+01  -0.129844403E+02  -0.135629984E+02  -0.124147242E+02
   0.122000022E+07   0.737030835E+04  -0.149145287E+02  -0.154645628E+02  -0.157074877E+02  -0.157241862E+02  -0.156573460E+02  -0.157336474E+02  -0.152763075E+02  -0.156597619E+02  -0.161550597E+02  -0.159229641E+02  -0.130813107E+02  -0.986359620E+01  -0.129546367E+02  -0.135384258E+02  -0.123837104E+02
   0.123000007E+07   0.733051962E+04  -0.149021346E+02  -0.154593265E+02  -0.157075665E+02  -0.157270242E+02  -0.156621910E+02  -0.157216102E+02  -0.152695646E+02  -0.156577643E+02  -0.161587529E+02  -0.159236955E+02  -0.130536733E+02  -0.981240791E+01  -0.129253967E+02  -0.135143197E+02  -0.123532827E+02
   0.124000013E+07   0.729136261E+04  -0.148899330E+02  -0.154541689E+02  -0.157076396E+02  -0.157298129E+02  -0.156669548E+02  -0.157097598E+02  -0.152629244E+02  -0.156557941E+02  -0.161623832E+02  -0.159244109E+02  -0.130264705E+02  -0.976202801E+01  -0.128966166E+02  -0.134905921E+02  -0.123233337E+02
   0.125000018E+07   0.725278972E+04  -0.148779006E+02  -0.154490755E+02  -0.157076989E+02  -0.157325472E+02  -0.156716348E+02  -0.156980734E+02  -0.152563704E+02  -0.156538405E+02  -0.161659464E+02  -0.159251029E+02  -0.129996606E+02  -0.971238688E+01  -0.128682530E+02  -0.134672056E+02  -0.122938188E+02
   0.126000001E+07   0.721485801E+04  -0.148660325E+02  -0.154440310E+02  -0.157077214E+02  -0.157352002E+02  -0.156762012E+02  -0.156865454E+02  -0.152498896E+02  -0.156518836E+02  -0.161694147E+02  -0.159257476E+02  -0.129732607E+02  -0.966353511E+01  -0.128403251E+02  -0.134441720E+02  -0.122647587E+02
   0.127000010E+07   0.717753363E+04  -0.148542946E+02  -0.154390075E+02  -0.157076838E+02  -0.157377510E+02  -0.156806347E+02  -0.156751423E+02  -0.152434528E+02  -0.156498982E+02  -0.161727677E+02  -0.159263221E+02  -0.129472236E+02  -0.961540576E+01  -0.128127847E+02  -0.134214475E+02  -0.122361040E+02
   0.128000022E+07   0.714073012E+04  -0.148426711E+02  -0.154340047E+02  -0.157075973E+02  -0.157402168E+02  -0.156849569E+02  -0.156638489E+02  -0.152370564E+02  -0.156478912E+02  -0.161760245E+02  -0.159268393E+02  -0.129215005E+02  -0.956789863E+01  -0.127855791E+02  -0.133989907E+02  -0.122077999E+02
   0.129000031E+07   0.710441211E+04  -0.148311904E+02  -0.154290574E+02  -0.157075015E+02  -0.157426396E+02  -0.156892116E+02  -0.156526939E+02  -0.152307340E+02  -0.156459001E+02  -0.161792278E+02  -0.159273392E+02  -0.128961062E+02  -0.952100775E+01  -0.127587219E+02  -0.133768196E+02  -0.121798586E+02
   0.130000022E+07   0.706870511E+04  -0.148199195E+02  -0.154242099E+02  -0.157074238E+02  -0.157450382E+02  -0.156934114E+02  -0.156417433E+02  -0.152245344E+02  -0.156439591E+02  -0.161823939E+02  -0.159278472E+02  -0.128711558E+02  -0.947492232E+01  -0.127323332E+02  -0.133550382E+02  -0.121524041E+02
   0.131000016E+07   0.703380706E+04  -0.148089617E+02  -0.154195300E+02  -0.157074057E+02  -0.157474402E+02  -0.156975737E+02  -0.156310985E+02  -0.152185331E+02  -0.156421199E+02  -0.161855459E+02  -0.159284015E+02  -0.128468283E+02  -0.942993875E+01  -0.127066001E+02  -0.133338080E+02  -0.121256292E+02
   0.132000035E+07   0.699973103E+04  -0.147983229E+02  -0.154150386E+02  -0.157074788E+02  -0.157498834E+02  -0.157017410E+02  -0.156207663E+02  -0.152127478E+02  -0.156404097E+02  -0.161887237E+02  -0.159290355E+02  -0.128231050E+02  -0.938599237E+01  -0.126814988E+02  -0.133131179E+02  -0.120995195E+02
   0.133000028E+07   0.696648118E+04  -0.147825823E+02  -0.154074176E+02  -0.157058474E+02  -0.157514227E+02  -0.157056034E+02  -0.156054452E+02  -0.152034191E+02  -0.156364179E+02  -0.161912537E+02  -0.159281934E+02  -0.127909248E+02  -0.932753349E+01  -0.126473209E+02  -0.132850152E+02  -0.120654348E+02
   0.134000007E+07   0.693428179E+04  -0.147675769E+02  -0.154002754E+02  -0.157045055E+02  -0.157531512E+02  -0.157095818E+02  -0.155908461E+02  -0.151946231E+02  -0.156327901E+02  -0.161939418E+02  -0.159276159E+02  -0.127599992E+02  -0.927115945E+01  -0.126144608E+02  -0.132580382E+02  -0.120326648E+02
   0.135000035E+07   0.690324292E+04  -0.147533697E+02  -0.153936479E+02  -0.157034693E+02  -0.157550749E+02  -0.157136742E+02  -0.155770306E+02  -0.151864014E+02  -0.156295505E+02  -0.161967903E+02  -0.159273165E+02  -0.127304456E+02  -0.921707458E+01  -0.125830424E+02  -0.132322909E+02  -0.120013333E+02
   0.136000014E+07   0.687327876E+04  -0.147399657E+02  -0.153875612E+02  -0.157027803E+02  -0.157572433E+02  -0.157179362E+02  -0.155640047E+02  -0.151787758E+02  -0.156267344E+02  -0.161998516E+02  -0.159273389E+02  -0.127022266E+02  -0.916517373E+01  -0.125530232E+02  -0.132077464E+02  -0.119713980E+02
   0.137000031E+07   0.684449007E+04  -0.147274500E+02  -0.153820757E+02  -0.157024808E+02  -0.157596890E+02  -0.157223934E+02  -0.155518522E+02  -0.151718117E+02  -0.156243912E+02  -0.162031551E+02  -0.159277228E+02  -0.126754770E+02  -0.911567131E+01  -0.125245440E+02  -0.131845272E+02  -0.119429994E+02
   0.138000000E+07   0.681694926E+04  -0.147158143E+02  -0.153771654E+02  -0.157025317E+02  -0.157623661E+02  -0.157269949E+02  -0.155405640E+02  -0.151654870E+02  -0.156224869E+02  -0.162066529E+02  -0.159284275E+02  -0.126502244E+02  -0.906865208E+01  -0.124976367E+02  -0.131626519E+02  -0.119161693E+02
   0.139000022E+07   0.679042286E+04  -0.147049583E+02  -0.153727872E+02  -0.157029319E+02  -0.157652959E+02  -0.157317781E+02  -0.155300427E+02  -0.151597464E+02  -0.156210041E+02  -0.162103731E+02  -0.159294574E+02  -0.126262531E+02  -0.902371593E+01  -0.124720717E+02  -0.131419336E+02  -0.118906785E+02
   0.140000003E+07   0.676502015E+04  -0.146948710E+02  -0.153689033E+02  -0.157036240E+02  -0.157684103E+02  -0.157366674E+02  -0.155202759E+02  -0.151545577E+02  -0.156198928E+02  -0.162142445E+02  -0.159307525E+02  -0.126036061E+02  -0.898099208E+01  -0.124478985E+02  -0.131224016E+02  -0.118665764E+02
   0.141000028E+07   0.674041466E+04  -0.146853366E+02  -0.153653776E+02  -0.157045308E+02  -0.157716634E+02  -0.157416397E+02  -0.155110521E+02  -0.151497683E+02  -0.156190528E+02  -0.162182308E+02  -0.159322434E+02  -0.125819062E+02  -0.893984549E+01  -0.124247203E+02  -0.131037191E+02  -0.118434671E+02
   0.142000038E+07   0.671660858E+04  -0.146762810E+02  -0.153621355E+02  -0.157055770E+02  -0.157749798E+02  -0.157466194E+02  -0.155022969E+02  -0.151453035E+02  -0.156184091E+02  -0.162222565E+02  -0.159338548E+02  -0.125610802E+02  -0.890020463E+01  -0.124024641E+02  -0.130858125E+02  -0.118212776E+02
   0.143000038E+07   0.669324928E+04  -0.146674535E+02  -0.153590123E+02  -0.157066617E+02  -0.157782920E+02  -0.157515638E+02  -0.154937641E+02  -0.151409806E+02  -0.156178355E+02  -0.162262648E+02  -0.159354940E+02  -0.125407032E+02  -0.886136588E+01  -0.123806837E+02  -0.130683001E+02  -0.117995626E+02
   0.144000022E+07   0.667224393E+04  -0.146605526E+02  -0.153572410E+02  -0.157086743E+02  -0.157823076E+02  -0.157570471E+02  -0.154871282E+02  -0.151381304E+02  -0.156183569E+02  -0.162309063E+02  -0.159380052E+02  -0.125234168E+02  -0.882747808E+01  -0.123621352E+02  -0.130535895E+02  -0.117810729E+02
   0.145000027E+07   0.664931669E+04  -0.146516108E+02  -0.153538980E+02  -0.157094614E+02  -0.157852810E+02  -0.157616225E+02  -0.154784757E+02  -0.151336099E+02  -0.156175165E+02  -0.162345629E+02  -0.159393366E+02  -0.125031392E+02  -0.878908015E+01  -0.123404802E+02  -0.130361235E+02  -0.117594821E+02
   0.146000023E+07   0.662647496E+04  -0.146425269E+02  -0.153503921E+02  -0.157100701E+02  -0.157880679E+02  -0.157660053E+02  -0.154696800E+02  -0.151289308E+02  -0.156165036E+02  -0.162380304E+02  -0.159404876E+02  -0.124827617E+02  -0.875064997E+01  -0.123187304E+02  -0.130185471E+02  -0.117377962E+02
   0.147000031E+07   0.660372917E+04  -0.146332977E+02  -0.153467175E+02  -0.157104930E+02  -0.157906597E+02  -0.157701864E+02  -0.154607379E+02  -0.151240880E+02  -0.156153117E+02  -0.162413000E+02  -0.159414504E+02  -0.124622865E+02  -0.871219785E+01  -0.122968886E+02  -0.130008612E+02  -0.117160181E+02
   0.148000015E+07   0.658097667E+04  -0.146238762E+02  -0.153428521E+02  -0.157107262E+02  -0.157930626E+02  -0.157741790E+02  -0.154516034E+02  -0.151190541E+02  -0.156139298E+02  -0.162443808E+02  -0.159422237E+02  -0.124416156E+02  -0.867354467E+01  -0.122748506E+02  -0.129829804E+02  -0.116940439E+02
   0.149000015E+07   0.655830467E+04  -0.146143124E+02  -0.153388248E+02  -0.157107831E+02  -0.157952814E+02  -0.157779820E+02  -0.154423257E+02  -0.151138624E+02  -0.156123771E+02  -0.162472752E+02  -0.159428188E+02  -0.124208422E+02  -0.863485269E+01  -0.122527151E+02  -0.129649873E+02  -0.116719719E+02
   0.150000027E+07   0.653586096E+04  -0.146047486E+02  -0.153347418E+02  -0.157107430E+02  -0.157973816E+02  -0.157816503E+02  -0.154330451E+02  -0.151086266E+02  -0.156107438E+02  -0.162500441E+02  -0.159433116E+02  -0.124001817E+02  -0.859645401E+01  -0.122307062E+02  -0.129470790E+02  -0.116500258E+02
   0.151000014E+07   0.651377358E+04  -0.145953398E+02  -0.153307267E+02  -0.157107067E+02  -0.157994515E+02  -0.157852635E+02  -0.154239150E+02  -0.151034772E+02  -0.156091396E+02  -0.162527722E+02  -0.159437996E+02  -0.123798523E+02  -0.855866808E+01  -0.122090498E+02  -0.129294582E+02  -0.116284312E+02
   0.152000001E+07   0.649222635E+04  -0.145862602E+02  -0.153269091E+02  -0.157107705E+02  -0.158015700E+02  -0.157888876E+02  -0.154151073E+02  -0.150985528E+02  -0.156076737E+02  -0.162555328E+02  -0.159443749E+02  -0.123601192E+02  -0.852190542E+01  -0.121880222E+02  -0.129123675E+02  -0.116074640E+02
   0.153000017E+07   0.647145062E+04  -0.145777088E+02  -0.153234311E+02  -0.157110351E+02  -0.158038157E+02  -0.157925849E+02  -0.154068180E+02  -0.150940078E+02  -0.156064634E+02  -0.162583976E+02  -0.159451327E+02  -0.123412958E+02  -0.848666206E+01  -0.121679505E+02  -0.128960918E+02  -0.115874505E+02
   0.154000005E+07   0.645161834E+04  -0.145698490E+02  -0.153204143E+02  -0.157115909E+02  -0.158062627E+02  -0.157964176E+02  -0.153992085E+02  -0.150899725E+02  -0.156056114E+02  -0.162614355E+02  -0.159461593E+02  -0.123236304E+02  -0.845332242E+01  -0.121490936E+02  -0.128808584E+02  -0.115686491E+02
   0.155000004E+07   0.643284951E+04  -0.145628014E+02  -0.153179501E+02  -0.157125077E+02  -0.158089693E+02  -0.158004355E+02  -0.153923977E+02  -0.150865443E+02  -0.156051957E+02  -0.162647013E+02  -0.159475216E+02  -0.123073030E+02  -0.842216130E+01  -0.121316386E+02  -0.128668327E+02  -0.115512466E+02
   0.156000003E+07   0.641523509E+04  -0.145566397E+02  -0.153160899E+02  -0.157138205E+02  -0.158119617E+02  -0.158046587E+02  -0.153864583E+02  -0.150837793E+02  -0.156052581E+02  -0.162682187E+02  -0.159492526E+02  -0.122924323E+02  -0.839336921E+01  -0.121157096E+02  -0.128541220E+02  -0.115353670E+02
   0.157000014E+07   0.639881137E+04  -0.145513673E+02  -0.153148282E+02  -0.157155173E+02  -0.158152247E+02  -0.158090693E+02  -0.153813931E+02  -0.150816741E+02  -0.156057890E+02  -0.162719711E+02  -0.159513393E+02  -0.122790396E+02  -0.836699621E+01  -0.121013302E+02  -0.128427434E+02  -0.115210335E+02
   0.158000036E+07   0.638353477E+04  -0.145469114E+02  -0.153141028E+02  -0.157175439E+02  -0.158187080E+02  -0.158136200E+02  -0.153771300E+02  -0.150801642E+02  -0.156067311E+02  -0.162759096E+02  -0.159537285E+02  -0.122670306E+02  -0.834291346E+01  -0.120884034E+02  -0.128326077E+02  -0.115081495E+02
   0.159000011E+07   0.636930781E+04  -0.145431145E+02  -0.153137802E+02  -0.157197841E+02  -0.158223049E+02  -0.158182109E+02  -0.153735126E+02  -0.150791109E+02  -0.156079613E+02  -0.162799304E+02  -0.159563065E+02  -0.122561996E+02  -0.832083829E+01  -0.120767176E+02  -0.128235213E+02  -0.114965035E+02
   0.160000017E+07   0.635590233E+04  -0.145397325E+02  -0.153136718E+02  -0.157220906E+02  -0.158258897E+02  -0.158227324E+02  -0.153702997E+02  -0.150783140E+02  -0.156093161E+02  -0.162839146E+02  -0.159589312E+02  -0.122461895E+02  -0.830023338E+01  -0.120659021E+02  -0.128151552E+02  -0.114857256E+02
   0.161000025E+07   0.634312959E+04  -0.145364936E+02  -0.153135520E+02  -0.157242716E+02  -0.158292887E+02  -0.158270238E+02  -0.153672220E+02  -0.150775381E+02  -0.156105905E+02  -0.162876943E+02  -0.159614154E+02  -0.122366354E+02  -0.828058448E+01  -0.120555807E+02  -0.128071675E+02  -0.114754399E+02
   0.162000034E+07   0.633063265E+04  -0.145330761E+02  -0.153131863E+02  -0.157261570E+02  -0.158323658E+02  -0.158309741E+02  -0.153639622E+02  -0.150765305E+02  -0.156115887E+02  -0.162911438E+02  -0.159635975E+02  -0.122270391E+02  -0.826111134E+01  -0.120452335E+02  -0.127991036E+02  -0.114651278E+02
   0.163000019E+07   0.631823097E+04  -0.145291664E+02  -0.153123050E+02  -0.157275099E+02  -0.158349013E+02  -0.158343761E+02  -0.153602089E+02  -0.150750124E+02  -0.156120611E+02  -0.162940487E+02  -0.159652447E+02  -0.122169977E+02  -0.824126837E+01  -0.120344470E+02  -0.127905830E+02  -0.114543760E+02
   0.164000026E+07   0.630569726E+04  -0.145244534E+02  -0.153106528E+02  -0.157281154E+02  -0.158367020E+02  -0.158370526E+02  -0.153556541E+02  -0.150727164E+02  -0.156117770E+02  -0.162962230E+02  -0.159661479E+02  -0.122060878E+02  -0.822045253E+01  -0.120227841E+02  -0.127812101E+02  -0.114427481E+02
   0.165000024E+07   0.629585615E+04  -0.145187740E+02  -0.153073766E+02  -0.157266120E+02  -0.158361370E+02  -0.158371752E+02  -0.153500989E+02  -0.150689348E+02  -0.156095749E+02  -0.162959512E+02  -0.159648781E+02  -0.121955427E+02  -0.820212961E+01  -0.120116477E+02  -0.127718718E+02  -0.114316393E+02
   0.166000036E+07   0.628623867E+04  -0.145121864E+02  -0.153031377E+02  -0.157241055E+02  -0.158345477E+02  -0.158362578E+02  -0.153436327E+02  -0.150642019E+02  -0.156063857E+02  -0.162946484E+02  -0.159625999E+02  -0.121842000E+02  -0.818318586E+01  -0.119997272E+02  -0.127617085E+02  -0.114197457E+02
   0.167000017E+07   0.627643291E+04  -0.145046483E+02  -0.152979941E+02  -0.157207284E+02  -0.158321056E+02  -0.158345009E+02  -0.153362183E+02  -0.150585547E+02  -0.156023125E+02  -0.162924986E+02  -0.159594556E+02  -0.121718137E+02  -0.816304966E+01  -0.119867518E+02  -0.127505247E+02  -0.114067978E+02
   0.168000021E+07   0.626676011E+04  -0.144963840E+02  -0.152920919E+02  -0.157165686E+02  -0.158288682E+02  -0.158319394E+02  -0.153280760E+02  -0.150521557E+02  -0.155974660E+02  -0.162895494E+02  -0.159555254E+02  -0.121587669E+02  -0.814235806E+01  -0.119731238E+02  -0.127386641E+02  -0.113931969E+02
   0.169000013E+07   0.625759051E+04  -0.144876740E+02  -0.152856211E+02  -0.157117497E+02  -0.158249236E+02  -0.158286355E+02  -0.153194817E+02  -0.150452140E+02  -0.155919961E+02  -0.162858780E+02  -0.159509241E+02  -0.121455232E+02  -0.812186727E+01  -0.119593292E+02  -0.127265449E+02  -0.113794280E+02
   0.170000026E+07   0.624930406E+04  -0.144788198E+02  -0.152787905E+02  -0.157064117E+02  -0.158203759E+02  -0.158246667E+02  -0.153107320E+02  -0.150379577E+02  -0.155860699E+02  -0.162815772E+02  -0.159457828E+02  -0.121325719E+02  -0.810236689E+01  -0.119458801E+02  -0.127146098E+02  -0.113660021E+02
   0.171000003E+07   0.624232828E+04  -0.144700593E+02  -0.152717335E+02  -0.157006113E+02  -0.158152407E+02  -0.158200189E+02  -0.153020596E+02  -0.150305424E+02  -0.155797743E+02  -0.162766499E+02  -0.159401481E+02  -0.121203624E+02  -0.808464417E+01  -0.119332515E+02  -0.127032557E+02  -0.113533930E+02
   0.172000012E+07   0.623741176E+04  -0.144616709E+02  -0.152645457E+02  -0.156943092E+02  -0.158094074E+02  -0.158145291E+02  -0.152937332E+02  -0.150231021E+02  -0.155731231E+02  -0.162709631E+02  -0.159339626E+02  -0.121095432E+02  -0.806993918E+01  -0.119221369E+02  -0.126930394E+02  -0.113422921E+02
   0.173000021E+07   0.623579258E+04  -0.144540488E+02  -0.152573190E+02  -0.156873742E+02  -0.158026268E+02  -0.158078617E+02  -0.152861316E+02  -0.150157923E+02  -0.155660732E+02  -0.162642307E+02  -0.159270661E+02  -0.121011206E+02  -0.806023688E+01  -0.119136170E+02  -0.126848153E+02  -0.113337768E+02
   0.174000032E+07   0.623859763E+04  -0.144477842E+02  -0.152503694E+02  -0.156799193E+02  -0.157949044E+02  -0.157999433E+02  -0.152798316E+02  -0.150089868E+02  -0.155588174E+02  -0.162564247E+02  -0.159195446E+02  -0.120962428E+02  -0.805757608E+01  -0.119089078E+02  -0.126795936E+02  -0.113290597E+02
   0.175000037E+07   0.623888422E+04  -0.144427086E+02  -0.152452239E+02  -0.156747221E+02  -0.157896799E+02  -0.157946988E+02  -0.152747524E+02  -0.150038560E+02  -0.155536406E+02  -0.162511917E+02  -0.159143406E+02  -0.120913090E+02  -0.805286874E+01  -0.119039911E+02  -0.126746246E+02  -0.113241423E+02
   0.176000007E+07   0.623473233E+04  -0.144387175E+02  -0.152422466E+02  -0.156724928E+02  -0.157878465E+02  -0.157931555E+02  -0.152708137E+02  -0.150006655E+02  -0.155511165E+02  -0.162494820E+02  -0.159122099E+02  -0.120852650E+02  -0.804354339E+01  -0.118976978E+02  -0.126690898E+02  -0.113178605E+02
   0.177000002E+07   0.622909074E+04  -0.144360232E+02  -0.152409300E+02  -0.156721925E+02  -0.157880841E+02  -0.157937873E+02  -0.152681905E+02  -0.149990591E+02  -0.155504157E+02  -0.162498878E+02  -0.159120435E+02  -0.120797814E+02  -0.803360097E+01  -0.118918752E+02  -0.126642980E+02  -0.113120537E+02
   0.178000002E+07   0.622316521E+04  -0.144346299E+02  -0.152409837E+02  -0.156733136E+02  -0.157897703E+02  -0.157958875E+02  -0.152668720E+02  -0.149988085E+02  -0.155511162E+02  -0.162517505E+02  -0.159133053E+02  -0.120754584E+02  -0.802459476E+01  -0.118871961E+02  -0.126607016E+02  -0.113073913E+02
   0.179000004E+07   0.621733798E+04  -0.144343567E+02  -0.152421335E+02  -0.156755131E+02  -0.157925255E+02  -0.157990498E+02  -0.152666723E+02  -0.149996590E+02  -0.155529020E+02  -0.162546793E+02  -0.159156431E+02  -0.120723040E+02  -0.801683492E+01  -0.118836917E+02  -0.126582619E+02  -0.113039031E+02
   0.180000041E+07   0.621136354E+04  -0.144346369E+02  -0.152438727E+02  -0.156783285E+02  -0.157959106E+02  -0.158028524E+02  -0.152670279E+02  -0.150010913E+02  -0.155552932E+02  -0.162582424E+02  -0.159186003E+02  -0.120696303E+02  -0.800943934E+01  -0.118806590E+02  -0.126563208E+02  -0.113008872E+02
   0.181000036E+07   0.620464559E+04  -0.144345886E+02  -0.152454650E+02  -0.156811309E+02  -0.157993537E+02  -0.158067648E+02  -0.152670644E+02  -0.150023386E+02  -0.155576188E+02  -0.162618857E+02  -0.159215622E+02  -0.120662605E+02  -0.800076012E+01  -0.118768856E+02  -0.126537748E+02  -0.112971326E+02
   0.182000023E+07   0.619736716E+04  -0.144342720E+02  -0.152469258E+02  -0.156839029E+02  -0.158028196E+02  -0.158107394E+02  -0.152668396E+02  -0.150034255E+02  -0.155598740E+02  -0.162655686E+02  -0.159245069E+02  -0.120623453E+02  -0.799109245E+01  -0.118725331E+02  -0.126507522E+02  -0.112928005E+02
   0.183000013E+07   0.618962900E+04  -0.144337069E+02  -0.152482503E+02  -0.156866214E+02  -0.158062761E+02  -0.158147364E+02  -0.152663722E+02  -0.150043527E+02  -0.155620432E+02  -0.162692556E+02  -0.159274092E+02  -0.120579542E+02  -0.798058564E+01  -0.118676772E+02  -0.126473100E+02  -0.112879662E+02
   0.184000014E+07   0.618152018E+04  -0.144329154E+02  -0.152494390E+02  -0.156892707E+02  -0.158096987E+02  -0.158187256E+02  -0.152656830E+02  -0.150051249E+02  -0.155641169E+02  -0.162729198E+02  -0.159302510E+02  -0.120531535E+02  -0.796937617E+01  -0.118623892E+02  -0.126435037E+02  -0.112827010E+02
   0.185000014E+07   0.617308861E+04  -0.144318921E+02  -0.152504747E+02  -0.156918253E+02  -0.158130572E+02  -0.158226733E+02  -0.152647661E+02  -0.150057275E+02  -0.155660729E+02  -0.162765296E+02  -0.159330057E+02  -0.120479614E+02  -0.795752028E+01  -0.118566906E+02  -0.126393456E+02  -0.112770259E+02
   0.186000010E+07   0.616433922E+04  -0.144306107E+02  -0.152513299E+02  -0.156942566E+02  -0.158163229E+02  -0.158265503E+02  -0.152635951E+02  -0.150061334E+02  -0.155678832E+02  -0.162800560E+02  -0.159356448E+02  -0.120423542E+02  -0.794499801E+01  -0.118505577E+02  -0.126348112E+02  -0.112709175E+02
   0.187000008E+07   0.615533634E+04  -0.144291140E+02  -0.152520317E+02  -0.156965802E+02  -0.158195050E+02  -0.158303615E+02  -0.152622120E+02  -0.150063728E+02  -0.155695676E+02  -0.162835063E+02  -0.159381821E+02  -0.120364062E+02  -0.793193474E+01  -0.118440688E+02  -0.126299673E+02  -0.112644539E+02
   0.188000022E+07   0.614610742E+04  -0.144274308E+02  -0.152526022E+02  -0.156988132E+02  -0.158226180E+02  -0.158341193E+02  -0.152606452E+02  -0.150064693E+02  -0.155711454E+02  -0.162868944E+02  -0.159406341E+02  -0.120301600E+02  -0.791839450E+01  -0.118372681E+02  -0.126248528E+02  -0.112576790E+02
   0.189000006E+07   0.613673936E+04  -0.144256159E+02  -0.152530750E+02  -0.157009735E+02  -0.158256717E+02  -0.158378275E+02  -0.152589485E+02  -0.150064609E+02  -0.155726407E+02  -0.162902272E+02  -0.159430169E+02  -0.120237132E+02  -0.790454383E+01  -0.118302585E+02  -0.126195549E+02  -0.112506957E+02
   0.190000022E+07   0.612731280E+04  -0.144237362E+02  -0.152534973E+02  -0.157030939E+02  -0.158286909E+02  -0.158415054E+02  -0.152571878E+02  -0.150063991E+02  -0.155740919E+02  -0.162935273E+02  -0.159453610E+02  -0.120171728E+02  -0.789055321E+01  -0.118231518E+02  -0.126141704E+02  -0.112436153E+02
   0.191000008E+07   0.611787238E+04  -0.144218452E+02  -0.152539116E+02  -0.157052088E+02  -0.158317061E+02  -0.158451802E+02  -0.152554159E+02  -0.150063285E+02  -0.155755367E+02  -0.162968238E+02  -0.159477000E+02  -0.120106142E+02  -0.787653348E+01  -0.118160260E+02  -0.126087695E+02  -0.112365160E+02
   0.192000005E+07   0.610856279E+04  -0.144200649E+02  -0.152544048E+02  -0.157073790E+02  -0.158347640E+02  -0.158488886E+02  -0.152537531E+02  -0.150063435E+02  -0.155770459E+02  -0.163001591E+02  -0.159500912E+02  -0.120042311E+02  -0.786279257E+01  -0.118090835E+02  -0.126035280E+02  -0.112295995E+02
   0.193000004E+07   0.609947796E+04  -0.144184786E+02  -0.152550370E+02  -0.157096477E+02  -0.158378991E+02  -0.158526584E+02  -0.152522814E+02  -0.150065092E+02  -0.155786697E+02  -0.163035648E+02  -0.159525756E+02  -0.119981530E+02  -0.784953438E+01  -0.118024596E+02  -0.125985640E+02  -0.112230011E+02
   0.194000042E+07   0.609066583E+04  -0.144171425E+02  -0.152558528E+02  -0.157120509E+02  -0.158411426E+02  -0.158565176E+02  -0.152510564E+02  -0.150068724E+02  -0.155804474E+02  -0.163070709E+02  -0.159551880E+02  -0.119924599E+02  -0.783687673E+01  -0.117962371E+02  -0.125939516E+02  -0.112168032E+02
   0.195000003E+07   0.608224823E+04  -0.144161436E+02  -0.152569095E+02  -0.157146239E+02  -0.158445183E+02  -0.158604815E+02  -0.152501637E+02  -0.150074967E+02  -0.155824228E+02  -0.163106975E+02  -0.159579608E+02  -0.119872991E+02  -0.782506321E+01  -0.117905706E+02  -0.125898230E+02  -0.112111603E+02
   0.196000035E+07   0.607426432E+04  -0.144155405E+02  -0.152582561E+02  -0.157174088E+02  -0.158480645E+02  -0.158645856E+02  -0.152496615E+02  -0.150084333E+02  -0.155846409E+02  -0.163144816E+02  -0.159609353E+02  -0.119827487E+02  -0.781420274E+01  -0.117855405E+02  -0.125862516E+02  -0.112061525E+02
   0.197000023E+07   0.606676610E+04  -0.144153557E+02  -0.152599024E+02  -0.157204058E+02  -0.158517765E+02  -0.158688215E+02  -0.152495713E+02  -0.150096945E+02  -0.155871056E+02  -0.163184170E+02  -0.159641102E+02  -0.119788566E+02  -0.780438448E+01  -0.117811979E+02  -0.125832790E+02  -0.112018309E+02
   0.198000041E+07   0.605973153E+04  -0.144155561E+02  -0.152618206E+02  -0.157235913E+02  -0.158556328E+02  -0.158731692E+02  -0.152498604E+02  -0.150112514E+02  -0.155897917E+02  -0.163224829E+02  -0.159674627E+02  -0.119755789E+02  -0.779554711E+01  -0.117774976E+02  -0.125808640E+02  -0.111981503E+02
