3506.33056640625  -1.763494E-17
3509.17275881768  3.270348E-17
3512.0149512291  -8.568797E-17
3514.85714364052  6.988883E-17
3517.69933605194  -1.093345E-16
3520.54152846337  2.342963E-17
3523.38372087479  7.790284E-17
3526.22591328621  1.692927E-16
3529.06810569764  6.808275E-17
3531.91029810906  7.481193E-17
3534.75249052048  1.239562E-16
3537.5946829319  2.521412E-17
3540.43687534333  2.727122E-17
3543.27906775475  8.361841E-19
3546.12126016617  8.244308E-17
3548.96345257759  2.415195E-18
3551.80564498902  -2.006497E-17
3554.64783740044  -5.164402E-18
3557.49002981186  6.411128E-17
3560.33222222329  -3.911300E-17
3563.17441463471  6.386290E-18
3566.01660704613  1.212864E-16
3568.85879945755  -4.346402E-17
3571.70099186898  8.634715E-17
3574.5431842804  2.022517E-17
3577.38537669182  4.156283E-17
3580.22756910324  5.050821E-19
3583.06976151467  1.127570E-16
3585.91195392609  3.036447E-17
3588.75414633751  3.058734E-17
3591.59633874894  1.242125E-16
3594.43853116036  -3.390467E-17
3597.28072357178  -2.332699E-17
3600.1229159832  2.645450E-17
3602.96510839463  -4.181511E-17
3605.80730080605  5.606937E-17
3608.64949321747  2.388863E-17
3611.49168562889  5.385139E-17
3614.33387804032  -4.575208E-17
3617.17607045174  -4.114999E-18
3620.01826286316  -2.817934E-17
3622.86045527459  4.325110E-17
3625.70264768601  -1.544460E-17
3628.54484009743  -3.155844E-17
3631.38703250885  -1.010411E-16
3634.22922492028  6.525006E-17
3637.0714173317  1.209747E-17
3639.91360974312  -1.025268E-17
3642.75580215454  3.773346E-17
3645.59799456597  6.541414E-18
3648.44018697739  1.350923E-16
3651.28237938881  2.284002E-17
3654.12457180024  1.791488E-17
3656.96676421166  9.832464E-17
3659.80895662308  -4.680315E-17
3662.6511490345  -2.675615E-17
3665.49334144593  4.338291E-17
3668.33553385735  7.744093E-17
3671.17772626877  5.980323E-18
3674.0199186802  -5.445425E-17
3676.86211109162  3.537341E-18
3679.70430350304  -3.320421E-17
3682.54649591446  6.849648E-17
3685.38868832589  1.584163E-17
3688.23088073731  2.638699E-17
3691.07307314873  6.374327E-18
3693.91526556015  7.037213E-17
3696.75745797158  -1.266812E-17
3699.599650383  8.470335E-18
3702.44184279442  3.636434E-17
3705.28403520585  1.022625E-16
3708.12622761727  -2.232242E-17
3710.96842002869  2.457781E-17
3713.81061244011  3.062356E-18
3716.65280485154  5.500449E-19
3719.49499726296  -3.559080E-17
3722.33718967438  4.736424E-17
3725.1793820858  1.086339E-17
3728.02157449723  -4.964707E-17
3730.86376690865  9.313858E-17
3733.70595932007  7.582821E-17
3736.5481517315  1.285086E-17
3739.39034414292  7.600987E-17
3742.23253655434  4.687235E-17
3745.07472896576  -2.514057E-19
3747.91692137719  -9.369097E-18
3750.75911378861  9.131029E-17
3753.60130620003  4.904966E-17
3756.44349861145  1.925162E-18
3759.28569102288  2.253331E-17
3762.1278834343  -3.039061E-17
3764.97007584572  6.196467E-17
3767.81226825714  2.539511E-17
3770.65446066857  3.791382E-17
3773.49665307999  8.031831E-18
3776.33884549141  3.594785E-18
3779.18103790284  -2.383891E-17
3782.02323031426  3.854143E-17
3784.86542272568  3.135461E-17
3787.7076151371  1.807287E-17
3790.54980754853  2.155196E-17
3793.39199995995  2.582584E-17
3796.23419237137  5.961415E-17
3799.07638478279  7.690785E-17
3801.91857719422  6.062951E-17
3804.76076960564  6.068109E-18
3807.60296201706  6.142195E-17
3810.44515442849  -1.512531E-17
3813.28734683991  1.047858E-17
3816.12953925133  -2.361435E-17
3818.97173166275  8.616108E-17
3821.81392407418  5.416848E-17
3824.6561164856  9.598145E-18
3827.49830889702  3.659839E-17
3830.34050130845  4.245492E-18
3833.18269371987  -1.986943E-17
3836.02488613129  -1.215460E-17
3838.86707854271  1.030079E-17
3841.70927095414  2.807070E-18
3844.55146336556  1.749674E-18
3847.39365577698  4.800357E-17
3850.2358481884  3.985027E-17
3853.07804059983  4.849988E-17
3855.92023301125  2.866234E-19
3858.76242542267  1.385988E-17
3861.6046178341  3.616532E-18
3864.44681024552  4.062388E-17
3867.28900265694  -2.265524E-18
3870.13119506836  2.011387E-17
3872.97338747979  -3.743779E-18
3875.81557989121  8.044268E-17
3878.65777230263  -9.851877E-18
3881.49996471405  3.610397E-17
3884.34215712548  -2.193005E-17
3887.1843495369  -8.370112E-19
3890.02654194832  -2.340682E-17
3892.86873435975  -2.326893E-19
3895.71092677117  2.755400E-17
3898.55311918259  6.221796E-17
3901.39531159401  1.436301E-17
3904.23750400544  3.570663E-18
3907.07969641686  -2.568649E-17
3909.92188882828  4.127531E-17
3912.7640812397  -6.389840E-18
3915.60627365113  4.460186E-17
3918.44846606255  3.427379E-17
3921.29065847397  8.561267E-17
3924.1328508854  1.889706E-17
3926.97504329682  -9.431310E-18
3929.81723570824  5.490430E-17
3932.65942811966  3.078013E-17
3935.50162053109  5.457282E-17
3938.34381294251  4.663390E-17
3941.18600535393  4.663281E-17
3944.02819776535  1.619640E-17
3946.87039017678  3.637271E-18
3949.7125825882  5.524012E-17
3952.55477499962  2.885305E-17
3955.39696741105  5.339893E-18
3958.23915982247  5.204283E-17
3961.08135223389  -3.016436E-17
3963.92354464531  4.043497E-17
3966.76573705674  5.632342E-17
3969.60792946816  3.701736E-18
3972.45012187958  5.096140E-17
3975.292314291  -1.521309E-17
3978.13450670243  3.696262E-17
3980.97669911385  -8.149737E-18
3983.81889152527  3.636207E-17
3986.6610839367  -4.319245E-18
3989.50327634812  3.546699E-17
3992.34546875954  8.365321E-18
3995.18766117096  4.000415E-17
3998.02985358239  4.233219E-17
4000.87204599381  1.643394E-17
4003.71423840523  -6.468813E-18
4006.55643081666  3.600561E-17
4009.39862322808  3.883795E-18
4012.2408156395  1.129809E-17
4015.08300805092  2.466782E-17
4017.92520046235  -1.988292E-17
4020.76739287377  2.847248E-17
4023.60958528519  -3.228020E-18
4026.45177769661  1.190974E-17
4029.29397010804  -2.826583E-17
4032.13616251946  1.680486E-17
4034.97835493088  2.306466E-17
4037.8205473423  2.484202E-17
4040.66273975373  6.891659E-17
4043.50493216515  6.957205E-17
4046.34712457657  2.590792E-17
4049.189316988  5.222006E-17
4052.03150939942  4.708341E-18
4054.87370181084  9.709056E-18
4057.71589422226  2.978157E-17
4060.55808663369  6.374350E-17
4063.40027904511  5.717181E-17
4066.24247145653  8.171235E-17
4069.08466386796  6.068323E-17
4071.92685627938  1.523486E-17
4074.7690486908  5.081420E-17
4077.61124110222  5.057468E-17
4080.45343351365  2.906020E-17
4083.29562592507  2.467894E-17
4086.13781833649  5.918043E-17
4088.98001074791  -2.103063E-17
4091.82220315934  3.551341E-17
4094.66439557076  4.466209E-17
4097.50658798218  6.479378E-18
4100.3487803936  3.175399E-17
4103.19097280503  -2.834377E-18
4106.03316521645  2.560343E-17
4108.87535762787  -1.233155E-17
4111.7175500393  -1.397028E-18
4114.55974245072  3.462000E-17
4117.40193486214  -7.595729E-18
4120.24412727356  2.346601E-17
4123.08631968499  1.685017E-18
4125.92851209641  7.133696E-17
4128.77070450783  2.197761E-17
4131.61289691926  4.838612E-18
4134.45508933068  -4.690613E-18
4137.2972817421  3.493157E-17
4140.13947415352  6.346960E-17
4142.98166656495  4.780598E-17
4145.82385897637  2.789603E-17
4148.66605138779  1.551002E-17
4151.50824379921  2.425419E-17
4154.35043621064  3.151118E-18
4157.19262862206  -3.778010E-18
4160.03482103348  3.980423E-17
4162.87701344491  3.304396E-17
4165.71920585633  4.499483E-17
4168.56139826775  5.068930E-17
4171.40359067917  5.820263E-17
4174.2457830906  4.790471E-17
4177.08797550202  9.196483E-18
4179.93016791344  2.267129E-17
4182.77236032486  5.204913E-17
4185.61455273629  4.481824E-17
4188.45674514771  3.195877E-17
4191.29893755913  2.645587E-17
4194.14112997056  6.212741E-17
4196.98332238198  3.884972E-19
4199.8255147934  2.328382E-17
4202.66770720482  3.186470E-17
4205.50989961625  3.762582E-17
4208.35209202767  3.511897E-17
4211.19428443909  1.388091E-17
4214.03647685051  2.877105E-17
4216.87866926194  4.089076E-17
4219.72086167336  4.338306E-17
4222.56305408478  3.274900E-17
4225.40524649621  1.150173E-17
4228.24743890763  3.650323E-17
4231.08963131905  1.326520E-17
4233.93182373047  2.887657E-17
4236.7740161419  2.573989E-17
4239.61620855332  3.150237E-17
4242.45840096474  2.610686E-17
4245.30059337616  3.207417E-17
4248.14278578759  6.542052E-17
4250.98497819901  3.999903E-17
4253.82717061043  1.697848E-17
4256.66936302186  1.063398E-17
4259.51155543328  1.602269E-17
4262.3537478447  4.280240E-17
4265.19594025612  4.656800E-17
4268.03813266755  2.589456E-17
4270.88032507897  4.571309E-17
4273.72251749039  3.626906E-17
4276.56470990181  3.516929E-17
4279.40690231324  2.444754E-17
4282.24909472466  5.914087E-17
4285.09128713608  6.129528E-17
4287.93347954751  1.183981E-17
4290.77567195893  3.637148E-18
4293.61786437035  4.518398E-17
4296.46005678177  4.453667E-17
4299.3022491932  1.744127E-17
4302.14444160462  1.462980E-17
4304.98663401604  3.791828E-17
4307.82882642746  1.787989E-17
4310.67101883889  4.421408E-17
4313.51321125031  1.669951E-17
4316.35540366173  2.894094E-17
4319.19759607316  3.119067E-17
4322.03978848458  2.801721E-17
4324.881980896  2.204329E-17
4327.72417330742  2.529029E-17
4330.56636571885  2.728866E-17
4333.40855813027  3.818795E-17
4336.25075054169  3.685098E-17
4339.09294295311  8.486670E-18
4341.93513536454  6.804783E-17
4344.77732777596  1.663003E-17
4347.61952018738  2.793447E-17
4350.46171259881  3.331029E-17
4353.30390501023  6.250668E-17
4356.14609742165  5.933568E-17
4358.98828983307  9.009210E-17
4361.8304822445  6.093247E-17
4364.67267465592  7.739679E-17
4367.51486706734  3.253414E-17
4370.35705947877  2.880335E-17
4373.19925189019  8.725023E-17
4376.04144430161  3.490013E-17
4378.88363671303  2.781261E-17
4381.72582912446  5.385881E-17
4384.56802153588  4.242062E-17
4387.4102139473  2.116248E-17
4390.25240635872  8.498220E-18
4393.09459877015  2.579602E-17
4395.93679118157  6.402452E-17
4398.77898359299  5.226373E-17
4401.62117600442  5.159170E-17
4404.46336841584  3.298239E-17
4407.30556082726  5.292030E-17
4410.14775323868  5.487791E-17
4412.98994565011  7.408169E-17
4415.83213806153  7.624232E-17
4418.67433047295  6.298201E-17
4421.51652288437  6.210934E-17
4424.3587152958  5.805325E-17
4427.20090770722  4.594044E-17
4430.04310011864  2.599789E-17
4432.88529253007  1.980113E-17
4435.72748494149  6.032972E-17
4438.56967735291  5.826372E-17
4441.41186976433  7.044820E-17
4444.25406217576  5.572133E-17
4447.09625458718  4.243504E-17
4449.9384469986  2.178687E-17
4452.78063941002  3.903353E-17
4455.62283182145  2.717549E-17
4458.46502423287  1.808533E-17
4461.30721664429  -9.562496E-18
4464.14940905572  1.166734E-17
4466.99160146714  4.270476E-17
4469.83379387856  2.658072E-17
4472.67598628998  4.633553E-17
4475.51817870141  3.570660E-17
4478.36037111283  4.662164E-18
4481.20256352425  3.018766E-17
4484.04475593568  2.371828E-17
4486.8869483471  4.713957E-17
4489.72914075852  3.041016E-17
4492.57133316994  2.057758E-17
4495.41352558137  8.493470E-18
4498.25571799279  2.953351E-17
4501.09791040421  4.214054E-17
4503.94010281563  5.345950E-17
4506.78229522706  9.313956E-17
4509.62448763848  2.766030E-17
4512.4666800499  3.014410E-17
4515.30887246132  2.598518E-17
4518.15106487275  4.994282E-17
4520.99325728417  3.767047E-17
4523.83544969559  3.756784E-17
4526.67764210702  1.333876E-17
4529.51983451844  1.326001E-17
4532.36202692986  6.129494E-17
4535.20421934128  3.271215E-17
4538.04641175271  3.361329E-17
4540.88860416413  2.464707E-17
4543.73079657555  8.806969E-18
4546.57298898697  6.215192E-17
4549.4151813984  3.204497E-17
4552.25737380982  2.228592E-17
4555.09956622124  2.600301E-17
4557.94175863267  2.527256E-17
4560.78395104409  1.194144E-17
4563.62614345551  3.340048E-17
4566.46833586693  9.347121E-18
4569.31052827836  2.518435E-17
4572.15272068978  9.219258E-19
4574.9949131012  2.312675E-17
4577.83710551262  5.759622E-17
4580.67929792405  5.179008E-17
4583.52149033547  8.104769E-17
4586.36368274689  3.525994E-17
4589.20587515832  6.288782E-17
4592.04806756974  5.200652E-17
4594.89025998116  4.208439E-17
4597.73245239258  5.442209E-17
4600.57464480401  2.924719E-17
4603.41683721543  4.877612E-17
4606.25902962685  5.016338E-17
4609.10122203828  2.836870E-17
4611.9434144497  6.356772E-17
4614.78560686112  2.375440E-17
4617.62779927254  3.974498E-17
4620.46999168397  5.802141E-17
4623.31218409539  4.855056E-17
4626.15437650681  2.956404E-17
4628.99656891823  3.482241E-17
4631.83876132966  3.972111E-17
4634.68095374108  4.157979E-17
4637.5231461525  6.652134E-17
4640.36533856392  4.140067E-17
4643.20753097535  3.607054E-17
4646.04972338677  4.577067E-17
4648.89191579819  4.867196E-17
4651.73410820962  4.694676E-17
4654.57630062104  2.957009E-17
4657.41849303246  4.512851E-17
4660.26068544388  8.012333E-17
4663.10287785531  4.994994E-17
4665.94507026673  3.188961E-17
4668.78726267815  3.660059E-17
4671.62945508957  3.914851E-17
4674.471647501  8.107914E-17
4677.31383991242  6.351862E-17
4680.15603232384  3.992264E-17
4682.99822473526  5.002998E-17
4685.84041714669  2.778403E-17
4688.68260955811  3.650857E-17
4691.52480196953  2.489125E-17
4694.36699438096  3.325528E-18
4697.20918679238  3.159056E-17
4700.0513792038  4.227873E-17
4702.89357161522  2.092362E-17
4705.73576402665  2.046940E-17
4708.57795643807  1.451391E-17
4711.42014884949  3.358971E-17
4714.26234126092  6.420287E-17
4717.10453367234  3.464269E-17
4719.94672608376  4.080446E-17
4722.78891849518  4.034106E-17
4725.63111090661  5.941469E-17
4728.47330331803  3.367319E-17
4731.31549572945  3.268932E-17
4734.15768814088  4.315167E-17
4736.9998805523  2.866764E-17
4739.84207296372  3.062841E-17
4742.68426537514  2.725710E-17
4745.52645778657  4.777134E-17
4748.36865019799  4.077441E-17
4751.21084260941  3.220264E-17
4754.05303502083  1.954308E-17
4756.89522743226  3.101106E-17
4759.73741984368  3.582248E-17
4762.5796122551  3.354877E-17
4765.42180466652  3.328478E-17
4768.26399707795  1.950414E-17
4771.10618948937  3.087048E-17
4773.94838190079  1.746404E-17
4776.79057431222  3.213025E-17
4779.63276672364  1.674309E-17
4782.47495913506  -3.665699E-18
4785.31715154648  1.646698E-17
4788.15934395791  4.130213E-17
4791.00153636933  4.369505E-17
4793.84372878075  9.467129E-18
4796.68592119217  4.785777E-17
4799.5281136036  1.679599E-17
4802.37030601502  2.707285E-17
4805.21249842644  3.986189E-17
4808.05469083786  7.142830E-17
4810.89688324929  1.840298E-17
4813.73907566071  3.369601E-17
4816.58126807213  2.195806E-17
4819.42346048356  3.881083E-17
4822.26565289498  1.956604E-17
4825.1078453064  1.880353E-17
4827.95003771783  8.505975E-18
4830.79223012925  1.908708E-17
4833.63442254067  4.798839E-17
4836.47661495209  1.304899E-17
4839.31880736352  4.746638E-18
4842.16099977494  1.397472E-17
4845.00319218636  1.791559E-17
4847.84538459778  9.787085E-18
4850.68757700921  1.253708E-17
4853.52976942063  2.589722E-17
4856.37196183205  2.253675E-17
4859.21415424347  3.636144E-17
4862.0563466549  2.128275E-17
4864.89853906632  1.891931E-17
4867.74073147774  2.201618E-17
4870.58292388917  4.049676E-17
4873.42511630059  5.286932E-17
4876.26730871201  4.222053E-17
4879.10950112343  4.659430E-17
4881.95169353486  3.212835E-17
4884.79388594628  3.430644E-17
4887.6360783577  6.028182E-17
4890.47827076912  3.407726E-17
4893.32046318055  4.201732E-17
4896.16265559197  6.678133E-17
4899.00484800339  2.951144E-17
4901.84704041482  5.832402E-17
4904.68923282624  4.691435E-17
4907.53142523766  3.494367E-17
4910.37361764908  4.764497E-17
4913.21581006051  4.667478E-17
4916.05800247193  3.392652E-17
4918.90019488335  3.623891E-17
4921.74238729478  2.965714E-17
4924.5845797062  4.677016E-17
4927.42677211762  6.395776E-17
4930.26896452904  4.880379E-17
4933.11115694046  5.028197E-17
4935.95334935189  6.206259E-17
4938.79554176331  5.250474E-17
4941.63773417473  5.264710E-17
4944.47992658616  5.329167E-17
4947.32211899758  3.074319E-17
4950.164311409  3.817280E-17
4953.00650382042  5.133405E-17
4955.84869623185  3.833373E-17
4958.69088864327  5.136442E-17
4961.53308105469  2.026796E-17
4964.37527346612  3.054070E-17
4967.21746587754  4.433524E-17
4970.05965828896  7.803268E-17
4972.90185070038  3.895622E-18
4975.74404311181  6.019332E-17
4978.58623552323  1.896722E-17
4981.42842793465  3.524519E-17
4984.27062034607  1.332432E-17
4987.1128127575  -2.212675E-18
4989.95500516892  1.307880E-17
4992.79719758034  2.298568E-17
4995.63938999177  3.873649E-17
4998.48158240319  3.463721E-17
5001.32377481461  1.675196E-17
5004.16596722604  2.069107E-17
5007.00815963746  2.063785E-17
5009.85035204888  4.546389E-17
5012.6925444603  2.980075E-17
5015.53473687172  6.719525E-17
5018.37692928315  2.382872E-17
5021.21912169457  1.366524E-17
5024.06131410599  6.163000E-17
5026.90350651742  4.316349E-17
5029.74569892884  5.229948E-17
5032.58789134026  4.768161E-17
5035.43008375168  5.631407E-17
5038.27227616311  4.110614E-17
5041.11446857453  5.793787E-17
5043.95666098595  5.392445E-17
5046.79885339738  3.634403E-17
5049.6410458088  2.421654E-17
5052.48323822022  5.309948E-17
5055.32543063164  4.799939E-17
5058.16762304307  2.608606E-17
5061.00981545449  2.754687E-17
5063.85200786591  3.306706E-17
5066.69420027734  2.673259E-17
5069.53639268876  3.325300E-17
5072.37858510018  2.620225E-17
5075.2207775116  2.966302E-17
5078.06296992303  2.275727E-17
5080.90516233445  5.255920E-17
5083.74735474587  2.530509E-17
5086.58954715729  -5.132363E-18
5089.43173956872  5.081975E-17
5092.27393198014  2.693125E-17
5095.11612439156  3.427315E-17
5097.95831680299  4.909807E-17
5100.80050921441  3.981561E-17
5103.64270162583  3.219143E-17
5106.48489403725  3.275804E-17
5109.32708644868  4.542022E-17
5112.1692788601  8.135995E-18
5115.01147127152  3.304663E-17
5117.85366368294  2.125454E-17
5120.69585609437  4.016087E-17
5123.53804850579  4.769577E-17
5126.38024091721  2.504120E-17
5129.22243332863  3.606649E-17
5132.06462574006  3.611627E-17
5134.90681815148  3.357454E-17
5137.74901056291  2.984712E-17
5140.59120297433  2.954573E-17
5143.43339538575  1.368425E-17
5146.27558779717  4.719361E-17
5149.11778020859  4.227916E-17
5151.95997262002  2.653478E-17
5154.80216503144  -2.515218E-17
5157.64435744286  5.631698E-17
5160.48654985429  6.481112E-17
5163.32874226571  7.131608E-17
5166.17093467713  5.234662E-17
5169.01312708855  6.271874E-17
5171.85531949998  3.363528E-17
5174.6975119114  4.181219E-17
5177.53970432282  7.057232E-17
5180.38189673425  7.659880E-17
5183.22408914567  5.399450E-17
5186.06628155709  8.878265E-17
5188.90847396851  5.370340E-17
5191.75066637994  3.923123E-17
5194.59285879136  4.415943E-17
5197.43505120278  6.534844E-17
5200.2772436142  7.081800E-17
5203.11943602563  5.226404E-17
5205.96162843705  5.811206E-17
5208.80382084847  5.052196E-17
5211.64601325989  7.507577E-17
5214.48820567132  3.470222E-17
5217.33039808274  5.121597E-17
5220.17259049416  5.675650E-17
5223.01478290559  6.875327E-17
5225.85697531701  3.919374E-17
5228.69916772843  4.153507E-17
5231.54136013985  2.877107E-17
5234.38355255128  4.503941E-17
5237.2257449627  8.035520E-17
5240.06793737412  3.960510E-17
5242.91012978554  3.176784E-17
5245.75232219697  4.349933E-17
5248.59451460839  5.414361E-17
5251.43670701981  4.201577E-17
5254.27889943124  4.944829E-17
5257.12109184266  7.385284E-17
5259.96328425408  6.650606E-17
5262.8054766655  7.328974E-17
5265.64766907693  7.367212E-17
5268.48986148835  6.843850E-17
5271.33205389977  4.381170E-17
5274.17424631119  3.969072E-17
5277.01643872262  6.714591E-17
5279.85863113404  7.941742E-17
5282.70082354546  6.531006E-17
5285.54301595688  4.936503E-17
5288.38520836831  5.281376E-17
5291.22740077973  5.191399E-17
5294.06959319115  6.135572E-17
5296.91178560258  5.732416E-17
5299.753978014  7.220685E-17
5302.59617042542  4.819776E-17
5305.43836283684  2.369152E-17
5308.28055524827  4.877907E-17
5311.12274765969  5.034090E-17
5313.96494007111  3.880439E-17
5316.80713248254  3.462493E-17
5319.64932489396  -2.661773E-18
5322.49151730538  7.153243E-17
5325.3337097168  4.212606E-17
5328.17590212823  5.108744E-17
5331.01809453965  5.245333E-17
5333.86028695107  5.075696E-17
5336.70247936249  6.554187E-17
5339.54467177392  4.824245E-17
5342.38686418534  6.715574E-17
5345.22905659676  4.571852E-17
5348.07124900819  7.467030E-17
5350.91344141961  5.860856E-17
5353.75563383103  7.867161E-17
5356.59782624245  3.773041E-17
5359.44001865388  3.534011E-17
5362.2822110653  3.936589E-17
5365.12440347672  6.087066E-17
5367.96659588814  4.254932E-17
5370.80878829957  5.509922E-17
5373.65098071099  5.943849E-17
5376.49317312241  4.399022E-17
5379.33536553384  2.631713E-17
5382.17755794526  5.434377E-17
5385.01975035668  4.430332E-17
5387.8619427681  4.454059E-17
5390.70413517953  3.189089E-17
5393.54632759095  2.357646E-17
5396.38852000237  3.465611E-17
5399.23071241379  2.453492E-17
5402.07290482522  3.226368E-17
5404.91509723664  4.327967E-17
5407.75728964806  4.954223E-17
5410.59948205949  4.127777E-17
5413.44167447091  2.774132E-17
5416.28386688233  3.391695E-17
5419.12605929375  2.306409E-17
5421.96825170518  3.738290E-17
5424.8104441166  3.727284E-17
5427.65263652802  1.675846E-17
5430.49482893944  2.735107E-17
5433.33702135087  3.968859E-17
5436.17921376229  4.795115E-17
5439.02140617371  7.060238E-17
5441.86359858514  3.353769E-17
5444.70579099656  1.384581E-17
5447.54798340798  3.826191E-17
5450.3901758194  6.088819E-17
5453.23236823083  1.147343E-17
5456.07456064225  7.190120E-18
5458.91675305367  4.738165E-17
5461.75894546509  5.095410E-17
5464.60113787652  5.910213E-17
5467.44333028794  8.563655E-18
5470.28552269936  2.150626E-17
5473.12771511079  2.949597E-17
5475.96990752221  5.855152E-17
5478.81209993363  3.327563E-17
5481.65429234505  2.357814E-17
5484.49648475648  1.585801E-17
5487.3386771679  4.119531E-17
5490.18086957932  3.273450E-17
5493.02306199075  1.667369E-17
5495.86525440217  3.793030E-17
5498.70744681359  6.150180E-17
5501.54963922501  2.210818E-17
5504.39183163644  2.755410E-17
5507.23402404786  2.608872E-17
5510.07621645928  1.323469E-17
5512.9184088707  2.645361E-17
5515.76060128213  4.006019E-17
5518.60279369355  2.657383E-17
5521.44498610497  3.587511E-17
5524.2871785164  5.919833E-17
5527.12937092782  2.945422E-17
5529.97156333924  2.835279E-17
5532.81375575067  3.998267E-17
5535.65594816209  3.626328E-17
5538.49814057351  3.840330E-17
5541.34033298493  3.912099E-17
5544.18252539635  1.617788E-17
5547.02471780778  2.713790E-17
5549.8669102192  3.692594E-17
5552.70910263062  3.851142E-17
5555.55129504205  4.779841E-17
5558.39348745347  4.092215E-17
5561.23567986489  5.036780E-17
5564.07787227631  1.187937E-17
5566.92006468774  1.745283E-17
5569.76225709916  2.603440E-17
5572.60444951058  3.221888E-17
5575.44664192201  6.371030E-17
5578.28883433343  5.407354E-18
5581.13102674485  6.790209E-17
5583.97321915627  2.541677E-17
5586.8154115677  5.825140E-17
5589.65760397912  4.563583E-18
5592.49979639054  3.576302E-17
5595.34198880196  2.739872E-17
5598.18418121339  5.318098E-17
5601.02637362481  3.249098E-17
5603.86856603623  5.314547E-17
5606.71075844766  4.637491E-17
5609.55295085908  1.833868E-17
5612.3951432705  1.180551E-17
5615.23733568192  9.291029E-18
5618.07952809335  2.783798E-17
5620.92172050477  3.056830E-17
5623.76391291619  8.922829E-18
5626.60610532761  2.129835E-17
5629.44829773904  2.052684E-17
5632.29049015046  2.312897E-17
5635.13268256188  1.783392E-17
5637.9748749733  2.513634E-18
5640.81706738473  9.246243E-19
5643.65925979615  1.760907E-17
5646.50145220757  3.452197E-17
5649.343644619  2.911857E-17
5652.18583703042  2.235333E-17
5655.02802944184  1.468623E-17
5657.87022185326  3.677557E-17
5660.71241426469  2.281076E-17
5663.55460667611  2.702847E-17
5666.39679908753  1.487078E-17
5669.23899149895  3.653034E-17
5672.08118391038  1.840373E-17
5674.9233763218  3.132830E-17
5677.76556873322  2.362555E-17
5680.60776114465  6.905943E-18
5683.44995355607  1.351595E-17
5686.29214596749  4.633538E-17
5689.13433837891  5.139436E-17
5691.97653079034  1.880523E-17
5694.81872320176  7.309280E-18
5697.66091561318  2.091569E-17
5700.5031080246  4.419730E-17
5703.34530043603  2.425801E-17
5706.18749284745  2.786621E-17
5709.02968525887  2.838889E-17
5711.8718776703  2.569033E-17
5714.71407008172  1.883240E-17
5717.55626249314  -8.846449E-18
5720.39845490456  1.193187E-17
5723.24064731599  4.194492E-17
5726.08283972741  4.487392E-17
5728.92503213883  3.499348E-17
5731.76722455026  6.365211E-18
5734.60941696168  2.370827E-17
5737.4516093731  2.963492E-17
5740.29380178452  1.157076E-17
5743.13599419595  8.956403E-18
5745.97818660737  3.124807E-17
5748.82037901879  3.819953E-17
5751.66257143021  3.932710E-17
5754.50476384164  3.189081E-17
5757.34695625306  2.298048E-17
5760.18914866448  2.341099E-17
5763.03134107591  3.390730E-17
5765.87353348733  2.432507E-17
5768.71572589875  3.427831E-17
5771.55791831017  3.841237E-17
5774.4001107216  3.122701E-17
5777.24230313302  3.667040E-17
5780.08449554444  2.524063E-17
5782.92668795586  2.353034E-17
5785.76888036729  3.917270E-17
5788.61107277871  3.411849E-17
5791.45326519013  1.512465E-17
5794.29545760155  1.454495E-17
5797.13765001298  4.020409E-17
5799.9798424244  2.611355E-17
5802.82203483582  5.431603E-19
5805.66422724725  2.008933E-17
5808.50641965867  1.633243E-17
5811.34861207009  6.480675E-18
5814.19080448151  -1.776602E-17
5817.03299689294  8.542840E-18
5819.87518930436  2.530476E-17
5822.71738171578  2.484459E-17
5825.5595741272  2.358533E-17
5828.40176653863  1.717275E-17
5831.24395895005  2.294532E-17
5834.08615136147  3.673416E-18
5836.9283437729  -2.806772E-18
5839.77053618432  -2.083413E-18
5842.61272859574  1.362022E-17
5845.45492100716  1.598548E-17
5848.29711341859  5.925778E-18
5851.13930583001  1.519123E-18
5853.98149824143  -6.059952E-18
5856.82369065286  -1.739020E-18
5859.66588306428  3.858233E-17
5862.5080754757  8.507700E-18
5865.35026788712  1.110929E-17
5868.19246029855  1.461333E-17
5871.03465270997  4.809819E-18
5873.87684512139  1.595092E-17
5876.71903753281  6.636974E-18
5879.56122994424  1.723130E-17
5882.40342235566  5.327182E-17
5885.24561476708  2.445432E-17
5888.08780717851  3.629806E-17
5890.92999958993  6.326957E-17
5893.77219200135  9.607612E-18
5896.61438441277  1.392969E-17
5899.4565768242  6.945621E-18
5902.29876923562  1.135682E-17
5905.14096164704  2.204955E-17
5907.98315405846  3.630438E-17
5910.82534646989  1.509194E-17
5913.66753888131  5.733514E-17
5916.50973129273  4.733496E-17
5919.35192370416  4.091418E-17
5922.19411611558  8.121142E-17
5925.036308527  2.212953E-17
5927.87850093842  3.579050E-17
5930.72069334985  4.989286E-17
5933.56288576127  4.484041E-17
5936.40507817269  6.920630E-17
5939.24727058411  3.513721E-17
5942.08946299554  2.204276E-17
5944.93165540696  3.587514E-17
5947.77384781838  3.736793E-17
5950.61604022981  3.997190E-17
5953.45823264123  2.322947E-17
5956.30042505265  2.498450E-17
5959.14261746407  4.145503E-17
5961.9848098755  3.259152E-17
5964.82700228692  3.738647E-17
5967.66919469834  3.997520E-17
5970.51138710976  3.800825E-17
5973.35357952119  3.997298E-17
5976.19577193261  4.335225E-17
5979.03796434403  2.728438E-17
5981.88015675546  8.238179E-18
5984.72234916688  3.259313E-17
5987.5645415783  1.269424E-17
5990.40673398972  4.276770E-17
5993.24892640115  4.143239E-17
5996.09111881257  2.440100E-17
5998.93331122399  3.918742E-17
6001.77550363541  2.109956E-17
6004.61769604684  2.398589E-17
6007.45988845826  2.859927E-17
6010.30208086968  6.775984E-18
6013.14427328111  2.092598E-17
6015.98646569253  3.375678E-17
6018.82865810395  4.315011E-17
6021.67085051537  1.818581E-17
6024.5130429268  2.005147E-17
6027.35523533822  2.549319E-17
6030.19742774964  4.056504E-17
6033.03962016107  4.575272E-17
6035.88181257249  2.128464E-17
6038.72400498391  9.968259E-18
6041.56619739533  -5.606674E-18
6044.40838980675  1.738169E-17
6047.25058221818  2.804235E-17
6050.0927746296  -8.720054E-18
6052.93496704102  1.511412E-17
6055.77715945245  2.332973E-17
6058.61935186387  2.609327E-17
6061.46154427529  2.278716E-17
6064.30373668671  1.473156E-17
6067.14592909814  1.880302E-17
6069.98812150956  1.990532E-17
6072.83031392098  4.347561E-18
6075.67250633241  1.548241E-18
6078.51469874383  3.700714E-17
6081.35689115525  4.436726E-17
6084.19908356667  2.455644E-17
6087.0412759781  1.026736E-17
6089.88346838952  3.494259E-17
6092.72566080094  3.040541E-17
6095.56785321236  -2.165476E-18
6098.41004562379  3.354833E-18
6101.25223803521  3.099301E-17
6104.09443044663  1.358654E-17
6106.93662285806  1.334452E-17
6109.77881526948  3.034281E-17
6112.6210076809  2.287765E-17
6115.46320009232  6.861220E-18
6118.30539250375  1.643838E-17
6121.14758491517  1.462046E-17
6123.98977732659  3.378370E-17
6126.83196973801  4.102337E-17
6129.67416214944  4.518344E-17
6132.51635456086  4.950231E-18
6135.35854697228  3.112115E-17
6138.2007393837  3.099722E-17
6141.04293179513  1.369597E-17
6143.88512420655  2.260132E-17
6146.72731661797  3.969198E-17
6149.5695090294  4.316191E-17
6152.41170144082  3.377055E-17
6155.25389385224  2.713468E-17
6158.09608626367  2.064102E-17
6160.93827867509  4.084884E-17
6163.78047108651  2.787306E-17
6166.62266349793  4.005363E-17
6169.46485590936  3.858464E-17
6172.30704832078  3.405865E-17
6175.1492407322  1.943914E-17
6177.99143314362  2.298875E-17
6180.83362555505  2.068046E-17
6183.67581796647  1.945690E-17
6186.51801037789  3.692355E-17
6189.36020278932  2.423064E-17
6192.20239520074  2.323985E-17
6195.04458761216  2.726332E-17
6197.88678002358  2.014038E-17
6200.72897243501  1.292470E-17
6203.57116484643  7.857680E-18
6206.41335725785  1.924491E-17
6209.25554966927  1.152538E-18
6212.0977420807  1.073276E-17
6214.93993449212  3.084427E-17
6217.78212690354  3.563321E-17
6220.62431931496  3.708409E-17
6223.46651172639  3.468218E-17
6226.30870413781  4.378601E-17
6229.15089654923  2.391883E-17
6231.99308896066  2.340271E-17
6234.83528137208  2.753065E-17
6237.6774737835  1.777154E-17
6240.51966619492  3.329146E-17
6243.36185860635  5.123463E-17
6246.20405101777  2.117582E-17
6249.04624342919  2.133716E-17
6251.88843584061  2.870883E-17
6254.73062825204  3.162562E-17
6257.57282066346  1.377291E-17
6260.41501307488  3.997303E-17
6263.25720548631  3.326955E-18
6266.09939789773  3.755690E-17
6268.94159030915  2.469873E-17
6271.78378272057  5.786724E-18
6274.625975132  4.711619E-17
6277.46816754342  3.262483E-17
6280.31035995484  3.906991E-17
6283.15255236627  6.397611E-17
6285.99474477769  5.995731E-17
6288.83693718911  6.328685E-17
6291.67912960053  5.303859E-17
6294.52132201196  8.432875E-17
6297.36351442338  8.491103E-17
6300.2057068348  5.079927E-17
6303.04789924622  4.305550E-17
6305.89009165765  6.583214E-17
6308.73228406907  7.251354E-17
6311.57447648049  8.279846E-17
6314.41666889192  7.366899E-17
6317.25886130334  7.351776E-17
6320.10105371476  8.917522E-17
6322.94324612618  6.538962E-17
6325.78543853761  6.235070E-17
6328.62763094903  8.114599E-17
6331.46982336045  5.973594E-17
6334.31201577187  5.976156E-17
6337.1542081833  5.522290E-17
6339.99640059472  5.780743E-17
6342.83859300614  7.207142E-17
6345.68078541756  5.586354E-17
6348.52297782899  3.610523E-17
6351.36517024041  7.196357E-17
6354.20736265183  6.359255E-17
6357.04955506326  6.400597E-17
6359.89174747468  5.763971E-17
6362.7339398861  5.682238E-17
6365.57613229752  3.648761E-17
6368.41832470895  5.869312E-17
6371.26051712037  6.753122E-17
6374.10270953179  4.038306E-17
6376.94490194322  3.986164E-17
6379.78709435464  5.685726E-17
6382.62928676606  5.453072E-17
6385.47147917749  6.034913E-17
6388.31367158891  6.818021E-17
6391.15586400033  4.978100E-17
6393.99805641175  4.247232E-17
6396.84024882317  5.084735E-17
6399.6824412346  4.162734E-17
6402.52463364602  2.982518E-17
6405.36682605744  4.764863E-17
6408.20901846887  3.143882E-17
6411.05121088029  2.119573E-17
6413.89340329171  4.063156E-17
6416.73559570313  3.047532E-17
6419.57778811456  3.225352E-17
6422.41998052598  4.783595E-17
6425.2621729374  3.502300E-17
6428.10436534882  2.918884E-17
6430.94655776025  2.947463E-17
6433.78875017167  5.786768E-17
6436.63094258309  4.560945E-17
6439.47313499452  4.488847E-17
6442.31532740594  3.801343E-17
6445.15751981736  2.782116E-17
6447.99971222878  3.355834E-17
6450.84190464021  4.451994E-17
6453.68409705163  4.028174E-17
6456.52628946305  3.394462E-17
6459.36848187447  3.712230E-17
6462.2106742859  3.629175E-17
6465.05286669732  4.634717E-17
6467.89505910874  4.860194E-17
6470.73725152017  5.256430E-17
6473.57944393159  4.073669E-17
6476.42163634301  2.751460E-17
6479.26382875443  3.289852E-17
6482.10602116586  1.173645E-17
6484.94821357728  9.758825E-18
6487.7904059887  3.475570E-17
6490.63259840012  1.704957E-17
6493.47479081155  2.767732E-17
6496.31698322297  3.655597E-17
6499.15917563439  2.769779E-17
6502.00136804582  3.580348E-17
6504.84356045724  1.147307E-17
6507.68575286866  2.958904E-17
6510.52794528008  2.176986E-17
6513.37013769151  4.396385E-17
6516.21233010293  3.149265E-17
6519.05452251435  3.774204E-17
6521.89671492577  4.129960E-17
6524.7389073372  1.993622E-17
6527.58109974862  4.206506E-17
6530.42329216004  3.960970E-17
6533.26548457147  3.409971E-17
6536.10767698289  7.120434E-17
6538.94986939431  7.463349E-17
6541.79206180573  1.014693E-16
6544.63425421716  1.440908E-16
6547.47644662858  1.818167E-16
6550.31863904  2.323586E-16
6553.16083145143  2.763422E-16
6556.00302386285  2.974854E-16
6558.84521627427  3.736814E-16
6561.6874086857  4.318478E-16
6564.52960109712  4.484360E-16
6567.37179350854  4.984696E-16
6570.21398591996  5.132197E-16
6573.05617833138  5.523439E-16
6575.89837074281  5.652020E-16
6578.74056315423  5.660405E-16
6581.58275556565  5.565568E-16
6584.42494797708  5.917203E-16
6587.2671403885  5.625231E-16
6590.10933279992  5.272613E-16
6592.95152521134  5.182486E-16
6595.79371762277  5.047429E-16
6598.63591003419  4.573688E-16
6601.47810244561  4.270601E-16
6604.32029485703  4.226899E-16
6607.16248726846  4.001065E-16
6610.00467967988  3.712640E-16
6612.8468720913  3.294220E-16
6615.68906450272  2.761883E-16
6618.53125691415  2.309282E-16
6621.37344932557  2.287340E-16
6624.21564173699  1.784152E-16
6627.05783414842  1.593362E-16
6629.90002655984  1.499642E-16
6632.74221897126  1.208451E-16
6635.58441138269  9.649769E-17
6638.42660379411  1.041682E-16
6641.26879620553  6.354334E-17
6644.11098861695  7.209065E-17
6646.95318102838  6.670618E-17
6649.7953734398  6.911678E-17
6652.63756585122  3.986753E-17
6655.47975826264  6.502757E-17
6658.32195067407  5.669072E-17
6661.16414308549  4.377138E-17
6664.00633549691  6.359399E-17
6666.84852790833  4.577745E-17
6669.69072031976  5.385978E-17
6672.53291273118  5.313918E-17
6675.3751051426  5.087137E-17
6678.21729755403  4.432724E-17
6681.05948996545  5.667918E-17
6683.90168237687  6.130783E-17
6686.74387478829  5.363670E-17
6689.58606719972  4.087981E-17
6692.42825961114  3.697688E-17
6695.27045202256  2.198070E-17
6698.11264443398  1.377005E-17
6700.95483684541  2.491258E-17
6703.79702925683  3.145152E-17
6706.63922166825  2.624307E-17
6709.48141407968  2.812585E-17
6712.3236064911  2.634383E-17
6715.16579890252  2.189465E-17
6718.00799131394  1.897746E-17
6720.85018372537  1.393771E-17
6723.69237613679  1.893858E-17
6726.53456854821  2.410890E-17
6729.37676095964  1.539936E-17
6732.21895337106  2.993635E-17
6735.06114578248  3.172490E-17
6737.9033381939  4.215912E-17
6740.74553060533  3.602072E-17
6743.58772301675  2.092967E-17
6746.42991542817  3.704261E-17
6749.27210783959  2.955636E-17
6752.11430025102  2.182542E-17
6754.95649266244  1.341464E-17
6757.79868507386  2.808884E-17
6760.64087748529  3.132805E-17
6763.48306989671  2.573860E-17
6766.32526230813  8.577991E-18
6769.16745471955  1.949042E-17
6772.00964713097  1.745077E-17
6774.8518395424  2.144415E-17
6777.69403195382  1.676299E-17
6780.53622436524  1.301685E-17
6783.37841677667  1.254659E-17
6786.22060918809  3.961355E-17
6789.06280159951  3.608673E-17
6791.90499401093  1.830559E-17
6794.74718642236  1.716258E-17
6797.58937883378  1.885602E-17
6800.4315712452  2.135376E-17
6803.27376365663  3.603673E-17
6806.11595606805  3.001293E-17
6808.95814847947  1.685094E-17
6811.80034089089  1.464070E-17
6814.64253330232  2.230746E-17
6817.48472571374  1.071097E-17
6820.32691812516  6.987897E-18
6823.16911053659  1.321432E-17
6826.01130294801  1.375399E-17
6828.85349535943  1.661520E-17
6831.69568777085  1.779579E-17
6834.53788018228  1.785551E-17
6837.3800725937  2.746332E-17
6840.22226500512  2.637532E-17
6843.06445741654  2.274263E-17
6845.90664982797  2.086456E-17
6848.74884223939  -1.972876E-19
6851.59103465081  4.486856E-18
6854.43322706223  1.562560E-17
6857.27541947366  2.140106E-17
6860.11761188508  3.179856E-17
6862.9598042965  1.716749E-17
6865.80199670793  -7.265936E-18
6868.64418911935  2.094383E-17
6871.48638153077  2.939199E-17
6874.32857394219  4.041082E-17
6877.17076635362  3.597018E-17
6880.01295876504  2.664257E-17
6882.85515117646  3.146816E-17
6885.69734358789  1.685447E-17
6888.53953599931  1.575758E-17
6891.38172841073  7.448641E-18
6894.22392082215  2.732828E-17
6897.06611323358  -2.551537E-18
6899.908305645  1.810292E-17
6902.75049805642  -3.182093E-18
6905.59269046785  2.379171E-17
6908.43488287927  1.435809E-17
6911.27707529069  1.595231E-17
6914.11926770211  6.932492E-18
6916.96146011354  1.822324E-17
6919.80365252496  2.783925E-17
6922.64584493638  8.032236E-18
6925.4880373478  2.075850E-17
6928.33022975923  2.100305E-17
6931.17242217065  8.723869E-18
6934.01461458207  2.327470E-17
6936.8568069935  3.997279E-17
6939.69899940492  3.559168E-17
6942.54119181634  2.341731E-17
6945.38338422776  5.061938E-18
6948.22557663918  7.971596E-18
6951.06776905061  1.674348E-17
6953.90996146203  1.912598E-17
6956.75215387345  2.162749E-17
6959.59434628488  1.595804E-17
6962.4365386963  1.102598E-17
6965.27873110772  2.873146E-17
6968.12092351914  2.432786E-17
6970.96311593057  1.712266E-17
6973.80530834199  1.736914E-17
6976.64750075341  6.613644E-18
6979.48969316484  1.746130E-17
6982.33188557626  7.206972E-18
6985.17407798768  -7.064503E-18
6988.0162703991  2.369125E-17
6990.85846281053  1.476046E-17
6993.70065522195  1.417438E-17
6996.54284763337  1.656125E-17
6999.38504004479  1.483599E-17
7002.22723245622  1.395726E-17
7005.06942486764  3.167130E-17
7007.91161727906  1.864690E-17
7010.75380969049  1.033101E-17
7013.59600210191  -1.172215E-18
7016.43819451333  1.765986E-17
7019.28038692475  1.723024E-17
7022.12257933618  8.673430E-18
7024.9647717476  2.215290E-17
7027.80696415902  3.413671E-17
7030.64915657044  8.705001E-18
7033.49134898187  1.206705E-17
7036.33354139329  2.025347E-17
7039.17573380471  1.100919E-17
7042.01792621613  1.439349E-17
7044.86011862756  1.634463E-17
7047.70231103898  3.132127E-17
7050.5445034504  3.976864E-17
7053.38669586183  1.707159E-17
7056.22888827325  3.831254E-17
7059.07108068467  7.353367E-18
7061.9132730961  1.691915E-17
7064.75546550752  2.884207E-18
7067.59765791894  9.900613E-18
7070.43985033036  2.952642E-17
7073.28204274179  3.061685E-17
7076.12423515321  2.990621E-17
7078.96642756463  1.584575E-17
7081.80861997605  3.265077E-17
7084.65081238748  3.287924E-17
7087.4930047989  3.705013E-17
7090.33519721032  4.326170E-17
7093.17738962174  2.520205E-17
7096.01958203317  2.674744E-17
7098.86177444459  6.520578E-18
7101.70396685601  1.134642E-18
7104.54615926743  2.975955E-17
7107.38835167886  3.090194E-17
7110.23054409028  2.764164E-17
7113.0727365017  1.440738E-17
7115.91492891313  1.028550E-17
7118.75712132455  2.911029E-17
7121.59931373597  3.821970E-17
7124.44150614739  4.196229E-17
7127.28369855882  5.916467E-17
7130.12589097024  3.042819E-17
7132.96808338166  4.061044E-17
7135.81027579309  5.085573E-17
7138.65246820451  3.626118E-17
7141.49466061593  3.869300E-17
7144.33685302735  4.841398E-17
7147.17904543878  5.871330E-17
7150.0212378502  5.313819E-17
7152.86343026162  5.947986E-17
7155.70562267305  5.709598E-17
7158.54781508447  6.326518E-17
7161.39000749589  8.054520E-17
7164.23219990731  6.125766E-17
7167.07439231873  6.228848E-17
7169.91658473016  7.057389E-17
7172.75877714158  8.490199E-17
7175.600969553  8.200647E-17
7178.44316196443  6.798511E-17
7181.28535437585  1.031626E-16
7184.12754678727  8.599957E-17
7186.96973919869  6.335558E-17
7189.81193161012  6.181328E-17
7192.65412402154  7.393172E-17
7195.49631643296  8.389429E-17
7198.33850884438  6.107096E-17
7201.18070125581  5.668965E-17
7204.02289366723  5.617264E-17
7206.86508607865  4.169397E-17
7209.70727849007  4.038232E-17
7212.5494709015  5.429082E-17
7215.39166331292  3.903479E-17
7218.23385572434  1.196372E-17
7221.07604813577  2.322378E-17
7223.91824054719  3.657343E-17
7226.76043295861  3.535681E-17
7229.60262537004  2.929795E-17
7232.44481778146  2.583116E-17
7235.28701019288  4.367979E-17
7238.1292026043  4.426478E-17
7240.97139501573  2.256596E-17
7243.81358742715  3.677672E-17
7246.65577983857  4.171693E-17
7249.49797225  6.184464E-18
7252.34016466142  2.472168E-17
7255.18235707284  4.228020E-17
7258.02454948426  4.227931E-17
7260.86674189569  3.750607E-17
7263.70893430711  3.427430E-17
7266.55112671853  3.827825E-17
7269.39331912995  4.874154E-17
7272.23551154138  4.647048E-17
7275.0777039528  3.126025E-17
7277.91989636422  4.879072E-17
7280.76208877564  3.459325E-17
7283.60428118707  5.170955E-17
7286.44647359849  4.777218E-17
7289.28866600991  4.861486E-17
7292.13085842134  6.083215E-17
7294.97305083276  5.727590E-17
7297.81524324418  8.126117E-17
7300.6574356556  1.093328E-16
7303.49962806703  9.507933E-17
7306.34182047845  9.701283E-17
7309.18401288987  1.233389E-16
7312.02620530129  1.422029E-16
7314.86839771272  1.287892E-16
7317.71059012414  1.270232E-16
7320.55278253556  1.437177E-16
7323.39497494698  1.483742E-16
7326.23716735841  1.208478E-16
7329.07935976983  1.317674E-16
7331.92155218126  1.148032E-16
7334.76374459268  1.440739E-16
7337.6059370041  1.385256E-16
7340.44812941552  1.296902E-16
7343.29032182694  1.392408E-16
7346.13251423837  1.440962E-16
7348.97470664979  1.658102E-16
7351.81689906121  1.364924E-16
7354.65909147264  1.214190E-16
7357.50128388406  1.219209E-16
7360.34347629548  1.147520E-16
7363.1856687069  9.808706E-17
7366.02786111833  8.370507E-17
7368.87005352975  8.483628E-17
7371.71224594117  1.150790E-16
7374.55443835259  9.612790E-17
7377.39663076402  8.091883E-17
7380.23882317544  1.081124E-16
7383.08101558686  9.534346E-17
7385.92320799828  9.356669E-17
7388.76540040971  1.073434E-16
7391.60759282113  1.203551E-16
7394.44978523255  1.149141E-16
7397.29197764398  1.019999E-16
7400.1341700554  1.081912E-16
7402.97636246682  1.075262E-16
7405.81855487825  1.073977E-16
7408.66074728967  1.137336E-16
7411.50293970109  9.466491E-17
7414.34513211251  1.019596E-16
7417.18732452394  1.097017E-16
7420.02951693536  9.233394E-17
7422.87170934678  1.004774E-16
7425.7139017582  9.163486E-17
7428.55609416963  9.139578E-17
7431.39828658105  9.051612E-17
7434.24047899247  9.554217E-17
7437.08267140389  9.585122E-17
7439.92486381532  8.043963E-17
7442.76705622674  7.266836E-17
7445.60924863816  5.511306E-17
7448.45144104959  6.942684E-17
7451.29363346101  6.321299E-17
7454.13582587243  6.542008E-17
7456.97801828385  6.798204E-17
7459.82021069528  7.508240E-17
7462.6624031067  6.583358E-17
7465.50459551812  4.340782E-17
7468.34678792955  5.902290E-17
7471.18898034097  5.732949E-17
7474.03117275239  5.388243E-17
7476.87336516381  8.140513E-17
7479.71555757524  7.336866E-17
7482.55774998666  5.347983E-17
7485.39994239808  3.110897E-17
7488.24213480951  2.815915E-17
7491.08432722093  2.763861E-17
7493.92651963235  9.779144E-18
7496.76871204377  2.592733E-17
7499.6109044552  3.826473E-17
7502.45309686662  4.653233E-17
7505.29528927804  4.771668E-17
7508.13748168946  3.324653E-17
7510.97967410089  3.364689E-17
7513.82186651231  4.546904E-17
7516.66405892373  2.856363E-17
7519.50625133515  3.365185E-17
7522.34844374658  4.781348E-17
7525.190636158  1.714799E-17
7528.03282856942  -2.310367E-19
7530.87502098085  1.491665E-17
7533.71721339227  2.895988E-17
7536.55940580369  3.313254E-17
7539.40159821511  1.185375E-17
7542.24379062654  2.079736E-17
7545.08598303796  1.629521E-17
7547.92817544938  1.408157E-17
7550.7703678608  2.370807E-17
7553.61256027223  1.595076E-17
7556.45475268365  1.035441E-17
7559.29694509507  2.095856E-17
7562.13913750649  2.834895E-17
7564.98132991792  3.249020E-17
7567.82352232934  2.861283E-17
7570.66571474076  2.805648E-17
7573.50790715219  2.120105E-17
7576.35009956361  2.311813E-17
7579.19229197503  1.890531E-17
7582.03448438646  3.484463E-17
7584.87667679788  1.552314E-17
7587.7188692093  1.003535E-17
7590.56106162072  4.984412E-18
7593.40325403215  5.540683E-18
7596.24544644357  3.235210E-17
7599.08763885499  1.046835E-17
7601.92983126641  8.224132E-18
7604.77202367784  4.277916E-17
7607.61421608926  -1.230928E-17
7610.45640850068  1.406340E-17
7613.2986009121  -2.129735E-17
7616.14079332353  -2.831303E-17
7618.98298573495  -1.590194E-17
7621.82517814637  1.334780E-17
7624.6673705578  3.380968E-17
7627.50956296922  5.414763E-18
7630.35175538064  1.034562E-17
7633.19394779206  2.110792E-17
7636.03614020349  1.379097E-17
7638.87833261491  1.686677E-17
7641.72052502633  1.706730E-17
7644.56271743776  1.058071E-17
7647.40490984918  2.666119E-17
7650.2471022606  3.592750E-17
7653.08929467202  -2.668974E-18
7655.93148708345  1.221032E-17
7658.77367949487  -1.962096E-18
7661.61587190629  1.800828E-17
7664.45806431771  2.738835E-17
7667.30025672914  3.845741E-17
7670.14244914056  2.396774E-17
7672.98464155198  1.265918E-17
7675.8268339634  1.702407E-17
7678.66902637483  1.417608E-17
7681.51121878625  1.140038E-17
7684.35341119767  2.275750E-17
7687.1956036091  2.463238E-17
7690.03779602052  3.172396E-17
7692.87998843194  4.208595E-17
7695.72218084336  3.005348E-17
7698.56437325479  6.430702E-18
7701.40656566621  1.444455E-17
7704.24875807763  2.797899E-17
7707.09095048905  4.114013E-17
7709.93314290048  3.744901E-17
7712.7753353119  2.261682E-17
7715.61752772332  -1.422487E-17
7718.45972013474  3.765897E-18
7721.30191254617  4.225385E-17
7724.14410495759  4.207745E-17
7726.98629736901  4.217714E-17
7729.82848978044  3.793966E-17
7732.67068219186  9.172417E-18
7735.51287460328  2.744519E-17
7738.3550670147  3.630108E-17
7741.19725942613  4.987716E-17
7744.03945183755  3.908802E-17
7746.88164424897  3.460687E-17
7749.7238366604  2.833927E-17
7752.56602907182  1.595811E-17
7755.40822148324  2.228626E-17
7758.25041389466  3.750885E-17
7761.09260630609  1.932795E-17
7763.93479871751  2.710406E-17
7766.77699112893  3.436611E-17
7769.61918354035  3.566188E-17
7772.46137595178  2.558773E-17
7775.3035683632  2.697535E-17
7778.14576077462  3.447311E-17
7780.98795318605  2.649529E-17
7783.83014559747  2.596575E-17
7786.67233800889  2.702546E-17
7789.51453042031  3.121114E-17
7792.35672283174  2.283228E-17
7795.19891524316  4.794147E-17
7798.04110765458  2.515496E-17
7800.88330006601  1.368974E-17
7803.72549247743  1.715757E-17
7806.56768488885  2.841777E-17
7809.40987730027  4.114085E-17
7812.2520697117  3.650999E-17
7815.09426212312  1.840912E-17
7817.93645453454  3.789688E-17
7820.77864694596  1.055536E-17
7823.62083935739  2.595167E-18
7826.46303176881  1.537635E-17
7829.30522418023  1.605371E-17
7832.14741659166  7.180620E-18
7834.98960900308  3.366621E-17
7837.8318014145  2.694282E-17
7840.67399382592  1.018098E-17
7843.51618623735  4.273212E-17
7846.35837864877  2.566068E-17
7849.20057106019  9.984226E-18
7852.04276347161  -3.771600E-18
7854.88495588304  1.742837E-18
7857.72714829446  -9.243348E-18
7860.56934070588  4.299675E-17
7863.4115331173  3.760743E-17
7866.25372552873  -9.764633E-18
7869.09591794015  3.433476E-17
7871.93811035157  1.455974E-17
7874.780302763  1.498079E-18
7877.62249517442  2.151869E-17
7880.46468758584  1.043382E-17
7883.30687999727  1.299586E-17
7886.14907240869  3.498216E-17
7888.99126482011  7.972247E-19
7891.83345723153  2.050745E-17
7894.67564964296  3.051932E-17
7897.51784205438  4.147299E-17
7900.3600344658  1.094152E-18
7903.20222687722  1.632268E-17
7906.04441928865  -2.237680E-18
7908.88661170007  6.971611E-18
7911.72880411149  3.088478E-17
7914.57099652291  3.411053E-18
7917.41318893434  6.313409E-18
7920.25538134576  4.709392E-17
7923.09757375718  4.275204E-17
7925.93976616861  1.918137E-17
7928.78195858003  3.498962E-17
7931.62415099145  5.515344E-17
7934.46634340287  1.590175E-17
7937.3085358143  1.508611E-17
7940.15072822572  3.884244E-17
7942.99292063714  2.737684E-17
7945.83511304856  -8.759650E-18
7948.67730545999  1.206596E-17
7951.51949787141  4.986033E-17
7954.36169028283  1.711842E-17
7957.20388269426  -1.422805E-18
7960.04607510568  1.074056E-17
7962.8882675171  2.005399E-17
7965.73045992852  2.821776E-17
7968.57265233995  2.767648E-17
7971.41484475137  3.185909E-17
7974.25703716279  2.928268E-17
7977.09922957422  5.111263E-17
7979.94142198564  4.494907E-17
7982.78361439706  1.693358E-17
7985.62580680848  2.569330E-17
7988.46799921991  2.127932E-17
7991.31019163133  4.446532E-17
7994.15238404275  7.588844E-18
7996.99457645417  3.414887E-17
7999.8367688656  1.239486E-17
8002.67896127702  3.324440E-17
8005.52115368844  4.661962E-17
8008.36334609986  4.013500E-17
8011.20553851129  1.119047E-17
8014.04773092271  3.398088E-17
8016.88992333413  4.831980E-17
8019.73211574556  2.850646E-17
8022.57430815698  1.412279E-17
8025.4165005684  1.142468E-17
8028.25869297982  1.514798E-17
8031.10088539125  2.787727E-17
8033.94307780267  3.846650E-17
8036.78527021409  1.228625E-17
8039.62746262551  2.572606E-17
8042.46965503694  4.051381E-17
8045.31184744836  4.800990E-17
8048.15403985978  4.607463E-17
8050.99623227121  2.222443E-17
8053.83842468263  3.019656E-17
8056.68061709405  2.955491E-17
8059.52280950547  -9.244089E-18
8062.3650019169  1.645772E-17
8065.20719432832  4.624089E-17
8068.04938673974  4.700081E-17
8070.89157915116  3.875170E-17
8073.73377156259  3.245487E-17
8076.57596397401  2.974544E-17
8079.41815638543  4.062617E-17
8082.26034879686  4.586216E-17
8085.10254120828  3.457220E-17
8087.9447336197  3.934305E-17
8090.78692603112  5.492300E-17
8093.62911844255  5.363810E-17
8096.47131085397  2.523234E-17
8099.31350326539  3.200316E-17
8102.15569567681  3.169971E-17
8104.99788808824  4.323677E-17
8107.84008049966  4.243401E-17
8110.68227291108  2.892200E-17
8113.5244653225  3.215541E-17
8116.36665773393  4.205432E-17
8119.20885014535  3.187289E-17
8122.05104255677  1.706824E-17
8124.8932349682  2.289592E-17
8127.73542737962  2.752262E-17
8130.57761979104  1.768035E-17
8133.41981220247  3.377151E-17
8136.26200461389  2.870868E-17
8139.10419702531  4.173197E-17
8141.94638943673  2.181062E-17
8144.78858184816  6.639165E-18
8147.63077425958  3.546415E-17
8150.472966671  3.692006E-17
8153.31515908242  2.299543E-17
8156.15735149385  3.207668E-17
8158.99954390527  2.326450E-17
8161.84173631669  3.035206E-17
8164.68392872812  9.007376E-18
8167.52612113954  2.866937E-17
8170.36831355096  3.740985E-17
8173.21050596238  1.352629E-17
8176.05269837381  2.073235E-17
8178.89489078523  1.843249E-17
8181.73708319665  2.831011E-17
8184.57927560807  3.519502E-17
8187.4214680195  4.682064E-18
8190.26366043092  2.924498E-17
8193.10585284234  3.729891E-17
8195.94804525377  3.005977E-17
8198.79023766519  2.594053E-17
8201.63243007661  1.913817E-17
8204.47462248803  4.241336E-17
8207.31681489946  4.769733E-17
8210.15900731088  1.905797E-17
8213.0011997223  2.662616E-17
8215.84339213372  2.814023E-17
8218.68558454515  9.429670E-18
8221.52777695657  2.657198E-17
8224.36996936799  -1.003370E-17
8227.21216177941  -8.897246E-18
8230.05435419084  -4.536454E-17
8232.89654660226  6.201191E-18
8235.73873901368  3.404672E-17
8238.58093142511  2.681940E-17
8241.42312383653  2.835008E-17
8244.26531624795  2.907374E-17
8247.10750865937  2.577270E-17
8249.9497010708  4.311420E-17
8252.79189348222  3.973518E-17
8255.63408589364  3.749896E-17
8258.47627830506  3.110002E-17
8261.31847071649  5.600669E-18
8264.16066312791  4.830781E-17
8267.00285553933  4.855139E-17
8269.84504795076  1.285481E-17
8272.68724036218  1.183853E-17
8275.5294327736  -8.785330E-19
8278.37162518502  9.623357E-20
8281.21381759645  -1.383800E-18
8284.05601000787  4.143071E-18
8286.89820241929  7.801347E-18
8289.74039483071  -1.525826E-17
8292.58258724214  4.491499E-17
8295.42477965356  4.111199E-17
8298.26697206498  2.912034E-17
8301.1091644764  3.720671E-17
8303.95135688783  1.795790E-18
8306.79354929925  2.263808E-17
8309.63574171068  5.745448E-17
8312.4779341221  9.988886E-18
8315.32012653352  1.451623E-17
8318.16231894494  3.988648E-18
8321.00451135637  3.471135E-17
8323.84670376779  2.613088E-17
8326.68889617921  1.884693E-17
8329.53108859063  5.223457E-17
8332.37328100206  2.458655E-17
8335.21547341348  4.225907E-17
8338.0576658249  1.848688E-18
8340.89985823632  1.981064E-17
8343.74205064775  2.583543E-17
8346.58424305917  3.205875E-17
8349.42643547059  3.265028E-18
8352.26862788202  2.761834E-17
8355.11082029344  1.544019E-17
8357.95301270486  5.667242E-17
8360.79520511628  3.310902E-17
8363.63739752771  3.060209E-17
8366.47958993913  3.486531E-17
8369.32178235055  2.554545E-17
8372.16397476197  1.307463E-17
8375.0061671734  1.587445E-17
8377.84835958482  3.616036E-17
8380.69055199624  4.013790E-17
8383.53274440766  -1.947516E-17
8386.37493681909  2.256143E-17
8389.21712923051  2.267952E-17
8392.05932164193  -3.157430E-17
8394.90151405336  -4.393628E-18
8397.74370646478  -1.483969E-17
8400.5858988762  2.921467E-17
8403.42809128762  1.017749E-17
8406.27028369905  6.092522E-18
8409.11247611047  6.467866E-17
8411.95466852189  5.132080E-17
8414.79686093332  3.740320E-17
8417.63905334474  3.458273E-17
8420.48124575616  3.833519E-17
8423.32343816758  5.127019E-17
8426.16563057901  7.901465E-17
8429.00782299043  4.452046E-17
8431.85001540185  3.483039E-17
8434.69220781327  6.654479E-17
8437.5344002247  6.964949E-17
8440.37659263612  4.214248E-17
8443.21878504754  6.973024E-17
8446.06097745896  1.067098E-17
8448.90316987039  5.250708E-17
8451.74536228181  3.875752E-17
8454.58755469323  2.446610E-17
8457.42974710466  3.659085E-17
8460.27193951608  2.598217E-17
8463.1141319275  2.600509E-17
8465.95632433892  3.660646E-17
8468.79851675035  2.829068E-17
8471.64070916177  1.737301E-17
8474.48290157319  1.256301E-17
8477.32509398461  7.217721E-17
8480.16728639604  1.848790E-17
8483.00947880746  1.047973E-17
8485.85167121888  3.234964E-17
8488.69386363031  3.554248E-17
8491.53605604173  2.778983E-17
8494.37824845315  1.037887E-17
8497.22044086457  2.496384E-17
8500.062633276  9.271805E-18
8502.90482568742  2.523174E-18
8505.74701809884  7.588337E-18
8508.58921051027  7.037290E-18
8511.43140292169  7.334277E-18
8514.27359533311  2.609701E-17
8517.11578774453  3.152572E-17
8519.95798015596  2.841597E-17
8522.80017256738  3.368442E-17
8525.6423649788  5.300197E-17
8528.48455739022  3.890228E-17
8531.32674980165  3.023644E-17
8534.16894221307  5.936299E-17
8537.01113462449  6.851083E-17
8539.85332703591  7.207592E-17
8542.69551944734  3.387677E-17
8545.53771185876  4.547259E-17
8548.37990427018  7.989097E-17
8551.22209668161  4.980021E-17
8554.06428909303  5.489752E-17
8556.90648150445  8.488357E-17
8559.74867391587  9.333570E-17
8562.5908663273  8.337484E-17
8565.43305873872  7.902939E-17
8568.27525115014  6.768765E-17
8571.11744356157  9.022647E-17
8573.95963597299  9.805214E-17
8576.80182838441  8.783974E-17
8579.64402079583  9.063221E-17
8582.48621320726  1.015481E-16
8585.32840561868  1.037811E-16
8588.1705980301  8.332999E-17
8591.01279044153  7.963442E-17
8593.85498285295  7.621733E-17
8596.69717526437  6.108452E-17
8599.53936767579  5.933959E-17
8602.38156008722  7.732529E-17
8605.22375249864  5.047087E-17
8608.06594491006  5.203563E-17
8610.90813732148  6.446855E-17
8613.75032973291  2.532760E-17
8616.59252214433  1.006785E-17
8619.43471455575  3.892370E-17
8622.27690696717  4.808482E-17
8625.1190993786  2.382574E-17
8627.96129179002  1.654817E-17
8630.80348420144  7.877473E-18
8633.64567661287  2.176529E-17
8636.48786902429  3.036577E-17
8639.33006143571  2.571796E-17
8642.17225384713  2.679438E-17
8645.01444625856  2.529323E-17
8647.85663866998  2.805658E-17
8650.6988310814  1.077886E-17
8653.54102349282  1.156502E-17
8656.38321590425  4.026202E-17
8659.22540831567  4.755223E-17
8662.06760072709  3.818876E-17
8664.90979313852  2.798394E-17
8667.75198554994  6.339264E-17
8670.59417796136  4.524003E-17
8673.43637037278  3.824118E-17
8676.27856278421  4.387874E-17
8679.12075519563  3.903111E-17
8681.96294760705  9.675690E-17
8684.80514001847  8.463037E-17
8687.6473324299  4.860410E-17
8690.48952484132  5.109044E-17
8693.33171725274  7.879534E-17
8696.17390966416  7.391085E-17
8699.01610207559  6.571040E-17
8701.85829448701  7.119699E-17
8704.70048689843  6.036480E-17
8707.54267930986  3.686763E-17
8710.38487172128  6.349244E-17
8713.2270641327  6.265210E-17
8716.06925654412  3.887502E-17
8718.91144895555  4.704524E-17
8721.75364136697  4.252271E-17
8724.59583377839  3.983786E-17
8727.43802618981  5.669752E-17
8730.28021860124  3.791465E-17
8733.12241101266  1.120798E-17
8735.96460342408  2.734285E-17
8738.8067958355  1.405098E-17
8741.64898824693  2.359763E-17
8744.49118065835  3.265381E-17
8747.33337306978  3.592551E-17
8750.1755654812  4.808500E-17
8753.01775789262  6.850568E-17
8755.85995030404  8.004856E-17
8758.70214271547  7.651560E-17
8761.54433512689  5.604898E-17
8764.38652753831  5.260074E-17
8767.22871994973  6.571973E-17
8770.07091236116  2.557456E-17
8772.91310477258  3.361071E-17
8775.755297184  1.917389E-17
8778.59748959542  -5.830580E-17
8781.43968200685  -4.114028E-17
8784.28187441827  1.279425E-17
8787.12406682969  -2.309972E-17
8789.96625924112  -1.272636E-17
8792.80845165254  1.966503E-17
8795.65064406396  2.136282E-17
8798.49283647538  2.392821E-17
8801.33502888681  -6.683556E-18
8804.17722129823  3.171793E-17
8807.01941370965  7.050160E-19
8809.86160612107  2.034742E-17
8812.7037985325  -1.965239E-17
8815.54599094392  7.258075E-18
8818.38818335534  1.995013E-17
8821.23037576677  4.213854E-17
8824.07256817819  1.181813E-16
8826.91476058961  8.785813E-17
8829.75695300103  6.628059E-17
8832.59914541246  7.416399E-17
8835.44133782388  8.052118E-17
8838.2835302353  9.785163E-17
8841.12572264672  1.176980E-16
8843.96791505815  8.639619E-17
8846.81010746957  1.345175E-17
8849.65229988099  5.211086E-18
8852.49449229242  3.664702E-17
8855.33668470384  3.984648E-17
8858.17887711526  -1.978393E-18
8861.02106952668  -9.571844E-18
8863.86326193811  1.341553E-17
8866.70545434953  4.132707E-18
8869.54764676095  4.651750E-18
8872.38983917237  4.265096E-17
8875.2320315838  4.332192E-17
8878.07422399522  -4.502632E-18
8880.91641640664  -1.122874E-17
8883.75860881807  -2.836019E-17
8886.60080122949  -4.761304E-17
8889.44299364091  -3.435672E-17
8892.28518605233  -2.167419E-18
8895.12737846376  2.704804E-17
8897.96957087518  -2.389522E-17
8900.8117632866  -1.892008E-18
8903.65395569802  5.662494E-17
8906.49614810945  3.992298E-17
8909.33834052087  4.522241E-17
8912.18053293229  3.500269E-17
8915.02272534371  2.134467E-17
8917.86491775514  9.869794E-17
8920.70711016656  1.250323E-16
8923.54930257798  1.204588E-16
8926.39149498941  1.398906E-16
8929.23368740083  8.487764E-17
8932.07587981225  8.929832E-17
8934.91807222368  1.517402E-16
8937.7602646351  1.525766E-16
8940.60245704652  1.525780E-16
8943.44464945794  1.523165E-16
8946.28684186937  1.517891E-16
8949.12903428079  1.509876E-16
8951.97122669221  1.499146E-16
8954.81341910363  1.485819E-16
8957.65561151506  1.470015E-16
8960.49780392648  1.452048E-16
8963.3399963379  1.433139E-16
