3.499973632812500000e+03 7.871102883427386773e-15
3.502816760301589966e+03 8.704009686473671119e-15
3.505659887790679932e+03 7.775142652886866338e-15
3.508503015279769897e+03 9.107562708509356138e-15
3.511346142768859863e+03 7.274124963913640567e-15
3.514189270257949829e+03 8.835587172017537978e-15
3.517032397747039795e+03 9.576132226095036813e-15
3.519875525236130215e+03 7.269489687133073356e-15
3.522718652725220181e+03 6.579260242187483186e-15
3.525561780214310147e+03 8.604456421751220771e-15
3.528404907703400113e+03 6.402676402374853920e-15
3.531248035192490079e+03 6.687681979559439600e-15
3.534091162681580045e+03 5.851996159957541470e-15
3.536934290170670010e+03 6.062580809029995182e-15
3.539777417659759976e+03 5.819083249356240681e-15
3.542620545148849942e+03 5.396101246443754330e-15
3.545463672637939908e+03 6.649168604454666948e-15
3.548306800127029874e+03 5.247698073677360315e-15
3.551149927616119840e+03 7.246119226139201564e-15
3.553993055105209805e+03 7.712375996927108339e-15
3.556836182594300226e+03 7.194999888936626135e-15
3.559679310083390192e+03 6.183882929706729204e-15
3.562522437572480158e+03 7.734957511839880229e-15
3.565365565061570123e+03 8.131404076733720249e-15
3.568208692550660089e+03 7.403847320007541792e-15
3.571051820039750055e+03 8.517721673055650729e-15
3.573894947528840021e+03 7.221342985422070729e-15
3.576738075017929987e+03 8.704237366215164585e-15
3.579581202507019952e+03 7.935501569309531527e-15
3.582424329996109918e+03 8.269846791713803327e-15
3.585267457485199884e+03 8.501377584264763242e-15
3.588110584974289850e+03 7.342819813870735855e-15
3.590953712463379816e+03 8.411241785720896059e-15
3.593796839952469782e+03 7.674431196111391547e-15
3.596639967441560202e+03 7.266226259143973528e-15
3.599483094930650168e+03 8.109645569991423855e-15
3.602326222419740134e+03 7.827992390568535196e-15
3.605169349908830100e+03 8.032662961408430793e-15
3.608012477397920065e+03 8.164245947370403985e-15
3.610855604887010031e+03 9.261024499367477064e-15
3.613698732376099997e+03 9.301913044993345921e-15
3.616541859865189963e+03 9.323483084850443045e-15
3.619384987354279929e+03 8.862474985769681834e-15
3.622228114843369895e+03 9.263333927913032851e-15
3.625071242332459860e+03 8.627774189801466004e-15
3.627914369821549826e+03 9.119693194019277773e-15
3.630757497310639792e+03 9.475020935374748880e-15
3.633600624799730213e+03 9.896146333264879491e-15
3.636443752288820178e+03 9.643694207483036290e-15
3.639286879777910144e+03 9.441907633745930520e-15
3.642130007267000110e+03 9.530728078869841291e-15
3.644973134756090076e+03 1.026247174151955138e-14
3.647816262245180042e+03 1.064507079584334032e-14
3.650659389734270007e+03 9.461686846523713138e-15
3.653502517223359973e+03 1.020681818732824802e-14
3.656345644712449939e+03 8.959982802035622819e-15
3.659188772201539905e+03 9.416130966105841835e-15
3.662031899690629871e+03 9.511545181588049369e-15
3.664875027179719837e+03 1.122144663518262363e-14
3.667718154668809802e+03 1.103512205110241000e-14
3.670561282157900223e+03 1.008703944955923582e-14
3.673404409646990189e+03 1.027336886281508420e-14
3.676247537136080155e+03 9.064182313522389447e-15
3.679090664625170120e+03 8.843375292983074161e-15
3.681933792114260086e+03 9.908769447499733349e-15
3.684776919603350052e+03 1.008888724849753024e-14
3.687620047092440018e+03 9.592930619821819345e-15
3.690463174581529984e+03 9.708014723486733340e-15
3.693306302070619950e+03 9.718853077137514059e-15
3.696149429559709915e+03 9.002072647769563906e-15
3.698992557048799881e+03 1.074009506017140412e-14
3.701835684537889847e+03 1.004521572980581749e-14
3.704678812026979813e+03 1.081409460554235975e-14
3.707521939516069779e+03 1.014381628549102953e-14
3.710365067005160199e+03 1.093605160846506560e-14
3.713208194494250165e+03 1.039658312921156986e-14
3.716051321983340131e+03 1.070963742756721912e-14
3.718894449472430097e+03 1.045384354223224250e-14
3.721737576961520062e+03 1.059279628270504068e-14
3.724580704450610028e+03 1.033515083037163293e-14
3.727423831939699994e+03 8.671562575562373783e-15
3.730266959428789960e+03 8.956917153900230993e-15
3.733110086917879926e+03 8.465918771744903860e-15
3.735953214406969892e+03 8.963435245416352533e-15
3.738796341896059857e+03 9.010470289984102685e-15
3.741639469385149823e+03 8.687093903449787944e-15
3.744482596874239789e+03 9.449848561093118813e-15
3.747325724363330210e+03 9.710104770408632000e-15
3.750168851852420175e+03 1.011021460977044918e-14
3.753011979341510141e+03 1.086779127843330055e-14
3.755855106830600107e+03 1.039629550563367201e-14
3.758698234319690073e+03 1.036966807253297309e-14
3.761541361808780039e+03 1.008074467966895111e-14
3.764384489297870005e+03 1.134812768852766654e-14
3.767227616786959970e+03 1.127167668567922421e-14
3.770070744276049936e+03 1.153834765902650132e-14
3.772913871765139902e+03 1.232585554466769737e-14
3.775756999254229868e+03 1.130381460019037041e-14
3.778600126743319834e+03 1.209762933796386425e-14
3.781443254232409799e+03 1.174377098413855378e-14
3.784286381721500220e+03 1.204470865502663538e-14
3.787129509210590186e+03 1.277769633957250524e-14
3.789972636699680152e+03 1.225085543038941535e-14
3.792815764188770117e+03 1.160021103053362084e-14
3.795658891677860083e+03 1.134958112899817023e-14
3.798502019166950049e+03 1.114568055492270820e-14
3.801345146656040015e+03 9.978577283870668525e-15
3.804188274145129981e+03 1.107957581032021682e-14
3.807031401634219947e+03 1.078279792032034417e-14
3.809874529123309912e+03 1.144088244335670117e-14
3.812717656612399878e+03 1.070912811239055943e-14
3.815560784101489844e+03 1.093774591846594227e-14
3.818403911590579810e+03 1.039831867655368755e-14
3.821247039079669776e+03 1.050971261134590129e-14
3.824090166568760196e+03 1.019355501227387660e-14
3.826933294057850162e+03 1.118501226991431499e-14
3.829776421546940128e+03 1.080748317825554659e-14
3.832619549036030094e+03 1.142768608231985063e-14
3.835462676525120060e+03 1.088194041147454295e-14
3.838305804014210025e+03 1.097334144246262247e-14
3.841148931503299991e+03 1.100811450321476171e-14
3.843992058992389957e+03 1.097042967463948773e-14
3.846835186481479923e+03 1.079867101396365984e-14
3.849678313970569889e+03 1.020147703649355193e-14
3.852521441459659854e+03 1.069756135229169613e-14
3.855364568948749820e+03 1.077708475770541062e-14
3.858207696437839786e+03 1.083071740655609191e-14
3.861050823926930207e+03 1.063859789890328389e-14
3.863893951416020172e+03 1.082977696588881706e-14
3.866737078905110138e+03 1.089066442107288410e-14
3.869580206394200104e+03 1.109655729058045282e-14
3.872423333883290070e+03 1.145814708130184607e-14
3.875266461372380036e+03 1.104894384491811715e-14
3.878109588861470002e+03 1.063025019234716440e-14
3.880952716350559967e+03 1.162198638062919309e-14
3.883795843839649933e+03 1.157345065986244812e-14
3.886638971328739899e+03 1.024163509414063761e-14
3.889482098817829865e+03 1.021717936002535184e-14
3.892325226306919831e+03 1.065410750026242201e-14
3.895168353796009796e+03 1.029836477397470279e-14
3.898011481285100217e+03 9.699130159680979387e-15
3.900854608774190183e+03 8.953391242039570585e-15
3.903697736263280149e+03 9.564318081096383663e-15
3.906540863752370115e+03 9.624858279859084479e-15
3.909383991241460080e+03 9.589761057271478887e-15
3.912227118730550046e+03 1.020885091607262921e-14
3.915070246219640012e+03 1.051118937575039174e-14
3.917913373708729978e+03 1.030929366264157180e-14
3.920756501197819944e+03 1.029756134673296391e-14
3.923599628686909909e+03 1.030655149668590377e-14
3.926442756175999875e+03 9.655010239118308146e-15
3.929285883665089841e+03 1.005645349097234809e-14
3.932129011154179807e+03 9.951368847887262503e-15
3.934972138643269773e+03 9.163166082166846361e-15
3.937815266132360193e+03 8.673680419412176438e-15
3.940658393621450159e+03 9.199544083934438685e-15
3.943501521110540125e+03 9.323862452362361090e-15
3.946344648599630091e+03 1.003617578787836617e-14
3.949187776088720057e+03 9.783362575205899019e-15
3.952030903577810022e+03 9.924291476420170429e-15
3.954874031066899988e+03 1.030862520807571790e-14
3.957717158555989954e+03 1.046997579004416650e-14
3.960560286045079920e+03 1.067222468065258088e-14
3.963403413534169886e+03 1.138472780055473203e-14
3.966246541023259851e+03 1.096780252553789111e-14
3.969089668512349817e+03 1.203551205334012723e-14
3.971932796001439783e+03 1.198184329531303900e-14
3.974775923490530204e+03 1.221149038894425393e-14
3.977619050979620170e+03 1.262946023833287015e-14
3.980462178468710135e+03 1.252416361311233208e-14
3.983305305957800101e+03 1.231057069243365942e-14
3.986148433446890067e+03 1.060387226981259866e-14
3.988991560935980033e+03 1.146405051504058343e-14
3.991834688425069999e+03 1.147108671989904059e-14
3.994677815914159964e+03 1.147482752005612350e-14
3.997520943403249930e+03 1.155197605197142921e-14
4.000364070892339896e+03 1.091006027582805347e-14
4.003207198381429862e+03 1.111352770699754508e-14
4.006050325870519828e+03 1.134488175691724709e-14
4.008893453359609794e+03 1.120207569097328315e-14
4.011736580848700214e+03 1.120720755105893984e-14
4.014579708337790180e+03 1.116516473548142930e-14
4.017422835826880146e+03 1.102973374807251341e-14
4.020265963315970112e+03 1.179994681628553736e-14
4.023109090805060077e+03 1.171899675119646564e-14
4.025952218294150043e+03 1.138425034193239001e-14
4.028795345783240009e+03 1.155932991875662351e-14
4.031638473272329975e+03 1.124268643054149180e-14
4.034481600761419941e+03 1.144870238056209614e-14
4.037324728250509907e+03 1.125299457754898060e-14
4.040167855739599872e+03 1.178600394309593146e-14
4.043010983228689838e+03 1.088776419349596497e-14
4.045854110717779804e+03 1.110559273475448930e-14
4.048697238206870225e+03 1.178812230807166415e-14
4.051540365695960190e+03 1.127973844283668548e-14
4.054383493185050156e+03 1.134318567118851640e-14
4.057226620674140122e+03 1.125984016765674029e-14
4.060069748163230088e+03 1.123586309981303183e-14
4.062912875652320054e+03 1.079815453829159522e-14
4.065756003141410019e+03 1.131027754012406110e-14
4.068599130630499985e+03 1.120042005390329231e-14
4.071442258119589951e+03 1.154297098982477241e-14
4.074285385608679917e+03 1.068749200871504663e-14
4.077128513097769883e+03 1.141381666269502295e-14
4.079971640586859849e+03 1.141609078521459970e-14
4.082814768075949814e+03 1.144478005380800253e-14
4.085657895565039780e+03 1.191737322955171483e-14
4.088501023054130201e+03 1.186973378264064385e-14
4.091344150543220167e+03 1.139174347665299350e-14
4.094187278032310132e+03 1.201041768085723429e-14
4.097030405521400098e+03 1.164602775423833827e-14
4.099873533010490064e+03 1.186151677875696278e-14
4.102716660499580030e+03 1.181247808138671586e-14
4.105559787988669996e+03 1.156516586531126883e-14
4.108402915477759962e+03 1.156356403861918947e-14
4.111246042966849927e+03 1.148862441617107121e-14
4.114089170455939893e+03 1.123219210585546642e-14
4.116932297945029859e+03 1.140975446080664228e-14
4.119775425434119825e+03 1.178088697007013070e-14
4.122618552923209791e+03 1.133368414514984969e-14
4.125461680412299756e+03 1.139486748624216500e-14
4.128304807901389722e+03 1.155502644650109520e-14
4.131147935390479688e+03 1.136528374802190295e-14
4.133991062879569654e+03 1.122140588957499428e-14
4.136834190368659620e+03 1.085499312233126338e-14
4.139677317857749586e+03 1.086368526306396385e-14
4.142520445346839551e+03 1.120069789591095324e-14
4.145363572835930427e+03 1.097165193939238497e-14
4.148206700325020392e+03 1.111474549800497415e-14
4.151049827814110358e+03 1.081097004630546996e-14
4.153892955303200324e+03 1.082897702163538206e-14
4.156736082792290290e+03 1.138386769076472231e-14
4.159579210281380256e+03 1.126244663455075124e-14
4.162422337770470222e+03 1.083307979875286982e-14
4.165265465259560187e+03 1.091419952963163097e-14
4.168108592748650153e+03 1.143126962201517056e-14
4.170951720237740119e+03 1.149837442588343419e-14
4.173794847726830085e+03 1.092549717992882764e-14
4.176637975215920051e+03 1.111370852178366733e-14
4.179481102705010017e+03 1.094130952041122331e-14
4.182324230194099982e+03 1.063660213626982124e-14
4.185167357683189948e+03 1.102177423690208411e-14
4.188010485172279914e+03 1.081990728118479417e-14
4.190853612661369880e+03 1.068654228302416995e-14
4.193696740150459846e+03 1.055867110462301111e-14
4.196539867639549811e+03 1.038673323700314116e-14
4.199382995128639777e+03 1.032244687603359327e-14
4.202226122617729743e+03 1.066155351192114769e-14
4.205069250106819709e+03 1.067474498969642371e-14
4.207912377595909675e+03 1.062352928984450942e-14
4.210755505084999641e+03 1.098313420978611129e-14
4.213598632574089606e+03 1.035779653628293498e-14
4.216441760063179572e+03 1.049611885180032816e-14
4.219284887552270447e+03 1.026683943632443465e-14
4.222128015041360413e+03 1.076142524594206981e-14
4.224971142530450379e+03 1.074468629792578071e-14
4.227814270019540345e+03 1.049263642972941745e-14
4.230657397508630311e+03 1.054416219762805632e-14
4.233500524997720277e+03 1.038883582438771079e-14
4.236343652486810242e+03 1.051776742130839384e-14
4.239186779975900208e+03 1.062910898544548065e-14
4.242029907464990174e+03 1.035369881392136249e-14
4.244873034954080140e+03 1.045420108383204169e-14
4.247716162443170106e+03 1.065032962326823625e-14
4.250559289932260072e+03 1.071301090967534897e-14
4.253402417421350037e+03 1.063731530546895169e-14
4.256245544910440003e+03 1.059331359231200488e-14
4.259088672399529969e+03 1.029739847889630858e-14
4.261931799888619935e+03 1.108701526804362585e-14
4.264774927377709901e+03 1.061963326387509733e-14
4.267618054866799866e+03 1.045670000561669092e-14
4.270461182355889832e+03 1.097146010617746107e-14
4.273304309844979798e+03 1.052737170973203835e-14
4.276147437334069764e+03 1.053100177447334602e-14
4.278990564823159730e+03 1.068208505644881967e-14
4.281833692312249696e+03 1.048734359505237630e-14
4.284676819801329657e+03 1.069418185049086655e-14
4.287519947290429627e+03 1.032660390261567925e-14
4.290363074779519593e+03 1.043931520040492020e-14
4.293206202268609559e+03 1.055184128410683321e-14
4.296049329757700434e+03 1.020982969853639061e-14
4.298892457246790400e+03 9.978747779044591914e-15
4.301735584735880366e+03 1.024770127391408585e-14
4.304578712224970332e+03 1.025677312211120857e-14
4.307421839714050293e+03 1.029787655481213340e-14
4.310264967203150263e+03 1.060497817513605735e-14
4.313108094692240229e+03 1.029614759298599030e-14
4.315951222181330195e+03 1.107934401048061504e-14
4.318794349670420161e+03 1.122020375256530278e-14
4.321637477159510127e+03 1.066743986799244885e-14
4.324480604648600092e+03 1.125967696854255002e-14
4.327323732137690058e+03 1.153053544145898152e-14
4.330166859626780024e+03 1.164970898077621538e-14
4.333009987115869990e+03 1.178542621049089018e-14
4.335853114604959956e+03 1.238459828400286684e-14
4.338696242094049921e+03 1.210196236094408852e-14
4.341539369583139887e+03 1.224096357853091712e-14
4.344382497072229853e+03 1.199810672048896698e-14
4.347225624561319819e+03 1.243673833224785651e-14
4.350068752050409785e+03 1.212220745485706538e-14
4.352911879539499751e+03 1.242721046862744923e-14
4.355755007028589716e+03 1.210279474867910479e-14
4.358598134517679682e+03 1.196554434461262983e-14
4.361441262006769648e+03 1.237733526168287553e-14
4.364284389495859614e+03 1.211755012263280654e-14
4.367127516984949580e+03 1.196523468536066456e-14
4.369970644474039545e+03 1.168695249864956781e-14
4.372813771963130421e+03 1.158633118384157162e-14
4.375656899452220387e+03 1.158642769348356916e-14
4.378500026941310352e+03 1.157572955459516382e-14
4.381343154430400318e+03 1.157510361160179235e-14
4.384186281919490284e+03 1.141163083422539801e-14
4.387029409408570245e+03 1.151122298144092581e-14
4.389872536897670216e+03 1.179333948903285747e-14
4.392715664386760182e+03 1.166843281283066688e-14
4.395558791875850147e+03 1.183647702944240466e-14
4.398401919364940113e+03 1.150350181519886210e-14
4.401245046854020075e+03 1.163823880409003847e-14
4.404088174343120045e+03 1.173787863065084258e-14
4.406931301832210011e+03 1.139650434619922290e-14
4.409774429321299976e+03 1.145816191494028289e-14
4.412617556810389942e+03 1.159848337949816541e-14
4.415460684299479908e+03 1.131254026875205495e-14
4.418303811788569874e+03 1.118993082632178045e-14
4.421146939277649835e+03 1.139363625440492137e-14
4.423990066766749806e+03 1.105764393011107520e-14
4.426833194255839771e+03 1.087613176597645357e-14
4.429676321744919733e+03 1.118302650745173674e-14
4.432519449234009699e+03 1.085377432789469242e-14
4.435362576723109669e+03 1.058598384165047786e-14
4.438205704212199635e+03 1.084391896252008626e-14
4.441048831701289600e+03 1.080878241243341033e-14
4.443891959190369562e+03 1.077989661597933109e-14
4.446735086679470442e+03 1.063714323352812925e-14
4.449578214168560407e+03 1.055530356462622696e-14
4.452421341657640369e+03 1.042856696708312086e-14
4.455264469146740339e+03 1.054552074357869125e-14
4.458107596635830305e+03 1.066488338437155163e-14
4.460950724124920271e+03 1.046176295202861270e-14
4.463793851614010237e+03 1.079203729616652553e-14
4.466636979103090198e+03 1.084501013020302269e-14
4.469480106592190168e+03 1.062422259424881275e-14
4.472323234081270130e+03 1.029556226459070819e-14
4.475166361570360095e+03 1.058843313054710678e-14
4.478009489059450061e+03 1.059055672732543461e-14
4.480852616548540027e+03 1.106077373262849892e-14
4.483695744037629993e+03 1.090671721338974514e-14
4.486538871526719959e+03 1.061679761705748621e-14
4.489381999015809924e+03 1.080849771513244031e-14
4.492225126504899890e+03 1.079170484087713260e-14
4.495068253993989856e+03 1.107467402777323481e-14
4.497911381483079822e+03 1.123181670997472584e-14
4.500754508972169788e+03 1.088023029133443044e-14
4.503597636461259754e+03 1.059454539491346689e-14
4.506440763950349719e+03 1.088074681681344975e-14
4.509283891439439685e+03 1.089490174399621086e-14
4.512127018928529651e+03 1.076872201537692564e-14
4.514970146417619617e+03 1.108160764605087342e-14
4.517813273906709583e+03 1.097065665578680245e-14
4.520656401395799548e+03 1.068394257602302573e-14
4.523499528884890424e+03 1.065209606558880853e-14
4.526342656373980390e+03 1.078880887310056463e-14
4.529185783863070355e+03 1.103530099691691217e-14
4.532028911352160321e+03 1.101749721982433583e-14
4.534872038841250287e+03 1.070599580647998035e-14
4.537715166330340253e+03 1.068357661760085129e-14
4.540558293819430219e+03 1.069903342693868642e-14
4.543401421308520185e+03 1.059732532406468690e-14
4.546244548797610150e+03 1.084677724042775550e-14
4.549087676286700116e+03 1.100333758770284718e-14
4.551930803775790082e+03 1.070020769101865451e-14
4.554773931264880048e+03 1.123514988196978132e-14
4.557617058753970014e+03 1.121996013430330346e-14
4.560460186243059979e+03 1.126038688304405697e-14
4.563303313732149945e+03 1.110453386128658077e-14
4.566146441221239911e+03 1.120553719354918221e-14
4.568989568710329877e+03 1.113458565084264085e-14
4.571832696199419843e+03 1.131485727974413209e-14
4.574675823688509809e+03 1.123323888640422733e-14
4.577518951177599774e+03 1.105627060777653872e-14
4.580362078666689740e+03 1.103726413072998334e-14
4.583205206155779706e+03 1.131320496451660418e-14
4.586048333644869672e+03 1.102135668962021424e-14
4.588891461133959638e+03 1.080873857121507304e-14
4.591734588623049603e+03 1.103869362970991183e-14
4.594577716112139569e+03 1.123696209280330784e-14
4.597420843601230445e+03 1.088380113903770375e-14
4.600263971090320410e+03 1.082152458098509788e-14
4.603107098579410376e+03 1.094359232902588179e-14
4.605950226068500342e+03 1.096226939667976635e-14
4.608793353557590308e+03 1.069630097787809167e-14
4.611636481046680274e+03 1.119285982852661475e-14
4.614479608535770240e+03 1.089111298454035189e-14
4.617322736024860205e+03 1.084055715896776141e-14
4.620165863513950171e+03 1.082599372024557235e-14
4.623008991003040137e+03 1.074558182800990454e-14
4.625852118492130103e+03 1.111282903438066426e-14
4.628695245981220069e+03 1.079336240659304808e-14
4.631538373470310034e+03 1.072057690520451231e-14
4.634381500959400000e+03 1.079854681360910658e-14
4.637224628448489966e+03 1.115784969440265689e-14
4.640067755937579932e+03 1.111606796576601980e-14
4.642910883426669898e+03 1.080984550102281451e-14
4.645754010915759864e+03 1.071075355299741043e-14
4.648597138404849829e+03 1.086042269584101189e-14
4.651440265893939795e+03 1.109718509910312991e-14
4.654283393383029761e+03 1.114621330121839284e-14
4.657126520872119727e+03 1.095919335865344588e-14
4.659969648361209693e+03 1.095864990924342708e-14
4.662812775850299658e+03 1.102093757577782396e-14
4.665655903339389624e+03 1.085765997000309136e-14
4.668499030828479590e+03 1.107532543133425970e-14
4.671342158317569556e+03 1.092985610073881674e-14
4.674185285806660431e+03 1.085686049156544968e-14
4.677028413295750397e+03 1.078775598338552509e-14
4.679871540784840363e+03 1.095111150486840489e-14
4.682714668273930329e+03 1.065949161460343300e-14
4.685557795763020295e+03 1.085692557103230210e-14
4.688400923252110260e+03 1.083813282543566613e-14
4.691244050741200226e+03 1.072572469257058709e-14
4.694087178230290192e+03 1.046037729119378349e-14
4.696930305719380158e+03 1.065742584714402224e-14
4.699773433208470124e+03 1.081620795205571893e-14
4.702616560697560089e+03 1.071747374994936569e-14
4.705459688186650055e+03 1.069674617086600521e-14
4.708302815675740021e+03 1.083253387489523791e-14
4.711145943164829987e+03 1.063648660239251339e-14
4.713989070653919953e+03 1.061263411067947498e-14
4.716832198143009919e+03 1.052058022972763336e-14
4.719675325632099884e+03 1.050812179496009046e-14
4.722518453121189850e+03 1.077516426121325601e-14
4.725361580610279816e+03 1.023190689156983637e-14
4.728204708099369782e+03 1.069473705082383944e-14
4.731047835588459748e+03 1.037533735813908893e-14
4.733890963077549713e+03 1.048616171721387391e-14
4.736734090566639679e+03 1.049139822873530014e-14
4.739577218055729645e+03 1.054680563517938213e-14
4.742420345544819611e+03 1.056339208542754711e-14
4.745263473033909577e+03 1.064253419516520466e-14
4.748106600523000452e+03 1.036462746164684912e-14
4.750949728012090418e+03 1.041277657001183468e-14
4.753792855501180384e+03 1.047987625476510177e-14
4.756635982990270350e+03 1.054347724105321490e-14
4.759479110479360315e+03 1.026970020608539488e-14
4.762322237968450281e+03 1.019375650720517077e-14
4.765165365457540247e+03 1.006717379113762022e-14
4.768008492946630213e+03 1.042539523077790859e-14
4.770851620435720179e+03 1.023556143238700628e-14
4.773694747924810144e+03 1.004516530205907680e-14
4.776537875413900110e+03 1.004932514099836543e-14
4.779381002902990076e+03 1.007838350854645796e-14
4.782224130392080042e+03 9.905749807326356845e-15
4.785067257881170008e+03 9.974686717965926274e-15
4.787910385370259974e+03 9.801163468598746632e-15
4.790753512859349939e+03 9.839190755205806224e-15
4.793596640348439905e+03 9.809886981625504193e-15
4.796439767837529871e+03 9.740235248512620070e-15
4.799282895326619837e+03 9.765557453010965851e-15
4.802126022815709803e+03 9.680179943936865825e-15
4.804969150304799768e+03 9.486869881136871126e-15
4.807812277793889734e+03 9.502820626098370431e-15
4.810655405282979700e+03 9.449720976110207211e-15
4.813498532772069666e+03 9.570945499285997922e-15
4.816341660261159632e+03 9.506423686614767990e-15
4.819184787750249598e+03 9.520022507006956776e-15
4.822027915239339563e+03 1.005155372546493325e-14
4.824871042728430439e+03 1.022353785528720301e-14
4.827714170217520405e+03 1.059872418450517479e-14
4.830557297706610370e+03 1.079897003856186360e-14
4.833400425195700336e+03 1.099362135144072695e-14
4.836243552684790302e+03 1.119693632087625875e-14
4.839086680173880268e+03 1.160008545391979260e-14
4.841929807662970234e+03 1.181744522912803224e-14
4.844772935152060199e+03 1.203734070939137404e-14
4.847616062641150165e+03 1.213157594627035374e-14
4.850459190130240131e+03 1.237842616963803843e-14
4.853302317619330097e+03 1.239379733136491952e-14
4.856145445108420063e+03 1.231478962397085674e-14
4.858988572597510029e+03 1.233944469702693780e-14
4.861831700086599994e+03 1.215760463499652757e-14
4.864674827575689960e+03 1.220216666040614410e-14
4.867517955064779926e+03 1.211824326879355762e-14
4.870361082553869892e+03 1.196176911225102611e-14
4.873204210042959858e+03 1.198323242438292226e-14
4.876047337532049823e+03 1.182761648670979382e-14
4.878890465021139789e+03 1.173370486962975725e-14
4.881733592510229755e+03 1.154018300056913233e-14
4.884576719999319721e+03 1.135336094292814379e-14
4.887419847488409687e+03 1.118810567866910909e-14
4.890262974977499653e+03 1.119045418189019067e-14
4.893106102466589618e+03 1.106396399508620129e-14
4.895949229955679584e+03 1.118903069740131565e-14
4.898792357444769550e+03 1.114025172584834892e-14
4.901635484933860425e+03 1.098490721460989266e-14
4.904478612422950391e+03 1.105095662087905357e-14
4.907321739912040357e+03 1.114727498904610790e-14
4.910164867401130323e+03 1.086417770573670160e-14
4.913007994890220289e+03 1.096060952021400585e-14
4.915851122379310254e+03 1.104270240678679964e-14
4.918694249868400220e+03 1.100150883523587038e-14
4.921537377357490186e+03 1.090878233077233990e-14
4.924380504846580152e+03 1.081300132531790478e-14
4.927223632335670118e+03 1.089177732190689941e-14
4.930066759824760084e+03 1.100378415728100229e-14
4.932909887313850049e+03 1.073670555365393912e-14
4.935753014802940015e+03 1.078775483084399847e-14
4.938596142292029981e+03 1.068294087804209677e-14
4.941439269781119947e+03 1.083640626890366595e-14
4.944282397270209913e+03 1.061203394176801387e-14
4.947125524759299878e+03 1.074036209638767306e-14
4.949968652248389844e+03 1.058213032858766819e-14
4.952811779737479810e+03 1.049696867370456743e-14
4.955654907226569776e+03 1.032363633226774212e-14
4.958498034715659742e+03 1.002273401920688352e-14
4.961341162204749708e+03 1.037685345477395975e-14
4.964184289693839673e+03 1.014321479286011473e-14
4.967027417182929639e+03 9.875262418197503925e-15
4.969870544672019605e+03 9.805845679735557818e-15
4.972713672161109571e+03 9.849699444872008889e-15
4.975556799650200446e+03 9.990877508917771195e-15
4.978399927139290412e+03 9.895002360527992125e-15
4.981243054628380378e+03 1.006549358571494576e-14
4.984086182117470344e+03 1.001081172138062999e-14
4.986929309606560309e+03 1.008464255042886744e-14
4.989772437095650275e+03 1.013171393902663162e-14
4.992615564584740241e+03 1.009569538331652546e-14
4.995458692073830207e+03 9.968730558061207553e-15
4.998301819562920173e+03 1.022766768367671307e-14
5.001144947052010139e+03 1.014679496032396865e-14
5.003988074541100104e+03 1.010197140674071161e-14
5.006831202030190070e+03 1.042633142650648579e-14
5.009674329519280036e+03 1.030255213203810000e-14
5.012517457008370002e+03 1.026388790755899063e-14
5.015360584497459968e+03 1.030718462846550258e-14
5.018203711986549933e+03 1.027701153763279551e-14
5.021046839475639899e+03 1.038266518990136599e-14
5.023889966964729865e+03 1.049175052764762629e-14
5.026733094453819831e+03 1.058678670265194842e-14
5.029576221942909797e+03 1.056154375079432076e-14
5.032419349431999763e+03 1.052864864577691425e-14
5.035262476921089728e+03 1.054761919442959060e-14
5.038105604410179694e+03 1.021458576165866462e-14
5.040948731899269660e+03 1.033525587978812201e-14
5.043791859388359626e+03 1.013623648017356109e-14
5.046634986877449592e+03 1.030784664624465790e-14
5.049478114366539558e+03 1.024776614365393782e-14
5.052321241855630433e+03 1.024937538864511182e-14
5.055164369344720399e+03 1.018348473779848751e-14
5.058007496833810364e+03 1.011090874992517445e-14
5.060850624322900330e+03 1.002171920967285230e-14
5.063693751811990296e+03 1.007614372713198869e-14
5.066536879301080262e+03 1.028712338038118389e-14
5.069380006790170228e+03 1.014144401014492345e-14
5.072223134279260194e+03 1.009487742517430289e-14
5.075066261768350159e+03 1.025888741786067412e-14
5.077909389257440125e+03 1.019381428711785240e-14
5.080752516746530091e+03 1.018437096353739044e-14
5.083595644235620057e+03 1.006131284126579248e-14
5.086438771724710023e+03 1.009270748397240802e-14
5.089281899213799989e+03 1.005334469976003574e-14
5.092125026702889954e+03 1.021343772203027808e-14
5.094968154191979920e+03 1.004072731079337383e-14
5.097811281681069886e+03 1.005279913553526474e-14
5.100654409170159852e+03 9.888997121498764806e-15
5.103497536659249818e+03 9.994513344947983459e-15
5.106340664148339783e+03 1.000884566832988139e-14
5.109183791637429749e+03 9.652025720202977024e-15
5.112026919126519715e+03 9.895787679473074284e-15
5.114870046615609681e+03 9.684029240713500867e-15
5.117713174104699647e+03 9.640914622667375242e-15
5.120556301593789613e+03 9.719719921527111761e-15
5.123399429082879578e+03 9.739368682109169289e-15
5.126242556571970454e+03 9.631853561312358332e-15
5.129085684061060419e+03 9.862624944335684464e-15
5.131928811550150385e+03 9.963549365506264180e-15
5.134771939039240351e+03 9.869072569129870229e-15
5.137615066528330317e+03 9.861072296349895919e-15
5.140458194017420283e+03 1.005547383862882976e-14
5.143301321506510249e+03 1.000465258888682270e-14
5.146144448995600214e+03 1.002784393652173176e-14
5.148987576484690180e+03 1.020902529224802029e-14
5.151830703973780146e+03 1.011076949705286230e-14
5.154673831462870112e+03 1.011006519326229000e-14
5.157516958951960078e+03 1.033012746991041316e-14
5.160360086441050044e+03 1.034473035891310143e-14
5.163203213930140009e+03 1.026950622321621174e-14
5.166046341419229975e+03 1.013674434597394811e-14
5.168889468908319941e+03 1.040809473945736370e-14
5.171732596397409907e+03 1.033769561946885673e-14
5.174575723886499873e+03 1.011274551622891524e-14
5.177418851375589838e+03 1.006919725530714783e-14
5.180261978864679804e+03 1.024484157011778004e-14
5.183105106353769770e+03 1.021575177497797034e-14
5.185948233842859736e+03 1.016653609876060766e-14
5.188791361331949702e+03 1.024837065248273341e-14
5.191634488821039668e+03 1.005312269399812995e-14
5.194477616310129633e+03 1.009883614713785855e-14
5.197320743799219599e+03 1.016827910985929383e-14
5.200163871288309565e+03 1.003152752440947251e-14
5.203006998777400440e+03 1.019893275501475224e-14
5.205850126266490406e+03 1.013700490038586929e-14
5.208693253755580372e+03 1.017571132472094242e-14
5.211536381244670338e+03 1.000551114078980295e-14
5.214379508733760304e+03 9.854541687150154663e-15
5.217222636222850269e+03 9.892530770674136566e-15
5.220065763711940235e+03 1.007077963913895358e-14
5.222908891201030201e+03 1.007921178794857631e-14
5.225752018690120167e+03 9.904412915191239422e-15
5.228595146179210133e+03 1.009130951543704588e-14
5.231438273668300099e+03 9.989155333764482939e-15
5.234281401157390064e+03 9.877233063283848885e-15
5.237124528646480030e+03 1.013064533552132337e-14
5.239967656135569996e+03 1.000785942717352103e-14
5.242810783624659962e+03 9.954104505544738184e-15
5.245653911113749928e+03 1.009247776292254967e-14
5.248497038602839893e+03 9.964546681567772283e-15
5.251340166091929859e+03 9.934207237889539774e-15
5.254183293581019825e+03 1.003366654981300391e-14
5.257026421070109791e+03 1.020617384161269916e-14
5.259869548559199757e+03 9.947669735252333167e-15
5.262712676048289723e+03 1.002049898896391444e-14
5.265555803537379688e+03 1.000843127252990195e-14
5.268398931026469654e+03 1.015852063789968696e-14
5.271242058515559620e+03 1.003552928121867111e-14
5.274085186004649586e+03 9.889669707417970379e-15
5.276928313493739552e+03 1.004310382630250672e-14
5.279771440982830427e+03 1.010923777589070262e-14
5.282614568471920393e+03 9.976311327192360763e-15
5.285457695961010359e+03 9.951964102839521544e-15
5.288300823450100324e+03 1.007672915246049829e-14
5.291143950939190290e+03 9.944331420398766972e-15
5.293987078428280256e+03 1.003756889716965515e-14
5.296830205917370222e+03 1.007391250580681378e-14
5.299673333406460188e+03 1.005629536860048323e-14
5.302516460895550154e+03 1.000009744396001212e-14
5.305359588384640119e+03 1.002645600904026862e-14
5.308202715873730085e+03 9.923670258330283342e-15
5.311045843362820051e+03 9.845511628718615976e-15
5.313888970851910017e+03 9.962625914211740877e-15
5.316732098340999983e+03 1.005477262601503858e-14
5.319575225830089948e+03 1.001932718526506985e-14
5.322418353319179914e+03 1.011549574453942156e-14
5.325261480808269880e+03 1.003755970622798250e-14
5.328104608297359846e+03 1.008660268952516309e-14
5.330947735786449812e+03 1.006852824011584724e-14
5.333790863275539778e+03 1.003926028564355007e-14
5.336633990764629743e+03 9.925175459453834633e-15
5.339477118253719709e+03 9.973361089146548558e-15
5.342320245742809675e+03 1.025721976804062482e-14
5.345163373231899641e+03 9.974852991093728250e-15
5.348006500720989607e+03 9.984946759541223407e-15
5.350849628210079572e+03 9.885717340876106277e-15
5.353692755699170448e+03 9.859563017888146650e-15
5.356535883188260414e+03 9.892288009631094742e-15
5.359379010677350379e+03 9.903446332642761634e-15
5.362222138166440345e+03 9.906828012467841353e-15
5.365065265655530311e+03 9.995306701336375444e-15
5.367908393144620277e+03 9.706085578808002692e-15
5.370751520633710243e+03 9.847940214778793540e-15
5.373594648122800209e+03 9.769793474895751150e-15
5.376437775611890174e+03 9.748296986261381498e-15
5.379280903100980140e+03 9.744733747230483896e-15
5.382124030590070106e+03 9.683714451729260134e-15
5.384967158079160072e+03 9.882543950421984503e-15
5.387810285568250038e+03 9.681209374064157252e-15
5.390653413057340003e+03 9.580098697233813330e-15
5.393496540546429969e+03 9.709208888396279753e-15
5.396339668035519935e+03 9.631780691127099579e-15
5.399182795524609901e+03 9.720453365595900594e-15
5.402025923013699867e+03 9.797771768265457701e-15
5.404869050502789833e+03 9.638073012349089224e-15
5.407712177991879798e+03 9.827868338725310816e-15
5.410555305480969764e+03 9.673178577918690089e-15
5.413398432970059730e+03 9.549159895529803680e-15
5.416241560459149696e+03 9.680049679285370949e-15
5.419084687948239662e+03 9.817329369921348038e-15
5.421927815437329627e+03 9.868142748801772102e-15
5.424770942926419593e+03 9.612796573083134415e-15
5.427614070415509559e+03 9.559110041001282243e-15
5.430457197904600434e+03 9.629764921202298579e-15
5.433300325393690400e+03 9.738727013381856296e-15
5.436143452882780366e+03 9.709259678746717332e-15
5.438986580371870332e+03 9.725581531499186249e-15
5.441829707860960298e+03 9.540818192479933173e-15
5.444672835350050264e+03 9.509086785213230534e-15
5.447515962839140229e+03 9.626185194460515788e-15
5.450359090328230195e+03 9.584632672098880418e-15
5.453202217817320161e+03 9.509563497372252271e-15
5.456045345306410127e+03 9.506947376959778262e-15
5.458888472795500093e+03 9.535194017063293605e-15
5.461731600284590058e+03 9.283428435461256189e-15
5.464574727773680024e+03 9.462323083872358571e-15
5.467417855262769990e+03 9.542183103030077264e-15
5.470260982751859956e+03 9.397817406925311878e-15
5.473104110240949922e+03 9.480900306858840912e-15
5.475947237730039888e+03 9.439019137817430380e-15
5.478790365219129853e+03 9.437142055165933513e-15
5.481633492708219819e+03 9.437651580781180893e-15
5.484476620197309785e+03 9.297004150079965495e-15
5.487319747686399751e+03 9.443613191830983879e-15
5.490162875175489717e+03 9.499467686975662044e-15
5.493006002664579682e+03 9.422014424706444573e-15
5.495849130153669648e+03 9.579528213800537789e-15
5.498692257642749610e+03 9.547328968218306230e-15
5.501535385131839575e+03 9.522929023956618337e-15
5.504378512620939546e+03 9.592056025612226898e-15
5.507221640110030421e+03 9.539225379434019359e-15
5.510064767599120387e+03 9.525588117079564925e-15
5.512907895088200348e+03 9.577665013604950170e-15
5.515751022577290314e+03 9.480915401805245351e-15
5.518594150066390284e+03 9.577094826712890271e-15
5.521437277555480250e+03 9.582285437839247447e-15
5.524280405044570216e+03 9.494415993676097436e-15
5.527123532533660182e+03 9.435401011884072846e-15
5.529966660022740143e+03 9.525725120706653282e-15
5.532809787511840113e+03 9.629953644707850447e-15
5.535652915000930079e+03 9.528735449894782057e-15
5.538496042490010041e+03 9.532796543524374579e-15
5.541339169979110011e+03 9.561574165322657246e-15
5.544182297468189972e+03 9.511117395334840191e-15
5.547025424957289943e+03 9.566767403202941253e-15
5.549868552446379908e+03 9.542461584629235930e-15
5.552711679935469874e+03 9.477434658490786625e-15
5.555554807424549836e+03 9.428376664664131612e-15
5.558397934913639801e+03 9.478307800495872824e-15
5.561241062402729767e+03 9.431829561127358899e-15
5.564084189891829737e+03 9.328037208738762598e-15
5.566927317380909699e+03 9.625367468697403009e-15
5.569770444869999665e+03 9.417904004993162474e-15
5.572613572359089630e+03 9.474123515885994501e-15
5.575456699848189601e+03 9.440324182665201643e-15
5.578299827337269562e+03 9.473132345578862720e-15
5.581142954826360437e+03 9.517625715660567651e-15
5.583986082315450403e+03 9.437842042539806284e-15
5.586829209804540369e+03 9.496914467871529343e-15
5.589672337293630335e+03 9.321946898025384628e-15
5.592515464782720301e+03 9.312256672995943230e-15
5.595358592271820271e+03 9.309927053805184899e-15
5.598201719760900232e+03 9.348993144800465436e-15
5.601044847249990198e+03 9.345425443359876250e-15
5.603887974739080164e+03 9.283407707947583833e-15
5.606731102228170130e+03 9.333877978355801366e-15
5.609574229717260096e+03 9.191463199595781247e-15
5.612417357206350061e+03 9.294029566436149831e-15
5.615260484695440027e+03 9.267216849482178011e-15
5.618103612184529993e+03 9.248583465456043906e-15
5.620946739673619959e+03 9.223397313967050188e-15
5.623789867162709925e+03 9.305553558824167385e-15
5.626632994651799891e+03 9.130659285680692374e-15
5.629476122140889856e+03 9.382972985722414119e-15
5.632319249629989827e+03 9.289237327372069973e-15
5.635162377119069788e+03 9.247376710444411692e-15
5.638005504608159754e+03 9.376284640434222307e-15
5.640848632097249720e+03 9.269090110122425779e-15
5.643691759586339685e+03 9.256706045884936685e-15
5.646534887075429651e+03 9.244409985106503197e-15
5.649378014564519617e+03 9.174040909273957772e-15
5.652221142053609583e+03 9.189160160296808503e-15
5.655064269542699549e+03 9.215737728730725717e-15
5.657907397031790424e+03 9.033861543840702782e-15
5.660750524520880390e+03 9.238448443775296159e-15
5.663593652009970356e+03 9.229026441574145761e-15
5.666436779499060322e+03 9.161963893253754989e-15
5.669279906988150287e+03 9.079259598334440118e-15
5.672123034477240253e+03 9.285631715047305489e-15
5.674966161966330219e+03 9.082926454523356145e-15
5.677809289455420185e+03 9.117154271142080742e-15
5.680652416944510151e+03 9.128529833225018865e-15
5.683495544433600116e+03 9.169721371096781700e-15
5.686338671922690082e+03 9.096949652833224412e-15
5.689181799411780048e+03 9.122280768234811170e-15
5.692024926900870014e+03 8.898854447756256949e-15
5.694868054389959980e+03 8.926646505800569030e-15
5.697711181879049946e+03 8.958470658190185532e-15
5.700554309368139911e+03 9.033558204801260235e-15
5.703397436857229877e+03 8.957336510715916869e-15
5.706240564346319843e+03 9.066995573291679132e-15
5.709083691835409809e+03 9.080886762419402199e-15
5.711926819324499775e+03 8.876563448939407465e-15
5.714769946813589740e+03 8.936771709357610008e-15
5.717613074302679706e+03 8.924464354395506807e-15
5.720456201791769672e+03 8.976054603157843676e-15
5.723299329280869642e+03 8.807095517084494624e-15
5.726142456769949604e+03 8.976062083392881858e-15
5.728985584259039570e+03 8.954058693901872127e-15
5.731828711748130445e+03 8.846100271249792198e-15
5.734671839237220411e+03 8.831237176073839294e-15
5.737514966726310377e+03 8.975313879875477900e-15
5.740358094215400342e+03 9.000092135332717358e-15
5.743201221704490308e+03 8.979626409947230916e-15
5.746044349193580274e+03 8.946100724351216957e-15
5.748887476682670240e+03 9.077773542708752063e-15
5.751730604171760206e+03 8.897751564819898705e-15
5.754573731660850171e+03 8.872792266138939177e-15
5.757416859149940137e+03 8.797034381435883128e-15
5.760259986639030103e+03 8.895471362084329779e-15
5.763103114128120069e+03 8.815246627152379006e-15
5.765946241617210035e+03 8.819228933612631634e-15
5.768789369106300001e+03 8.789861863950591028e-15
5.771632496595389966e+03 8.915278947608389269e-15
5.774475624084479932e+03 8.846123139260894611e-15
5.777318751573569898e+03 8.700017645880693134e-15
5.780161879062659864e+03 8.757744970412059212e-15
5.783005006551749830e+03 8.902726005828704039e-15
5.785848134040839795e+03 8.757098502476809185e-15
5.788691261529929761e+03 8.730461882963953876e-15
5.791534389019019727e+03 8.860833773593068320e-15
5.794377516508109693e+03 8.878583661891036982e-15
5.797220643997199659e+03 8.808787328508775005e-15
5.800063771486289625e+03 8.925798660001749941e-15
5.802906898975379590e+03 8.776207749686660786e-15
5.805750026464469556e+03 8.770829016585433670e-15
5.808593153953560432e+03 8.920211746259178524e-15
5.811436281442650397e+03 8.840486438894025744e-15
5.814279408931740363e+03 8.629441093690862312e-15
5.817122536420830329e+03 8.700531888308610286e-15
5.819965663909920295e+03 8.770650005770430589e-15
5.822808791399010261e+03 8.778875517728413882e-15
5.825651918888100226e+03 8.772189702206064033e-15
5.828495046377190192e+03 8.709328359326018700e-15
5.831338173866280158e+03 8.785081751539902280e-15
5.834181301355370124e+03 8.898099788034915939e-15
5.837024428844460090e+03 8.848785873982954685e-15
5.839867556333550056e+03 8.842128536868312369e-15
5.842710683822640021e+03 8.775343683503707223e-15
5.845553811311729987e+03 8.872439454677358614e-15
5.848396938800819953e+03 9.083112764465538540e-15
5.851240066289909919e+03 9.047419638300958348e-15
5.854083193778999885e+03 9.070201666098299723e-15
5.856926321268089850e+03 9.130291345179618951e-15
5.859769448757179816e+03 9.179617873014857017e-15
5.862612576246269782e+03 9.108310873483216638e-15
5.865455703735359748e+03 9.166109966066528276e-15
5.868298831224449714e+03 9.118532308908195073e-15
5.871141958713539680e+03 9.107065278704889141e-15
5.873985086202629645e+03 9.123616955643943499e-15
5.876828213691719611e+03 8.981949579385632779e-15
5.879671341180809577e+03 8.906036318637754490e-15
5.882514468669900452e+03 8.907346338198000045e-15
5.885357596158990418e+03 8.754889004842669520e-15
5.888200723648080384e+03 8.632416614577258688e-15
5.891043851137170350e+03 8.490062950239483983e-15
5.893886978626260316e+03 8.458176164650968900e-15
5.896730106115350281e+03 8.401494246836669344e-15
5.899573233604440247e+03 8.314409378810843716e-15
5.902416361093530213e+03 8.281977148601860254e-15
5.905259488582620179e+03 8.408965311271109626e-15
5.908102616071710145e+03 8.548313876579703777e-15
5.910945743560800111e+03 8.319782004556073363e-15
5.913788871049890076e+03 8.317806795044505113e-15
5.916631998538980042e+03 8.261576452087967576e-15
5.919475126028070008e+03 8.165883177226006417e-15
5.922318253517159974e+03 8.329482570636826250e-15
5.925161381006249940e+03 8.507282498770913694e-15
5.928004508495339905e+03 8.655320409198401676e-15
5.930847635984429871e+03 8.694584985783893505e-15
5.933690763473519837e+03 8.709887548998397175e-15
5.936533890962609803e+03 8.700235933331019099e-15
5.939377018451699769e+03 8.694251730139066815e-15
5.942220145940789735e+03 8.695754465072002619e-15
5.945063273429879700e+03 8.635549348581285522e-15
5.947906400918969666e+03 8.606115263484884135e-15
5.950749528408059632e+03 8.729409585694809023e-15
5.953592655897149598e+03 8.737778308870987073e-15
5.956435783386239564e+03 8.673049875035849009e-15
5.959278910875330439e+03 8.758701170358610546e-15
5.962122038364420405e+03 8.773404426876542447e-15
5.964965165853510371e+03 8.742915220044175968e-15
5.967808293342600336e+03 8.652837024357181849e-15
5.970651420831690302e+03 8.650918652512676611e-15
5.973494548320780268e+03 8.602318832477081557e-15
5.976337675809870234e+03 8.645341601730180904e-15
5.979180803298960200e+03 8.542651686809491289e-15
5.982023930788050166e+03 8.658999328259042173e-15
5.984867058277140131e+03 8.608118314520334159e-15
5.987710185766230097e+03 8.579119317885047136e-15
5.990553313255320063e+03 8.574124875515070644e-15
5.993396440744410029e+03 8.588592239455613979e-15
5.996239568233499995e+03 8.598804956951024116e-15
5.999082695722589960e+03 8.538465570682026351e-15
6.001925823211679926e+03 8.547878400245479968e-15
6.004768950700769892e+03 8.638083348220750582e-15
6.007612078189859858e+03 8.521644555050696275e-15
6.010455205678949824e+03 8.534921041174648660e-15
6.013298333168039790e+03 8.672581280317495976e-15
6.016141460657129755e+03 8.524153024641822957e-15
6.018984588146219721e+03 8.402398218485587183e-15
6.021827715635309687e+03 8.468511642361031231e-15
6.024670843124399653e+03 8.543766382363652344e-15
6.027513970613489619e+03 8.543294500100231885e-15
6.030357098102579585e+03 8.433837406362444302e-15
6.033200225591669550e+03 8.530944097017834200e-15
6.036043353080760426e+03 8.541558550194791218e-15
6.038886480569850391e+03 8.494234896173912475e-15
6.041729608058940357e+03 8.454480644427346891e-15
6.044572735548030323e+03 8.430679155859034928e-15
6.047415863037120289e+03 8.494015445228757781e-15
6.050258990526210255e+03 8.331493335697114222e-15
6.053102118015300221e+03 8.407616904550031867e-15
6.055945245504390186e+03 8.464739694201319769e-15
6.058788372993480152e+03 8.463736303938961200e-15
6.061631500482570118e+03 8.467218085710838526e-15
6.064474627971660084e+03 8.457341879112132258e-15
6.067317755460750050e+03 8.352601667154803319e-15
6.070160882949840015e+03 8.445481655765351096e-15
6.073004010438929981e+03 8.475478991022195314e-15
6.075847137928019947e+03 8.447323265462421954e-15
6.078690265417109913e+03 8.486754005957749882e-15
6.081533392906199879e+03 8.486874797234081414e-15
6.084376520395289845e+03 8.446227078074932201e-15
6.087219647884379810e+03 8.263516279244145528e-15
6.090062775373469776e+03 8.443272318537145024e-15
6.092905902862559742e+03 8.329920527624459945e-15
6.095749030351649708e+03 8.244262633265993700e-15
6.098592157840739674e+03 8.287193795418365849e-15
6.101435285329829640e+03 8.405906479271200594e-15
6.104278412818919605e+03 8.299298427154692379e-15
6.107121540308009571e+03 8.408968632583221372e-15
6.109964667797100446e+03 8.439267765232190139e-15
6.112807795286190412e+03 8.246202680088153706e-15
6.115650922775280378e+03 8.439390987559407021e-15
6.118494050264370344e+03 8.378477477468718194e-15
6.121337177753460310e+03 8.353678922377611669e-15
6.124180305242550276e+03 8.277888065037506835e-15
6.127023432731640241e+03 8.405534852172361857e-15
6.129866560220730207e+03 8.398291862057231602e-15
6.132709687709820173e+03 8.325416331128990286e-15
6.135552815198910139e+03 8.377963101194359468e-15
6.138395942688000105e+03 8.347723763832515049e-15
6.141239070177090071e+03 8.473085165066991523e-15
6.144082197666180036e+03 8.464826749730827767e-15
6.146925325155270002e+03 8.347358801244575829e-15
6.149768452644359968e+03 8.485507725263320706e-15
6.152611580133449934e+03 8.294805228423369631e-15
6.155454707622539900e+03 8.456534430068184568e-15
6.158297835111629865e+03 8.422103540532023848e-15
6.161140962600719831e+03 8.379564748710203705e-15
6.163984090089809797e+03 8.367964398376157037e-15
6.166827217578899763e+03 8.249744296462850092e-15
6.169670345067989729e+03 8.235001910212077715e-15
6.172513472557079695e+03 8.335487632236569483e-15
6.175356600046169660e+03 8.241510747181555339e-15
6.178199727535259626e+03 8.295301334189241374e-15
6.181042855024349592e+03 8.165679721505515640e-15
6.183885982513439558e+03 8.159845556727133906e-15
6.186729110002530433e+03 8.161031765159961747e-15
6.189572237491620399e+03 8.040053596554570620e-15
6.192415364980710365e+03 8.168137871654854092e-15
6.195258492469800331e+03 8.277484057235986610e-15
6.198101619958890296e+03 8.185051962510561261e-15
6.200944747447980262e+03 8.020455919738973930e-15
6.203787874937070228e+03 8.013451101080987814e-15
6.206631002426160194e+03 8.213570887277640725e-15
6.209474129915250160e+03 8.189949651692703567e-15
6.212317257404340126e+03 8.140048528976222309e-15
6.215160384893430091e+03 8.087188969207418591e-15
6.218003512382520057e+03 8.129993473501137029e-15
6.220846639871610023e+03 8.201198392813287352e-15
6.223689767360699989e+03 8.217220019499066062e-15
6.226532894849789955e+03 8.101264103041394326e-15
6.229376022338879920e+03 8.200677981507833604e-15
6.232219149827969886e+03 8.222068970267092620e-15
6.235062277317059852e+03 8.225207956355866286e-15
6.237905404806149818e+03 8.232690522643668507e-15
6.240748532295239784e+03 8.225797638112460270e-15
6.243591659784329750e+03 8.055212904029565860e-15
6.246434787273419715e+03 8.148995752714340668e-15
6.249277914762509681e+03 8.059954300598063421e-15
6.252121042251599647e+03 7.949751009651974357e-15
6.254964169740689613e+03 8.109673638220834699e-15
6.257807297229779579e+03 8.072953471299942319e-15
6.260650424718870454e+03 7.976694319838163473e-15
6.263493552207960420e+03 8.018409575197937966e-15
6.266336679697050386e+03 7.983277686637075951e-15
6.269179807186140351e+03 7.986017458758220929e-15
6.272022934675230317e+03 7.885200598832744123e-15
6.274866062164320283e+03 7.727751805152902409e-15
6.277709189653410249e+03 7.632182834978273571e-15
6.280552317142500215e+03 7.659626908330491016e-15
6.283395444631590181e+03 7.695446436965699275e-15
6.286238572120680146e+03 7.652420308027529584e-15
6.289081699609770112e+03 7.557338519012897681e-15
6.291924827098860078e+03 7.525470305452428624e-15
6.294767954587950044e+03 7.460331152909138438e-15
6.297611082077040010e+03 7.459211854750047484e-15
6.300454209566129975e+03 7.561126219527192026e-15
6.303297337055219941e+03 7.535839083674447798e-15
6.306140464544309907e+03 7.466723636655655851e-15
6.308983592033399873e+03 7.475383363614404260e-15
6.311826719522489839e+03 7.314093268348332633e-15
6.314669847011579805e+03 7.260160122026733550e-15
6.317512974500669770e+03 7.351705558070752809e-15
6.320356101989759736e+03 7.345371450417299743e-15
6.323199229478849702e+03 7.417173676848304171e-15
6.326042356967939668e+03 7.432670900966704839e-15
6.328885484457029634e+03 7.545999908143992483e-15
6.331728611946119599e+03 7.516571228192249069e-15
6.334571739435209565e+03 7.463675042580905111e-15
6.337414866924300441e+03 7.567036561083718001e-15
6.340257994413390406e+03 7.686065775916963088e-15
6.343101121902480372e+03 7.635385044028646885e-15
6.345944249391570338e+03 7.689624779153297872e-15
6.348787376880660304e+03 7.743222235172697448e-15
6.351630504369750270e+03 7.748376353465666882e-15
6.354473631858840236e+03 7.767096271918948539e-15
6.357316759347930201e+03 7.654569963434018868e-15
6.360159886837020167e+03 7.732475395158779374e-15
6.363003014326110133e+03 7.809951581736709962e-15
6.365846141815200099e+03 7.709406842756148019e-15
6.368689269304290065e+03 7.634794797983473800e-15
6.371532396793380030e+03 7.572522489969978892e-15
6.374375524282469996e+03 7.672253716705096914e-15
6.377218651771559962e+03 7.519925941764487630e-15
6.380061779260649928e+03 7.575418774241623604e-15
6.382904906749739894e+03 7.681466365327387159e-15
6.385748034238829860e+03 7.417954068388174772e-15
6.388591161727919825e+03 7.441155172985899749e-15
6.391434289217009791e+03 7.440760117913388572e-15
6.394277416706099757e+03 7.592698035493090187e-15
6.397120544195189723e+03 7.413253015522786564e-15
6.399963671684279689e+03 7.538901247975659129e-15
6.402806799173369654e+03 7.574302991390895379e-15
6.405649926662459620e+03 7.466464198462252410e-15
6.408493054151549586e+03 7.529327704674975931e-15
6.411336181640639552e+03 7.640506708586891157e-15
6.414179309129730427e+03 7.515884192832558316e-15
6.417022436618820393e+03 7.396504410416024909e-15
6.419865564107910359e+03 7.415946976131795986e-15
6.422708691597000325e+03 7.591151596388752559e-15
6.425551819086090291e+03 7.479364380216824055e-15
6.428394946575180256e+03 7.218375543201451938e-15
6.431238074064270222e+03 7.218391931597981912e-15
6.434081201553360188e+03 7.327788815697241136e-15
6.436924329042450154e+03 7.239153500443930157e-15
6.439767456531540120e+03 7.189923569657211575e-15
6.442610584020630085e+03 7.215463750314369769e-15
6.445453711509720051e+03 7.094463445772163760e-15
6.448296838998810017e+03 7.031940541787413992e-15
6.451139966487899983e+03 7.058162184985309729e-15
6.453983093976989949e+03 7.030482143147333554e-15
6.456826221466079915e+03 6.940675848727930003e-15
6.459669348955169880e+03 6.884171169633783737e-15
6.462512476444259846e+03 6.826148308632374928e-15
6.465355603933349812e+03 6.675046510843784659e-15
6.468198731422439778e+03 6.640414382065058148e-15
6.471041858911529744e+03 6.624232819448207028e-15
6.473884986400619709e+03 6.514099703396096624e-15
6.476728113889709675e+03 6.542000358906467739e-15
6.479571241378799641e+03 6.414229161879035372e-15
6.482414368867889607e+03 6.358264128514142764e-15
6.485257496356979573e+03 6.474803984338765242e-15
6.488100623846070448e+03 6.462816321061071007e-15
6.490943751335160414e+03 6.466362992418267182e-15
6.493786878824250380e+03 6.519515875397840536e-15
6.496630006313340346e+03 6.642395273714492071e-15
6.499473133802430311e+03 6.809156902827610538e-15
6.502316261291520277e+03 6.967831967412461194e-15
6.505159388780610243e+03 7.007876385381854090e-15
6.508002516269700209e+03 7.210443036569964075e-15
6.510845643758790175e+03 7.427003137806278417e-15
6.513688771247880140e+03 7.529317237359219041e-15
6.516531898736970106e+03 7.679256371507812890e-15
6.519375026226060072e+03 7.925724342395925720e-15
6.522218153715150038e+03 8.057229109175434795e-15
6.525061281204240004e+03 8.357428015692190897e-15
6.527904408693329970e+03 8.481061178796181285e-15
6.530747536182419935e+03 8.556354287669414886e-15
6.533590663671509901e+03 8.754401848196929111e-15
6.536433791160599867e+03 8.964958664716543225e-15
6.539276918649689833e+03 9.171267176673303496e-15
6.542120046138779799e+03 9.154046500108428494e-15
6.544963173627869764e+03 9.265410130617241842e-15
6.547806301116959730e+03 9.382353596420866329e-15
6.550649428606049696e+03 9.541699139063096500e-15
6.553492556095139662e+03 9.421697327028101953e-15
6.556335683584229628e+03 9.354075039148457037e-15
6.559178811073319594e+03 9.437213341750900798e-15
6.562021938562409559e+03 9.457831998597379012e-15
6.564865066051500435e+03 9.363777322149326247e-15
6.567708193540590401e+03 9.315499679329374422e-15
6.570551321029680366e+03 9.440455400655360802e-15
6.573394448518770332e+03 9.373638056505445741e-15
6.576237576007860298e+03 9.318298221261302108e-15
6.579080703496940259e+03 9.392615987857878878e-15
6.581923830986040230e+03 9.239642372333472608e-15
6.584766958475130195e+03 9.078026075895692032e-15
6.587610085964220161e+03 9.034658970963225348e-15
6.590453213453310127e+03 8.843693486833101431e-15
6.593296340942400093e+03 8.773329739214861102e-15
6.596139468431490059e+03 8.869036563015345943e-15
6.598982595920580025e+03 8.682505115491805908e-15
6.601825723409669990e+03 8.509882339666293415e-15
6.604668850898759956e+03 8.296629554068524247e-15
6.607511978387849922e+03 8.208646550023312032e-15
6.610355105876939888e+03 8.118470655333632392e-15
6.613198233366029854e+03 7.997114311310067133e-15
6.616041360855119819e+03 8.071037495426588322e-15
6.618884488344199781e+03 7.878376845068752200e-15
6.621727615833299751e+03 7.708414413808309002e-15
6.624570743322389717e+03 7.686000800508276206e-15
6.627413870811479683e+03 7.529935151034360262e-15
6.630256998300569649e+03 7.527268967418192291e-15
6.633100125789659614e+03 7.516856100592015206e-15
6.635943253278749580e+03 7.435855687472616750e-15
6.638786380767839546e+03 7.508008775135960690e-15
6.641629508256920417e+03 7.448246909636585243e-15
6.644472635746020387e+03 7.401529988803642928e-15
6.647315763235100349e+03 7.409018414791220989e-15
6.650158890724190314e+03 7.363423750211564768e-15
6.653002018213290285e+03 7.232805178565853401e-15
6.655845145702380250e+03 7.239588277714408923e-15
6.658688273191470216e+03 7.246177168422317097e-15
6.661531400680560182e+03 7.230820091620034936e-15
6.664374528169640143e+03 7.166340848502433018e-15
6.667217655658740114e+03 7.099928291146545125e-15
6.670060783147830080e+03 7.149645266871439764e-15
6.672903910636910041e+03 7.167805508689523784e-15
6.675747038126010011e+03 7.193277895410767361e-15
6.678590165615089973e+03 7.101239092024335769e-15
6.681433293104179938e+03 7.091695202673195318e-15
6.684276420593279909e+03 7.159524635851132779e-15
6.687119548082359870e+03 7.012024718261780332e-15
6.689962675571449836e+03 6.943549822848119805e-15
6.692805803060539802e+03 7.071026600165613325e-15
6.695648930549639772e+03 6.937356096716940275e-15
6.698492058038719733e+03 6.923290678966479022e-15
6.701335185527819704e+03 6.982895425346201829e-15
6.704178313016899665e+03 6.975454842453723539e-15
6.707021440505999635e+03 6.909362065703976657e-15
6.709864567995089601e+03 6.862956921528371816e-15
6.712707695484179567e+03 6.932639461644090134e-15
6.715550822973270442e+03 6.902431956946652402e-15
6.718393950462350404e+03 6.799383390968715511e-15
6.721237077951440369e+03 6.806523454254334929e-15
6.724080205440530335e+03 6.828206212243397812e-15
6.726923332929620301e+03 6.745135428271326325e-15
6.729766460418710267e+03 6.871571658929653260e-15
6.732609587907800233e+03 6.775879093431189296e-15
6.735452715396890198e+03 6.775138333057505935e-15
6.738295842885980164e+03 6.765354565677312168e-15
6.741138970375070130e+03 6.731763878324889807e-15
6.743982097864160096e+03 6.796966701688402433e-15
6.746825225353250062e+03 6.797750035027316343e-15
6.749668352842340028e+03 6.844982055438843197e-15
6.752511480331429993e+03 6.764327355838065013e-15
6.755354607820519959e+03 6.774923443952108158e-15
6.758197735309609925e+03 6.785633735466447832e-15
6.761040862798699891e+03 6.722349243044128450e-15
6.763883990287789857e+03 6.697634374755011290e-15
6.766727117776879822e+03 6.719998698043256335e-15
6.769570245265969788e+03 6.759352524948758766e-15
6.772413372755059754e+03 6.776814578039543124e-15
6.775256500244149720e+03 6.793862531564491683e-15
6.778099627733239686e+03 6.789867366461848111e-15
6.780942755222339656e+03 6.818510895456162242e-15
6.783785882711419617e+03 6.717970097893434283e-15
6.786629010200509583e+03 6.764575618677585097e-15
6.789472137689599549e+03 6.735209377318706113e-15
6.792315265178690424e+03 6.679506739508926335e-15
6.795158392667780390e+03 6.756065206041504088e-15
6.798001520156870356e+03 6.853979544717201531e-15
6.800844647645960322e+03 6.770079602286708802e-15
6.803687775135050288e+03 6.841143002220443099e-15
6.806530902624140253e+03 6.690291237154770277e-15
6.809374030113230219e+03 6.727606558658638572e-15
6.812217157602320185e+03 6.808358049432705287e-15
6.815060285091410151e+03 6.693549938338152566e-15
6.817903412580500117e+03 6.591596166406853712e-15
6.820746540069590083e+03 6.658360607187766364e-15
6.823589667558680048e+03 6.713530491921273065e-15
6.826432795047780019e+03 6.823246042779261604e-15
6.829275922536859980e+03 6.627023901344830588e-15
6.832119050025949946e+03 6.683907336835100168e-15
6.834962177515039912e+03 6.804581042512602085e-15
6.837805305004129877e+03 6.711627309447868613e-15
6.840648432493219843e+03 6.731473204777115160e-15
6.843491559982309809e+03 6.756867323558311900e-15
6.846334687471399775e+03 6.681894013065638377e-15
6.849177814960489741e+03 6.830488706640106233e-15
6.852020942449579707e+03 6.873177476430310385e-15
6.854864069938669672e+03 6.801436077024180255e-15
6.857707197427759638e+03 6.704431944269631166e-15
6.860550324916849604e+03 6.692415867982859734e-15
6.863393452405939570e+03 6.785596984857957912e-15
6.866236579895030445e+03 6.869950869988500163e-15
6.869079707384120411e+03 6.722379786313287971e-15
6.871922834873210377e+03 6.793530757243315738e-15
6.874765962362300343e+03 6.771446435934544450e-15
6.877609089851390308e+03 6.855407131113322183e-15
6.880452217340480274e+03 6.865471271577593700e-15
6.883295344829570240e+03 6.726038148816252159e-15
6.886138472318660206e+03 6.752075141476451738e-15
6.888981599807750172e+03 6.810992782639260529e-15
6.891824727296840138e+03 6.687533336105105200e-15
6.894667854785930103e+03 6.635824710673044053e-15
6.897510982275020069e+03 6.628621961237126048e-15
6.900354109764110035e+03 6.684534635526788423e-15
6.903197237253200001e+03 6.831175431449693567e-15
6.906040364742289967e+03 6.770495841652589275e-15
6.908883492231379932e+03 6.711709826573906472e-15
6.911726619720469898e+03 6.742409227873079520e-15
6.914569747209559864e+03 6.651201405978896933e-15
6.917412874698649830e+03 6.713654387492868837e-15
6.920256002187739796e+03 6.729979149942446197e-15
6.923099129676829762e+03 6.730872557488374150e-15
6.925942257165919727e+03 6.640290491200844677e-15
6.928785384655009693e+03 6.569452244890789975e-15
6.931628512144099659e+03 6.601011703222438462e-15
6.934471639633189625e+03 6.461356454562759236e-15
6.937314767122279591e+03 6.576038778540704833e-15
6.940157894611369557e+03 6.549292042717333149e-15
6.943001022100460432e+03 6.477246024172167801e-15
6.945844149589550398e+03 6.405859072599840696e-15
6.948687277078640363e+03 6.548348903954989055e-15
6.951530404567730329e+03 6.558111253147000596e-15
6.954373532056820295e+03 6.528365270631759336e-15
6.957216659545910261e+03 6.493742057075610690e-15
6.960059787035000227e+03 6.563667958751318376e-15
6.962902914524090193e+03 6.553863471640409954e-15
6.965746042013180158e+03 6.599889967341302140e-15
6.968589169502270124e+03 6.485428045006312180e-15
6.971432296991360090e+03 6.536985164590501348e-15
6.974275424480450056e+03 6.543959083980158361e-15
6.977118551969540022e+03 6.576140178474040452e-15
6.979961679458629987e+03 6.567451089854368837e-15
6.982804806947719953e+03 6.579731400858082535e-15
6.985647934436809919e+03 6.510475256784188110e-15
6.988491061925899885e+03 6.506896246364081683e-15
6.991334189414989851e+03 6.608635018901150826e-15
6.994177316904079817e+03 6.505213953908972956e-15
6.997020444393169782e+03 6.441281462123688647e-15
6.999863571882259748e+03 6.550904518016780004e-15
7.002706699371349714e+03 6.581322125815920247e-15
7.005549826860439680e+03 6.520192093609175479e-15
7.008392954349529646e+03 6.485049340904569501e-15
7.011236081838619612e+03 6.572392793932297848e-15
7.014079209327709577e+03 6.559231750991690031e-15
7.016922336816800453e+03 6.651443307256292132e-15
7.019765464305890418e+03 6.502016936197126058e-15
7.022608591794980384e+03 6.459697411547198515e-15
7.025451719284070350e+03 6.519886479314117953e-15
7.028294846773160316e+03 6.576003154049684303e-15
7.031137974262250282e+03 6.574206298541319533e-15
7.033981101751340248e+03 6.519471510634361644e-15
7.036824229240430213e+03 6.587805498536142446e-15
7.039667356729520179e+03 6.694354482106362339e-15
7.042510484218610145e+03 6.673897114991511427e-15
7.045353611707700111e+03 6.689101187838306107e-15
7.048196739196790077e+03 6.604959889553205716e-15
7.051039866685880042e+03 6.678378437574789683e-15
7.053882994174970008e+03 6.697613174365767471e-15
7.056726121664059974e+03 6.628336439547170759e-15
7.059569249153149940e+03 6.679153498745611602e-15
7.062412376642239906e+03 6.693817271390641941e-15
7.065255504131329872e+03 6.604281736835528443e-15
7.068098631620419837e+03 6.588087860128175422e-15
7.070941759109509803e+03 6.626131490090425529e-15
7.073784886598599769e+03 6.699648215973000997e-15
7.076628014087689735e+03 6.719868408642323409e-15
7.079471141576779701e+03 6.702515294887397163e-15
7.082314269065869667e+03 6.639404540585287204e-15
7.085157396554959632e+03 6.599218605213475454e-15
7.088000524044049598e+03 6.508223290403526093e-15
7.090843651533139564e+03 6.543378358924181216e-15
7.093686779022230439e+03 6.554891342432698783e-15
7.096529906511320405e+03 6.699929176771512729e-15
7.099373034000410371e+03 6.711405034358974820e-15
7.102216161489500337e+03 6.674041879873646111e-15
7.105059288978590303e+03 6.473001163561992412e-15
7.107902416467680268e+03 6.599145413906823372e-15
7.110745543956770234e+03 6.639301961857371492e-15
7.113588671445860200e+03 6.659606455011542616e-15
7.116431798934950166e+03 6.656155720311113775e-15
7.119274926424040132e+03 6.472421387232907191e-15
7.122118053913130097e+03 6.644891893871784780e-15
7.124961181402220063e+03 6.700680525411551648e-15
7.127804308891310029e+03 6.569739967350576870e-15
7.130647436380399995e+03 6.671241223799304484e-15
7.133490563869489961e+03 6.538598963941510754e-15
7.136333691358579927e+03 6.489193208152582674e-15
7.139176818847669892e+03 6.639380000579588158e-15
7.142019946336759858e+03 6.584326094252272035e-15
7.144863073825849824e+03 6.527352091615112507e-15
7.147706201314939790e+03 6.447604870297348496e-15
7.150549328804029756e+03 6.440068526340336221e-15
7.153392456293119722e+03 6.598365964838326022e-15
7.156235583782209687e+03 6.517157015603869201e-15
7.159078711271299653e+03 6.341866019611730325e-15
7.161921838760389619e+03 6.238728746921833723e-15
7.164764966249479585e+03 6.173819096115226832e-15
7.167608093738569551e+03 6.089667082544071629e-15
7.170451221227660426e+03 6.064570559152867273e-15
7.173294348716750392e+03 6.130010319627077377e-15
7.176137476205840358e+03 6.063075742259107401e-15
7.178980603694930323e+03 6.101749231076843592e-15
7.181823731184020289e+03 6.098656371201951316e-15
7.184666858673110255e+03 5.989123248204150249e-15
7.187509986162200221e+03 5.945946959213260408e-15
7.190353113651290187e+03 5.879918002589453934e-15
7.193196241140380153e+03 6.007123518360298015e-15
7.196039368629470118e+03 6.000523997974201250e-15
7.198882496118560084e+03 5.942451439461306502e-15
7.201725623607650050e+03 6.195500696701264989e-15
7.204568751096740016e+03 5.949715004086478644e-15
7.207411878585829982e+03 6.227820113287997768e-15
7.210255006074919947e+03 6.181815311592967330e-15
7.213098133564009913e+03 6.166648200818431019e-15
7.215941261053099879e+03 6.181423663016457671e-15
7.218784388542189845e+03 6.214741477553595819e-15
7.221627516031279811e+03 6.225734036404720234e-15
7.224470643520369777e+03 6.246790138210682680e-15
7.227313771009459742e+03 6.339406807426533761e-15
7.230156898498549708e+03 6.234070098677212721e-15
7.233000025987639674e+03 6.126863839068180564e-15
7.235843153476729640e+03 6.070766145405876569e-15
7.238686280965819606e+03 6.001804298293538296e-15
7.241529408454909571e+03 6.005508387897450934e-15
7.244372535944000447e+03 5.964908608913320025e-15
7.247215663433090413e+03 5.914418231365298030e-15
7.250058790922180378e+03 5.896567445603606342e-15
7.252901918411270344e+03 5.923802530857783757e-15
7.255745045900360310e+03 5.945940673613316255e-15
7.258588173389450276e+03 5.889067182129241071e-15
7.261431300878540242e+03 5.937212335434056184e-15
7.264274428367630208e+03 5.944064186640370610e-15
7.267117555856720173e+03 5.968537537542983256e-15
7.269960683345810139e+03 5.928275636155249877e-15
7.272803810834900105e+03 5.926635997473872070e-15
7.275646938323990071e+03 5.947362499386828686e-15
7.278490065813080037e+03 5.931318891602061041e-15
7.281333193302170002e+03 5.990308606511203049e-15
7.284176320791259968e+03 6.014424624783047843e-15
7.287019448280349934e+03 6.070756640416505814e-15
7.289862575769439900e+03 6.068944665896020079e-15
7.292705703258529866e+03 6.002013339048485512e-15
7.295548830747619832e+03 5.895392761069180292e-15
7.298391958236709797e+03 5.838291628699279751e-15
7.301235085725799763e+03 5.905190347152167909e-15
7.304078213214889729e+03 5.969310474269283542e-15
7.306921340703979695e+03 5.859874647386477249e-15
7.309764468193069661e+03 5.930722927106897323e-15
7.312607595682159626e+03 5.987908357798617584e-15
7.315450723171249592e+03 5.944868407600617427e-15
7.318293850660339558e+03 5.990712610698265947e-15
7.321136978149430433e+03 6.044811416643095746e-15
7.323980105638520399e+03 6.009244773301813340e-15
7.326823233127610365e+03 5.859502065687066571e-15
7.329666360616700331e+03 6.038712898052655179e-15
7.332509488105790297e+03 6.009312735391874662e-15
7.335352615594880263e+03 5.938803839449160008e-15
7.338195743083970228e+03 6.061161598403078669e-15
7.341038870573060194e+03 6.081922243885797495e-15
7.343881998062150160e+03 6.103709580151898335e-15
7.346725125551240126e+03 5.993343326092370279e-15
7.349568253040330092e+03 5.969330003757612221e-15
7.352411380529420057e+03 5.947632887009296809e-15
7.355254508018510023e+03 6.010571667956793320e-15
7.358097635507599989e+03 6.036644342029161880e-15
7.360940762996689955e+03 5.968379908580830732e-15
7.363783890485779921e+03 5.983712559837396727e-15
7.366627017974869887e+03 6.067885609402565738e-15
7.369470145463959852e+03 5.980832679976327181e-15
7.372313272953049818e+03 6.048615526415775055e-15
7.375156400442139784e+03 5.946662327452125070e-15
7.377999527931229750e+03 5.873578649505449420e-15
7.380842655420319716e+03 5.885730972076417700e-15
7.383685782909409681e+03 5.981300350049820827e-15
7.386528910398499647e+03 5.983956692633066356e-15
7.389372037887589613e+03 5.977328356922355361e-15
7.392215165376679579e+03 5.867332310703289422e-15
7.395058292865770454e+03 5.860721336154195862e-15
7.397901420354860420e+03 5.928321150400156646e-15
7.400744547843950386e+03 5.854396887302889694e-15
7.403587675333040352e+03 5.866271243803789013e-15
7.406430802822130318e+03 5.824757597247984626e-15
7.409273930311220283e+03 5.816844816503060850e-15
7.412117057800310249e+03 5.939617113954382809e-15
7.414960185289400215e+03 6.056442523204777206e-15
7.417803312778490181e+03 5.867656190724453047e-15
7.420646440267580147e+03 5.894458757464837082e-15
7.423489567756670112e+03 5.810972383148295162e-15
7.426332695245760078e+03 6.019492267323100610e-15
7.429175822734850044e+03 5.912676078083835149e-15
7.432018950223940010e+03 5.873038767305469565e-15
7.434862077713029976e+03 5.879870582961362268e-15
7.437705205202119942e+03 5.813008756560776677e-15
7.440548332691209907e+03 5.785049793895012985e-15
7.443391460180299873e+03 5.802282465774018129e-15
7.446234587669389839e+03 5.800286369531541352e-15
7.449077715158479805e+03 5.949282865694628104e-15
7.451920842647569771e+03 5.917707353059042604e-15
7.454763970136659736e+03 5.692617065648232576e-15
7.457607097625749702e+03 5.869410144924697733e-15
7.460450225114839668e+03 5.991114246976412571e-15
7.463293352603929634e+03 5.918710850439357000e-15
7.466136480093019600e+03 5.715374934457494360e-15
7.468979607582109566e+03 5.825245589656483171e-15
7.471822735071200441e+03 5.793484934675738252e-15
7.474665862560290407e+03 5.734914144829192663e-15
7.477508990049380373e+03 5.811895092955235190e-15
7.480352117538470338e+03 5.931943651761256651e-15
7.483195245027560304e+03 5.937994046218806801e-15
7.486038372516650270e+03 5.969354904447231519e-15
7.488881500005740236e+03 5.999891968204138622e-15
7.491724627494830202e+03 5.886650011960459287e-15
7.494567754983920167e+03 5.872631979017121688e-15
7.497410882473010133e+03 5.905743172009897499e-15
7.500254009962100099e+03 5.793407256150614475e-15
7.503097137451190065e+03 5.811175906182007724e-15
7.505940264940280031e+03 5.857641174827925818e-15
7.508783392429369997e+03 5.819129126170132087e-15
7.511626519918459962e+03 5.712220003743276300e-15
7.514469647407549928e+03 5.863398224463930465e-15
7.517312774896639894e+03 5.747978875672976624e-15
7.520155902385729860e+03 5.724395069843652296e-15
7.522999029874819826e+03 5.770229167823423150e-15
7.525842157363909791e+03 5.625270627903789776e-15
7.528685284852999757e+03 5.699731360975098914e-15
7.531528412342089723e+03 5.791996785491447754e-15
7.534371539831179689e+03 5.658742199643413299e-15
7.537214667320269655e+03 5.722559406354107111e-15
7.540057794809359621e+03 5.718050322289572377e-15
7.542900922298449586e+03 5.666452808794670130e-15
7.545744049787539552e+03 5.614706512368535063e-15
7.548587177276630428e+03 5.685327309548195813e-15
7.551430304765720393e+03 5.711821847892342983e-15
7.554273432254810359e+03 5.655854131788118742e-15
7.557116559743900325e+03 5.588127542112745417e-15
7.559959687232990291e+03 5.628838816511890963e-15
7.562802814722080257e+03 5.709835198707738339e-15
7.565645942211170222e+03 5.544172801994534424e-15
7.568489069700260188e+03 5.688934740458398260e-15
7.571332197189350154e+03 5.702848037595094741e-15
7.574175324678440120e+03 5.716951948731051347e-15
7.577018452167520081e+03 5.784285508866745285e-15
7.579861579656620052e+03 5.826952953861827553e-15
7.582704707145710017e+03 5.862450625261473787e-15
7.585547834634799983e+03 5.754030685392082819e-15
7.588390962123889949e+03 5.802394410858238064e-15
7.591234089612979915e+03 5.784289584499542737e-15
7.594077217102069881e+03 5.582409047256800986e-15
7.596920344591159846e+03 5.559700070733460766e-15
7.599763472080249812e+03 5.293484876826812621e-15
7.602606599569339778e+03 5.363591963334001196e-15
7.605449727058429744e+03 5.503674167504902959e-15
7.608292854547519710e+03 5.653984124407792326e-15
7.611135982036609676e+03 5.704857209296969412e-15
7.613979109525699641e+03 5.665412370493641012e-15
7.616822237014789607e+03 5.518327039184502830e-15
7.619665364503879573e+03 5.622529058740356813e-15
7.622508491992970448e+03 5.611318379523363271e-15
7.625351619482060414e+03 5.492495632619792874e-15
7.628194746971150380e+03 5.521485638385949281e-15
7.631037874460240346e+03 5.378418225849751365e-15
7.633881001949330312e+03 5.453577128995875800e-15
7.636724129438420277e+03 5.606069490974281174e-15
7.639567256927500239e+03 5.558667627891189902e-15
7.642410384416600209e+03 5.585941054992665184e-15
7.645253511905690175e+03 5.751487635334445011e-15
7.648096639394780141e+03 5.593961330510316923e-15
7.650939766883870107e+03 5.614561877111090314e-15
7.653782894372960072e+03 5.555984804262896190e-15
7.656626021862050038e+03 5.652198353341684335e-15
7.659469149351140004e+03 5.699820011929678012e-15
7.662312276840229970e+03 5.512544081752940726e-15
7.665155404329319936e+03 5.478047557963293264e-15
7.667998531818409901e+03 5.565808318972109427e-15
7.670841659307499867e+03 5.497360266201511486e-15
7.673684786796589833e+03 5.467653311678648483e-15
7.676527914285679799e+03 5.506323920095106638e-15
7.679371041774769765e+03 5.350281520201360257e-15
7.682214169263859731e+03 5.224536202090443715e-15
7.685057296752949696e+03 5.340799853131374249e-15
7.687900424242039662e+03 5.166927131558695522e-15
7.690743551731129628e+03 5.247114695217651578e-15
7.693586679220219594e+03 5.222470690248244777e-15
7.696429806709299555e+03 5.152799907626064754e-15
7.699272934198400435e+03 5.093862813894318938e-15
7.702116061687490401e+03 5.084849511568154379e-15
7.704959189176570362e+03 5.085952933043909738e-15
7.707802316665670332e+03 5.150066600905530579e-15
7.710645444154760298e+03 5.183884209938655186e-15
7.713488571643850264e+03 5.163430479962149942e-15
7.716331699132940230e+03 5.138230295967837490e-15
7.719174826622030196e+03 5.061227023287953467e-15
7.722017954111120162e+03 5.164701145584274049e-15
7.724861081600210127e+03 5.176693905422081012e-15
7.727704209089290089e+03 5.145669472877254928e-15
7.730547336578390059e+03 5.304982273714162302e-15
7.733390464067470020e+03 5.237543597552504262e-15
7.736233591556559986e+03 5.203680001634696680e-15
7.739076719045659956e+03 5.194510901816165973e-15
7.741919846534749922e+03 5.214551477547709154e-15
7.744762974023829884e+03 5.303692525633938428e-15
7.747606101512929854e+03 5.306378247485235654e-15
7.750449229002009815e+03 5.243457901101207810e-15
7.753292356491099781e+03 5.301678323099503230e-15
7.756135483980199751e+03 5.334496906007574929e-15
7.758978611469279713e+03 5.391593585871494734e-15
7.761821738958379683e+03 5.489813963066488546e-15
7.764664866447459644e+03 5.406057310317790861e-15
7.767507993936549610e+03 5.426349524776441944e-15
7.770351121425649580e+03 5.449640650235089051e-15
7.773194248914730451e+03 5.458948031072029278e-15
7.776037376403820417e+03 5.467244456818531912e-15
7.778880503892910383e+03 5.516802141844921265e-15
7.781723631382000349e+03 5.449946781266959451e-15
7.784566758871100319e+03 5.402920912437774726e-15
7.787409886360190285e+03 5.410063779911861661e-15
7.790253013849270246e+03 5.364038721606450273e-15
7.793096141338370217e+03 5.376960355021150589e-15
7.795939268827450178e+03 5.336260438611185506e-15
7.798782396316540144e+03 5.420663131487148192e-15
7.801625523805640114e+03 5.313302750649276775e-15
7.804468651294720075e+03 5.340637830691963088e-15
7.807311778783810041e+03 5.322551904487582907e-15
7.810154906272900007e+03 5.310155850046359232e-15
7.812998033761989973e+03 5.374867280050149669e-15
7.815841161251079939e+03 5.372650520669683103e-15
7.818684288740169904e+03 5.358469873922565593e-15
7.821527416229259870e+03 5.444642290671244544e-15
7.824370543718349836e+03 5.408027952956018020e-15
7.827213671207439802e+03 5.335135813760877127e-15
7.830056798696529768e+03 5.393334956751301495e-15
7.832899926185619734e+03 5.415792637754533377e-15
7.835743053674709699e+03 5.393238636968409413e-15
7.838586181163799665e+03 5.411768270078048610e-15
7.841429308652889631e+03 5.394205014420934931e-15
7.844272436141979597e+03 5.424389150085642614e-15
7.847115563631069563e+03 5.389916183995407453e-15
7.849958691120160438e+03 5.438204310218290344e-15
7.852801818609250404e+03 5.351398093606844517e-15
7.855644946098340370e+03 5.392330494933226583e-15
7.858488073587430335e+03 5.423457164515853672e-15
7.861331201076520301e+03 5.380171375066996148e-15
7.864174328565610267e+03 5.328444642929725484e-15
7.867017456054700233e+03 5.360833457277671141e-15
7.869860583543790199e+03 5.416236578545512121e-15
7.872703711032880165e+03 5.329961540108292512e-15
7.875546838521970130e+03 5.307995048004570397e-15
7.878389966011060096e+03 5.381316721630509468e-15
7.881233093500150062e+03 5.244698490793387076e-15
7.884076220989240028e+03 5.276225538004280677e-15
7.886919348478329994e+03 5.309777156887904078e-15
7.889762475967429964e+03 5.333683312524842137e-15
7.892605603456509925e+03 5.342548882401900229e-15
7.895448730945599891e+03 5.302324872509118497e-15
7.898291858434689857e+03 5.225294235778474939e-15
7.901134985923779823e+03 5.216395257963689074e-15
7.903978113412869789e+03 5.284730694574822176e-15
7.906821240901969759e+03 5.254891304578574177e-15
7.909664368391049720e+03 5.321539231000062861e-15
7.912507495880139686e+03 5.283021387093653559e-15
7.915350623369229652e+03 5.225784950079234158e-15
7.918193750858319618e+03 5.389807367238577799e-15
7.921036878347409584e+03 5.341606941564784685e-15
7.923880005836499549e+03 5.365180381795557145e-15
7.926723133325590425e+03 5.271745515952543766e-15
7.929566260814690395e+03 5.331255058756640709e-15
7.932409388303770356e+03 5.333983659298036937e-15
7.935252515792860322e+03 5.248313517453588195e-15
7.938095643281950288e+03 5.359717784002427655e-15
7.940938770771040254e+03 5.317785454646496447e-15
7.943781898260130220e+03 5.325078304935675150e-15
7.946625025749220185e+03 5.282564011220545770e-15
7.949468153238310151e+03 5.334804690261740671e-15
7.952311280727400117e+03 5.315274820154962266e-15
7.955154408216490083e+03 5.143264332309443832e-15
7.957997535705580049e+03 5.195173712837419564e-15
7.960840663194670014e+03 5.180465651048081723e-15
7.963683790683759980e+03 5.066724703628356626e-15
7.966526918172849946e+03 5.172050218392415129e-15
7.969370045661939912e+03 5.270942055652160816e-15
7.972213173151029878e+03 5.153335991204431419e-15
7.975056300640119844e+03 5.166807118570852018e-15
7.977899428129209809e+03 5.255743450715995258e-15
7.980742555618299775e+03 5.117920301525696523e-15
7.983585683107389741e+03 5.273975140307263540e-15
7.986428810596479707e+03 5.311245305247166422e-15
7.989271938085569673e+03 5.196426565676883421e-15
7.992115065574659639e+03 5.120199182445459344e-15
7.994958193063749604e+03 5.152952129710463451e-15
7.997801320552839570e+03 5.171340126658887029e-15
8.000644448041930445e+03 5.206946543882499410e-15
8.003487575531020411e+03 5.042242230914361634e-15
8.006330703020110377e+03 5.067020088214627152e-15
8.009173830509200343e+03 5.070190034598392146e-15
8.012016957998290309e+03 5.076095075144938881e-15
8.014860085487380275e+03 5.139119879178129798e-15
8.017703212976470240e+03 5.155145489401610531e-15
8.020546340465560206e+03 5.098097014874790711e-15
8.023389467954650172e+03 5.241882068823269119e-15
8.026232595443740138e+03 5.117518953589760232e-15
8.029075722932830104e+03 5.065800275796181089e-15
8.031918850421920069e+03 5.037304305644965618e-15
8.034761977911010035e+03 5.058212438095494297e-15
8.037605105400100001e+03 5.077809562537101756e-15
8.040448232889189967e+03 4.965995589562386354e-15
8.043291360378279933e+03 5.017119814955695006e-15
8.046134487867369899e+03 5.000125425282324141e-15
8.048977615356459864e+03 4.990522803189760623e-15
8.051820742845549830e+03 4.994284222746351006e-15
8.054663870334639796e+03 5.182747553587010196e-15
8.057506997823729762e+03 5.113106329491650777e-15
8.060350125312819728e+03 5.084519470588539274e-15
8.063193252801909694e+03 5.079260406507096228e-15
8.066036380290999659e+03 5.085700725522532445e-15
8.068879507780089625e+03 5.110535391948770873e-15
8.071722635269179591e+03 5.108291895156485232e-15
8.074565762758269557e+03 5.191359705323362827e-15
8.077408890247360432e+03 5.107923149517782547e-15
8.080252017736450398e+03 4.974594327812937030e-15
8.083095145225540364e+03 5.048954225970001670e-15
8.085938272714630330e+03 5.135225815741288243e-15
8.088781400203720295e+03 5.137264157686230161e-15
8.091624527692810261e+03 4.997578660031793156e-15
8.094467655181900227e+03 4.947754908505846058e-15
8.097310782670990193e+03 4.980672810133335657e-15
8.100153910160080159e+03 4.967834587225113202e-15
8.102997037649170124e+03 5.033344376340092314e-15
8.105840165138260090e+03 5.102909280965562647e-15
8.108683292627350056e+03 5.058490628062641797e-15
8.111526420116440022e+03 5.100108244826777464e-15
8.114369547605529988e+03 4.970417172637196451e-15
8.117212675094619954e+03 4.889278691830292078e-15
8.120055802583709919e+03 4.845597952254177200e-15
8.122898930072799885e+03 4.960259946572011910e-15
8.125742057561889851e+03 4.962029709652487783e-15
8.128585185050979817e+03 4.892901244027200458e-15
8.131428312540069783e+03 4.790492789104962123e-15
8.134271440029159749e+03 4.749749566942696591e-15
8.137114567518249714e+03 4.911974891669586170e-15
8.139957695007339680e+03 4.956761286535267950e-15
8.142800822496429646e+03 4.807317545229091355e-15
8.145643949985519612e+03 4.671865384304992211e-15
8.148487077474609578e+03 4.697004195439691776e-15
8.151330204963700453e+03 4.608604959843777811e-15
8.154173332452790419e+03 4.615451366791962467e-15
8.157016459941880385e+03 4.646097025745006594e-15
8.159859587430970350e+03 4.702034239722942221e-15
8.162702714920060316e+03 4.798530613210827361e-15
8.165545842409150282e+03 4.768756192899403533e-15
8.168388969898240248e+03 4.743641230134896478e-15
8.171232097387330214e+03 4.781674997381978265e-15
8.174075224876420179e+03 4.726485746049082442e-15
8.176918352365510145e+03 4.768313954417847126e-15
8.179761479854600111e+03 4.711040604725354149e-15
8.182604607343690077e+03 4.825913562297609165e-15
8.185447734832780043e+03 4.901286659599335400e-15
8.188290862321870009e+03 4.792345442093022216e-15
8.191133989810959974e+03 4.861087356203269215e-15
8.193977117300049940e+03 4.972304636905476074e-15
8.196820244789139906e+03 4.980382181470585314e-15
8.199663372278229872e+03 4.967874959891576489e-15
8.202506499767319838e+03 5.070346932273000742e-15
8.205349627256409804e+03 5.040768244237278380e-15
8.208192754745499769e+03 4.914147330718933984e-15
8.211035882234589735e+03 4.847911019322465646e-15
8.213879009723679701e+03 4.839373473903242493e-15
8.216722137212769667e+03 4.719251444074249693e-15
8.219565264701859633e+03 4.725473945443784675e-15
8.222408392190949598e+03 4.725689557488147523e-15
8.225251519680039564e+03 4.706578142578110630e-15
8.228094647169129530e+03 4.671330782704649823e-15
8.230937774658219496e+03 4.634449805373036777e-15
8.233780902147309462e+03 4.710176777903070588e-15
8.236624029636399428e+03 4.606943818234683887e-15
8.239467157125489393e+03 4.908922877414664948e-15
8.242310284614579359e+03 4.928566531844900488e-15
8.245153412103669325e+03 4.839972995761232519e-15
8.247996539592759291e+03 4.775624124898234706e-15
8.250839667081849257e+03 4.836247464709131314e-15
8.253682794570939222e+03 4.839448614464974449e-15
8.256525922060029188e+03 4.789231496589764216e-15
8.259369049549119154e+03 4.815524919608018668e-15
8.262212177038209120e+03 4.887612293366047530e-15
8.265055304527300905e+03 4.789696183907574774e-15
8.267898432016390871e+03 4.751894683733352014e-15
8.270741559505480836e+03 4.721470511005514935e-15
8.273584686994570802e+03 4.651023331472292703e-15
8.276427814483660768e+03 4.747859353365993675e-15
8.279270941972750734e+03 4.625977106197296017e-15
8.282114069461840700e+03 4.641716790117637112e-15
8.284957196950930665e+03 4.759515737491368341e-15
8.287800324440020631e+03 4.715650675159584880e-15
8.290643451929110597e+03 4.725847077262538865e-15
8.293486579418200563e+03 4.727065436760133024e-15
8.296329706907290529e+03 4.764280010569766799e-15
8.299172834396380495e+03 4.679027507228584400e-15
8.302015961885470460e+03 4.691498635391919567e-15
8.304859089374560426e+03 4.770071707603979668e-15
8.307702216863650392e+03 4.702736969629724591e-15
8.310545344352740358e+03 4.664077195273941773e-15
8.313388471841830324e+03 4.689724477646905219e-15
8.316231599330920290e+03 4.707395702804080948e-15
8.319074726820010255e+03 4.698277349476914201e-15
8.321917854309100221e+03 4.708504280898590579e-15
8.324760981798190187e+03 4.584547241943999811e-15
8.327604109287280153e+03 4.576567173764726505e-15
8.330447236776370119e+03 4.679567705651812150e-15
8.333290364265460084e+03 4.792586379961987853e-15
8.336133491754550050e+03 4.804285022490766702e-15
8.338976619243640016e+03 4.688417481520479132e-15
8.341819746732729982e+03 4.640526293726935057e-15
8.344662874221819948e+03 4.737148589892637934e-15
8.347506001710909914e+03 4.675359372865018585e-15
8.350349129199999879e+03 4.669191183405952942e-15
8.353192256689089845e+03 4.685042806130275554e-15
8.356035384178179811e+03 4.760729035575706477e-15
8.358878511667269777e+03 4.641203270415705996e-15
8.361721639156359743e+03 4.564261137817286098e-15
8.364564766645449708e+03 4.516023063651837312e-15
8.367407894134539674e+03 4.545563449865830359e-15
8.370251021623629640e+03 4.553059510299641678e-15
8.373094149112719606e+03 4.467723654145370266e-15
8.375937276601809572e+03 4.469839913283113747e-15
8.378780404090899538e+03 4.618034684530479225e-15
8.381623531579989503e+03 4.521034245581134155e-15
8.384466659069079469e+03 4.575485228508195196e-15
8.387309786558169435e+03 4.513210818252745351e-15
8.390152914047259401e+03 4.620397356114493597e-15
8.392996041536349367e+03 4.723730954774072376e-15
8.395839169025439332e+03 4.600996951791258742e-15
8.398682296514529298e+03 4.551418877389783426e-15
8.401525424003619264e+03 4.463897458283509947e-15
8.404368551492709230e+03 4.411488539738253278e-15
8.407211678981799196e+03 4.589958403944446948e-15
8.410054806470889162e+03 4.607241286944663678e-15
8.412897933959979127e+03 4.535429382669530284e-15
8.415741061449069093e+03 4.513907480204938646e-15
8.418584188938160878e+03 4.541493538720603807e-15
8.421427316427250844e+03 4.524898831325291881e-15
8.424270443916340810e+03 4.481521948840769631e-15
8.427113571405430775e+03 4.381481964507186754e-15
8.429956698894520741e+03 4.392906427202841694e-15
8.432799826383610707e+03 4.450815307880477543e-15
8.435642953872700673e+03 4.434109477152463658e-15
8.438486081361790639e+03 4.454120182723435635e-15
8.441329208850880605e+03 4.501558861952369143e-15
8.444172336339970570e+03 4.409309215896313224e-15
8.447015463829060536e+03 4.427740644473500350e-15
8.449858591318150502e+03 4.356519502065588232e-15
8.452701718807240468e+03 4.355746110620598193e-15
8.455544846296330434e+03 4.345314025469633810e-15
8.458387973785420400e+03 4.366287535697524072e-15
8.461231101274510365e+03 4.452712471136825161e-15
8.464074228763600331e+03 4.480335623700491825e-15
8.466917356252690297e+03 4.376391563195474978e-15
8.469760483741780263e+03 4.340683173217353802e-15
8.472603611230870229e+03 4.370288333009517535e-15
8.475446738719960194e+03 4.445124541476461169e-15
8.478289866209050160e+03 4.473729593843127099e-15
8.481132993698140126e+03 4.501594967689468750e-15
8.483976121187230092e+03 4.412628416017650650e-15
8.486819248676320058e+03 4.349567174535530443e-15
8.489662376165410024e+03 4.393279769648278782e-15
8.492505503654499989e+03 4.407216560740060078e-15
8.495348631143589955e+03 4.439247441785233418e-15
8.498191758632679921e+03 4.467540376913089406e-15
8.501034886121769887e+03 4.397784892914784394e-15
8.503878013610859853e+03 4.412729437725021707e-15
8.506721141099949818e+03 4.395137530750390046e-15
8.509564268589039784e+03 4.367737994116051988e-15
8.512407396078129750e+03 4.366060564024877684e-15
8.515250523567219716e+03 4.423307651791884248e-15
8.518093651056309682e+03 4.476493738148240149e-15
8.520936778545399648e+03 4.434167365141330455e-15
8.523779906034489613e+03 4.385485819013127274e-15
8.526623033523579579e+03 4.378542684478246469e-15
8.529466161012669545e+03 4.368464702354980872e-15
8.532309288501759511e+03 4.347008075949044594e-15
8.535152415990849477e+03 4.285562822059320259e-15
8.537995543479939442e+03 4.327922869127834400e-15
8.540838670969029408e+03 4.458865836220212982e-15
8.543681798458119374e+03 4.400387462504555437e-15
8.546524925947209340e+03 4.320275136294989480e-15
8.549368053436299306e+03 4.328233975084394509e-15
8.552211180925389272e+03 4.290978360900433903e-15
8.555054308414479237e+03 4.331557780187480020e-15
8.557897435903569203e+03 4.404701866739063216e-15
8.560740563392659169e+03 4.387356044073703240e-15
8.563583690881749135e+03 4.267496840080939298e-15
8.566426818370839101e+03 4.255197819576439082e-15
8.569269945859930885e+03 4.296264953072112316e-15
8.572113073349020851e+03 4.147265610677500608e-15
8.574956200838110817e+03 4.135513117112663629e-15
8.577799328327200783e+03 4.236366583806192803e-15
8.580642455816290749e+03 4.218234573484848150e-15
8.583485583305380715e+03 4.130180852986119595e-15
8.586328710794470680e+03 4.124567139015901945e-15
8.589171838283560646e+03 4.165851505900818573e-15
8.592014965772650612e+03 4.088227133617199698e-15
8.594858093261740578e+03 4.021485296081386951e-15
8.597701220750830544e+03 4.149439436751238015e-15
8.600544348239920510e+03 4.121497692978028842e-15
8.603387475729010475e+03 4.182221572479448259e-15
8.606230603218100441e+03 4.179834042425406479e-15
8.609073730707190407e+03 4.227665511854467178e-15
8.611916858196280373e+03 4.162846196142617772e-15
8.614759985685370339e+03 4.082603292722406232e-15
8.617603113174460304e+03 4.112903002041518861e-15
8.620446240663550270e+03 4.084656595428039296e-15
8.623289368152640236e+03 4.149538604947418703e-15
8.626132495641730202e+03 4.171828843430229907e-15
8.628975623130820168e+03 4.236671027621156892e-15
8.631818750619910134e+03 4.166587076525501842e-15
8.634661878109000099e+03 4.165074007324484091e-15
8.637505005598090065e+03 4.156733655732602632e-15
8.640348133087180031e+03 4.074139018610870922e-15
8.643191260576269997e+03 4.095485811014161729e-15
8.646034388065359963e+03 4.197426239546549279e-15
8.648877515554449928e+03 4.066679227791185705e-15
8.651720643043539894e+03 4.178918884400699881e-15
8.654563770532629860e+03 4.110531437702113556e-15
8.657406898021719826e+03 4.161346609153309559e-15
8.660250025510809792e+03 4.195911262203633780e-15
8.663093152999899758e+03 4.000318555840921536e-15
8.665936280488989723e+03 4.023773280375719960e-15
8.668779407978079689e+03 4.086536058362855917e-15
8.671622535467169655e+03 3.948292209690150923e-15
8.674465662956259621e+03 4.100996348401604557e-15
8.677308790445349587e+03 3.981531672938597914e-15
8.680151917934430458e+03 4.087535662161501113e-15
8.682995045423529518e+03 4.108085196170389675e-15
8.685838172912610389e+03 4.045427288130772431e-15
8.688681300401709450e+03 4.044279354084077697e-15
8.691524427890799416e+03 4.092963160040780533e-15
8.694367555379889382e+03 4.169591386111595461e-15
8.697210682868979347e+03 4.150988688859141735e-15
8.700053810358069313e+03 4.236065274401028452e-15
8.702896937847159279e+03 4.194733267267906107e-15
8.705740065336249245e+03 4.123521016365413519e-15
8.708583192825339211e+03 4.105588328804044295e-15
8.711426320314429177e+03 4.143146111910682835e-15
8.714269447803519142e+03 4.114570264405865537e-15
8.717112575292609108e+03 4.006188254474289723e-15
8.719955702781700893e+03 4.100615006225571219e-15
8.722798830270790859e+03 4.189561004236370021e-15
8.725641957759869911e+03 4.176940585738410371e-15
8.728485085248970790e+03 4.118502387610951050e-15
8.731328212738060756e+03 4.096934399080718389e-15
8.734171340227150722e+03 4.107493075681007301e-15
8.737014467716240688e+03 4.072132003525004248e-15
8.739857595205330654e+03 4.129857829549831018e-15
8.742700722694409706e+03 4.074401492656552039e-15
8.745543850183510585e+03 4.008174734473504512e-15
8.748386977672600551e+03 4.161424125117922606e-15
8.751230105161690517e+03 4.175071037155134890e-15
8.754073232650780483e+03 4.060529170923936657e-15
8.756916360139870449e+03 4.056718116409341543e-15
8.759759487628960414e+03 4.054544269715972041e-15
8.762602615118050380e+03 3.988746382081114307e-15
8.765445742607129432e+03 3.988498095725652216e-15
8.768288870096219398e+03 4.008534418839615260e-15
8.771131997585309364e+03 4.102948256929409867e-15
8.773975125074399330e+03 4.048802888487242573e-15
8.776818252563500209e+03 4.023790627250346959e-15
8.779661380052579261e+03 4.023592608597521168e-15
8.782504507541669227e+03 3.840226204681228780e-15
8.785347635030759193e+03 3.811728840676749893e-15
8.788190762519860073e+03 3.890048856965134934e-15
8.791033890008939125e+03 3.899767678534122381e-15
8.793877017498040004e+03 3.876937328356744291e-15
8.796720144987120875e+03 3.976020425635708481e-15
8.799563272476219936e+03 4.013980166699936646e-15
8.802406399965309902e+03 3.945273727380242267e-15
8.805249527454399868e+03 3.816645321402793737e-15
8.808092654943480738e+03 3.786544862079461117e-15
8.810935782432570704e+03 3.795308209630805270e-15
8.813778909921660670e+03 3.805102950214998227e-15
8.816622037410759731e+03 3.864998063227658951e-15
8.819465164899840602e+03 3.979762924765499334e-15
8.822308292388930568e+03 4.021120585569821886e-15
8.825151419878020533e+03 3.998982556370279480e-15
8.827994547367110499e+03 3.973078387806263569e-15
8.830837674856200465e+03 3.832290958857448991e-15
8.833680802345299526e+03 3.747037069286038260e-15
8.836523929834380397e+03 3.787719600225480919e-15
8.839367057323479457e+03 3.812157915061991436e-15
8.842210184812560328e+03 3.849756419501794419e-15
8.845053312301659389e+03 3.947509410699784538e-15
8.847896439790749355e+03 3.892722748695910543e-15
8.850739567279830226e+03 3.870000888648040725e-15
8.853582694768920192e+03 3.816118574807143657e-15
8.856425822258010157e+03 3.876989399600626568e-15
8.859268949747100123e+03 3.957388345620380432e-15
8.862112077236190089e+03 3.779963094837412048e-15
8.864955204725280055e+03 3.856728562679563397e-15
8.867798332214370021e+03 3.911947474681845746e-15
8.870641459703459986e+03 3.790886874313386636e-15
8.873484587192549952e+03 3.772674190378888968e-15
8.876327714681639918e+03 3.884994449773647440e-15
8.879170842170729884e+03 3.910099821438778365e-15
8.882013969659819850e+03 3.798184341287544581e-15
8.884857097148909816e+03 3.803779000769881539e-15
8.887700224638010695e+03 3.882205582267446995e-15
8.890543352127089747e+03 3.939915456608059392e-15
8.893386479616179713e+03 3.815736343500095987e-15
8.896229607105269679e+03 3.867905839203956646e-15
8.899072734594359645e+03 3.867453603620177657e-15
8.901915862083449611e+03 3.795219159898709788e-15
8.904758989572539576e+03 3.850771795596859780e-15
8.907602117061629542e+03 3.779921198717207918e-15
8.910445244550719508e+03 3.920406683928801776e-15
8.913288372039809474e+03 3.905055292362441644e-15
8.916131499528899440e+03 3.856138226027006874e-15
8.918974627017989405e+03 3.766201334992523274e-15
8.921817754507079371e+03 3.704191197163845195e-15
8.924660881996169337e+03 3.719748221419534760e-15
8.927504009485259303e+03 3.665042140192663204e-15
8.930347136974349269e+03 3.703057106095805495e-15
8.933190264463439235e+03 3.764410320055192563e-15
8.936033391952529200e+03 3.813305023557871291e-15
8.938876519441619166e+03 3.863542809932490812e-15
8.941719646930709132e+03 3.915056819426830173e-15
8.944562774419799098e+03 3.967938650477724490e-15
8.947405901908890883e+03 4.022249768877844844e-15
8.950249029397980848e+03 4.077971957174984101e-15
8.953092156887070814e+03 4.135174663506240254e-15
8.955935284376160780e+03 4.193970047734818037e-15
8.958778411865250746e+03 4.254264264308437051e-15
