4256.96778964997	1.58808226662216E-15
4259.81326246263	1.97063928122997E-15
4262.65873527528	1.74277270654509E-15
4265.50420808793	1.55924350282275E-15
4268.34968090058	1.23192228828465E-15
4271.19515371324	1.31969506789702E-15
4274.04062652589	1.5864713115527E-15
4276.88609933854	1.01793081249923E-15
4279.73157215119	9.22355106322598E-16
4282.57704496385	1.94298799760397E-15
4285.4225177765	1.50411741684787E-15
4288.26799058915	2.12685906955747E-15
4291.1134634018	1.78612344337226E-15
4293.95893621446	1.6601934416923E-15
4296.80440902711	1.24095844905865E-15
4299.64988183976	1.96875243345904E-15
4302.49535465241	1.13503672571637E-15
4305.34082746507	1.37123582991779E-15
4308.18630027772	1.25461511531598E-15
4311.03177309037	1.091653400244E-15
4313.87724590303	1.88689729219222E-15
4316.72271871568	1.01632220550452E-15
4319.56819152833	1.46355093784345E-15
4322.41366434098	9.78803653292642E-16
4325.25913715364	6.899859941125E-16
4328.10460996629	1.30273216075194E-15
4330.95008277894	1.42831605579191E-15
4333.79555559159	1.84214777313613E-15
4336.64102840425	1.53540387785183E-15
4339.4865012169	1.46326671403989E-15
4342.33197402955	1.4069251783873E-15
4345.1774468422	1.4323962902922E-15
4348.02291965486	1.44110721342383E-15
4350.86839246751	1.3866583443947E-15
4353.71386528016	9.83704300965286E-16
4356.55933809281	1.09149494808879E-15
4359.40481090547	1.26232804436837E-15
4362.25028371812	2.01205654410557E-15
4365.09575653077	7.84193954595665E-16
4367.94122934342	1.48933825930642E-15
4370.78670215608	1.54544485070786E-15
4373.63217496873	1.69356716633508E-15
4376.47764778138	1.49966697059558E-15
4379.32312059403	1.44457696285329E-15
4382.16859340669	1.62753035403897E-15
4385.01406621934	1.18767413458802E-15
4387.85953903199	1.05220578147987E-15
4390.70501184465	1.51794991340487E-15
4393.5504846573	1.51683177049548E-15
4396.39595746995	9.33535380662617E-16
4399.2414302826	1.31426379536195E-15
4402.08690309526	1.00994706354245E-15
4404.93237590791	1.50816355069268E-15
4407.77784872056	7.16900079025565E-16
4410.62332153321	9.15468568578064E-16
4413.46879434587	7.99194465906536E-16
4416.31426715852	1.31311721872508E-15
4419.15973997117	8.73764251036274E-16
4422.00521278383	1.01216455643943E-15
4424.85068559648	1.32083276337282E-15
4427.69615840913	1.06168805499985E-15
4430.54163122178	6.09969073063794E-16
4433.38710403444	7.06670703598876E-16
4436.23257684709	1.22632029848855E-15
4439.07804965974	1.22547461012704E-15
4441.92352247239	1.14627782659098E-15
4444.76899528505	1.35485543631692E-15
4447.6144680977	1.00794788349661E-15
4450.45994091035	1.23641533138317E-15
4453.305413723	7.59108444830851E-16
4456.15088653566	1.27863223713852E-15
4458.99635934831	1.09287433542146E-15
4461.84183216096	7.73396833295028E-16
4464.68730497361	1.52384219112354E-15
4467.53277778627	1.46933595969023E-15
4470.37825059892	1.17969498201679E-15
4473.22372341157	1.62013250541701E-15
4476.06919622422	8.49966525935387E-16
4478.91466903688	6.89977953927238E-16
4481.76014184953	1.57358007781558E-15
4484.60561466218	1.07452141613113E-15
4487.45108747483	1.69205738836612E-15
4490.29656028749	9.37613227473453E-16
4493.14203310014	1.08677674667539E-15
4495.98750591279	1.99545703042531E-15
4498.83297872544	1.91110171587174E-15
4501.6784515381	1.16212758086623E-15
4504.52392435075	2.12946463818756E-15
4507.3693971634	1.78850216435436E-15
4510.21486997606	1.12948587171598E-15
4513.06034278871	9.32115616820686E-16
4515.90581560136	1.13473274453089E-15
4518.75128841401	1.35048556698906E-15
4521.59676122667	1.4592372481048E-15
4524.44223403932	1.77208222283221E-15
4527.28770685197	7.75984590772844E-16
4530.13317966462	1.53072506885926E-15
4532.97865247728	1.66584906047651E-15
4535.82412528993	1.05848593624661E-15
4538.66959810258	1.52026008189779E-15
4541.51507091523	1.0420502995135E-15
4544.36054372789	1.37308821727277E-15
4547.20601654054	1.30715845734553E-15
4550.05148935319	1.73261472861148E-15
4552.89696216584	1.23358083681599E-15
4555.7424349785	1.26146284454941E-15
4558.58790779115	1.12684683545724E-15
4561.4333806038	1.22532483604559E-15
4564.27885341645	1.39449921811642E-15
4567.12432622911	1.4749060919671E-15
4569.96979904176	6.2685234840804E-16
4572.81527185441	1.47437129719578E-15
4575.66074466706	9.34687281049675E-16
4578.50621747972	6.53734242519487E-16
4581.35169029237	1.39172043861098E-15
4584.19716310502	1.81716561110725E-15
4587.04263591767	1.6823856669579E-15
4589.88810873033	1.16245251812339E-15
4592.73358154298	9.23673322682898E-16
4595.57905435563	1.13114093511108E-15
4598.42452716828	1.82075093561708E-15
4601.26999998094	1.05049737136001E-15
4604.11547279359	1.14062926779467E-15
4606.96094560624	1.01190079799746E-15
4609.80641841889	1.18371225710513E-15
4612.65189123155	1.38607662005344E-15
4615.4973640442	1.64719293396851E-15
4618.34283685685	1.4869768044376E-15
4621.1883096695	1.16182850264512E-15
4624.03378248216	1.54444649055346E-15
4626.87925529481	1.20846720670599E-15
4629.72472810746	1.519353534344E-15
4632.57020092011	2.06743766482665E-15
4635.41567373277	1.34153312222834E-15
4638.26114654542	1.63488393574906E-15
4641.10661935807	1.3337268149594E-15
4643.95209217073	8.87840655941308E-16
4646.79756498338	9.5925076836125E-16
4649.64303779603	1.10728522675531E-15
4652.48851060868	1.66854573353918E-15
4655.33398342134	1.52612687268088E-15
4658.17945623399	1.09997809849134E-15
4661.02492904664	1.4570337813666E-15
4663.87040185929	1.63031807541801E-15
4666.71587467195	1.37176612478138E-15
4669.5613474846	1.3527886456895E-15
4672.40682029725	1.75675958295895E-15
4675.25229310991	1.31693899015436E-15
4678.09776592256	1.41959993633286E-15
4680.94323873521	1.45668866388852E-15
4683.78871154786	1.50474791888324E-15
4686.63418436052	1.53699848645035E-15
4689.47965717317	1.09670197873612E-15
4692.32512998582	1.34216480974959E-15
4695.17060279847	1.24694247184753E-15
4698.01607561113	9.28306845129753E-16
4700.86154842378	9.67752979024919E-16
4703.70702123643	1.08478735818242E-15
4706.55249404908	1.6432467238839E-15
4709.39796686174	1.14010797278715E-15
4712.24343967439	1.15342949195955E-15
4715.08891248704	1.35860239794382E-15
4717.93438529969	1.42706180227499E-15
4720.77985811235	1.19096137923458E-15
4723.625330925	8.13322554871753E-16
4726.47080373765	1.21586445526516E-15
4729.3162765503	1.57314180535387E-15
4732.16174936296	1.18817834629741E-15
4735.00722217561	1.06310416950741E-15
4737.85269498826	8.85877646456955E-16
4740.69816780091	1.56801618875766E-15
4743.54364061357	1.45081374079877E-15
4746.38911342622	1.18924043716849E-15
4749.23458623887	1.48497833941666E-15
4752.08005905152	1.20553038526755E-15
4754.92553186418	9.53952141199353E-16
4757.77100467683	1.54360302043582E-15
4760.61647748948	1.0491544623296E-15
4763.46195030214	1.22964565097092E-15
4766.30742311479	1.56661656651226E-15
4769.15289592744	1.27797279647745E-15
4771.99836874009	1.51549361066608E-15
4774.84384155275	9.808844340157E-16
4777.6893143654	1.21123593473561E-15
4780.53478717805	1.42806911375415E-15
4783.3802599907	1.31727155431046E-15
4786.22573280336	1.4512425703109E-15
4789.07120561601	1.17528618570207E-15
4791.91667842866	1.66104793929E-15
4794.76215124131	1.29204687961781E-15
4797.60762405397	1.66096953498486E-15
4800.45309686662	9.74618974525088E-16
4803.29856967927	1.15253571291127E-15
4806.14404249192	1.20492573651039E-15
4808.98951530458	1.64779380384982E-15
4811.83498811723	1.34039461790127E-15
4814.68046092988	1.37379419306348E-15
4817.52593374254	1.37587537684044E-15
4820.37140655519	9.07310456210709E-16
4823.21687936784	1.32310241710523E-15
4826.06235218049	1.39992902917851E-15
4828.90782499315	1.16151368065771E-15
4831.7532978058	1.03713885617899E-15
4834.59877061845	1.31511844872418E-15
4837.4442434311	1.21549848778418E-15
4840.28971624376	1.37220900328783E-15
4843.13518905641	1.4003491284205E-15
4845.98066186906	9.44681408172635E-16
4848.82613468171	1.49382953318681E-15
4851.67160749437	1.33906293511924E-15
4854.51708030702	1.11588415473289E-15
4857.36255311967	1.14587982727409E-15
4860.20802593232	1.31385977245263E-15
4863.05349874498	1.49364967094915E-15
4865.89897155763	1.27028511115141E-15
4868.74444437028	1.35337866884218E-15
4871.58991718293	1.30620179420575E-15
4874.43538999559	1.33288245237471E-15
4877.28086280824	1.17047714818344E-15
4880.12633562089	1.40290777547245E-15
4882.97180843354	1.53920854495366E-15
4885.8172812462	1.37905601933259E-15
4888.66275405885	1.39182818296755E-15
4891.5082268715	9.76754246037172E-16
4894.35369968416	7.74723393671845E-16
4897.19917249681	7.21716087561083E-16
4900.04464530946	1.51498268349584E-15
4902.89011812211	1.0907665199403E-15
4905.73559093477	1.23867799044921E-15
4908.58106374742	1.39263271974221E-15
4911.42653656007	1.32418859531279E-15
4914.27200937272	1.06032009632802E-15
4917.11748218538	1.156550252728E-15
4919.96295499803	1.40062250585978E-15
4922.80842781068	1.36447791840003E-15
4925.65390062333	1.21221798914501E-15
4928.49937343599	9.62369668721753E-16
4931.34484624864	1.07506233208531E-15
4934.19031906129	1.00772894367467E-15
4937.03579187394	7.94143548256129E-16
4939.8812646866	1.24914403910047E-15
4942.72673749925	1.19207936809506E-15
4945.5722103119	8.55852396689756E-16
4948.41768312455	1.36722567374314E-15
4951.26315593721	1.0853498555356E-15
4954.10862874986	1.29404737480727E-15
4956.95410156251	1.21912259651607E-15
4959.79957437516	1.17837469230251E-15
4962.64504718782	1.39940074313309E-15
4965.49052000047	1.11789162176241E-15
4968.33599281312	1.20957062543748E-15
4971.18146562577	1.07134461454652E-15
4974.02693843843	1.12988224624224E-15
4976.87241125108	1.27879440303904E-15
4979.71788406373	1.02737865210281E-15
4982.56335687638	1.10546868331539E-15
4985.40882968904	1.18828732567584E-15
4988.25430250169	1.38764297123099E-15
4991.09977531434	1.22203150361596E-15
4993.94524812699	1.30602786937586E-15
4996.79072093965	1.40902210431749E-15
4999.6361937523	1.55892805994237E-15
5002.48166656495	1.14533454771938E-15
5005.32713937761	1.19764138795148E-15
5008.17261219026	1.44093028970387E-15
5011.01808500291	1.15788315071547E-15
5013.86355781556	1.15099247919569E-15
5016.70903062822	1.19708338193246E-15
5019.55450344087	1.26547222833878E-15
5022.39997625352	1.07638011717144E-15
5025.24544906617	1.03476025384371E-15
5028.09092187883	1.03123834817774E-15
5030.93639469148	1.0849689558527E-15
5033.78186750413	1.06944943852849E-15
5036.62734031679	1.15103471031194E-15
5039.47281312944	1.21889106901809E-15
5042.31828594209	1.03725477669312E-15
5045.16375875474	1.24837022137187E-15
5048.0092315674	1.3313114913735E-15
5050.85470438005	1.08991490389425E-15
5053.7001771927	1.1458025318962E-15
5056.54565000535	1.07050659398397E-15
5059.391122818	1.16660251651952E-15
5062.23659563066	1.24307989370056E-15
5065.08206844331	1.13661242205296E-15
5067.92754125596	1.25401309311492E-15
5070.77301406862	1.19248297304828E-15
5073.61848688127	1.04512686160155E-15
5076.46395969392	1.07689026772113E-15
5079.30943250657	1.02079185632169E-15
5082.15490531923	1.1125766340141E-15
5085.00037813188	1.15858206516792E-15
5087.84585094453	1.17690613368907E-15
5090.69132375718	8.87931159844425E-16
5093.53679656984	8.79979827308979E-16
5096.38226938249	1.09028619434968E-15
5099.22774219514	1.03808003681858E-15
5102.07321500779	1.07283326463469E-15
5104.91868782045	1.14404866599179E-15
5107.7641606331	1.0301770851051E-15
5110.60963344575	1.08718835580731E-15
5113.45510625841	1.095763380691E-15
5116.30057907106	1.21105251855195E-15
5119.14605188371	1.35857361130889E-15
5121.99152469636	1.24075221606802E-15
5124.83699750902	1.10875778625E-15
5127.68247032167	1.20365868770024E-15
5130.52794313432	9.6346434526252E-16
5133.37341594697	9.50941962359101E-16
5136.21888875963	9.48474851994122E-16
5139.06436157228	9.10453325372636E-16
5141.90983438493	1.23795582454903E-15
5144.75530719758	1.06697972991837E-15
5147.60078001024	1.21211128337506E-15
5150.44625282289	9.83165812458342E-16
5153.29172563554	9.50781715138642E-16
5156.13719844819	1.07746035476684E-15
5158.98267126085	1.17933347490433E-15
5161.8281440735	1.17527550817337E-15
5164.67361688615	1.23272670696094E-15
5167.5190896988	1.29865261950221E-15
5170.36456251146	1.16828528482503E-15
5173.21003532411	1.00430929446949E-15
5176.05550813676	1.29594904957158E-15
5178.90098094941	6.50920008425527E-16
5181.74645376207	9.05196799884586E-16
5184.59192657472	1.13154460195976E-15
5187.43739938737	7.12473814292828E-16
5190.28287220003	8.78836409789575E-16
5193.12834501268	1.13624706513354E-15
5195.97381782533	1.25993790540235E-15
5198.81929063798	1.07812058735023E-15
5201.66476345064	1.09758317161971E-15
5204.51023626329	8.25992077818201E-16
5207.35570907594	7.65372718239363E-16
5210.20118188859	9.31440737219954E-16
5213.04665470125	1.14749628234389E-15
5215.8921275139	1.00569010179913E-15
5218.73760032655	9.74088809517005E-16
5221.5830731392	9.19754360284819E-16
5224.42854595186	1.09423472324801E-15
5227.27401876451	1.05387804661644E-15
5230.11949157716	1.09221655971773E-15
5232.96496438982	1.04779445473172E-15
5235.81043720247	8.5889108583584E-16
5238.65591001512	9.72977106035116E-16
5241.50138282777	9.16873041021453E-16
5244.34685564043	9.01168777823115E-16
5247.19232845308	8.77216665539822E-16
5250.03780126573	8.95168476092624E-16
5252.88327407838	1.01010648310098E-15
5255.72874689103	1.14252782802666E-15
5258.57421970369	9.69122250286998E-16
5261.41969251634	1.2156550075679E-15
5264.26516532899	1.03279039586948E-15
5267.11063814165	1.00555280205661E-15
5269.9561109543	1.30152047754917E-15
5272.80158376695	1.27589112528851E-15
5275.6470565796	1.15005481196919E-15
5278.49252939225	1.18311895366997E-15
5281.33800220491	9.22289369066933E-16
5284.18347501756	8.68880908289564E-16
5287.02894783021	1.08140668643991E-15
5289.87442064287	8.77364251887771E-16
5292.71989345552	1.01369375945624E-15
5295.56536626817	1.11570288540565E-15
5298.41083908082	1.0822739328868E-15
5301.25631189348	8.6992655988429E-16
5304.10178470613	9.22132727422087E-16
5306.94725751878	1.21257167381511E-15
5309.79273033143	1.16647556109271E-15
5312.63820314409	1.337286576109E-15
5315.48367595674	1.189327577826E-15
5318.32914876939	9.67145669683293E-16
5321.17462158204	1.15988577510844E-15
5324.0200943947	7.70576494492129E-16
5326.86556720735	9.67274054940698E-16
5329.71104002	1.15448842589155E-15
5332.55651283266	1.02442849749431E-15
5335.40198564531	9.53148297332996E-16
5338.24745845796	9.2270669086798E-16
5341.09293127061	9.17113816433757E-16
5343.93840408327	1.10709957642189E-15
5346.78387689592	1.06240218855936E-15
5349.62934970857	9.48179174294477E-16
5352.47482252122	9.43398938633102E-16
5355.32029533387	7.71605728490908E-16
5358.16576814653	1.05823340790186E-15
5361.01124095918	1.1633130920873E-15
5363.85671377183	8.59987384411493E-16
5366.70218658449	1.24780756449239E-15
5369.54765939714	9.4293098806011E-16
5372.39313220979	8.67896973582183E-16
5375.23860502244	9.55384219553688E-16
5378.0840778351	8.50723879669372E-16
5380.92955064775	1.17747951276567E-15
5383.7750234604	9.89184666886423E-16
5386.62049627305	9.69477130349304E-16
5389.46596908571	1.05112265317714E-15
5392.31144189836	1.16501986175672E-15
5395.15691471101	1.02141663050683E-15
5398.00238752366	8.92610033984042E-16
5400.84786033632	9.0637614625821E-16
5403.69333314897	9.09621926135161E-16
5406.53880596162	9.26223626744078E-16
5409.38427877427	9.10715711510769E-16
5412.22975158693	8.3736758148272E-16
5415.07522439958	9.78277195661333E-16
5417.92069721223	7.94641967947985E-16
5420.76617002488	1.04585523197759E-15
5423.61164283754	1.05338062905528E-15
5426.45711565019	1.05277955286822E-15
5429.30258846284	1.06745565863942E-15
5432.1480612755	9.68066472183137E-16
5434.99353408815	9.86446778444169E-16
5437.8390069008	1.13058004930256E-15
5440.68447971345	1.00016553870337E-15
5443.52995252611	9.31166138039429E-16
5446.37542533876	9.88978355438827E-16
5449.22089815141	9.79066902435074E-16
5452.06637096406	1.17591691960866E-15
5454.91184377672	9.3365297332088E-16
5457.75731658937	8.87483097879384E-16
5460.60278940202	1.13267236144622E-15
5463.44826221467	9.60951104978198E-16
5466.29373502733	1.04570818556752E-15
5469.13920783998	1.02093198442165E-15
5471.98468065263	9.14993756758208E-16
5474.83015346529	1.05139072020195E-15
5477.67562627794	1.07972153485078E-15
5480.52109909059	8.32733753626907E-16
5483.36657190324	1.08709151554155E-15
5486.2120447159	9.55903371384021E-16
5489.05751752855	1.02076153098458E-15
5491.9029903412	1.09651410253294E-15
5494.74846315385	1.03706162839754E-15
5497.59393596651	7.3964948046727E-16
5500.43940877916	9.94096776049069E-16
5503.28488159181	1.12881362425937E-15
5506.13035440446	8.71023796224922E-16
5508.97582721712	9.97349264640114E-16
5511.82130002977	6.93770885026162E-16
5514.66677284242	9.36293978435283E-16
5517.51224565507	7.4889342765719E-16
5520.35771846773	1.02995880952087E-15
5523.20319128038	9.86454778716445E-16
5526.04866409303	8.9298813738532E-16
5528.89413690568	8.96399113958948E-16
5531.73960971834	7.76424800151378E-16
5534.58508253099	9.4291508846629E-16
5537.43055534364	8.48672910108977E-16
5540.27602815629	8.65806985710693E-16
5543.12150096895	8.9709713636868E-16
5545.9669737816	8.88614841161661E-16
5548.81244659425	8.53876994972832E-16
5551.6579194069	9.00799736340534E-16
5554.50339221956	9.97146387685474E-16
5557.34886503221	1.00999246046186E-15
5560.19433784486	1.11478349158906E-15
5563.03981065751	8.22631806688616E-16
5565.88528347017	8.44368313912399E-16
5568.73075628282	7.94513479244375E-16
5571.57622909547	9.97061029780869E-16
5574.42170190812	8.64304806586209E-16
5577.26717472078	7.13039241765588E-16
5580.11264753343	1.01954040954668E-15
5582.95812034608	9.86510835643715E-16
5585.80359315874	8.89343917850177E-16
5588.64906597139	8.88683340454426E-16
5591.49453878404	8.91563801176678E-16
5594.34001159669	7.46905030091485E-16
5597.18548440934	6.62091571518414E-16
5600.030957222	9.89385853731103E-16
5602.87643003465	9.82654226142646E-16
5605.7219028473	7.21051288817419E-16
5608.56737565996	1.07900419822919E-15
5611.41284847261	1.0225711262583E-15
5614.25832128526	6.96328496144303E-16
5617.10379409791	8.6666110567901E-16
5619.94926691057	8.90185525413707E-16
5622.79473972322	1.06171224102373E-15
5625.64021253587	1.09213268614505E-15
5628.48568534852	8.76946907756765E-16
5631.33115816118	8.78838062461362E-16
5634.17663097383	8.90133883494841E-16
5637.02210378648	7.2490428959877E-16
5639.86757659913	9.64735855132823E-16
5642.71304941179	9.22022629190829E-16
5645.55852222444	9.25932836114931E-16
5648.40399503709	8.30913116893267E-16
5651.24946784975	5.85033559591282E-16
5654.0949406624	7.56044476393255E-16
5656.94041347505	7.84940747714064E-16
5659.7858862877	8.13962638209317E-16
5662.63135910035	8.04264445219545E-16
5665.47683191301	8.3033270627602E-16
5668.32230472566	7.99147725434063E-16
5671.16777753831	8.00185704895704E-16
5674.01325035097	8.24802311320718E-16
5676.85872316362	8.02771639798716E-16
5679.70419597627	7.96117688871532E-16
5682.54966878892	7.74369701154689E-16
5685.39514160158	8.4787307455603E-16
5688.24061441423	7.76012444392932E-16
5691.08608722688	7.52630148880534E-16
5693.93156003954	9.00922730745381E-16
5696.77703285219	8.64072584857719E-16
5699.62250566484	7.90069440067522E-16
5702.46797847749	1.01950363451686E-15
5705.31345129014	8.19256042833852E-16
5708.1589241028	8.00197632797789E-16
5711.00439691545	7.51589162189257E-16
5713.8498697281	6.54119452689616E-16
5716.69534254075	7.31468804290919E-16
5719.54081535341	8.82643917755641E-16
5722.38628816606	8.1859724348054E-16
5725.23176097871	7.50515303204088E-16
5728.07723379137	8.51590465130115E-16
5730.92270660402	8.66244739742044E-16
5733.76817941667	8.69425498394637E-16
5736.61365222932	7.16823781731736E-16
5739.45912504198	8.02066753364605E-16
5742.30459785463	7.48171796057913E-16
5745.15007066728	8.18630376943114E-16
5747.99554347993	6.87677539181539E-16
5750.84101629259	7.85676873220167E-16
5753.68648910524	8.80802282351302E-16
5756.53196191789	9.33254978649823E-16
5759.37743473054	8.7476578916993E-16
5762.2229075432	7.37170574501057E-16
5765.06838035585	7.12204482011093E-16
5767.9138531685	8.77066259012954E-16
5770.75932598115	7.74995187934102E-16
5773.60479879381	9.30606386203098E-16
5776.45027160646	7.73050263882031E-16
5779.29574441911	9.50108273046292E-16
5782.14121723176	7.78556938648861E-16
5784.98669004442	7.9435964587945E-16
5787.83216285707	8.98278935210757E-16
5790.67763566972	8.41877980545397E-16
5793.52310848237	7.92035520911585E-16
5796.36858129503	7.36680182473773E-16
5799.21405410768	8.53400299862766E-16
5802.05952692033	8.61983810491885E-16
5804.90499973299	9.48307299008494E-16
5807.75047254564	7.11521742751601E-16
5810.59594535829	7.86556683920241E-16
5813.44141817094	8.3457300648946E-16
5816.2868909836	8.33121415473008E-16
5819.13236379625	8.97740056910766E-16
5821.9778366089	7.13677898694787E-16
5824.82330942155	8.21375234498832E-16
5827.66878223421	7.66686036735015E-16
5830.51425504686	8.69301019500048E-16
5833.35972785951	7.80907708045183E-16
5836.20520067217	9.68722192475122E-16
5839.05067348482	6.95353828983756E-16
5841.89614629747	9.56069268295055E-16
5844.74161911012	8.56873932171954E-16
5847.58709192278	7.87481423103468E-16
5850.43256473543	7.83691236018522E-16
5853.27803754808	7.90305078205211E-16
5856.12351036073	9.11987781155763E-16
5858.96898317338	9.1442939044485E-16
5861.81445598604	9.03699943558962E-16
5864.65992879869	8.0946475139512E-16
5867.50540161134	7.10203720952037E-16
5870.350874424	7.50341660466444E-16
5873.19634723665	6.98202983466042E-16
5876.0418200493	8.0753710639068E-16
5878.88729286195	6.80729502281096E-16
5881.7327656746	6.08274584694698E-16
5884.57823848726	8.56573351570318E-16
5887.42371129991	7.28341755185276E-16
5890.26918411256	6.5304152471486E-16
5893.11465692522	7.09810789076172E-16
5895.96012973787	7.49324796602992E-16
5898.80560255052	7.82815413939593E-16
5901.65107536317	6.66414377623911E-16
5904.49654817583	7.33916336529217E-16
5907.34202098848	7.50433671744067E-16
5910.18749380113	5.58980283378194E-16
5913.03296661379	5.7489035457934E-16
5915.87843942644	6.86104556040474E-16
5918.72391223909	7.05370820366204E-16
5921.56938505174	8.28512139049435E-16
5924.41485786439	6.8999200706157E-16
5927.26033067705	7.73981794063095E-16
5930.1058034897	6.60459584243938E-16
5932.95127630235	7.57571908948493E-16
5935.796749115	8.2196098580502E-16
5938.64222192766	6.84248647259671E-16
5941.48769474031	8.35565692110684E-16
5944.33316755296	8.49305186259017E-16
5947.17864036562	6.45792668960935E-16
5950.02411317827	6.53188612576678E-16
5952.86958599092	7.10293219904918E-16
5955.71505880357	7.42356118950453E-16
5958.56053161623	7.16028150069759E-16
5961.40600442888	7.30514257679697E-16
5964.25147724153	7.59910411180883E-16
5967.09695005418	7.34110116552533E-16
5969.94242286684	7.32170948603593E-16
5972.78789567949	7.25956876896827E-16
5975.63336849214	7.1031553885757E-16
5978.47884130479	8.13066272025329E-16
5981.32431411745	8.33717720856087E-16
5984.1697869301	6.92857379860514E-16
5987.01525974275	6.64368629041555E-16
5989.86073255541	6.50755585173299E-16
5992.70620536806	7.10658129755813E-16
5995.55167818071	6.09304858462261E-16
5998.39715099336	7.25694670184551E-16
6001.24262380601	9.30128943949705E-16
6004.08809661867	7.99183175259101E-16
6006.93356943132	7.15828299590395E-16
6009.77904224397	7.58822937323654E-16
6012.62451505663	6.30876488133111E-16
6015.46998786928	7.89227866879204E-16
6018.31546068193	7.68727618630532E-16
6021.16093349458	9.02934929893568E-16
6024.00640630724	8.66346196330106E-16
6026.85187911989	7.50344909141604E-16
6029.69735193254	7.12541833941951E-16
6032.54282474519	7.58812903708476E-16
6035.38829755785	6.50728465275833E-16
6038.2337703705	6.60809132002023E-16
6041.07924318315	7.84092030012077E-16
6043.9247159958	6.9733299110288E-16
6046.77018880846	7.34535166881835E-16
6049.61566162111	8.1475023874573E-16
6052.46113443376	7.44167970524748E-16
6055.30660724641	7.83942768234426E-16
6058.15208005907	7.32289288581112E-16
6060.99755287172	7.47469698835626E-16
6063.84302568437	7.96274825201106E-16
6066.68849849702	7.53624640279437E-16
6069.53397130968	8.29869174654536E-16
6072.37944412233	6.78011283597694E-16
6075.22491693498	7.97883291051698E-16
6078.07038974763	7.49012441885023E-16
6080.91586256029	6.74925935524903E-16
6083.76133537294	7.9967901565329E-16
6086.60680818559	7.74507575792439E-16
6089.45228099825	7.20688468896739E-16
6092.2977538109	6.73435710548128E-16
6095.14322662355	6.88592403629705E-16
6097.9886994362	7.90741680565167E-16
6100.83417224886	5.22078072789524E-16
6103.67964506151	5.70626249443895E-16
6106.52511787416	6.64630615581537E-16
6109.37059068681	6.122206773544E-16
6112.21606349947	7.63481604845429E-16
6115.06153631212	6.13750684014265E-16
6117.90700912477	7.00946616973307E-16
6120.75248193742	7.12418731859423E-16
6123.59795475008	8.82488252088533E-16
6126.44342756273	6.99077117273831E-16
6129.28890037538	7.26736688480225E-16
6132.13437318803	6.77515284630706E-16
6134.97984600069	6.14886995910829E-16
6137.82531881334	7.23665155566371E-16
6140.67079162599	8.06615521861813E-16
6143.51626443864	7.12829325742337E-16
6146.3617372513	6.34296742884558E-16
6149.20721006395	9.23430109574391E-16
6152.0526828766	6.53685592099426E-16
6154.89815568925	6.30275756696967E-16
6157.74362850191	7.58597919488201E-16
6160.58910131456	6.83035958684378E-16
6163.43457412721	6.63127245735712E-16
6166.28004693987	6.2159377271996E-16
6169.12551975252	5.93722381747891E-16
6171.97099256517	7.84516852422705E-16
6174.81646537782	7.30493212218598E-16
6177.66193819047	5.94452421146338E-16
6180.50741100313	6.08661879021675E-16
6183.35288381578	7.03317870623632E-16
6186.19835662843	5.8400245832576E-16
6189.04382944109	7.75880657460675E-16
6191.88930225374	5.91051678775448E-16
6194.73477506639	6.62007291467895E-16
6197.58024787905	7.63057877048457E-16
6200.4257206917	6.51768345125189E-16
6203.27119350435	6.923333198305E-16
6206.116666317	5.98979853868111E-16
6208.96213912965	6.82858628546967E-16
6211.80761194231	6.36464422800231E-16
6214.65308475496	6.92460429070457E-16
6217.49855756761	6.51369746386414E-16
6220.34403038026	6.61218249957746E-16
6223.18950319292	7.22972203365713E-16
6226.03497600557	5.05551989184342E-16
6228.88044881822	6.76048934079592E-16
6231.72592163087	6.25097974635145E-16
6234.57139444353	6.35926807764754E-16
6237.41686725618	7.15609998172232E-16
6240.26234006883	6.21386036691354E-16
6243.10781288149	6.42818385090589E-16
6245.95328569414	6.31708855207799E-16
6248.79875850679	6.99973863664354E-16
6251.64423131944	5.9381855579674E-16
6254.4897041321	6.18301968338732E-16
6257.33517694475	7.47671073034964E-16
6260.1806497574	6.21307972892522E-16
6263.02612257005	5.30570997278156E-16
6265.87159538271	6.01746247301353E-16
6268.71706819536	6.76794574172846E-16
6271.56254100801	6.7550660038673E-16
6274.40801382066	6.86260035950057E-16
6277.25348663332	6.10145586101947E-16
6280.09895944597	5.79456544265229E-16
6282.94443225862	6.81523928242936E-16
6285.78990507127	6.87272269905456E-16
6288.63537788393	5.85693492609415E-16
6291.48085069658	5.15368788839406E-16
6294.32632350923	6.51250607622159E-16
6297.17179632188	5.94921940633235E-16
6300.01726913454	4.87463203181429E-16
6302.86274194719	7.30457453267998E-16
6305.70821475984	7.39025596263856E-16
6308.55368757249	6.78868863405567E-16
6311.39916038515	6.00511201869557E-16
6314.2446331978	5.96197105444961E-16
6317.09010601045	6.19653773862232E-16
6319.9355788231	6.32993485302085E-16
6322.78105163576	5.75273847410865E-16
6325.62652444841	6.36359185636707E-16
6328.47199726106	6.66411579093527E-16
6331.31747007372	6.05791729448518E-16
6334.16294288637	5.06978731050455E-16
6337.00841569902	6.64790514676493E-16
6339.85388851167	7.3605320108609E-16
6342.69936132433	5.79776462158252E-16
6345.54483413698	7.05577989076982E-16
6348.39030694963	6.4784426122198E-16
6351.23577976228	6.28696460927643E-16
6354.08125257494	6.10922588751625E-16
6356.92672538759	6.22164970344069E-16
6359.77219820024	6.61490396287221E-16
6362.61767101289	6.79760630041912E-16
6365.46314382555	5.26710334523969E-16
6368.3086166382	4.85568846310108E-16
6371.15408945085	6.54001312697641E-16
6373.9995622635	6.66411989527645E-16
6376.84503507616	5.4564522425776E-16
6379.69050788881	5.40339898294582E-16
6382.53598070146	7.00435085443866E-16
6385.38145351411	6.96429109537428E-16
6388.22692632677	6.91682519493623E-16
6391.07239913942	5.94338829993409E-16
6393.91787195207	6.39379522095502E-16
6396.76334476472	5.31175521155619E-16
6399.60881757738	4.31161142061581E-16
6402.45429039003	6.23188723164907E-16
6405.29976320268	6.02030961959324E-16
6408.14523601533	5.18191980352202E-16
6410.99070882799	5.78948852255013E-16
6413.83618164064	6.43282619014703E-16
6416.68165445329	6.77445016017531E-16
6419.52712726594	5.59288530101209E-16
6422.3726000786	6.44036222885757E-16
6425.21807289125	6.5927192674465E-16
6428.0635457039	6.13784972525771E-16
6430.90901851656	6.04357318509448E-16
6433.75449132921	6.15694038675681E-16
6436.59996414186	4.91529586181632E-16
6439.44543695451	6.25361473456071E-16
6442.29090976716	6.86661660870867E-16
6445.13638257982	5.81473212509815E-16
6447.98185539247	6.10269460798786E-16
6450.82732820513	6.32238780203993E-16
6453.67280101778	6.99132529894526E-16
6456.51827383043	6.51807782337572E-16
6459.36374664308	6.37356794620627E-16
6462.20921945573	7.17946585010991E-16
6465.05469226839	6.10512124085472E-16
6467.90016508104	5.79904918371145E-16
6470.74563789369	6.02060858413788E-16
6473.59111070635	5.80726103184775E-16
6476.436583519	5.94730790170507E-16
6479.28205633165	5.94039268403238E-16
6482.1275291443	6.33646787910628E-16
6484.97300195695	6.26331484540682E-16
6487.81847476961	5.77917835710599E-16
6490.66394758226	5.79996466730761E-16
6493.50942039491	5.91309227459995E-16
6496.35489320757	5.9513180963265E-16
6499.20036602022	6.51741239609364E-16
6502.04583883287	5.70992201245044E-16
6504.89131164552	6.50860556906266E-16
6507.73678445817	4.4829467516421E-16
6510.58225727083	5.4734666645527E-16
6513.42773008348	5.86727813245525E-16
6516.27320289613	5.39335942092473E-16
6519.11867570879	4.69552217234848E-16
6521.96414852144	5.31893937180934E-16
6524.80962133409	5.53480121887926E-16
6527.65509414674	6.37158486300792E-16
6530.5005669594	5.52929106659092E-16
6533.34603977205	5.33310942323934E-16
6536.1915125847	5.97908785262992E-16
6539.03698539735	5.86144773460911E-16
6541.88245821001	4.82099139346311E-16
6544.72793102266	6.07316807098535E-16
6547.57340383531	6.10417739588133E-16
6550.41887664796	5.67829605776218E-16
6553.26434946062	5.95165906378348E-16
6556.10982227327	6.74852210968348E-16
6558.95529508592	5.92421270171513E-16
6561.80076789858	6.00496624927969E-16
6564.64624071123	6.00677150749527E-16
6567.49171352388	6.78536348576388E-16
6570.33718633653	6.42707090193131E-16
6573.18265914919	6.81393761098596E-16
6576.02813196184	7.45179490851508E-16
6578.87360477449	8.11928356200673E-16
6581.71907758714	7.95419054958704E-16
6584.5645503998	7.11256753634123E-16
6587.41002321245	8.09131869186358E-16
6590.2554960251	8.29575521544248E-16
6593.10096883776	8.30364034617588E-16
6595.94644165041	7.62480792509257E-16
6598.79191446306	6.65559028079195E-16
6601.63738727571	6.65024507958109E-16
6604.48286008836	6.47820733255736E-16
6607.32833290102	6.97584423511665E-16
6610.17380571367	6.57306913620581E-16
6613.01927852632	5.85874796758273E-16
6615.86475133898	5.87120466654679E-16
6618.71022415163	6.90248438446451E-16
6621.55569696428	6.03776873853542E-16
6624.40116977693	5.77801636518543E-16
6627.24664258958	5.62056812301365E-16
6630.09211540224	5.95987022554444E-16
6632.93758821489	5.55882666434386E-16
6635.78306102754	4.75417609468955E-16
6638.6285338402	5.47316619825819E-16
6641.47400665285	6.43018704417438E-16
6644.3194794655	5.51982655257267E-16
6647.16495227815	5.88870270852783E-16
6650.01042509081	5.27944914291292E-16
6652.85589790346	5.96697168001398E-16
6655.70137071611	6.65587288624718E-16
6658.54684352876	5.58898233290267E-16
6661.39231634142	5.81829762728567E-16
6664.23778915407	5.69178937290774E-16
6667.08326196672	5.16209312218703E-16
6669.92873477937	5.47090295490352E-16
6672.77420759203	6.59413012205612E-16
6675.61968040468	7.21666963537407E-16
6678.46515321733	5.94466528249114E-16
6681.31062602998	5.32311693412147E-16
6684.15609884264	5.26497969437071E-16
6687.00157165529	5.47357637366157E-16
6689.84704446794	6.25511744437955E-16
6692.69251728059	5.45452263441637E-16
6695.53799009325	5.0057655957544E-16
6698.3834629059	5.64219048814429E-16
6701.22893571855	5.05865124358472E-16
6704.07440853121	5.55617830530191E-16
6706.91988134386	5.7556708781784E-16
6709.76535415651	5.6784977114433E-16
6712.61082696916	5.97782242575201E-16
6715.45629978182	5.55834974012369E-16
6718.30177259447	5.63925641429518E-16
6721.14724540712	5.06778141739557E-16
6723.99271821977	5.72443296510784E-16
6726.83819103243	5.25890049925738E-16
6729.68366384508	5.08908403633818E-16
6732.52913665773	5.31153775008594E-16
6735.37460947038	4.75146954650619E-16
6738.22008228304	5.76598556126544E-16
6741.06555509569	4.7684869909861E-16
6743.91102790834	5.25048488978923E-16
6746.75650072099	5.56735266818711E-16
6749.60197353365	6.34193906931779E-16
6752.4474463463	5.89175826766508E-16
6755.29291915895	4.76206080479414E-16
6758.1383919716	5.80121436918687E-16
6760.98386478426	5.49933687451258E-16
6763.82933759691	5.52652373822898E-16
6766.67481040956	6.02929049091899E-16
6769.52028322222	5.5242220393202E-16
6772.36575603487	5.20115612263479E-16
6775.21122884752	5.44728539297606E-16
6778.05670166017	4.85746336600871E-16
6780.90217447283	5.6410613890278E-16
6783.74764728548	5.74455225148822E-16
6786.59312009813	4.86064206870532E-16
6789.43859291078	5.09818614225513E-16
6792.28406572344	5.55075202369895E-16
6795.12953853609	5.93100547293993E-16
6797.97501134874	4.62965048360412E-16
6800.82048416139	4.69168413848924E-16
6803.66595697405	4.71697490455163E-16
6806.5114297867	5.19029889952382E-16
6809.35690259935	4.68335385424118E-16
6812.20237541201	5.00294198075505E-16
6815.04784822466	5.80601004810805E-16
6817.89332103731	5.00483190515614E-16
6820.73879384996	6.06337107934583E-16
6823.58426666262	6.08163255626733E-16
6826.42973947527	5.62724287316129E-16
6829.27521228792	5.02092706460963E-16
6832.12068510057	4.61115822167997E-16
6834.96615791323	5.36668833808176E-16
6837.81163072588	4.95915088450124E-16
6840.65710353853	4.8534032538686E-16
6843.50257635118	5.74668749679319E-16
6846.34804916384	4.90037921016233E-16
6849.19352197649	4.87269737523422E-16
6852.03899478914	5.02715975038834E-16
6854.88446760179	5.11147632452028E-16
6857.72994041444	5.36686995161437E-16
6860.5754132271	5.69370795816372E-16
6863.42088603975	4.63685367391884E-16
6866.2663588524	4.67173919144129E-16
6869.11183166506	5.11742050628396E-16
6871.95730447771	4.23176736520352E-16
6874.80277729036	5.1686812070441E-16
6877.64825010301	5.5565158598605E-16
6880.49372291566	5.70384395766866E-16
6883.33919572832	5.95965391754902E-16
6886.18466854097	5.42556314049098E-16
6889.03014135362	5.21518083861789E-16
6891.87561416628	4.93177737352943E-16
6894.72108697893	4.6894698794132E-16
6897.56655979158	5.34569577763192E-16
6900.41203260423	5.21853311798175E-16
6903.25750541689	5.56679388392965E-16
6906.10297822954	5.64050648805798E-16
6908.94845104219	4.84785901633888E-16
6911.79392385484	4.70434455780524E-16
6914.6393966675	5.74751478166532E-16
6917.48486948015	6.08186950028369E-16
6920.3303422928	5.53390954876983E-16
6923.17581510546	4.65898974861868E-16
6926.02128791811	4.76516344356747E-16
6928.86676073076	5.40638478558294E-16
6931.71223354341	4.71322176042519E-16
6934.55770635607	4.67941600045257E-16
6937.40317916872	5.25531370579347E-16
6940.24865198137	5.01185472334605E-16
6943.09412479402	4.89901322712479E-16
6945.93959760668	5.17079344096509E-16
6948.78507041933	5.26897659773331E-16
6951.63054323198	5.2615418571585E-16
6954.47601604463	4.12281117143822E-16
6957.32148885729	4.02360960464663E-16
6960.16696166994	5.39087983817713E-16
6963.01243448259	4.80480809106221E-16
6965.85790729524	4.79896958883303E-16
6968.7033801079	5.20917161295786E-16
6971.54885292055	4.27692598487299E-16
6974.3943257332	4.68039386135776E-16
6977.23979854585	5.18513686765262E-16
6980.08527135851	5.55616681127171E-16
6982.93074417116	5.42440025187401E-16
6985.77621698381	4.80851088211846E-16
6988.62168979647	5.00964088333322E-16
6991.46716260912	4.72979326931289E-16
6994.31263542177	4.92942983589307E-16
6997.15810823442	4.51911298009255E-16
7000.00358104707	4.73287761403805E-16
7002.84905385973	5.20379535990079E-16
7005.69452667238	5.30943872853751E-16
7008.53999948503	4.97011947669988E-16
7011.38547229769	4.96440295610425E-16
7014.23094511034	4.91766681202684E-16
7017.07641792299	5.41397495814443E-16
7019.92189073564	4.35169960584025E-16
7022.76736354829	3.64471842174605E-16
7025.61283636095	4.50155965044558E-16
7028.4583091736	4.55873541982619E-16
7031.30378198625	3.8146176203194E-16
7034.14925479891	4.0938485968002E-16
7036.99472761156	4.43913050150372E-16
7039.84020042421	4.88973332909181E-16
7042.68567323686	4.63800672972376E-16
7045.53114604952	4.53171939820283E-16
7048.37661886217	5.58829685011018E-16
7051.22209167482	4.22192879841885E-16
7054.06756448747	4.40532325128856E-16
7056.91303730013	4.50805498959382E-16
7059.75851011278	4.76269639270808E-16
7062.60398292543	5.33251405302174E-16
7065.44945573809	5.39300360355158E-16
7068.29492855074	5.22480685648165E-16
7071.14040136339	4.98281259371864E-16
7073.98587417604	4.75398904045472E-16
7076.8313469887	5.44392319511139E-16
7079.67681980135	4.46678183235083E-16
7082.522292614	3.8366979040156E-16
7085.36776542665	4.75937129192007E-16
7088.21323823931	4.31903799112266E-16
7091.05871105196	5.25193387024388E-16
7093.90418386461	6.01312893439394E-16
7096.74965667726	4.92793374557465E-16
7099.59512948992	4.09111530059914E-16
7102.44060230257	4.3745721278742E-16
7105.28607511522	4.74977982205703E-16
7108.13154792787	4.91883890712396E-16
7110.97702074053	4.96549421735793E-16
7113.82249355318	4.21044506105362E-16
7116.66796636583	5.12607037877375E-16
7119.51343917848	4.663134396502E-16
7122.35891199114	4.49154846954986E-16
7125.20438480379	4.25332711014015E-16
7128.04985761644	4.13149304204927E-16
7130.89533042909	4.26961926006074E-16
7133.74080324175	4.62300083910332E-16
7136.5862760544	4.23354188842419E-16
7139.43174886705	4.89004625408537E-16
7142.2772216797	4.96721098713418E-16
7145.12269449236	4.52255646905853E-16
7147.96816730501	4.59919042023587E-16
7150.81364011766	4.79859983483743E-16
7153.65911293032	4.52924475013025E-16
7156.50458574297	4.07966305409578E-16
7159.35005855562	4.55056279722527E-16
7162.19553136827	4.7639072963176E-16
7165.04100418092	3.95972845788594E-16
7167.88647699358	4.10515836777381E-16
7170.73194980623	4.39349701431532E-16
7173.57742261888	4.95828238938954E-16
7176.42289543154	4.53151985162463E-16
7179.26836824419	4.43461483393624E-16
7182.11384105684	3.28143803884993E-16
7184.95931386949	4.86032606168909E-16
7187.80478668215	4.51409816250598E-16
7190.6502594948	4.41497907644988E-16
7193.49573230745	4.12361724076073E-16
7196.3412051201	4.55021080545667E-16
7199.18667793276	4.4139974230148E-16
7202.03215074541	4.22276078549057E-16
7204.87762355806	5.06441793442719E-16
7207.72309637071	5.18588180871464E-16
7210.56856918337	4.69539349917891E-16
7213.41404199602	4.22832918911059E-16
7216.25951480867	3.60584596870965E-16
7219.10498762133	4.26347732420441E-16
7221.95046043398	5.13402254000907E-16
7224.79593324663	5.135318436787E-16
7227.64140605928	3.89548174689128E-16
7230.48687887193	4.16270324569075E-16
7233.33235168459	4.28218549395577E-16
7236.17782449724	4.32569149962799E-16
7239.02329730989	4.22783349205892E-16
7241.86877012254	4.91298747963767E-16
7244.7142429352	4.75150735702462E-16
7247.55971574785	4.69614306583609E-16
7250.4051885605	4.65526995257334E-16
7253.25066137316	4.4509578607002E-16
7256.09613418581	4.64374007443455E-16
7258.94160699846	5.10533443099203E-16
7261.78707981111	4.51743527016632E-16
7264.63255262376	3.96273573284656E-16
7267.47802543642	4.28816673116383E-16
7270.32349824907	3.32760198530321E-16
7273.16897106172	4.61536139045709E-16
7276.01444387438	5.22847633243425E-16
7278.85991668703	3.81516952078374E-16
7281.70538949968	4.75883521118648E-16
7284.55086231233	4.29023630579334E-16
7287.39633512499	5.3773430712717E-16
7290.24180793764	4.43340137825801E-16
7293.08728075029	4.97179885468532E-16
7295.93275356294	3.67281961259663E-16
7298.7782263756	3.91728994512303E-16
7301.62369918825	4.6401957931665E-16
7304.4691720009	4.95292956220548E-16
7307.31464481355	3.99935130061784E-16
7310.16011762621	4.16246277705495E-16
7313.00559043886	4.779082458074E-16
7315.85106325151	3.95573192197603E-16
7318.69653606417	4.66157468532036E-16
7321.54200887682	4.97130556627851E-16
7324.38748168947	4.25089253811906E-16
7327.23295450212	4.42029750060061E-16
7330.07842731478	4.45201603902126E-16
7332.92390012743	4.2755124119685E-16
7335.76937294008	4.26844617726321E-16
7338.61484575273	3.80899287450712E-16
7341.46031856539	4.81995674026458E-16
7344.30579137804	4.74795261175253E-16
7347.15126419069	4.22503214148233E-16
7349.99673700334	3.9349233719904E-16
7352.842209816	4.67806353368818E-16
7355.68768262865	4.2926276490824E-16
7358.5331554413	4.4296780551435E-16
7361.37862825395	4.45448313477039E-16
7364.22410106661	4.60258061825368E-16
7367.06957387926	4.6141346281779E-16
7369.91504669191	4.55231848702786E-16
7372.76051950456	4.47000386748272E-16
7375.60599231722	4.26034616137716E-16
7378.45146512987	3.69311400069929E-16
7381.29693794252	3.83509349865534E-16
7384.14241075517	3.81297060098299E-16
7386.98788356783	4.9529472951332E-16
7389.83335638048	4.45310918980528E-16
7392.67882919313	4.45785536943314E-16
7395.52430200579	4.06156150630803E-16
7398.36977481844	4.49128970438102E-16
7401.21524763109	4.41789157651138E-16
7404.06072044374	4.35831887825809E-16
7406.9061932564	4.5108885846618E-16
7409.75166606905	4.28350931712677E-16
7412.5971388817	4.25965262106418E-16
7415.44261169435	4.12381694322437E-16
7418.28808450701	3.9300337837954E-16
7421.13355731966	4.48894833804484E-16
7423.97903013231	4.92302930283014E-16
7426.82450294496	4.66360239872777E-16
7429.66997575762	4.09691067750882E-16
7432.51544857027	4.38580451708497E-16
7435.36092138292	4.38319686985866E-16
7438.20639419558	4.41878542588338E-16
7441.05186700823	4.14616449524625E-16
7443.89733982088	4.18152380832549E-16
7446.74281263353	4.1549612107896E-16
7449.58828544619	3.92103199604783E-16
7452.43375825884	4.37651456502638E-16
7455.27923107149	4.37771430895968E-16
7458.12470388414	4.49450383307392E-16
7460.9701766968	4.03248483326886E-16
7463.81564950945	4.59779849271848E-16
7466.6611223221	4.42753378079941E-16
7469.50659513475	3.47585046013846E-16
7472.35206794741	4.14084829855146E-16
7475.19754076006	4.39618338344383E-16
7478.04301357271	4.44312265273016E-16
7480.88848638536	4.2695869616803E-16
7483.73395919802	4.47968833403872E-16
7486.57943201067	4.91710962959354E-16
7489.42490482332	4.85663762496017E-16
7492.27037763597	4.37973999945601E-16
7495.11585044863	4.39001395224267E-16
7497.96132326128	4.97969929285324E-16
7500.80679607393	4.13761614532E-16
7503.65226888658	4.81870714157647E-16
7506.49774169924	4.3978479451044E-16
7509.34321451189	3.75645034765068E-16
7512.18868732454	3.32569995623407E-16
7515.03416013719	4.49874661028713E-16
7517.87963294985	4.75153968604628E-16
7520.7251057625	4.12069965610557E-16
7523.57057857515	4.28808834481683E-16
7526.4160513878	4.08049370897218E-16
7529.26152420046	4.4467665620064E-16
7532.10699701311	4.33519622512592E-16
7534.95246982576	4.13080747747128E-16
7537.79794263842	4.67555353886367E-16
7540.64341545107	4.78179117084563E-16
7543.48888826372	4.32103588516221E-16
7546.33436107637	4.21438087004252E-16
7549.17983388903	4.15223156838236E-16
7552.02530670168	4.29954972385719E-16
7554.87077951433	4.0839852101344E-16
7557.71625232698	4.27391642625491E-16
7560.56172513964	4.25129876679999E-16
7563.40719795229	5.00125283357667E-16
7566.25267076494	4.87621504989357E-16
7569.09814357759	3.61453197890721E-16
7571.94361639025	3.70525352328031E-16
7574.7890892029	4.73761686190599E-16
7577.63456201555	4.21355774436147E-16
7580.4800348282	4.15270243295837E-16
7583.32550764086	3.64489893773957E-16
7586.17098045351	4.77585273764382E-16
7589.01645326616	4.22265833624899E-16
7591.86192607882	3.37937479841772E-16
7594.70739889147	3.4275129620536E-16
7597.55287170412	4.16716511093131E-16
7600.39834451677	4.73655777987904E-16
7603.24381732943	3.24587880293107E-16
7606.08929014208	3.31986343036485E-16
7608.93476295473	3.71515521423861E-16
7611.78023576738	3.57115195137014E-16
7614.62570858004	4.09142801141906E-16
7617.47118139269	3.94994124348842E-16
7620.31665420534	4.75986905530874E-16
7623.16212701799	4.66539328199986E-16
7626.00759983065	4.3335992944794E-16
7628.8530726433	3.90163800973947E-16
7631.69854545595	4.1559158025137E-16
7634.5440182686	4.56831703437115E-16
7637.38949108126	3.6731826243106E-16
7640.23496389391	3.6439417226679E-16
7643.08043670656	4.46335048021423E-16
7645.92590951921	4.611864329848E-16
7648.77138233187	5.0127935033568E-16
7651.61685514452	4.79809589302766E-16
7654.46232795717	4.142410840599E-16
7657.30780076982	3.82623992401334E-16
7660.15327358248	3.73890946375945E-16
7662.99874639513	5.08758762824858E-16
7665.84421920778	4.99824921442921E-16
7668.68969202043	4.3111699852209E-16
7671.53516483309	4.33027722488205E-16
7674.38063764574	3.90580790507275E-16
7677.22611045839	4.8886164459825E-16
7680.07158327104	3.15173376896602E-16
7682.9170560837	3.3849119085846E-16
7685.76252889635	3.98350153075787E-16
7688.608001709	4.27464123183262E-16
7691.45347452166	4.74625912486856E-16
7694.29894733431	4.59121454653542E-16
7697.14442014696	3.97507182147396E-16
7699.98989295961	4.48349005401366E-16
7702.83536577227	4.24715003622246E-16
7705.68083858492	3.29887642549166E-16
7708.52631139757	3.18265895802666E-16
7711.37178421022	3.99374565402609E-16
7714.21725702288	3.36182544179908E-16
7717.06272983553	3.70356356621182E-16
7719.90820264818	4.09894564775541E-16
7722.75367546083	4.57521503710339E-16
7725.59914827349	4.41190899033552E-16
7728.44462108614	4.09927168048725E-16
7731.29009389879	4.30374865842614E-16
7734.13556671144	4.44144284850776E-16
7736.9810395241	4.30498860010902E-16
7739.82651233675	4.02707893359881E-16
7742.6719851494	3.85679535973306E-16
7745.51745796205	3.66030426289517E-16
7748.36293077471	3.72067369761825E-16
7751.20840358736	3.99867642614969E-16
7754.05387640001	4.21270381782731E-16
7756.89934921267	4.17530781998601E-16
7759.74482202532	4.36995632785327E-16
7762.59029483797	3.77158738746263E-16
7765.43576765062	4.4339912232393E-16
7768.28124046328	4.43949129441014E-16
7771.12671327593	4.61964874462422E-16
7773.97218608858	4.06632897986729E-16
7776.81765890123	3.58827140623757E-16
7779.66313171388	3.52545267464906E-16
7782.50860452654	3.76349793243564E-16
7785.35407733919	4.14543073583132E-16
7788.19955015184	3.78683057371458E-16
7791.0450229645	3.86523728257855E-16
7793.89049577715	3.27311708656439E-16
7796.7359685898	3.87814038898955E-16
7799.58144140246	3.38160788446866E-16
7802.42691421511	2.79186332638893E-16
7805.27238702776	3.29560225103116E-16
7808.11785984041	3.33003879467087E-16
7810.96333265307	3.65273200218484E-16
7813.80880546572	3.93623022701935E-16
7816.65427827837	4.18153530936424E-16
7819.49975109102	4.30569191327659E-16
7822.34522390367	3.30539917723891E-16
7825.19069671633	3.6716311909391E-16
7828.03616952898	4.153053406233E-16
7830.88164234163	3.56999485955515E-16
7833.72711515429	4.12023715273222E-16
7836.57258796694	4.10792516911033E-16
7839.41806077959	3.43149542414249E-16
7842.26353359224	3.51802974490724E-16
7845.1090064049	3.60128438890758E-16
7847.95447921755	3.6606762030335E-16
7850.7999520302	3.94239990791164E-16
7853.64542484285	3.80251991582831E-16
7856.49089765551	4.00725790567995E-16
7859.33637046816	4.06323046472422E-16
7862.18184328081	3.43916037918673E-16
7865.02731609346	3.59147518371894E-16
7867.87278890612	3.92615234635918E-16
7870.71826171877	4.84196064796501E-16
7873.56373453142	4.55362758309433E-16
7876.40920734407	4.35080320122575E-16
7879.25468015673	3.72655917523366E-16
7882.10015296938	3.92821421600208E-16
7884.94562578203	4.20032622924299E-16
7887.79109859468	4.6618349617985E-16
7890.63657140734	4.24709397454022E-16
7893.48204421999	3.7086919061675E-16
7896.32751703264	3.56098018841786E-16
7899.1729898453	3.37568260666308E-16
7902.01846265795	3.63513211182279E-16
7904.8639354706	3.85362376117376E-16
7907.70940828325	3.53842197081806E-16
7910.55488109591	4.05436915549961E-16
7913.40035390856	4.28960175139275E-16
7916.24582672121	4.09432603384588E-16
7919.09129953386	4.05231724458251E-16
7921.93677234651	4.17064768708697E-16
7924.78224515917	4.27610100585161E-16
7927.62771797182	4.15870459525638E-16
7930.47319078447	3.46505002245501E-16
7933.31866359713	3.46573355806496E-16
7936.16413640978	3.36506719179951E-16
7939.00960922243	3.46883559162268E-16
7941.85508203508	3.206676755063E-16
7944.70055484774	3.87446967314554E-16
7947.54602766039	3.38687584188718E-16
7950.39150047304	3.38609119914013E-16
7953.23697328569	2.54667488546041E-16
7956.08244609835	3.67602957859473E-16
7958.927918911	4.14441161759174E-16
7961.77339172365	4.16237721785711E-16
7964.6188645363	3.94300216595957E-16
7967.46433734896	3.18010905007589E-16
7970.30981016161	3.15120843892945E-16
7973.15528297426	3.37024391245801E-16
7976.00075578692	4.15971711594566E-16
7978.84622859957	4.41368752035273E-16
7981.69170141222	3.45784532623098E-16
7984.53717422487	3.79576199069424E-16
7987.38264703752	3.50628693198955E-16
7990.22811985018	3.33219483997099E-16
7993.07359266283	3.17783935372195E-16
7995.91906547548	3.91532153046488E-16
7998.76453828814	4.32694705892953E-16
8001.61001110079	3.80531569285824E-16
8004.45548391344	4.01047419033106E-16
8007.30095672609	3.58179945600631E-16
8010.14642953875	3.83279785190752E-16
8012.9919023514	3.65708374604419E-16
8015.83737516405	3.39607537253907E-16
8018.6828479767	3.75454386570116E-16
8021.52832078935	3.93636744561493E-16
8024.37379360201	3.83840084955215E-16
8027.21926641466	4.23745571053587E-16
8030.06473922731	4.17202544266802E-16
8032.91021203997	3.79962291894758E-16
8035.75568485262	4.05462804049271E-16
8038.60115766527	4.1112796334729E-16
8041.44663047792	3.61490290932556E-16
8044.29210329058	4.27257859862481E-16
8047.13757610323	3.81412182885605E-16
8049.98304891588	4.03965876529144E-16
8052.82852172853	3.83734032696438E-16
8055.67399454119	4.47457824932625E-16
8058.51946735384	3.8149675300066E-16
8061.36494016649	3.60798618767607E-16
8064.21041297914	3.3258332432025E-16
8067.0558857918	3.35729549003539E-16
8069.90135860445	3.72923576598112E-16
8072.7468314171	3.36892757105985E-16
8075.59230422975	2.92122175279609E-16
8078.43777704241	3.18300552556017E-16
8081.28324985506	3.97370489929578E-16
8084.12872266771	3.4728284280649E-16
8086.97419548036	3.31752964445726E-16
8089.81966829302	3.75368312591517E-16
8092.66514110567	4.03405282985107E-16
8095.51061391832	3.92632344220047E-16
8098.35608673098	3.6665818030767E-16
8101.20155954363	3.92137113863403E-16
8104.04703235628	4.15335963622503E-16
8106.89250516893	3.82964469870683E-16
8109.73797798158	3.56822032703037E-16
8112.58345079424	3.84883879610015E-16
8115.42892360689	3.73769475950209E-16
8118.27439641954	3.21004789638458E-16
8121.1198692322	3.74353556957311E-16
8123.96534204485	3.64133189957064E-16
8126.8108148575	3.37724348949391E-16
8129.65628767015	3.92887500272096E-16
8132.50176048281	3.36847748332873E-16
8135.34723329546	3.09902467872226E-16
8138.19270610811	3.40370466461658E-16
8141.03817892076	3.862765943693E-16
8143.88365173342	3.8880407465204E-16
8146.72912454607	3.21039487611191E-16
8149.57459735872	3.66196481714588E-16
8152.42007017137	3.45261094499549E-16
8155.26554298403	3.91085232978195E-16
8158.11101579668	3.36530882573861E-16
8160.95648860933	3.59214528572074E-16
8163.80196142199	4.14646733098885E-16
8166.64743423464	3.58980178165688E-16
8169.49290704729	3.48635851854169E-16
8172.33837985994	3.9307722074289E-16
8175.18385267259	3.2181180699548E-16
8178.02932548525	3.61638117609481E-16
8180.8747982979	3.65565841294448E-16
8183.72027111055	3.64649222491215E-16
8186.56574392321	4.01459376053506E-16
8189.41121673586	4.25797418112025E-16
8192.25668954851	3.58635340001045E-16
8195.10216236116	3.41584431716949E-16
8197.94763517382	3.73186024972663E-16
8200.79310798647	3.16867204949847E-16
8203.63858079912	3.18630401061445E-16
8206.48405361177	3.75540175204679E-16
8209.32952642443	2.91900066236508E-16
8212.17499923708	3.71451308267874E-16
8215.02047204973	3.65078696225203E-16
8217.86594486239	3.06262229830431E-16
8220.71141767504	3.13134805456791E-16
8223.55689048769	3.17413095556607E-16
8226.40236330034	2.87760257681973E-16
8229.24783611299	2.98047291358861E-16
8232.09330892565	3.61370671757401E-16
8234.9387817383	4.16546891684578E-16
8237.78425455095	3.21965989289298E-16
8240.62972736361	3.51692112269955E-16
8243.47520017626	3.89513041123049E-16
8246.32067298891	3.91264461531385E-16
8249.16614580156	3.05317731519748E-16
8252.01161861422	3.50482227152426E-16
8254.85709142687	3.25825714126361E-16
8257.70256423952	3.05440290541719E-16
8260.54803705217	3.20361770273255E-16
8263.39350986483	2.86945347266167E-16
8266.23898267748	3.54529198611011E-16
8269.08445549013	3.12597696002204E-16
8271.92992830278	3.48350701060329E-16
8274.77540111544	2.69363394710079E-16
8277.62087392809	3.42975934078038E-16
8280.46634674074	3.33507292796968E-16
8283.31181955339	2.96475425714816E-16
8286.15729236605	3.33104865112013E-16
8289.0027651787	3.25957055344163E-16
8291.84823799135	2.77075216371997E-16
8294.69371080401	2.9043243316203E-16
8297.53918361666	3.63529694444619E-16
8300.38465642931	3.76531085534285E-16
8303.23012924196	3.11076710794302E-16
8306.07560205462	3.60694504685291E-16
8308.92107486727	4.39141014534127E-16
8311.76654767992	4.01788098899867E-16
8314.61202049257	4.00975606420098E-16
8317.45749330523	3.7781717334734E-16
8320.30296611788	3.0624416929932E-16
8323.14843893053	3.05419452038838E-16
8325.99391174318	3.12393099750482E-16
8328.83938455584	3.19995343639684E-16
8331.68485736849	3.1712779461517E-16
8334.53033018114	2.60728355962683E-16
8337.37580299379	2.57540790133111E-16
8340.22127580645	2.65972217665194E-16
8343.0667486191	2.59777329706107E-16
8345.91222143175	2.07566265650985E-16
8348.75769424441	2.66769664723544E-16
8351.60316705706	3.16848293078889E-16
8354.44863986971	2.79962373064261E-16
8357.29411268236	4.03298020183765E-16
8360.13958549501	4.886423659103E-16
8362.98505830767	3.99693682768583E-16
8365.83053112032	3.57060698133392E-16
8368.67600393297	3.25008754381447E-16
8371.52147674563	3.15070526058884E-16
8374.36694955828	3.59163117041086E-16
8377.21242237093	3.71383257020125E-16
8380.05789518358	3.48274877247454E-16
8382.90336799624	3.11389609796695E-16
8385.74884080889	2.9724438181164E-16
8388.59431362154	2.5729539766747E-16
8391.43978643419	2.60763561669549E-16
8394.28525924685	3.47313739595504E-16
8397.1307320595	3.30399599456091E-16
8399.97620487215	2.90391949569515E-16
8402.8216776848	3.50725011813707E-16
8405.66715049746	3.92119317625513E-16
8408.51262331011	3.91328983403134E-16
8411.35809612276	4.02937724531304E-16
8414.20356893542	3.83211089384018E-16
8417.04904174807	2.62000549412617E-16
8419.89451456072	2.47237205432412E-16
8422.73998737337	3.26586843838941E-16
8425.58546018602	3.52398181488979E-16
8428.43093299868	3.66413401081394E-16
8431.27640581133	3.28354057075745E-16
8434.12187862398	3.55391498287553E-16
8436.96735143664	3.6895922145729E-16
8439.81282424929	4.15051003416639E-16
8442.65829706194	3.49486951340941E-16
8445.50376987459	3.99715794110276E-16
8448.34924268725	3.53677817920274E-16
8451.1947154999	3.0395378102392E-16
8454.04018831255	2.56775712286312E-16
8456.8856611252	2.78155655539783E-16
8459.73113393785	3.16397341277624E-16
8462.57660675051	2.95395845598761E-16
8465.42207956316	3.39935184262553E-16
8468.26755237581	3.38791172238065E-16
8471.11302518847	3.88544884889732E-16
8473.95849800112	3.59094076823046E-16
8476.80397081377	3.8657487804227E-16
8479.64944362643	3.32489578982779E-16
8482.49491643908	2.92141005248763E-16
8485.34038925173	3.61734821400438E-16
8488.18586206438	3.5459042896599E-16
8491.03133487703	3.25494150232776E-16
8493.87680768969	2.93418246214603E-16
8496.72228050234	3.0806661873744E-16
8499.56775331499	3.10550470350969E-16
8502.41322612764	3.27538717106016E-16
8505.2586989403	3.02114375387401E-16
8508.10417175295	3.42472453346124E-16
8510.9496445656	3.50416689862404E-16
8513.79511737826	2.95770753170201E-16
8516.64059019091	3.10958575352829E-16
8519.48606300356	2.44035815732259E-16
8522.33153581621	2.65092420479366E-16
8525.17700862886	2.54813064373124E-16
8528.02248144152	3.12995301760143E-16
8530.86795425417	3.36998184741342E-16
8533.71342706682	3.10105627269489E-16
8536.55889987948	3.02280169882003E-16
8539.40437269213	3.67797769305147E-16
8542.24984550478	3.35291889987359E-16
8545.09531831743	2.87286834840007E-16
8547.94079113008	3.7651640341393E-16
8550.78626394274	3.51882022072737E-16
8553.63173675539	3.37461057509157E-16
8556.47720956804	3.11485234992772E-16
8559.3226823807	3.36757095102095E-16
8562.16815519335	2.65408025742559E-16
8565.013628006	2.27287449518186E-16
8567.85910081866	2.76423383969663E-16
8570.70457363131	2.14423960150364E-16
8573.55004644396	2.67775173243937E-16
8576.39551925661	2.43720686472247E-16
8579.24099206926	2.70761544861951E-16
8582.08646488192	3.37302335118822E-16
8584.93193769457	3.22564751345273E-16
8587.77741050722	2.97669286928909E-16
8590.62288331988	3.28117062403667E-16
8593.46835613253	3.61486205095427E-16
8596.31382894518	3.8616274655802E-16
8599.15930175783	3.62316651541833E-16
8602.00477457049	3.59612409528917E-16
8604.85024738314	3.00539252554105E-16
8607.69572019579	2.72839206428336E-16
8610.54119300844	2.83276684184326E-16
8613.3866658211	3.28734482494607E-16
8616.23213863375	2.99224974119062E-16
8619.0776114464	3.19300937257004E-16
8621.92308425905	3.32889672167157E-16
8624.76855707171	2.63900995760162E-16
8627.61402988436	2.47320068203509E-16
8630.45950269701	3.65006583712766E-16
8633.30497550966	3.42556096958009E-16
8636.15044832232	3.34803022715764E-16
8638.99592113497	3.50270919795566E-16
8641.84139394762	3.24032402013347E-16
8644.68686676027	3.37283775790105E-16
8647.53233957293	3.0564811442793E-16
8650.37781238558	2.21339275355195E-16
8653.22328519823	3.4345042714135E-16
8656.06875801089	3.68392088632139E-16
8658.91423082354	3.06291140477847E-16
8661.75970363619	2.70135848752723E-16
8664.60517644884	2.84084456900581E-16
8667.45064926149	3.2837767791624E-16
8670.29612207415	4.01116870770116E-16
8673.1415948868	3.71855282799149E-16
8675.98706769945	3.16893062291261E-16
8678.83254051211	3.28709723731298E-16
8681.67801332476	3.14918684759693E-16
8684.52348613741	2.59306922298464E-16
8687.36895895006	2.52831182609073E-16
8690.21443176272	3.03714495947263E-16
8693.05990457537	3.58789695523285E-16
8695.90537738802	2.93842000618234E-16
8698.75085020067	2.38889693504155E-16
8701.59632301333	2.98838300809392E-16
8704.44179582598	3.03903948925151E-16
8707.28726863863	2.80830793346917E-16
8710.13274145128	2.80320340316104E-16
8712.97821426394	3.00603697163322E-16
8715.82368707659	3.39918787058345E-16
8718.66915988924	3.45498513566401E-16
8721.51463270189	4.07482557138935E-16
8724.36010551455	3.44815642495095E-16
8727.2055783272	3.67272857701392E-16
8730.05105113985	3.1677162274088E-16
8732.89652395251	3.25648922754504E-16
8735.74199676516	3.62767436874413E-16
8738.58746957781	3.22223622249497E-16
8741.43294239046	2.83353929119386E-16
8744.27841520311	2.7543178643295E-16
8747.12388801577	3.11401231961456E-16
8749.96936082842	2.99964972455287E-16
8752.81483364107	2.71034256574338E-16
8755.66030645373	3.18918940111021E-16
8758.50577926638	3.28480214380002E-16
8761.35125207903	2.82018492582312E-16
8764.19672489168	3.15721896952695E-16
8767.04219770434	2.83687102535843E-16
8769.88767051699	2.78192575467804E-16
8772.73314332964	3.09531805433444E-16
8775.57861614229	2.81699472045116E-16
8778.42408895495	2.80742889349776E-16
8781.2695617676	2.74494696138293E-16
8784.11503458025	2.540750242985E-16
8786.9605073929	3.06240630370692E-16
8789.80598020556	3.31910760581135E-16
8792.65145301821	3.50384411409866E-16
8795.49692583086	3.3429983652424E-16
8798.34239864351	2.88987122317049E-16
8801.18787145617	3.20344864603504E-16
8804.03334426882	3.74464254190784E-16
8806.87881708147	3.3071467816308E-16
8809.72428989412	2.76196942389662E-16
8812.56976270678	2.95205109756542E-16
8815.41523551943	3.24158928619031E-16
8818.26070833208	2.23655320817246E-16
8821.10618114474	3.32419139302671E-16
8823.95165395739	4.19318249494869E-16
8826.79712677004	3.63599930066514E-16
8829.64259958269	4.75187160984539E-16
8832.48807239534	5.39562825274874E-16
8835.333545208	4.493182203479E-16
8838.17901802065	3.32599123516637E-16
8841.0244908333	3.57366537610231E-16
8843.86996364595	3.62459476531102E-16
8846.71543645861	2.92156478659355E-16
8849.56090927126	2.47764636938376E-16
8852.40638208391	3.45001887537396E-16
8855.25185489657	4.07704361272556E-16
8858.09732770922	2.84232447100997E-16
8860.94280052187	3.35031094041406E-16
8863.78827333452	3.34871456909502E-16
8866.63374614718	3.29041074797525E-16
8869.47921895983	3.17267208962757E-16
8872.32469177248	2.76097116417596E-16
8875.17016458513	2.90218433861511E-16
8878.01563739779	3.31245517758183E-16
8880.86111021044	1.17081015796704E-16
8883.70658302309	2.12449354298885E-16
8886.55205583574	2.79146049481428E-16
8889.3975286484	1.93260790205496E-16
8892.24300146105	2.15916326253041E-16
8895.0884742737	2.79464850751665E-16
8897.93394708635	1.97829947438868E-16
8900.77941989901	1.89859926558978E-16
8903.62489271166	3.16960689031684E-16
8906.47036552431	3.65381390460178E-16
8909.31583833696	2.62248983533594E-16
8912.16131114962	2.4650181776203E-16
8915.00678396227	3.60536418403463E-16
8917.85225677492	4.52367130159973E-16
8920.69772958758	3.61501435817152E-16
8923.54320240023	3.55490190263512E-16
8926.38867521288	3.76595773805247E-16
8929.23414802553	2.92414794021865E-16
8932.07962083818	2.41135872364805E-16
8934.92509365084	2.90763602334979E-16
8937.77056646349	2.93345902109958E-16
8940.61603927614	2.95664908165056E-16
8943.4615120888	2.97618827907185E-16
8946.30698490145	2.9916656351863E-16
8949.1524577141	3.00502163104386E-16
8951.99793052675	3.01663960242174E-16
8954.84340333941	3.02587121160941E-16
8957.68887615206	3.03275246516573E-16
8960.53434896471	3.03711934571092E-16
8963.37982177736	3.03894432264974E-16