   0.000000000E+00   0.500000000E+04   0.156603325E+02   0.144522435E+02   0.137265478E+02   0.134515085E+02   0.133283305E+02   0.148064925E+02   0.147785225E+02   0.139655065E+02   0.129394205E+02   0.134447205E+02   0.187924325E+02   0.241256425E+02   0.190862125E+02   0.179799025E+02   0.195665825E+02
   0.100005255E+05   0.500000000E+04               NaN               NaN               NaN               NaN               NaN               NaN               NaN               NaN               NaN               NaN               NaN               NaN               NaN               NaN               NaN
   0.200013698E+05   0.500000000E+04  -0.460736397E+00  -0.166882540E+01  -0.239452110E+01  -0.266956040E+01  -0.279273840E+01  -0.131457640E+01  -0.134254640E+01  -0.215556240E+01  -0.318164840E+01  -0.267634840E+01   0.267136360E+01   0.800457360E+01   0.296514360E+01   0.185883360E+01   0.344551360E+01
   0.300033137E+05   0.500000000E+04  -0.341326879E+01  -0.462135779E+01  -0.534705349E+01  -0.562209279E+01  -0.574527079E+01  -0.426710879E+01  -0.429507879E+01  -0.510809479E+01  -0.613418079E+01  -0.562888079E+01  -0.281168788E+00   0.505204121E+01   0.126112120E-01  -0.109369879E+01   0.492981212E+00
   0.400023754E+05   0.500000000E+04  -0.346354904E+01  -0.467163804E+01  -0.539733374E+01  -0.567237304E+01  -0.579555104E+01  -0.431738904E+01  -0.434535904E+01  -0.515837504E+01  -0.618446104E+01  -0.567916104E+01  -0.331449040E+00   0.500176096E+01  -0.376690400E-01  -0.114397904E+01   0.442700960E+00
   0.500051615E+05   0.500000000E+04  -0.347540983E+01  -0.468349883E+01  -0.540919453E+01  -0.568423383E+01  -0.580741183E+01  -0.432924983E+01  -0.435721983E+01  -0.517023583E+01  -0.619632183E+01  -0.569102183E+01  -0.343309831E+00   0.498990017E+01  -0.495298307E-01  -0.115583983E+01   0.430840169E+00
   0.600010305E+05   0.500000000E+04  -0.342867401E+01  -0.463676301E+01  -0.536245871E+01  -0.563749801E+01  -0.576067601E+01  -0.428251401E+01  -0.431048401E+01  -0.512350001E+01  -0.614958601E+01  -0.564428601E+01  -0.296574006E+00   0.503663599E+01  -0.279400586E-02  -0.110910401E+01   0.477575994E+00
   0.700021561E+05   0.500000000E+04  -0.326533119E+01  -0.447342019E+01  -0.519911589E+01  -0.547415519E+01  -0.559733319E+01  -0.411917119E+01  -0.414714119E+01  -0.496015719E+01  -0.598624319E+01  -0.548094319E+01  -0.133231186E+00   0.519997881E+01   0.160548814E+00  -0.945761186E+00   0.640918814E+00
   0.800016944E+05   0.500000000E+04  -0.313564973E+01  -0.434373873E+01  -0.506943443E+01  -0.534447373E+01  -0.546765173E+01  -0.398948973E+01  -0.401745973E+01  -0.483047573E+01  -0.585656173E+01  -0.535126173E+01  -0.354973161E-02   0.532966027E+01   0.290230268E+00  -0.816079732E+00   0.770600268E+00
   0.900133340E+05   0.500000000E+04  -0.303120242E+01  -0.423929142E+01  -0.496498712E+01  -0.524002642E+01  -0.536320442E+01  -0.388504242E+01  -0.391301242E+01  -0.472602842E+01  -0.575211442E+01  -0.524681442E+01   0.100897578E+00   0.543410758E+01   0.394677578E+00  -0.711632422E+00   0.875047578E+00
   0.100002220E+06   0.500000000E+04  -0.292883303E+01  -0.413692203E+01  -0.486261773E+01  -0.513765703E+01  -0.526083503E+01  -0.378267303E+01  -0.381064303E+01  -0.462365903E+01  -0.564974503E+01  -0.514444503E+01   0.203266968E+00   0.553647697E+01   0.497046968E+00  -0.609263032E+00   0.977416968E+00
   0.110014083E+06   0.500000000E+04  -0.283932209E+01  -0.404741109E+01  -0.477310679E+01  -0.504814609E+01  -0.517132409E+01  -0.369316209E+01  -0.372113209E+01  -0.453414809E+01  -0.556023409E+01  -0.505493409E+01   0.292777911E+00   0.562598791E+01   0.586557911E+00  -0.519752089E+00   0.106692791E+01
   0.120000858E+06   0.500000000E+04  -0.275929025E+01  -0.396737925E+01  -0.469307495E+01  -0.496811425E+01  -0.509129225E+01  -0.361313025E+01  -0.364110025E+01  -0.445411625E+01  -0.548020225E+01  -0.497490225E+01   0.372809747E+00   0.570601975E+01   0.666589747E+00  -0.439720253E+00   0.114695975E+01
   0.130007582E+06   0.500000000E+04  -0.828295502E+01  -0.949104402E+01  -0.102167397E+02  -0.104917790E+02  -0.106149570E+02  -0.913679502E+01  -0.916476502E+01  -0.997778102E+01  -0.110038670E+02  -0.104985670E+02  -0.515085502E+01   0.182354978E+00  -0.485707502E+01  -0.596338502E+01  -0.437670502E+01
   0.140004224E+06   0.923430651E+05  -0.184022445E+02  -0.178790812E+02  -0.173125325E+02  -0.169150731E+02  -0.165506710E+02  -0.191731777E+02  -0.179155093E+02  -0.175720146E+02  -0.172188722E+02  -0.174371754E+02  -0.192468795E+02  -0.198800131E+02  -0.192608095E+02  -0.190713191E+02  -0.194810305E+02
   0.150001397E+06   0.518822013E+05  -0.178661867E+02  -0.173943270E+02  -0.168688420E+02  -0.164926663E+02  -0.161440711E+02  -0.186391273E+02  -0.174199481E+02  -0.171128972E+02  -0.168031828E+02  -0.169977432E+02  -0.185678262E+02  -0.190114690E+02  -0.185812515E+02  -0.184215147E+02  -0.187404335E+02
   0.160002658E+06   0.432017131E+05  -0.178302681E+02  -0.173833622E+02  -0.168776015E+02  -0.165115612E+02  -0.161704194E+02  -0.186041919E+02  -0.174037474E+02  -0.171142593E+02  -0.168252624E+02  -0.170085351E+02  -0.184616848E+02  -0.188099516E+02  -0.184746030E+02  -0.183310730E+02  -0.186038501E+02
   0.170022486E+06   0.386984599E+05  -0.178633192E+02  -0.174342982E+02  -0.169425687E+02  -0.165837275E+02  -0.162479285E+02  -0.186379565E+02  -0.174509317E+02  -0.171739676E+02  -0.168996794E+02  -0.170749602E+02  -0.184443055E+02  -0.187234684E+02  -0.184567663E+02  -0.183253551E+02  -0.185646250E+02
   0.180012412E+06   0.357088413E+05  -0.179192435E+02  -0.175048844E+02  -0.170246190E+02  -0.166716379E+02  -0.163401279E+02  -0.186944746E+02  -0.175184554E+02  -0.172517260E+02  -0.169894159E+02  -0.171581942E+02  -0.184588800E+02  -0.186810291E+02  -0.184708905E+02  -0.183495111E+02  -0.185612925E+02
   0.190038909E+06   0.334885082E+05  -0.179863729E+02  -0.175848139E+02  -0.171145193E+02  -0.167666273E+02  -0.164388480E+02  -0.187621107E+02  -0.175957092E+02  -0.173378935E+02  -0.170860012E+02  -0.172491299E+02  -0.184898976E+02  -0.186620948E+02  -0.185014799E+02  -0.183891461E+02  -0.185767060E+02
   0.200008649E+06   0.318047928E+05  -0.180597957E+02  -0.176692617E+02  -0.172075353E+02  -0.168640039E+02  -0.165394379E+02  -0.188359904E+02  -0.176778608E+02  -0.174277032E+02  -0.171847417E+02  -0.173430366E+02  -0.185322516E+02  -0.186613468E+02  -0.185434169E+02  -0.184391140E+02  -0.186056708E+02
   0.210016968E+06   0.304599318E+05  -0.181366433E+02  -0.177559494E+02  -0.173018413E+02  -0.169621969E+02  -0.166405066E+02  -0.189132362E+02  -0.177624907E+02  -0.175191577E+02  -0.172841345E+02  -0.174381307E+02  -0.185814027E+02  -0.186719900E+02  -0.185921752E+02  -0.184951058E+02  -0.186429078E+02
   0.220017415E+06   0.293223334E+05  -0.182100122E+02  -0.178384026E+02  -0.173913293E+02  -0.170552582E+02  -0.167362246E+02  -0.189869758E+02  -0.178430470E+02  -0.176060165E+02  -0.173783059E+02  -0.175283466E+02  -0.186292110E+02  -0.186842030E+02  -0.186395970E+02  -0.185492847E+02  -0.186797485E+02
   0.230016551E+06   0.282110180E+05  -0.182764647E+02  -0.179145267E+02  -0.174749191E+02  -0.171426426E+02  -0.168264182E+02  -0.190538188E+02  -0.179171492E+02  -0.176868114E+02  -0.174668647E+02  -0.176127171E+02  -0.186684959E+02  -0.186855999E+02  -0.186784425E+02  -0.185954539E+02  -0.187074017E+02
   0.240028876E+06   0.271233676E+05  -0.183343315E+02  -0.179827310E+02  -0.175510844E+02  -0.172228405E+02  -0.169096151E+02  -0.191121122E+02  -0.179831990E+02  -0.177599886E+02  -0.175483250E+02  -0.176897094E+02  -0.186973874E+02  -0.186740270E+02  -0.187068354E+02  -0.186318326E+02  -0.187239210E+02
   0.250001579E+06   0.260966679E+05  -0.183819410E+02  -0.180410070E+02  -0.176175578E+02  -0.172934815E+02  -0.169833657E+02  -0.191601622E+02  -0.180392577E+02  -0.178233988E+02  -0.176202587E+02  -0.177570366E+02  -0.187151482E+02  -0.186500464E+02  -0.187240504E+02  -0.186574229E+02  -0.187289756E+02
   0.260009473E+06   0.251220291E+05  -0.184207711E+02  -0.180908951E+02  -0.176759249E+02  -0.173561606E+02  -0.170490887E+02  -0.191994450E+02  -0.180868367E+02  -0.178786039E+02  -0.176842722E+02  -0.178163014E+02  -0.187230723E+02  -0.186147131E+02  -0.187313868E+02  -0.186735814E+02  -0.187238046E+02
   0.270028178E+06   0.242035565E+05  -0.184517816E+02  -0.181332811E+02  -0.177270189E+02  -0.174116936E+02  -0.171077035E+02  -0.192309292E+02  -0.181268603E+02  -0.179264477E+02  -0.177411682E+02  -0.178683213E+02  -0.187223778E+02  -0.185695798E+02  -0.187300443E+02  -0.186814701E+02  -0.187097262E+02
   0.280013970E+06   0.233450760E+05  -0.184771860E+02  -0.181702608E+02  -0.177728472E+02  -0.174620145E+02  -0.171609543E+02  -0.192568166E+02  -0.181614312E+02  -0.179689733E+02  -0.177928686E+02  -0.179150842E+02  -0.187156055E+02  -0.185176957E+02  -0.187225819E+02  -0.186835611E+02  -0.186894374E+02
   0.290008407E+06   0.225410461E+05  -0.184986287E+02  -0.182034440E+02  -0.178149833E+02  -0.175086919E+02  -0.172104963E+02  -0.192787496E+02  -0.181921691E+02  -0.180077660E+02  -0.178409518E+02  -0.179581724E+02  -0.187045167E+02  -0.184609488E+02  -0.187107570E+02  -0.186815608E+02  -0.186647429E+02
   0.300004856E+06   0.217919678E+05  -0.185167097E+02  -0.182332712E+02  -0.178537503E+02  -0.175519967E+02  -0.172566126E+02  -0.192973211E+02  -0.182195490E+02  -0.180431938E+02  -0.178856607E+02  -0.179978953E+02  -0.186901420E+02  -0.184009871E+02  -0.186956128E+02  -0.186763401E+02  -0.186369115E+02
   0.310041741E+06   0.210928940E+05  -0.185320066E+02  -0.182603686E+02  -0.178898168E+02  -0.175926211E+02  -0.173000123E+02  -0.193131102E+02  -0.182441856E+02  -0.180759117E+02  -0.179276762E+02  -0.180349195E+02  -0.186729181E+02  -0.183380787E+02  -0.186775849E+02  -0.186683509E+02  -0.186064121E+02
   0.320027913E+06   0.204471800E+05  -0.185449644E+02  -0.182852985E+02  -0.179238328E+02  -0.176312452E+02  -0.173414984E+02  -0.193265724E+02  -0.182666215E+02  -0.181065307E+02  -0.179677180E+02  -0.180699031E+02  -0.186530345E+02  -0.182720063E+02  -0.186568316E+02  -0.186578983E+02  -0.185731608E+02
   0.330048404E+06   0.198459129E+05  -0.185558359E+02  -0.183078356E+02  -0.179552195E+02  -0.176671160E+02  -0.173801858E+02  -0.193379362E+02  -0.182867307E+02  -0.181346096E+02  -0.180049682E+02  -0.181022330E+02  -0.186319759E+02  -0.182060257E+02  -0.186349032E+02  -0.186460184E+02  -0.185390795E+02
   0.340049166E+06   0.192868650E+05  -0.185649060E+02  -0.183286960E+02  -0.179850190E+02  -0.177014383E+02  -0.174174095E+02  -0.193475044E+02  -0.183051425E+02  -0.181610716E+02  -0.180406769E+02  -0.181329885E+02  -0.186089007E+02  -0.181377067E+02  -0.186109112E+02  -0.186321675E+02  -0.185028108E+02
   0.350033127E+06   0.187668107E+05  -0.185723212E+02  -0.183477111E+02  -0.180128138E+02  -0.177336758E+02  -0.174526795E+02  -0.193554118E+02  -0.183217444E+02  -0.181855844E+02  -0.180742788E+02  -0.181617239E+02  -0.185848061E+02  -0.180692365E+02  -0.185858797E+02  -0.186172040E+02  -0.184658109E+02
   0.360027827E+06   0.182804595E+05  -0.185783237E+02  -0.183652888E+02  -0.180391361E+02  -0.177644240E+02  -0.174866473E+02  -0.193619081E+02  -0.183369099E+02  -0.182086336E+02  -0.181063887E+02  -0.181889849E+02  -0.185594925E+02  -0.179997914E+02  -0.185595934E+02  -0.186010631E+02  -0.184277014E+02
   0.370029488E+06   0.178244026E+05  -0.185829842E+02  -0.183813717E+02  -0.180638404E+02  -0.177934890E+02  -0.175193443E+02  -0.193670574E+02  -0.183506131E+02  -0.182301105E+02  -0.181367956E+02  -0.182146167E+02  -0.185333610E+02  -0.179302508E+02  -0.185324778E+02  -0.185840722E+02  -0.183890653E+02
   0.380016106E+06   0.173975040E+05  -0.185862526E+02  -0.183961817E+02  -0.180873506E+02  -0.178213963E+02  -0.175515675E+02  -0.193708223E+02  -0.183630196E+02  -0.182503635E+02  -0.181660562E+02  -0.182390661E+02  -0.185056732E+02  -0.178588999E+02  -0.185037612E+02  -0.185657472E+02  -0.183489164E+02
   0.390034250E+06   0.169948611E+05  -0.185886115E+02  -0.184094464E+02  -0.181088360E+02  -0.178470366E+02  -0.175812643E+02  -0.193736504E+02  -0.183740133E+02  -0.182687712E+02  -0.181929750E+02  -0.182614389E+02  -0.184787854E+02  -0.177907591E+02  -0.184759000E+02  -0.185476986E+02  -0.183102585E+02
   0.400032407E+06   0.166155707E+05  -0.185892137E+02  -0.184217759E+02  -0.181299915E+02  -0.178726639E+02  -0.176096795E+02  -0.193747601E+02  -0.183839040E+02  -0.182866193E+02  -0.182199602E+02  -0.182835503E+02  -0.184482323E+02  -0.177161931E+02  -0.184442090E+02  -0.185260953E+02  -0.182673860E+02
   0.410002636E+06   0.162579706E+05  -0.185891156E+02  -0.184327344E+02  -0.181492714E+02  -0.178961599E+02  -0.176358039E+02  -0.193751404E+02  -0.183925631E+02  -0.183027809E+02  -0.182447364E+02  -0.183037313E+02  -0.184187605E+02  -0.176452254E+02  -0.184136644E+02  -0.185050615E+02  -0.182262994E+02
   0.420006314E+06   0.159184982E+05  -0.185880578E+02  -0.184425603E+02  -0.181672836E+02  -0.179183212E+02  -0.176605149E+02  -0.193745545E+02  -0.184001243E+02  -0.183177245E+02  -0.182681554E+02  -0.183226304E+02  -0.183888795E+02  -0.175746057E+02  -0.183826998E+02  -0.184834070E+02  -0.181850688E+02
   0.430028246E+06   0.155960495E+05  -0.185854507E+02  -0.184514558E+02  -0.181848172E+02  -0.179402369E+02  -0.176850166E+02  -0.193724484E+02  -0.184066224E+02  -0.183320175E+02  -0.182913931E+02  -0.183411007E+02  -0.183560725E+02  -0.174990548E+02  -0.183486675E+02  -0.184590646E+02  -0.181405085E+02
   0.440011113E+06   0.152906165E+05  -0.185823790E+02  -0.184592799E+02  -0.182008236E+02  -0.179603941E+02  -0.177076233E+02  -0.193698513E+02  -0.184121756E+02  -0.183449543E+02  -0.183128026E+02  -0.183579943E+02  -0.183243946E+02  -0.174268887E+02  -0.183158289E+02  -0.184354046E+02  -0.180976976E+02
   0.450027437E+06   0.149990339E+05  -0.185788385E+02  -0.184661467E+02  -0.182155057E+02  -0.179790410E+02  -0.177286125E+02  -0.193667642E+02  -0.184168733E+02  -0.183567044E+02  -0.183326456E+02  -0.183735240E+02  -0.182935316E+02  -0.173573542E+02  -0.182838570E+02  -0.184121974E+02  -0.180562018E+02
   0.460042497E+06   0.147214704E+05  -0.185731597E+02  -0.184719964E+02  -0.182299921E+02  -0.179979129E+02  -0.177507818E+02  -0.193615924E+02  -0.184203196E+02  -0.183679467E+02  -0.183528423E+02  -0.183889594E+02  -0.182579983E+02  -0.172794619E+02  -0.182469858E+02  -0.183843595E+02  -0.180092273E+02
   0.470040559E+06   0.144567424E+05  -0.185671515E+02  -0.184769837E+02  -0.182432167E+02  -0.180153202E+02  -0.177713341E+02  -0.193560679E+02  -0.184230146E+02  -0.183780771E+02  -0.183715131E+02  -0.184030891E+02  -0.182235162E+02  -0.172045797E+02  -0.182112277E+02  -0.183572170E+02  -0.179638331E+02
   0.480007996E+06   0.142043012E+05  -0.185608387E+02  -0.184811560E+02  -0.182552440E+02  -0.180313360E+02  -0.177903489E+02  -0.193502164E+02  -0.184250011E+02  -0.183871539E+02  -0.183887339E+02  -0.184159795E+02  -0.181900511E+02  -0.171325895E+02  -0.181765458E+02  -0.183307509E+02  -0.179199624E+02
   0.490018197E+06   0.139616778E+05  -0.185538513E+02  -0.184845269E+02  -0.182663717E+02  -0.180464040E+02  -0.178083843E+02  -0.193436855E+02  -0.184262122E+02  -0.183953673E+02  -0.184049919E+02  -0.184279614E+02  -0.181563177E+02  -0.170608828E+02  -0.181415905E+02  -0.183036997E+02  -0.178760219E+02
   0.500024833E+06   0.137293598E+05  -0.185448200E+02  -0.184868479E+02  -0.182771783E+02  -0.180615287E+02  -0.178267847E+02  -0.193351589E+02  -0.184261644E+02  -0.184029828E+02  -0.184214194E+02  -0.184397124E+02  -0.181183601E+02  -0.169817329E+02  -0.181021948E+02  -0.182719134E+02  -0.178272383E+02
   0.510033659E+06   0.135062416E+05  -0.185356125E+02  -0.184885430E+02  -0.182870230E+02  -0.180755205E+02  -0.178439225E+02  -0.193264360E+02  -0.184255847E+02  -0.184097628E+02  -0.184366625E+02  -0.184504642E+02  -0.180813717E+02  -0.169051834E+02  -0.180638253E+02  -0.182408519E+02  -0.177798525E+02
   0.520048361E+06   0.132917987E+05  -0.185262385E+02  -0.184896477E+02  -0.182959605E+02  -0.180884438E+02  -0.178598695E+02  -0.193175277E+02  -0.184245029E+02  -0.184157546E+02  -0.184507884E+02  -0.184602733E+02  -0.180452969E+02  -0.168310857E+02  -0.180264231E+02  -0.182104736E+02  -0.177337847E+02
   0.530022705E+06   0.130866928E+05  -0.185167689E+02  -0.184902007E+02  -0.183040051E+02  -0.181003008E+02  -0.178746184E+02  -0.193085036E+02  -0.184229646E+02  -0.184209819E+02  -0.184637956E+02  -0.184691517E+02  -0.180102892E+02  -0.167597107E+02  -0.179901458E+02  -0.181809143E+02  -0.176892191E+02
   0.540041123E+06   0.128887197E+05  -0.185056492E+02  -0.184897912E+02  -0.183115947E+02  -0.181119613E+02  -0.178893564E+02  -0.192978635E+02  -0.184203188E+02  -0.184255574E+02  -0.184766861E+02  -0.184776354E+02  -0.179721914E+02  -0.166830806E+02  -0.179506156E+02  -0.181483501E+02  -0.176412114E+02
   0.550002836E+06   0.126990874E+05  -0.184934253E+02  -0.184885995E+02  -0.183186379E+02  -0.181231960E+02  -0.179037525E+02  -0.192861357E+02  -0.184168225E+02  -0.184294937E+02  -0.184891883E+02  -0.184856017E+02  -0.179323886E+02  -0.166038097E+02  -0.179092863E+02  -0.181140527E+02  -0.175914055E+02
   0.560048672E+06   0.125146367E+05  -0.184810893E+02  -0.184869943E+02  -0.183250427E+02  -0.181336776E+02  -0.179173091E+02  -0.192742825E+02  -0.184129757E+02  -0.184328765E+02  -0.185009028E+02  -0.184929044E+02  -0.178932274E+02  -0.165262588E+02  -0.178686403E+02  -0.180802465E+02  -0.175425145E+02
   0.570039895E+06   0.123377209E+05  -0.184688185E+02  -0.184850159E+02  -0.183307471E+02  -0.181432924E+02  -0.179298733E+02  -0.192624747E+02  -0.184088473E+02  -0.184356823E+02  -0.185117001E+02  -0.184994700E+02  -0.178552273E+02  -0.164514371E+02  -0.178292159E+02  -0.180473826E+02  -0.174951821E+02
   0.580021327E+06   0.121672070E+05  -0.184566097E+02  -0.184827271E+02  -0.183358629E+02  -0.181521772E+02  -0.179416007E+02  -0.192507121E+02  -0.184044861E+02  -0.184380045E+02  -0.185217245E+02  -0.185054160E+02  -0.178182201E+02  -0.163789409E+02  -0.177908361E+02  -0.180153257E+02  -0.174491803E+02
   0.590015469E+06   0.120023078E+05  -0.184444041E+02  -0.184801148E+02  -0.183404116E+02  -0.181603706E+02  -0.179525431E+02  -0.192389380E+02  -0.183998699E+02  -0.184398514E+02  -0.185310202E+02  -0.185107674E+02  -0.177820327E+02  -0.163084330E+02  -0.177533213E+02  -0.179839257E+02  -0.174042944E+02
   0.600018906E+06   0.118427740E+05  -0.184291021E+02  -0.184759859E+02  -0.183446121E+02  -0.181688169E+02  -0.179640165E+02  -0.192241460E+02  -0.183934033E+02  -0.184408974E+02  -0.185407526E+02  -0.185159112E+02  -0.177394179E+02  -0.162264449E+02  -0.177090135E+02  -0.179462865E+02  -0.173522329E+02
   0.610018478E+06   0.116885257E+05  -0.184138853E+02  -0.184715989E+02  -0.183482984E+02  -0.181766186E+02  -0.179747501E+02  -0.192094235E+02  -0.183867503E+02  -0.184415261E+02  -0.185498009E+02  -0.185205119E+02  -0.176977349E+02  -0.161466055E+02  -0.176656877E+02  -0.179094191E+02  -0.173014013E+02
   0.620027668E+06   0.115390750E+05  -0.183988161E+02  -0.184670227E+02  -0.183515445E+02  -0.181838520E+02  -0.179848242E+02  -0.191948334E+02  -0.183799787E+02  -0.184418096E+02  -0.185582422E+02  -0.185246438E+02  -0.176570227E+02  -0.160689237E+02  -0.176233838E+02  -0.178733728E+02  -0.172518252E+02
   0.630040056E+06   0.113940794E+05  -0.183838786E+02  -0.184622653E+02  -0.183543762E+02  -0.181905521E+02  -0.179942805E+02  -0.191803606E+02  -0.183730913E+02  -0.184417670E+02  -0.185661142E+02  -0.185283351E+02  -0.176172065E+02  -0.159932399E+02  -0.175820235E+02  -0.178380834E+02  -0.172034094E+02
   0.640000451E+06   0.112543464E+05  -0.183691519E+02  -0.184573493E+02  -0.183567738E+02  -0.181966778E+02  -0.180030622E+02  -0.191660818E+02  -0.183661226E+02  -0.184413947E+02  -0.185733692E+02  -0.185315610E+02  -0.175785042E+02  -0.159199719E+02  -0.175418330E+02  -0.178037435E+02  -0.171564195E+02
   0.650025865E+06   0.111178767E+05  -0.183544125E+02  -0.184521914E+02  -0.183587587E+02  -0.182023038E+02  -0.180112822E+02  -0.191517797E+02  -0.183589600E+02  -0.184406744E+02  -0.185800981E+02  -0.185343549E+02  -0.175403490E+02  -0.158480582E+02  -0.175022244E+02  -0.177698489E+02  -0.171101703E+02
   0.660054300E+06   0.109856226E+05  -0.183393960E+02  -0.184466884E+02  -0.183603468E+02  -0.182075078E+02  -0.180190600E+02  -0.191371984E+02  -0.183514660E+02  -0.184395752E+02  -0.185863978E+02  -0.185367477E+02  -0.175021622E+02  -0.157764236E+02  -0.174625757E+02  -0.177359623E+02  -0.170640378E+02
   0.670016561E+06   0.108579025E+05  -0.183213130E+02  -0.184395976E+02  -0.183614421E+02  -0.182127869E+02  -0.180272984E+02  -0.191196255E+02  -0.183420713E+02  -0.184375552E+02  -0.185929475E+02  -0.185387833E+02  -0.174579196E+02  -0.156940833E+02  -0.174164990E+02  -0.176972282E+02  -0.170113171E+02
   0.680007043E+06   0.107333242E+05  -0.183034171E+02  -0.184324236E+02  -0.183622526E+02  -0.182176784E+02  -0.180350765E+02  -0.191022272E+02  -0.183326500E+02  -0.184353271E+02  -0.185990783E+02  -0.185405111E+02  -0.174145076E+02  -0.156135108E+02  -0.173712981E+02  -0.176591893E+02  -0.169596356E+02
   0.690013421E+06   0.106120421E+05  -0.182857136E+02  -0.184251582E+02  -0.183627606E+02  -0.182221593E+02  -0.180423677E+02  -0.190850081E+02  -0.183231969E+02  -0.184328769E+02  -0.186047657E+02  -0.185419121E+02  -0.173719631E+02  -0.155347891E+02  -0.173270120E+02  -0.176218757E+02  -0.169090404E+02
   0.700028901E+06   0.104939943E+05  -0.182681825E+02  -0.184177869E+02  -0.183629553E+02  -0.182262210E+02  -0.180491647E+02  -0.190679485E+02  -0.183136960E+02  -0.184301923E+02  -0.186100018E+02  -0.185429760E+02  -0.173302534E+02  -0.154578669E+02  -0.172836071E+02  -0.175852574E+02  -0.168594947E+02
   0.710000289E+06   0.103797897E+05  -0.182509873E+02  -0.184104207E+02  -0.183629089E+02  -0.182299157E+02  -0.180555056E+02  -0.190512095E+02  -0.183042698E+02  -0.184273603E+02  -0.186148326E+02  -0.185437705E+02  -0.172896669E+02  -0.153832143E+02  -0.172413806E+02  -0.175495965E+02  -0.168113273E+02
   0.720004361E+06   0.102682021E+05  -0.182339765E+02  -0.184030137E+02  -0.183626538E+02  -0.182333161E+02  -0.180614915E+02  -0.190346443E+02  -0.182948498E+02  -0.184243835E+02  -0.186193430E+02  -0.185443371E+02  -0.172498007E+02  -0.153100627E+02  -0.171999121E+02  -0.175145431E+02  -0.167640539E+02
   0.730030027E+06   0.101593030E+05  -0.182171752E+02  -0.183955847E+02  -0.183622045E+02  -0.182364341E+02  -0.180671329E+02  -0.190182779E+02  -0.182854564E+02  -0.184212781E+02  -0.186235443E+02  -0.185446896E+02  -0.172106946E+02  -0.152384731E+02  -0.171592422E+02  -0.174801339E+02  -0.167177191E+02
   0.740042147E+06   0.100533944E+05  -0.182006358E+02  -0.183881604E+02  -0.183615682E+02  -0.182392671E+02  -0.180724199E+02  -0.190021616E+02  -0.182761216E+02  -0.184180586E+02  -0.186274310E+02  -0.185448331E+02  -0.171724631E+02  -0.151686501E+02  -0.171194898E+02  -0.174464702E+02  -0.166724574E+02
   0.750043961E+06   0.995028166E+04  -0.181821703E+02  -0.183796332E+02  -0.183604390E+02  -0.182419264E+02  -0.180777701E+02  -0.189841622E+02  -0.182655093E+02  -0.184141042E+02  -0.186312434E+02  -0.185445615E+02  -0.171307369E+02  -0.150927965E+02  -0.170760155E+02  -0.174098058E+02  -0.166235754E+02
   0.760020693E+06   0.985000902E+04  -0.181617737E+02  -0.183700122E+02  -0.183588363E+02  -0.182444370E+02  -0.180832124E+02  -0.189642755E+02  -0.182536256E+02  -0.184094304E+02  -0.186350082E+02  -0.185438955E+02  -0.170854842E+02  -0.150108370E+02  -0.170287833E+02  -0.173701172E+02  -0.165710388E+02
   0.770033361E+06   0.975180884E+04  -0.181416466E+02  -0.183604380E+02  -0.183571149E+02  -0.182467437E+02  -0.180883903E+02  -0.189446479E+02  -0.182418356E+02  -0.184047013E+02  -0.186385432E+02  -0.185430914E+02  -0.170410148E+02  -0.149304194E+02  -0.169823755E+02  -0.173310969E+02  -0.165194362E+02
   0.780020748E+06   0.965625854E+04  -0.181219253E+02  -0.183509847E+02  -0.183553024E+02  -0.182488506E+02  -0.180932910E+02  -0.189254125E+02  -0.182302262E+02  -0.183999623E+02  -0.186418454E+02  -0.185421716E+02  -0.169976079E+02  -0.148520345E+02  -0.169370824E+02  -0.172929921E+02  -0.164690885E+02
   0.790003639E+06   0.956305761E+04  -0.181025656E+02  -0.183416407E+02  -0.183534113E+02  -0.182507827E+02  -0.180979480E+02  -0.189065269E+02  -0.182187791E+02  -0.183952166E+02  -0.186449433E+02  -0.185411511E+02  -0.169551451E+02  -0.147754536E+02  -0.168927799E+02  -0.172557011E+02  -0.164198556E+02
   0.800026780E+06   0.947168109E+04  -0.180834662E+02  -0.183323609E+02  -0.183514385E+02  -0.182525581E+02  -0.181023951E+02  -0.188878922E+02  -0.182074374E+02  -0.183904451E+02  -0.186478617E+02  -0.185400320E+02  -0.169133948E+02  -0.147002531E+02  -0.168492258E+02  -0.172190213E+02  -0.163714678E+02
   0.810024608E+06   0.938264441E+04  -0.180647409E+02  -0.183232038E+02  -0.183494013E+02  -0.182541732E+02  -0.181066135E+02  -0.188696198E+02  -0.181962712E+02  -0.183856809E+02  -0.186505906E+02  -0.185388266E+02  -0.168725988E+02  -0.146268634E+02  -0.168066722E+02  -0.171831658E+02  -0.163242040E+02
   0.820010731E+06   0.929576049E+04  -0.180463622E+02  -0.183141619E+02  -0.183473071E+02  -0.182556430E+02  -0.181106236E+02  -0.188516830E+02  -0.181852688E+02  -0.183809257E+02  -0.186531472E+02  -0.185375441E+02  -0.168326828E+02  -0.145551419E+02  -0.167650411E+02  -0.171480711E+02  -0.162779769E+02
   0.830056167E+06   0.921032986E+04  -0.180282000E+02  -0.183051803E+02  -0.183451571E+02  -0.182569973E+02  -0.181144757E+02  -0.188339552E+02  -0.181743594E+02  -0.183761590E+02  -0.186555701E+02  -0.185361921E+02  -0.167933436E+02  -0.144845290E+02  -0.167240155E+02  -0.171134724E+02  -0.162324319E+02
   0.840030076E+06   0.912753256E+04  -0.180105073E+02  -0.182963852E+02  -0.183429830E+02  -0.182582196E+02  -0.181181188E+02  -0.188166836E+02  -0.181636960E+02  -0.183714490E+02  -0.186578281E+02  -0.185347915E+02  -0.167551267E+02  -0.144160025E+02  -0.166841642E+02  -0.170798499E+02  -0.161882006E+02
   0.850033959E+06   0.904646071E+04  -0.179931036E+02  -0.182876938E+02  -0.183407745E+02  -0.182593367E+02  -0.181216063E+02  -0.187996923E+02  -0.181531752E+02  -0.183667575E+02  -0.186599593E+02  -0.185333404E+02  -0.167176265E+02  -0.143488244E+02  -0.166450636E+02  -0.170468484E+02  -0.161448114E+02
   0.860005656E+06   0.896752771E+04  -0.179739442E+02  -0.182779815E+02  -0.183380901E+02  -0.182602649E+02  -0.181251194E+02  -0.187809850E+02  -0.181414779E+02  -0.183613699E+02  -0.186619927E+02  -0.185314845E+02  -0.166770466E+02  -0.142763256E+02  -0.166026629E+02  -0.170111011E+02  -0.160983481E+02
   0.870009878E+06   0.889014978E+04  -0.179520923E+02  -0.182667439E+02  -0.183347461E+02  -0.182609880E+02  -0.181287650E+02  -0.187596474E+02  -0.181280083E+02  -0.183549751E+02  -0.186639644E+02  -0.185290805E+02  -0.166315956E+02  -0.141953434E+02  -0.165550584E+02  -0.169710225E+02  -0.160469196E+02
   0.880000912E+06   0.881464876E+04  -0.179307143E+02  -0.182557227E+02  -0.183314269E+02  -0.182616373E+02  -0.181322659E+02  -0.187387711E+02  -0.181148092E+02  -0.183486792E+02  -0.186658320E+02  -0.185266785E+02  -0.165871908E+02  -0.141162693E+02  -0.165085524E+02  -0.169318597E+02  -0.159966824E+02
   0.890051159E+06   0.874047792E+04  -0.179096681E+02  -0.182448508E+02  -0.183281215E+02  -0.182622304E+02  -0.181356603E+02  -0.187182179E+02  -0.181017979E+02  -0.183424495E+02  -0.186676220E+02  -0.185242741E+02  -0.165435235E+02  -0.140385436E+02  -0.164628210E+02  -0.168933422E+02  -0.159472855E+02
   0.900008858E+06   0.866874597E+04  -0.178892799E+02  -0.182343023E+02  -0.183248905E+02  -0.182627699E+02  -0.181389090E+02  -0.186983064E+02  -0.180891803E+02  -0.183363905E+02  -0.186693189E+02  -0.185219145E+02  -0.165012580E+02  -0.139633395E+02  -0.164185592E+02  -0.168560570E+02  -0.158994786E+02
   0.910028588E+06   0.859826891E+04  -0.178692188E+02  -0.182239088E+02  -0.183216866E+02  -0.182632704E+02  -0.181420714E+02  -0.186787137E+02  -0.180767539E+02  -0.183304080E+02  -0.186709566E+02  -0.185195668E+02  -0.164597024E+02  -0.138894215E+02  -0.163750422E+02  -0.168193946E+02  -0.158524787E+02
   0.920044215E+06   0.852948748E+04  -0.178496163E+02  -0.182137414E+02  -0.183185358E+02  -0.182637349E+02  -0.181451336E+02  -0.186595683E+02  -0.180646024E+02  -0.183245453E+02  -0.186725309E+02  -0.185172515E+02  -0.164191226E+02  -0.138172579E+02  -0.163325482E+02  -0.167835902E+02  -0.158065855E+02
   0.930036199E+06   0.846244466E+04  -0.178304893E+02  -0.182038109E+02  -0.183154445E+02  -0.182641675E+02  -0.181480984E+02  -0.186408869E+02  -0.180527381E+02  -0.183188109E+02  -0.186740454E+02  -0.185149747E+02  -0.163795484E+02  -0.137468984E+02  -0.162911082E+02  -0.167486709E+02  -0.157618323E+02
   0.940004409E+06   0.839708734E+04  -0.178118258E+02  -0.181941128E+02  -0.183124137E+02  -0.182645720E+02  -0.181509714E+02  -0.186226578E+02  -0.180411548E+02  -0.183132033E+02  -0.186755045E+02  -0.185127378E+02  -0.163409519E+02  -0.136782905E+02  -0.162506929E+02  -0.167146121E+02  -0.157181869E+02
   0.950052366E+06   0.833272279E+04  -0.177934325E+02  -0.181845486E+02  -0.183094155E+02  -0.182649569E+02  -0.181537873E+02  -0.186046922E+02  -0.180297340E+02  -0.183076674E+02  -0.186769281E+02  -0.185105216E+02  -0.163029283E+02  -0.136107113E+02  -0.162108780E+02  -0.166810573E+02  -0.156751911E+02
   0.960030500E+06   0.827030625E+04  -0.177755861E+02  -0.181752641E+02  -0.183064983E+02  -0.182653205E+02  -0.181565083E+02  -0.185872606E+02  -0.180186491E+02  -0.183022894E+02  -0.186782988E+02  -0.185083626E+02  -0.162660457E+02  -0.135451676E+02  -0.161722583E+02  -0.166485083E+02  -0.156334869E+02
   0.970018420E+06   0.820932070E+04  -0.177581413E+02  -0.181661850E+02  -0.183036406E+02  -0.182656682E+02  -0.181591594E+02  -0.185702212E+02  -0.180078108E+02  -0.182970272E+02  -0.186796306E+02  -0.185062457E+02  -0.162300012E+02  -0.134811192E+02  -0.161345166E+02  -0.166166981E+02  -0.155927313E+02
   0.980015033E+06   0.814974807E+04  -0.177410946E+02  -0.181573101E+02  -0.183008428E+02  -0.182660017E+02  -0.181617429E+02  -0.185535704E+02  -0.179972175E+02  -0.182918808E+02  -0.186809254E+02  -0.185041716E+02  -0.161947857E+02  -0.134185485E+02  -0.160976431E+02  -0.165856186E+02  -0.155529137E+02
   0.990032672E+06   0.809146429E+04  -0.177244107E+02  -0.181486212E+02  -0.182980997E+02  -0.182663221E+02  -0.181642646E+02  -0.185372739E+02  -0.179868475E+02  -0.182868397E+02  -0.186821862E+02  -0.185021365E+02  -0.161603260E+02  -0.133573255E+02  -0.160615615E+02  -0.165552057E+02  -0.155139517E+02
   0.100004217E+07   0.803461445E+04  -0.177081306E+02  -0.181401394E+02  -0.182954172E+02  -0.182666278E+02  -0.181667175E+02  -0.185213715E+02  -0.179767258E+02  -0.182819159E+02  -0.186834093E+02  -0.185001447E+02  -0.161267075E+02  -0.132976021E+02  -0.160263608E+02  -0.165255342E+02  -0.154759415E+02
   0.101003502E+07   0.797916340E+04  -0.176900947E+02  -0.181306001E+02  -0.182921925E+02  -0.182666675E+02  -0.181691155E+02  -0.185037526E+02  -0.179653991E+02  -0.182762392E+02  -0.186844553E+02  -0.184976823E+02  -0.160901321E+02  -0.132327989E+02  -0.159879828E+02  -0.164932114E+02  -0.154352308E+02
   0.102002582E+07   0.792503601E+04  -0.176689945E+02  -0.181192370E+02  -0.182880599E+02  -0.182662885E+02  -0.181714669E+02  -0.184831378E+02  -0.179519865E+02  -0.182692819E+02  -0.186852397E+02  -0.184944374E+02  -0.160482954E+02  -0.131589242E+02  -0.159439658E+02  -0.164561784E+02  -0.153895982E+02
   0.103002430E+07   0.787216975E+04  -0.176483811E+02  -0.181081338E+02  -0.182840187E+02  -0.182659136E+02  -0.181737586E+02  -0.184629986E+02  -0.179388815E+02  -0.182624820E+02  -0.186860010E+02  -0.184912634E+02  -0.160074286E+02  -0.130867659E+02  -0.159009696E+02  -0.164200036E+02  -0.153450239E+02
   0.104002037E+07   0.782056941E+04  -0.176282564E+02  -0.180972917E+02  -0.182800695E+02  -0.182655428E+02  -0.181759906E+02  -0.184433367E+02  -0.179260855E+02  -0.182558401E+02  -0.186867392E+02  -0.184881606E+02  -0.159675356E+02  -0.130163306E+02  -0.158589981E+02  -0.163846901E+02  -0.153015121E+02
   0.105004871E+07   0.777003088E+04  -0.176085364E+02  -0.180866633E+02  -0.182761922E+02  -0.182651703E+02  -0.181781673E+02  -0.184240700E+02  -0.179135435E+02  -0.182493255E+02  -0.186874529E+02  -0.184851122E+02  -0.159284541E+02  -0.129473354E+02  -0.158178810E+02  -0.163500939E+02  -0.152588864E+02
   0.106003658E+07   0.772087863E+04  -0.175893462E+02  -0.180763152E+02  -0.182724100E+02  -0.182647968E+02  -0.181802732E+02  -0.184053207E+02  -0.179013343E+02  -0.182429783E+02  -0.186881357E+02  -0.184821362E+02  -0.158904334E+02  -0.128802215E+02  -0.157778804E+02  -0.163164355E+02  -0.152174187E+02
   0.107001915E+07   0.767289204E+04  -0.175705982E+02  -0.180661996E+02  -0.182687046E+02  -0.182644192E+02  -0.181823161E+02  -0.183870030E+02  -0.178894016E+02  -0.182367688E+02  -0.186887895E+02  -0.184792179E+02  -0.158533015E+02  -0.128146863E+02  -0.157388156E+02  -0.162835623E+02  -0.151769214E+02
   0.108000253E+07   0.762601117E+04  -0.175522677E+02  -0.180563026E+02  -0.182650701E+02  -0.182640358E+02  -0.181842975E+02  -0.183690930E+02  -0.178777295E+02  -0.182306878E+02  -0.186894137E+02  -0.184763523E+02  -0.158170107E+02  -0.127506467E+02  -0.157006364E+02  -0.162514322E+02  -0.151373428E+02
   0.109001431E+07   0.758010627E+04  -0.175343022E+02  -0.180465951E+02  -0.182614947E+02  -0.182636439E+02  -0.181862211E+02  -0.183515392E+02  -0.178662839E+02  -0.182247169E+02  -0.186900084E+02  -0.184735299E+02  -0.157814588E+02  -0.126879237E+02  -0.156632355E+02  -0.162199544E+02  -0.150985717E+02
   0.110005836E+07   0.753517051E+04  -0.175166995E+02  -0.180370761E+02  -0.182579782E+02  -0.182632437E+02  -0.181880875E+02  -0.183343395E+02  -0.178550633E+02  -0.182188556E+02  -0.186905740E+02  -0.184707505E+02  -0.157466410E+02  -0.126265084E+02  -0.156266077E+02  -0.161891246E+02  -0.150606025E+02
   0.111003273E+07   0.749166118E+04  -0.174996382E+02  -0.180278418E+02  -0.182545560E+02  -0.182628388E+02  -0.181898774E+02  -0.183176685E+02  -0.178441815E+02  -0.182131629E+02  -0.186911042E+02  -0.184680420E+02  -0.157129110E+02  -0.125670253E+02  -0.155911252E+02  -0.161592561E+02  -0.150238212E+02
   0.112002869E+07   0.744916982E+04  -0.174829592E+02  -0.180188067E+02  -0.182511971E+02  -0.182624266E+02  -0.181916085E+02  -0.183013706E+02  -0.178335375E+02  -0.182075866E+02  -0.186916052E+02  -0.184653800E+02  -0.156799534E+02  -0.125089171E+02  -0.155564560E+02  -0.161300696E+02  -0.149878837E+02
   0.113000470E+07   0.740796980E+04  -0.174667669E+02  -0.180100260E+02  -0.182479200E+02  -0.182620067E+02  -0.181932668E+02  -0.182855478E+02  -0.178231968E+02  -0.182021595E+02  -0.186920708E+02  -0.184627787E+02  -0.156479772E+02  -0.124525545E+02  -0.155228202E+02  -0.161017499E+02  -0.149530181E+02
   0.114003274E+07   0.736753740E+04  -0.174508697E+02  -0.180014023E+02  -0.182446973E+02  -0.182615880E+02  -0.181948875E+02  -0.182700132E+02  -0.178130421E+02  -0.181968269E+02  -0.186925211E+02  -0.184602192E+02  -0.156165901E+02  -0.123972355E+02  -0.154898045E+02  -0.160739512E+02  -0.149187955E+02
   0.115001581E+07   0.732833072E+04  -0.174354344E+02  -0.179930200E+02  -0.182415524E+02  -0.182611620E+02  -0.181964392E+02  -0.182549296E+02  -0.178031753E+02  -0.181916361E+02  -0.186929378E+02  -0.184577174E+02  -0.155861346E+02  -0.123435735E+02  -0.154577697E+02  -0.160469752E+02  -0.148855904E+02
   0.116001073E+07   0.729012659E+04  -0.174203789E+02  -0.179848372E+02  -0.182384730E+02  -0.182607320E+02  -0.181979363E+02  -0.182402167E+02  -0.177935458E+02  -0.181865629E+02  -0.186933288E+02  -0.184552645E+02  -0.155564428E+02  -0.122912688E+02  -0.154265391E+02  -0.160206741E+02  -0.148532194E+02
   0.117003015E+07   0.725289997E+04  -0.174056931E+02  -0.179768482E+02  -0.182354568E+02  -0.182602975E+02  -0.181993795E+02  -0.182258649E+02  -0.177841473E+02  -0.181816042E+02  -0.186936944E+02  -0.184528590E+02  -0.155274954E+02  -0.122402869E+02  -0.153960922E+02  -0.159950305E+02  -0.148216612E+02
   0.118005245E+07   0.721675499E+04  -0.173914175E+02  -0.179690748E+02  -0.182325118E+02  -0.182598590E+02  -0.182007643E+02  -0.182119134E+02  -0.177750052E+02  -0.181767729E+02  -0.186940328E+02  -0.184505068E+02  -0.154993724E+02  -0.121907697E+02  -0.153665133E+02  -0.159701154E+02  -0.147910035E+02
   0.119000885E+07   0.718193311E+04  -0.173776475E+02  -0.179615690E+02  -0.182296576E+02  -0.182594197E+02  -0.182020815E+02  -0.181984558E+02  -0.177661809E+02  -0.181721016E+02  -0.186943419E+02  -0.184482238E+02  -0.154722620E+02  -0.121430482E+02  -0.153380003E+02  -0.159460955E+02  -0.147614510E+02
   0.120000812E+07   0.714805350E+04  -0.173642328E+02  -0.179542490E+02  -0.182268633E+02  -0.182589750E+02  -0.182033457E+02  -0.181853449E+02  -0.177575781E+02  -0.181675393E+02  -0.186946253E+02  -0.184459852E+02  -0.154458678E+02  -0.120966007E+02  -0.153102414E+02  -0.159227081E+02  -0.147326808E+02
   0.121002151E+07   0.711521007E+04  -0.173512095E+02  -0.179471340E+02  -0.182241356E+02  -0.182585249E+02  -0.182045523E+02  -0.181726162E+02  -0.177492194E+02  -0.181630978E+02  -0.186948811E+02  -0.184437962E+02  -0.154202620E+02  -0.120515549E+02  -0.152833127E+02  -0.159000171E+02  -0.147047717E+02
   0.122004600E+07   0.708343429E+04  -0.173385816E+02  -0.179402223E+02  -0.182214686E+02  -0.182580616E+02  -0.182056918E+02  -0.181602732E+02  -0.177411046E+02  -0.181587726E+02  -0.186951007E+02  -0.184416504E+02  -0.153954607E+02  -0.120079454E+02  -0.152572314E+02  -0.158780359E+02  -0.146777419E+02
   0.123003063E+07   0.705284486E+04  -0.173264069E+02  -0.179335504E+02  -0.182188830E+02  -0.182575973E+02  -0.182067704E+02  -0.181483729E+02  -0.177332744E+02  -0.181545906E+02  -0.186952938E+02  -0.184395665E+02  -0.153715670E+02  -0.119659459E+02  -0.152321056E+02  -0.158568570E+02  -0.146517030E+02
   0.124001066E+07   0.702331156E+04  -0.173146254E+02  -0.179270818E+02  -0.182163595E+02  -0.182571219E+02  -0.182077848E+02  -0.181368563E+02  -0.177256875E+02  -0.181505260E+02  -0.186954531E+02  -0.184375274E+02  -0.153484712E+02  -0.119253693E+02  -0.152078202E+02  -0.158363823E+02  -0.146265360E+02
   0.125002322E+07   0.699473229E+04  -0.173023045E+02  -0.179202408E+02  -0.182135815E+02  -0.182564628E+02  -0.182086696E+02  -0.181248109E+02  -0.177176933E+02  -0.181461575E+02  -0.186954520E+02  -0.184352568E+02  -0.153246150E+02  -0.118835517E+02  -0.151827085E+02  -0.158152410E+02  -0.146007432E+02
   0.126002072E+07   0.696725412E+04  -0.172866563E+02  -0.179113028E+02  -0.182095933E+02  -0.182550949E+02  -0.182092217E+02  -0.181095094E+02  -0.177073440E+02  -0.181402187E+02  -0.186949030E+02  -0.184319210E+02  -0.152953809E+02  -0.118326005E+02  -0.151518235E+02  -0.157893765E+02  -0.145699352E+02
   0.127003005E+07   0.694080327E+04  -0.172715534E+02  -0.179026593E+02  -0.182057146E+02  -0.182537385E+02  -0.182097134E+02  -0.180947403E+02  -0.176973419E+02  -0.181344622E+02  -0.186943347E+02  -0.184286702E+02  -0.152672000E+02  -0.117835145E+02  -0.151220535E+02  -0.157644393E+02  -0.145402392E+02
   0.128002062E+07   0.691544569E+04  -0.172570312E+02  -0.178943294E+02  -0.182019527E+02  -0.182523946E+02  -0.182101413E+02  -0.180805381E+02  -0.176877097E+02  -0.181289002E+02  -0.186937464E+02  -0.184255102E+02  -0.152401404E+02  -0.117364138E+02  -0.150934704E+02  -0.157404893E+02  -0.145117272E+02
   0.129000441E+07   0.689112536E+04  -0.172430541E+02  -0.178862914E+02  -0.181982957E+02  -0.182510568E+02  -0.182105028E+02  -0.180668679E+02  -0.176784226E+02  -0.181235167E+02  -0.186931333E+02  -0.184224306E+02  -0.152141388E+02  -0.116911908E+02  -0.150660076E+02  -0.157174701E+02  -0.144843325E+02
   0.130001848E+07   0.686771803E+04  -0.172295496E+02  -0.178785029E+02  -0.181947238E+02  -0.182497170E+02  -0.182107985E+02  -0.180536587E+02  -0.176694319E+02  -0.181182831E+02  -0.186924910E+02  -0.184194143E+02  -0.151890610E+02  -0.116476133E+02  -0.150395235E+02  -0.156952628E+02  -0.144579139E+02
   0.131004334E+07   0.684526778E+04  -0.172165323E+02  -0.178709681E+02  -0.181912331E+02  -0.182483671E+02  -0.182110172E+02  -0.180409247E+02  -0.176607441E+02  -0.181131987E+02  -0.186918101E+02  -0.184164566E+02  -0.151649439E+02  -0.116057528E+02  -0.150140576E+02  -0.156738987E+02  -0.144325108E+02
   0.132002025E+07   0.682387482E+04  -0.172040614E+02  -0.178637214E+02  -0.181878400E+02  -0.182470141E+02  -0.182111589E+02  -0.180287238E+02  -0.176523986E+02  -0.181082869E+02  -0.186910945E+02  -0.184135714E+02  -0.151418957E+02  -0.115657969E+02  -0.149897241E+02  -0.156534739E+02  -0.144082373E+02
   0.133004693E+07   0.680330565E+04  -0.171919985E+02  -0.178566814E+02  -0.181845054E+02  -0.182456409E+02  -0.182112229E+02  -0.180169204E+02  -0.176443022E+02  -0.181034921E+02  -0.186903342E+02  -0.184107251E+02  -0.151196629E+02  -0.115273075E+02  -0.149662555E+02  -0.156337635E+02  -0.143848262E+02
   0.134003844E+07   0.678372205E+04  -0.171804331E+02  -0.178498983E+02  -0.181812501E+02  -0.182442530E+02  -0.182112034E+02  -0.180056020E+02  -0.176365133E+02  -0.180988466E+02  -0.186895299E+02  -0.184079347E+02  -0.150984148E+02  -0.114905817E+02  -0.149438308E+02  -0.156149170E+02  -0.143624564E+02
   0.135002859E+07   0.676502193E+04  -0.171693052E+02  -0.178433370E+02  -0.181780574E+02  -0.182428436E+02  -0.182111006E+02  -0.179947101E+02  -0.176289916E+02  -0.180943264E+02  -0.186886777E+02  -0.184051859E+02  -0.150780411E+02  -0.114554286E+02  -0.149223337E+02  -0.155968365E+02  -0.143410116E+02
   0.136002156E+07   0.674715177E+04  -0.171585835E+02  -0.178369793E+02  -0.181749188E+02  -0.182414090E+02  -0.182109146E+02  -0.179842139E+02  -0.176217160E+02  -0.180899191E+02  -0.186877756E+02  -0.184024715E+02  -0.150584840E+02  -0.114217479E+02  -0.149017029E+02  -0.155794708E+02  -0.143204309E+02
   0.137001941E+07   0.673005975E+04  -0.171482370E+02  -0.178308067E+02  -0.181718251E+02  -0.182399452E+02  -0.182106450E+02  -0.179740831E+02  -0.176146655E+02  -0.180856121E+02  -0.186868211E+02  -0.183997836E+02  -0.150396868E+02  -0.113894422E+02  -0.148818788E+02  -0.155627696E+02  -0.143006546E+02
   0.138004002E+07   0.671368090E+04  -0.171382240E+02  -0.178247934E+02  -0.181687623E+02  -0.182384442E+02  -0.182102885E+02  -0.179642768E+02  -0.176078111E+02  -0.180813865E+02  -0.186858082E+02  -0.183971096E+02  -0.150215757E+02  -0.113583862E+02  -0.148627836E+02  -0.155466670E+02  -0.142816053E+02
   0.139001574E+07   0.669807703E+04  -0.171285835E+02  -0.178189634E+02  -0.181657431E+02  -0.182369130E+02  -0.182098475E+02  -0.179548331E+02  -0.176011796E+02  -0.180772596E+02  -0.186847419E+02  -0.183944608E+02  -0.150042202E+02  -0.113286984E+02  -0.148444907E+02  -0.155312250E+02  -0.142633561E+02
   0.140003568E+07   0.668308154E+04  -0.171192084E+02  -0.178132502E+02  -0.181627313E+02  -0.182353311E+02  -0.182093134E+02  -0.179456473E+02  -0.175946963E+02  -0.180731833E+02  -0.186836069E+02  -0.183918049E+02  -0.149874310E+02  -0.113000577E+02  -0.148268006E+02  -0.155162747E+02  -0.142457079E+02
   0.141001733E+07   0.666877450E+04  -0.171101531E+02  -0.178076887E+02  -0.181597470E+02  -0.182337112E+02  -0.182086931E+02  -0.179367725E+02  -0.175884000E+02  -0.180691834E+02  -0.186824132E+02  -0.183891603E+02  -0.149713020E+02  -0.112726212E+02  -0.148098119E+02  -0.155019001E+02  -0.142287594E+02
   0.142002840E+07   0.665503169E+04  -0.171013380E+02  -0.178022297E+02  -0.181567636E+02  -0.182320382E+02  -0.182079803E+02  -0.179281309E+02  -0.175822351E+02  -0.180652243E+02  -0.186811498E+02  -0.183865031E+02  -0.149556921E+02  -0.112461498E+02  -0.147933764E+02  -0.154879756E+02  -0.142123623E+02
   0.143001591E+07   0.664190039E+04  -0.170927941E+02  -0.177968924E+02  -0.181537918E+02  -0.182303186E+02  -0.182071782E+02  -0.179197526E+02  -0.175762234E+02  -0.180613203E+02  -0.186798214E+02  -0.183838430E+02  -0.149406557E+02  -0.112207353E+02  -0.147775511E+02  -0.154745495E+02  -0.141965738E+02
   0.144000776E+07   0.662928089E+04  -0.170844712E+02  -0.177916511E+02  -0.181508238E+02  -0.182285540E+02  -0.182062953E+02  -0.179115889E+02  -0.175703340E+02  -0.180574565E+02  -0.186784328E+02  -0.183811746E+02  -0.149260934E+02  -0.111961992E+02  -0.147622306E+02  -0.154615346E+02  -0.141812886E+02
   0.145002649E+07   0.661712889E+04  -0.170763348E+02  -0.177864823E+02  -0.181478440E+02  -0.182267330E+02  -0.182053234E+02  -0.179036059E+02  -0.175645411E+02  -0.180536140E+02  -0.186769740E+02  -0.183784833E+02  -0.149119488E+02  -0.111724504E+02  -0.147473559E+02  -0.154488802E+02  -0.141664479E+02
   0.146000212E+07   0.660548983E+04  -0.170684229E+02  -0.177814127E+02  -0.181448710E+02  -0.182248699E+02  -0.182042735E+02  -0.178958408E+02  -0.175588736E+02  -0.180498148E+02  -0.186754577E+02  -0.183757866E+02  -0.148982822E+02  -0.111495850E+02  -0.147329900E+02  -0.154366410E+02  -0.141521147E+02
   0.147003639E+07   0.659422530E+04  -0.170606424E+02  -0.177763830E+02  -0.181418705E+02  -0.182229436E+02  -0.182031343E+02  -0.178882025E+02  -0.175532654E+02  -0.180460146E+02  -0.186738670E+02  -0.183730536E+02  -0.148849323E+02  -0.111273323E+02  -0.147189633E+02  -0.154246724E+02  -0.141381195E+02
   0.148000354E+07   0.658346448E+04  -0.170530815E+02  -0.177714499E+02  -0.181388758E+02  -0.182209750E+02  -0.182019176E+02  -0.178807773E+02  -0.175477796E+02  -0.180422560E+02  -0.186722191E+02  -0.183703143E+02  -0.148720509E+02  -0.111059462E+02  -0.147054354E+02  -0.154131106E+02  -0.141246217E+02
   0.149004569E+07   0.657303203E+04  -0.170456235E+02  -0.177665395E+02  -0.181358448E+02  -0.182189388E+02  -0.182006103E+02  -0.178734510E+02  -0.175423335E+02  -0.180384844E+02  -0.186704937E+02  -0.183675309E+02  -0.148594349E+02  -0.110850850E+02  -0.146921927E+02  -0.154017740E+02  -0.141114082E+02
   0.150004525E+07   0.656302373E+04  -0.170383489E+02  -0.177617090E+02  -0.181328171E+02  -0.182168654E+02  -0.181992363E+02  -0.178663027E+02  -0.175369889E+02  -0.180347462E+02  -0.186687186E+02  -0.183647408E+02  -0.148472119E+02  -0.110649521E+02  -0.146793684E+02  -0.153907783E+02  -0.140986119E+02
   0.151001646E+07   0.655341550E+04  -0.170312406E+02  -0.177569470E+02  -0.181297859E+02  -0.182147505E+02  -0.181977927E+02  -0.178593156E+02  -0.175317334E+02  -0.180310329E+02  -0.186668900E+02  -0.183619377E+02  -0.148353530E+02  -0.110454994E+02  -0.146669322E+02  -0.153800977E+02  -0.140862027E+02
   0.152000711E+07   0.654415464E+04  -0.170242581E+02  -0.177522260E+02  -0.181267332E+02  -0.182125809E+02  -0.181962702E+02  -0.178524500E+02  -0.175265368E+02  -0.180273228E+02  -0.186649964E+02  -0.183591049E+02  -0.148237918E+02  -0.110266190E+02  -0.146548146E+02  -0.153696721E+02  -0.140741110E+02
   0.153000353E+07   0.653523784E+04  -0.170174018E+02  -0.177475472E+02  -0.181236607E+02  -0.182103586E+02  -0.181946709E+02  -0.178457062E+02  -0.175214000E+02  -0.180236172E+02  -0.186630398E+02  -0.183562440E+02  -0.148125268E+02  -0.110083067E+02  -0.146430139E+02  -0.153595006E+02  -0.140623352E+02
   0.154002746E+07   0.652663025E+04  -0.170106473E+02  -0.177428947E+02  -0.181205587E+02  -0.182080775E+02  -0.181929912E+02  -0.178390603E+02  -0.175163054E+02  -0.180199042E+02  -0.186610151E+02  -0.183533464E+02  -0.148015165E+02  -0.109904934E+02  -0.146314864E+02  -0.153495458E+02  -0.140508318E+02
   0.155002441E+07   0.651835871E+04  -0.170040197E+02  -0.177382870E+02  -0.181174411E+02  -0.182057486E+02  -0.181912402E+02  -0.178325371E+02  -0.175112729E+02  -0.180161994E+02  -0.186589327E+02  -0.183504251E+02  -0.147907992E+02  -0.109732389E+02  -0.146202722E+02  -0.153398429E+02  -0.140396408E+02
   0.156002670E+07   0.651037912E+04  -0.169974882E+02  -0.177337041E+02  -0.181142956E+02  -0.182033640E+02  -0.181894132E+02  -0.178261062E+02  -0.175062802E+02  -0.180124874E+02  -0.186567859E+02  -0.183474690E+02  -0.147803224E+02  -0.109564554E+02  -0.146093160E+02  -0.153303446E+02  -0.140287069E+02
   0.157002834E+07   0.650268457E+04  -0.169910470E+02  -0.177291420E+02  -0.181111195E+02  -0.182009217E+02  -0.181875085E+02  -0.178197622E+02  -0.175013228E+02  -0.180087651E+02  -0.186545729E+02  -0.183444756E+02  -0.147700768E+02  -0.109401286E+02  -0.145986081E+02  -0.153210426E+02  -0.140180206E+02
   0.158002166E+07   0.649527745E+04  -0.169846965E+02  -0.177246002E+02  -0.181079121E+02  -0.181984206E+02  -0.181855250E+02  -0.178135051E+02  -0.174964007E+02  -0.180050319E+02  -0.186522925E+02  -0.183414441E+02  -0.147600640E+02  -0.109242616E+02  -0.145881503E+02  -0.153119382E+02  -0.140075835E+02
   0.159004345E+07   0.648811742E+04  -0.169784032E+02  -0.177200555E+02  -0.181046571E+02  -0.181958484E+02  -0.181834531E+02  -0.178073022E+02  -0.174914882E+02  -0.180012686E+02  -0.186499337E+02  -0.183383591E+02  -0.147502307E+02  -0.109087694E+02  -0.145778868E+02  -0.153029829E+02  -0.139973401E+02
   0.160000469E+07   0.648125178E+04  -0.169722125E+02  -0.177155413E+02  -0.181013797E+02  -0.181932257E+02  -0.181813101E+02  -0.178011980E+02  -0.174866214E+02  -0.179975039E+02  -0.186475155E+02  -0.183352447E+02  -0.147406454E+02  -0.108937579E+02  -0.145678890E+02  -0.152942395E+02  -0.139873615E+02
   0.161000260E+07   0.647459783E+04  -0.169660524E+02  -0.177110062E+02  -0.180980432E+02  -0.181905237E+02  -0.181790730E+02  -0.177951219E+02  -0.174817445E+02  -0.179936950E+02  -0.186450118E+02  -0.183320661E+02  -0.147311954E+02  -0.108790491E+02  -0.145580393E+02  -0.152856055E+02  -0.139775304E+02
   0.162000426E+07   0.646816861E+04  -0.169599325E+02  -0.177064563E+02  -0.180946515E+02  -0.181877451E+02  -0.181767436E+02  -0.177890832E+02  -0.174768644E+02  -0.179898468E+02  -0.186424247E+02  -0.183288270E+02  -0.147218968E+02  -0.108646691E+02  -0.145483543E+02  -0.152770953E+02  -0.139678635E+02
   0.163002238E+07   0.646194257E+04  -0.169538340E+02  -0.177018782E+02  -0.180911950E+02  -0.181848823E+02  -0.181743158E+02  -0.177830632E+02  -0.174719666E+02  -0.179859483E+02  -0.186397474E+02  -0.183255183E+02  -0.147127200E+02  -0.108505717E+02  -0.145388035E+02  -0.152686820E+02  -0.139583301E+02
   0.164002296E+07   0.645592526E+04  -0.169477693E+02  -0.176972829E+02  -0.180876837E+02  -0.181819448E+02  -0.181717987E+02  -0.177770745E+02  -0.174670623E+02  -0.179820099E+02  -0.186369892E+02  -0.183221498E+02  -0.147036802E+02  -0.108367762E+02  -0.145294022E+02  -0.152603801E+02  -0.139489456E+02
   0.165004495E+07   0.645008817E+04  -0.169417087E+02  -0.176926477E+02  -0.180840999E+02  -0.181789176E+02  -0.181691794E+02  -0.177710874E+02  -0.174621272E+02  -0.179780117E+02  -0.186341360E+02  -0.183187046E+02  -0.146947335E+02  -0.108232162E+02  -0.145201048E+02  -0.152521492E+02  -0.139396646E+02
   0.166000350E+07   0.644447353E+04  -0.169356989E+02  -0.176880090E+02  -0.180804727E+02  -0.181758258E+02  -0.181664799E+02  -0.177651485E+02  -0.174572002E+02  -0.179739859E+02  -0.186312115E+02  -0.183152107E+02  -0.146859477E+02  -0.108099929E+02  -0.145109817E+02  -0.152440519E+02  -0.139305572E+02
   0.167000458E+07   0.643901746E+04  -0.169296721E+02  -0.176833146E+02  -0.180767611E+02  -0.181726345E+02  -0.181636698E+02  -0.177591906E+02  -0.174522255E+02  -0.179698870E+02  -0.186281828E+02  -0.183116286E+02  -0.146772233E+02  -0.107969564E+02  -0.145019295E+02  -0.152359966E+02  -0.139215202E+02
   0.168002709E+07   0.643372488E+04  -0.169236343E+02  -0.176785692E+02  -0.180729691E+02  -0.181693472E+02  -0.181607523E+02  -0.177532195E+02  -0.174472083E+02  -0.179657193E+02  -0.186250532E+02  -0.183079623E+02  -0.146685687E+02  -0.107841188E+02  -0.144929569E+02  -0.152279910E+02  -0.139125625E+02
   0.169002132E+07   0.642859626E+04  -0.169176066E+02  -0.176737940E+02  -0.180691177E+02  -0.181659849E+02  -0.181577484E+02  -0.177472566E+02  -0.174421697E+02  -0.179615039E+02  -0.186218437E+02  -0.183042327E+02  -0.146600054E+02  -0.107715021E+02  -0.144840854E+02  -0.152200566E+02  -0.139037053E+02
   0.170003465E+07   0.642360983E+04  -0.169115492E+02  -0.176689542E+02  -0.180651762E+02  -0.181625189E+02  -0.181546307E+02  -0.177412621E+02  -0.174370738E+02  -0.179572084E+02  -0.186185263E+02  -0.183004095E+02  -0.146514825E+02  -0.107590383E+02  -0.144752630E+02  -0.152121452E+02  -0.138948969E+02
   0.171000937E+07   0.641878274E+04  -0.169054861E+02  -0.176640700E+02  -0.180611615E+02  -0.181589645E+02  -0.181514136E+02  -0.177352599E+02  -0.174319417E+02  -0.179528510E+02  -0.186151157E+02  -0.182965094E+02  -0.146430328E+02  -0.107467735E+02  -0.144665233E+02  -0.152042875E+02  -0.138861707E+02
   0.172001919E+07   0.641405048E+04  -0.168993654E+02  -0.176591049E+02  -0.180570489E+02  -0.181553031E+02  -0.181480829E+02  -0.177291989E+02  -0.174267335E+02  -0.179484024E+02  -0.186115953E+02  -0.182925091E+02  -0.146345723E+02  -0.107345730E+02  -0.144577785E+02  -0.151964073E+02  -0.138774391E+02
   0.173002427E+07   0.640944085E+04  -0.168931986E+02  -0.176540638E+02  -0.180528382E+02  -0.181515319E+02  -0.181446338E+02  -0.177230903E+02  -0.174214557E+02  -0.179438644E+02  -0.186079615E+02  -0.182884078E+02  -0.146261264E+02  -0.107224839E+02  -0.144490556E+02  -0.151885267E+02  -0.138687292E+02
   0.174001827E+07   0.640493333E+04  -0.168869883E+02  -0.176489541E+02  -0.180485405E+02  -0.181476641E+02  -0.181410809E+02  -0.177169368E+02  -0.174161145E+02  -0.179392468E+02  -0.186042280E+02  -0.182842171E+02  -0.146176874E+02  -0.107104824E+02  -0.144403458E+02  -0.151806404E+02  -0.138600320E+02
   0.175003794E+07   0.640051939E+04  -0.168807076E+02  -0.176437514E+02  -0.180441329E+02  -0.181436774E+02  -0.181374026E+02  -0.177107119E+02  -0.174106851E+02  -0.179345258E+02  -0.186003728E+02  -0.182799143E+02  -0.146092244E+02  -0.106985309E+02  -0.144316176E+02  -0.151727187E+02  -0.138513162E+02
   0.176003196E+07   0.639619589E+04  -0.168743761E+02  -0.176384757E+02  -0.180396360E+02  -0.181395928E+02  -0.181336201E+02  -0.177044349E+02  -0.174051873E+02  -0.179297220E+02  -0.185964171E+02  -0.182755201E+02  -0.146007553E+02  -0.106866448E+02  -0.144228887E+02  -0.151647798E+02  -0.138425994E+02
   0.177004095E+07   0.639196118E+04  -0.168679733E+02  -0.176331070E+02  -0.180350301E+02  -0.181353907E+02  -0.181297139E+02  -0.176980855E+02  -0.173996011E+02  -0.179248155E+02  -0.185923412E+02  -0.182710147E+02  -0.145922587E+02  -0.106748013E+02  -0.144141377E+02  -0.151568025E+02  -0.138338602E+02
   0.178003517E+07   0.638779865E+04  -0.168615102E+02  -0.176276604E+02  -0.180303334E+02  -0.181310909E+02  -0.181257049E+02  -0.176916750E+02  -0.173939407E+02  -0.179198232E+02  -0.185881654E+02  -0.182664168E+02  -0.145837375E+02  -0.106629903E+02  -0.144053665E+02  -0.151487918E+02  -0.138251006E+02
   0.179000421E+07   0.638373546E+04  -0.168549982E+02  -0.176221406E+02  -0.180255455E+02  -0.181266905E+02  -0.181215885E+02  -0.176852142E+02  -0.173882123E+02  -0.179147470E+02  -0.185838861E+02  -0.182617254E+02  -0.145752166E+02  -0.106512581E+02  -0.143966014E+02  -0.151407691E+02  -0.138163470E+02
   0.180004028E+07   0.637968592E+04  -0.168483594E+02  -0.176164907E+02  -0.180206251E+02  -0.181221563E+02  -0.181173372E+02  -0.176786265E+02  -0.173823544E+02  -0.179095391E+02  -0.185794725E+02  -0.182569011E+02  -0.145665756E+02  -0.106394166E+02  -0.143877172E+02  -0.151326248E+02  -0.138074740E+02
   0.181003983E+07   0.637570471E+04  -0.168416601E+02  -0.176107636E+02  -0.180156152E+02  -0.181175260E+02  -0.181129850E+02  -0.176719775E+02  -0.173764228E+02  -0.179042465E+02  -0.185749609E+02  -0.182519857E+02  -0.145579079E+02  -0.106276024E+02  -0.143788102E+02  -0.151244452E+02  -0.137985783E+02
   0.182004086E+07   0.637175824E+04  -0.168348539E+02  -0.176049211E+02  -0.180104836E+02  -0.181127707E+02  -0.181085055E+02  -0.176652210E+02  -0.173703776E+02  -0.178988348E+02  -0.185703232E+02  -0.182469478E+02  -0.145491504E+02  -0.106157258E+02  -0.143698157E+02  -0.151161717E+02  -0.137895947E+02
   0.183002581E+07   0.636783971E+04  -0.168279657E+02  -0.175989899E+02  -0.180052582E+02  -0.181079190E+02  -0.181039276E+02  -0.176583823E+02  -0.173642451E+02  -0.178933312E+02  -0.185655882E+02  -0.182418154E+02  -0.145403248E+02  -0.106038033E+02  -0.143607546E+02  -0.151078266E+02  -0.137805447E+02
   0.184001540E+07   0.636401723E+04  -0.168209954E+02  -0.175929531E+02  -0.179999100E+02  -0.181029353E+02  -0.180992110E+02  -0.176514603E+02  -0.173580120E+02  -0.178877116E+02  -0.185607184E+02  -0.182365580E+02  -0.145314647E+02  -0.105919220E+02  -0.143516648E+02  -0.150994352E+02  -0.137714656E+02
   0.185003460E+07   0.636068459E+04  -0.168139473E+02  -0.175867187E+02  -0.179942760E+02  -0.180976191E+02  -0.180941276E+02  -0.176444541E+02  -0.173516065E+02  -0.178818411E+02  -0.185555015E+02  -0.182310031E+02  -0.145227687E+02  -0.105805922E+02  -0.143427687E+02  -0.150911480E+02  -0.137625787E+02
   0.186000447E+07   0.635863765E+04  -0.168069280E+02  -0.175801994E+02  -0.179881254E+02  -0.180916637E+02  -0.180883152E+02  -0.176374608E+02  -0.173449820E+02  -0.178755451E+02  -0.185496071E+02  -0.182249010E+02  -0.145147375E+02  -0.105709431E+02  -0.143346144E+02  -0.150833677E+02  -0.137544302E+02
   0.187002353E+07   0.635397010E+04  -0.168000837E+02  -0.175744949E+02  -0.179832617E+02  -0.180872451E+02  -0.180842227E+02  -0.176306753E+02  -0.173390378E+02  -0.178703501E+02  -0.185453276E+02  -0.182201482E+02  -0.145055854E+02  -0.105581021E+02  -0.143251819E+02  -0.150747880E+02  -0.137450108E+02
   0.188002360E+07   0.634543120E+04  -0.167937894E+02  -0.175702858E+02  -0.179805908E+02  -0.180853884E+02  -0.180829627E+02  -0.176244888E+02  -0.173343901E+02  -0.178670730E+02  -0.185437254E+02  -0.182176800E+02  -0.144950693E+02  -0.105408374E+02  -0.143141528E+02  -0.150653190E+02  -0.137340056E+02
   0.189001623E+07   0.633536818E+04  -0.167880634E+02  -0.175670171E+02  -0.179791349E+02  -0.180848921E+02  -0.180831695E+02  -0.176188897E+02  -0.173306046E+02  -0.178649027E+02  -0.185435289E+02  -0.182164629E+02  -0.144843678E+02  -0.105221827E+02  -0.143028467E+02  -0.150558516E+02  -0.137227277E+02
   0.190002432E+07   0.632495825E+04  -0.167829377E+02  -0.175644336E+02  -0.179784266E+02  -0.180851765E+02  -0.180841812E+02  -0.176138954E+02  -0.173274864E+02  -0.178634554E+02  -0.185441235E+02  -0.182160017E+02  -0.144740952E+02  -0.105036827E+02  -0.142919487E+02  -0.150468556E+02  -0.137118588E+02
   0.191000071E+07   0.631477916E+04  -0.167784659E+02  -0.175624475E+02  -0.179782741E+02  -0.180859947E+02  -0.180857107E+02  -0.176095520E+02  -0.173249775E+02  -0.178625804E+02  -0.185452450E+02  -0.182160909E+02  -0.144645906E+02  -0.104861331E+02  -0.142818325E+02  -0.150385992E+02  -0.137017711E+02
   0.192004579E+07   0.630492372E+04  -0.167745677E+02  -0.175609560E+02  -0.179785580E+02  -0.180872183E+02  -0.180876229E+02  -0.176057781E+02  -0.173229799E+02  -0.178621646E+02  -0.185467623E+02  -0.182166088E+02  -0.144558196E+02  -0.104695730E+02  -0.142724694E+02  -0.150310368E+02  -0.136924356E+02
   0.193002973E+07   0.629550082E+04  -0.167711605E+02  -0.175598499E+02  -0.179791493E+02  -0.180887082E+02  -0.180897712E+02  -0.176024898E+02  -0.173213898E+02  -0.178620869E+02  -0.185485329E+02  -0.182174237E+02  -0.144477534E+02  -0.104540596E+02  -0.142638371E+02  -0.150241262E+02  -0.136838297E+02
   0.194003122E+07   0.628637934E+04  -0.167680538E+02  -0.175589707E+02  -0.179799133E+02  -0.180903420E+02  -0.180920423E+02  -0.175994983E+02  -0.173200422E+02  -0.178622034E+02  -0.185504385E+02  -0.182184043E+02  -0.144401369E+02  -0.104392340E+02  -0.142556726E+02  -0.150176282E+02  -0.136756908E+02
   0.195001556E+07   0.627747830E+04  -0.167650958E+02  -0.175581863E+02  -0.179807323E+02  -0.180920098E+02  -0.180943321E+02  -0.175966526E+02  -0.173188006E+02  -0.178623905E+02  -0.185523716E+02  -0.182194346E+02  -0.144327780E+02  -0.104248402E+02  -0.142477789E+02  -0.150113608E+02  -0.136678220E+02
   0.196002314E+07   0.626864893E+04  -0.167621339E+02  -0.175573806E+02  -0.179815171E+02  -0.180936365E+02  -0.180965757E+02  -0.175938021E+02  -0.173175414E+02  -0.178625485E+02  -0.185542614E+02  -0.182204290E+02  -0.144254507E+02  -0.104105347E+02  -0.142399211E+02  -0.150051162E+02  -0.136599889E+02
   0.197000704E+07   0.625986678E+04  -0.167590730E+02  -0.175564642E+02  -0.179821827E+02  -0.180951396E+02  -0.180986924E+02  -0.175908520E+02  -0.173161740E+02  -0.178625907E+02  -0.185560262E+02  -0.182213031E+02  -0.144180476E+02  -0.103961907E+02  -0.142319904E+02  -0.149987901E+02  -0.136520828E+02
   0.198004344E+07   0.625099007E+04  -0.167558217E+02  -0.175553806E+02  -0.179826982E+02  -0.180965016E+02  -0.181006746E+02  -0.175877127E+02  -0.173146345E+02  -0.178624760E+02  -0.185576526E+02  -0.182220293E+02  -0.144104074E+02  -0.103815349E+02  -0.142238169E+02  -0.149922385E+02  -0.136439341E+02
