2893.7925184106825  1.260809812537447e-15  2.5493394135485013e-15
2896.5367374905595  6.195896084333543e-15  2.114579001063024e-15
2899.2809825402846  7.359135748160293e-15  2.181347855438002e-15
2902.025253496575  -8.226175401870504e-16  1.7613006170045685e-15
2904.7695502961433  4.303271267428431e-15  1.2256930970937045e-15
2907.513872875698  3.727035600444278e-15  1.0321291279871518e-15
2910.2582211719377  6.161324011074885e-16  1.1640980258396743e-15
2913.002595121558  -3.784799435798758e-15  1.6797227679753884e-15
2915.7469946612487  1.8025208401079885e-15  6.856717943738168e-16
2918.491419727691  6.809315333031858e-16  7.856590574786219e-16
2921.235870257563  -5.517548795612871e-16  5.454268552310278e-16
2923.9803461875354  2.4472962294271427e-17  5.272988149125689e-16
2926.724847454273  6.023326726797195e-17  4.581821969660389e-16
2929.469373994436  2.0325258342015362e-16  3.980217348268614e-16
2932.213925744678  -2.0262012774124047e-16  3.7274436585666175e-16
2934.9585026416453  6.863819785605304e-16  3.2749935982524445e-16
2937.7031046219795  1.980032820180023e-17  2.4867741189929504e-16
2940.447731622318  -1.967988805763455e-16  2.911966129668888e-16
2943.1923835792904  -4.900922574297133e-16  5.04787908487661e-16
2945.9370604295214  1.3332871660511064e-16  1.8431237085417583e-16
2948.6817621096275  -2.404807931827234e-17  2.0467852368218683e-16
2951.4264885562225  1.4102191981832743e-16  1.3821650699235178e-16
2954.1712397059146  3.4802442397509424e-16  1.594595639138976e-16
2956.9160154953047  5.397318821497227e-16  1.3011602651529349e-16
2959.660815860988  -4.710753089726702e-16  2.6593284946340443e-16
2962.4056407395533  8.684050443514044e-17  1.9105479281898946e-16
2965.1504900675864  3.350784782883779e-16  1.0412331836880288e-16
2967.895363781665  3.133676738914905e-16  1.0753893902393645e-16
2970.640261818362  1.657615022763594e-16  1.0586468575945972e-16
2973.385184114245  2.7431786683629117e-16  8.692062184054988e-17
2976.1301306058745  3.350656205929364e-17  1.0447962145457643e-16
2978.8751012298076  2.621962694957105e-16  8.554762113772006e-17
2981.620095922594  1.2147104943693849e-16  8.628672355864844e-17
2984.3651146207785  4.3937388331181633e-16  8.31475201944505e-17
2987.1101572608995  1.2990543030180443e-15  2.709476021485051e-16
2989.855223779493  -1.7698005661604858e-16  1.1892182437283786e-16
2992.600314113084  3.518397515371032e-16  7.202342326326997e-17
2995.345428198196  3.7208907999284214e-16  8.137065021190289e-17
2998.0905659713476  -7.863521686574923e-17  8.113043696201749e-17
3000.835727369048  1.0733235893775745e-17  8.839803258901859e-17
3003.5809123278045  -1.2565270445495397e-14  1.9956683866418474e-16
3006.326120784117  2.499561934216326e-16  7.150203477956555e-17
3009.071352674481  1.907105401003796e-16  6.920101022134514e-17
3011.816607935386  1.452300059700664e-16  6.744455505631534e-17
3014.561886503316  8.047638194294936e-17  6.996867353446375e-17
3017.3071883147504  2.4547800963883794e-16  6.2868790431019e-17
3020.052513306162  1.5796864034294222e-16  6.300810749850763e-17
3022.797861414018  3.4144964835938795e-16  6.212891376903727e-17
3025.5432325747815  1.6337746187186316e-16  6.84782131846514e-17
3028.2886267249105  3.267932784543692e-16  7.62621018627836e-17
3031.0340438008566  2.296943976997013e-16  6.551640366589913e-17
3033.779483739065  2.1004173778085405e-16  5.4064445427127084e-17
3036.5249464759786  2.4238491001326125e-16  6.080697327105912e-17
3039.2704319480326  2.4149608128401587e-16  8.030323649712976e-17
3042.015940091658  2.2594966503989005e-16  6.166099424012827e-17
3044.76147084328  8.141807082205933e-17  5.259343043915463e-17
3047.507024139318  -6.412009632213002e-17  7.112523746693539e-17
3050.2525999161885  4.791459447732276e-16  6.07800932098736e-17
3052.998198110299  1.2720626981812795e-16  5.843372591919548e-17
3055.743818658056  1.6459929697211014e-17  5.1026263976779016e-17
3058.489461495857  1.8832590412584232e-16  5.587462100985853e-17
3061.2351265600973  -6.880292458847032e-17  1.0702872740466884e-16
3063.980813787165  7.940493158678697e-17  4.6004778041492156e-17
3066.726523113444  1.1407851645021738e-16  6.74643213642329e-17
3069.4722544753135  1.316356433273371e-16  4.756799058053977e-17
3072.2180078091465  2.034878071165841e-16  4.5015493189935887e-17
3074.9637830513107  2.9145632782689575e-17  4.5676082935843185e-17
3077.7095801381693  2.9914199377037095e-17  4.510900099510133e-17
3080.455399006081  8.7838176898108e-17  4.6440288634001326e-17
3083.2012395914003  1.3974410775166776e-17  4.559976063508414e-17
3085.947101830473  6.604893592681587e-17  4.361037140955941e-17
3088.692985659642  1.184029637530854e-16  4.4998125705794723e-17
3091.4388910152475  1.306714021960065e-16  4.4726899800383486e-17
3094.1848178336204  1.693713978788796e-16  4.5928485519235166e-17
3096.9307660510885  1.4031439584446387e-16  5.0613166670147584e-17
3099.6767356039763  1.5765227353714274e-16  5.157071094723897e-17
3102.4227264286014  3.28113379302665e-16  5.565351232340065e-17
3105.168738461276  1.8300100503314856e-16  4.705617092216136e-17
3107.9147716383095  1.470441917244075e-16  4.786192424812681e-17
3110.660825896003  2.4536276021845215e-16  4.9321113862062205e-17
3113.406901170657  1.7257082660911632e-16  4.035342715697067e-17
3116.152997398563  3.037661319178894e-16  4.45087491117961e-17
3118.899114516011  1.089530605293775e-16  5.17341651450019e-17
3121.645252459285  1.5123662100151205e-16  9.248136666949476e-17
3124.391411164662  3.300618197791459e-16  5.83980446562924e-17
3127.1375905684167  1.054916802427575e-16  6.82379536126517e-17
3129.883790606819  1.7391144153660346e-16  5.774316907405661e-17
3132.630011216132  8.69758162941031e-18  1.4335734847258514e-16
3135.3762523326163  1.290213158403061e-16  5.172467242029224e-17
3138.1225138925256  1.724957980188353e-16  4.001888223002972e-17
3140.868795832111  3.3707684076918763e-16  4.579955453151775e-17
3143.615098087617  1.9792485206104247e-16  4.5839269127087646e-17
3146.3614205952845  1.705458487649171e-17  3.697171098078443e-17
3149.107763291349  1.7118253960856652e-16  4.4391031384462455e-17
3151.8541261120413  2.698892642594129e-17  3.820047454584215e-17
3154.6005089935893  4.1725144075489804e-17  3.7379408452377114e-17
3157.3469118722123  1.5681682111846418e-16  5.117029266503675e-17
3160.0933346841293  1.0683424731649027e-16  3.75469257613089e-17
3162.839777365553  1.279027426590078e-16  4.2898152358539e-17
3165.5862398526892  1.1940675073514095e-16  3.63059662452997e-17
3168.3327220817428  1.7284599320296576e-16  3.8533593413407055e-17
3171.0792239889115  9.606833282543501e-17  4.1985206351354026e-17
3173.825745510389  3.087451239307482e-16  4.289408262992524e-17
3176.572286582366  1.5976015473105447e-16  4.01542155956883e-17
3179.3188471410267  2.1280649302536148e-16  3.932312407319912e-17
3182.0654271225512  1.7103666465318157e-16  3.730661324975e-17
3184.8120264631157  1.7392961304030002e-16  3.767132379926953e-17
3187.5586450988903  2.331976994997655e-16  4.197277548110858e-17
3190.3052829660437  3.08897986907948e-16  4.6880616726398003e-17
3193.0519400007365  2.1480756865858037e-16  3.577373507812593e-17
3195.7986161391277  6.17285782048963e-17  5.375507987803225e-17
3198.54531131737  1.316653291851604e-16  7.794630114694567e-17
3201.2920254716123  1.684602286556504e-16  4.984566879315148e-17
3204.0387585379995  9.740403760880603e-17  4.194879055206699e-17
3206.7855104526716  1.581321309366521e-16  3.2022434604251e-17
3209.532281151764  1.7781398702240004e-16  3.365426673819356e-17
3212.2790705714083  2.093579174946238e-16  3.465149583235279e-17
3215.0258786477316  1.9328334973810532e-16  3.503968176765657e-17
3217.772705316856  1.7936751162211343e-16  3.566687326915143e-17
3220.5195505149  2.546904458522941e-16  3.874813759452371e-17
3223.2664141779774  -7.482390443843358e-18  9.341543886952434e-17
3226.013296242198  3.175635574748331e-16  3.516940684876204e-17
3228.7601966436673  1.5618562275408212e-16  5.0951371044118465e-17
3231.5071153184867  2.2848917569487685e-16  3.266784062283427e-17
3234.2540522027516  2.8189439126102367e-16  5.560214771608356e-17
3237.0010072325567  1.5985355334837906e-16  3.302561939882061e-17
3239.7479803439874  1.3623783802756573e-16  3.253196462669386e-17
3242.4949714731306  1.9006921704529988e-16  4.305985624212577e-17
3245.241980556065  1.0143083224005298e-16  1.125172494399705e-16
3247.9890075288663  3.6333822379608035e-16  3.774578659801155e-17
3250.7360523276056  1.9132248170010142e-16  3.3939217224328275e-17
3253.4831148883513  2.155211012724135e-16  3.07542343763092e-17
3256.2301951471663  2.2918318684625374e-16  3.284078754530686e-17
3258.9772930401095  2.6577088088202165e-16  4.6794378184455675e-17
3261.7244085032353  2.3897467595827664e-16  3.7135764057310845e-17
3264.4715414725956  1.8852279958140954e-16  3.2304443636127476e-17
3267.218691884237  1.314562576309764e-16  2.9592988601570504e-17
3269.9658596742015  1.4070598976389137e-16  3.363248541830381e-17
3272.7130447785285  1.8286181369711304e-16  9.061309653798249e-17
3275.4602471332523  5.43807963510588e-16  5.70831385022434e-17
3278.207466674404  3.193015632034805e-15  8.404944484715382e-17
3280.954703338009  2.3488803315535026e-16  4.2274861840812945e-17
3283.701957060091  2.222516250712962e-16  3.5728418815447825e-17
3286.449227776669  2.0892079555428139e-16  3.088471384613331e-17
3289.1965154237555  2.2407481055070186e-16  3.3411016081098864e-17
3291.943819937363  1.909305172037595e-16  3.2829941553115063e-17
3294.6911412534982  3.2875212155423356e-16  3.760914297826269e-17
3297.4384793081636  1.3669204621064105e-16  3.640084717028198e-17
3300.1858340373583  3.008365361209124e-16  4.528450556002793e-17
3302.9332053770763  1.9304324236733833e-16  3.467011070485768e-17
3305.6805932633097  1.7606556543547935e-16  5.493681326218266e-17
3308.4279976320463  6.2461744777749e-17  5.160118758972787e-17
3311.175418419269  1.3185351608323867e-16  4.918153871422246e-17
3313.9228555609557  1.9618177736960133e-16  4.233473317354953e-17
3316.6703089930847  1.6503858612565745e-16  3.2111028956577876e-17
3319.417778651627  2.3476013118031486e-16  2.8324315226318323e-17
3322.165264472551  1.9124013421576054e-16  3.168598385317873e-17
3324.912766391821  1.7575193825186865e-16  2.81000996494797e-17
3327.6602843453966  1.749104242536613e-16  2.8286566011883853e-17
3330.4078182692365  1.7305387361706768e-16  2.9858649235820484e-17
3333.1553680992924  1.8491950818889995e-16  3.599825174870752e-17
3335.902933771514  1.1796029639391642e-16  4.820680893272467e-17
3338.6505152218483  4.297999493183398e-16  1.176243551861015e-16
3341.398112386237  2.0731486079095664e-16  3.697986367290175e-17
3344.145725200616  2.7911877017198973e-16  3.1125793981300666e-17
3346.893353600923  2.527229736042796e-16  2.838342224416891e-17
3349.6409975230877  2.7306637565672294e-16  3.0999864004845594e-17
3352.388656903039  2.4316150687699544e-16  6.752764369448506e-17
3355.136331676699  1.848159716459879e-16  2.6692812310259558e-17
3357.8840217799884  2.43847497685153e-16  2.9132397892888727e-17
3360.631727148825  3.2647908217049704e-16  3.279670543610268e-17
3363.37944771912  1.7178018752730343e-16  2.7888175976543614e-17
3366.127183426785  2.6920602299961146e-16  2.9444321084437573e-17
3368.874934207724  2.4009522113815527e-16  2.929964057785715e-17
3371.6226999978408  2.2639777193876717e-16  2.665127957170327e-17
3374.3704807330346  2.6274474979883725e-16  3.259336458920245e-17
3377.1182763492  3.272706079899266e-16  4.968712143078222e-17
3379.8660867822296  3.2315667484423085e-16  3.205978677199144e-17
3382.613911968011  2.6664456889733486e-16  2.7812872762299237e-17
3385.3617518424307  2.759859129374513e-16  3.583889705806041e-17
3388.1096063413697  1.1393015333554987e-16  3.0701615763183474e-17
3390.8574754007072  2.2544419812861604e-16  3.050452840171414e-17
3393.6053589563157  1.9379326357235241e-16  3.8419416019095135e-17
3396.3532569440686  2.9828739046615057e-16  3.411911577266876e-17
3399.101169299833  6.562741924503763e-16  1.0977738240573355e-16
3401.849095959475  3.123548077750316e-16  2.831270822796298e-17
3404.597036858855  2.373755571631993e-16  2.7686061011311182e-17
3407.3449919338314  2.2110142050337384e-16  3.184170556657551e-17
3410.0929611202573  3.201184206019889e-16  5.2334347545135673e-17
3412.8409443539867  2.7946200380408494e-16  2.71161898175438e-17
3415.5889415708657  5.874675753276515e-17  4.640932230058979e-17
3418.3369527067416  3.2048801813456737e-16  3.654694050134865e-17
3421.0849776974524  2.666298252300967e-16  4.6598438949676564e-17
3423.83301647884  2.2472961995848864e-16  2.8784674324428585e-17
3426.581068986738  2.968026740585118e-16  3.232951051741028e-17
3429.329135156978  3.3850425010398873e-16  2.7525859287716812e-17
3432.077214925389  3.2266047235581744e-16  2.7215378699156258e-17
3434.8253082277984  2.813427875239039e-16  2.9563818904449434e-17
3437.5734150000258  2.3291344053662287e-16  2.81679251509866e-17
3440.3215351778913  2.8083340308524885e-16  2.4847868672021286e-17
3443.0696686972115  2.376980649578664e-16  2.4762291874569e-17
3445.8178154938  2.3781895244130735e-16  2.9400490438139613e-17
3448.565975503466  2.972441370427089e-16  6.175676852017211e-17
3451.314148662015  2.8565468815124073e-16  4.0953473899483985e-17
3454.0623349052544  3.627510182053963e-16  2.593113116733093e-17
3456.8105341689807  3.272084304776422e-16  2.7648584766478855e-17
3459.558746388994  1.406642072167901e-16  4.286370194038739e-17
3462.3069715010884  3.8760103258392656e-16  2.5708897515239983e-17
3465.0552094410546  3.682916460018439e-16  2.579175619719942e-17
3467.803460144682  3.6489837907558397e-16  2.560233018256355e-17
3470.5517235477564  3.3688199672153953e-16  2.679539759546716e-17
3473.2999995860605  3.852931589702342e-16  3.02395030421746e-17
3476.0482881953726  4.1231176298219267e-16  2.8728038922248305e-17
3478.7965893114715  4.087635154963648e-16  2.6071660881597564e-17
3481.544902870129  3.847707249302355e-16  2.599080232235928e-17
3484.293228807117  3.6186602759419317e-16  2.7799134946685956e-17
3487.0415670582033  4.220320219173074e-16  2.7354262324003912e-17
3489.7899175591533  3.9080803167112934e-16  3.0293587419345767e-17
3492.5382802457284  3.306540016883951e-16  4.496749686207311e-17
3495.2866550536896  4.058013883402573e-16  2.7690569145649596e-17
3498.0350419187916  3.6424282851396834e-16  2.5511646372009363e-17
3500.783440776789  3.968143423001096e-16  3.2531104358856806e-17
3503.531851563433  3.7118010776131987e-16  3.433655508592935e-17
3506.280274214471  2.3075295065575277e-16  4.925147848937504e-17
3509.028708665649  4.072858929896593e-16  2.6667118426072436e-17
3511.777154852709  3.882692621699714e-16  3.7293477621622655e-17
3514.5256127113917  2.971678776076764e-16  2.9087759918312915e-17
3517.2740821774332  3.5314754393788426e-16  2.5841987567077315e-17
3520.022563186568  3.423457033384646e-16  2.4721766641998802e-17
3522.771055674529  3.211230281472121e-16  2.4286373509136615e-17
3525.519559577044  3.7917932809651187e-16  2.60815936663931e-17
3528.26807482984  4.195202780611228e-16  2.6377388490358388e-17
3531.016601368639  4.773479055844435e-16  2.64356931430148e-17
3533.7651391291647  4.1137706212489755e-16  2.6060565080860777e-17
3536.513688047134  3.114532206120182e-16  4.82696680418338e-17
3539.2622480582627  3.8083837447260742e-16  3.085189462814966e-17
3542.0108190982637  3.827938029709032e-16  2.6029130563222537e-17
3544.7594011028486  3.9033681665465994e-16  2.9367767173107016e-17
3547.5079940077253  3.7891502734718893e-16  2.4856823729332785e-17
3550.256597748598  3.438197788947035e-16  2.403296176539732e-17
3553.0052122611714  4.1440147267240784e-16  2.557437147785926e-17
3555.7538374811443  4.0903750418502197e-16  2.4184168727010788e-17
3558.502473344216  4.3254769772945313e-16  2.5583384437813637e-17
3561.2511197860817  3.2454819115789206e-16  5.4087096941021236e-17
3563.999776742433  4.2322173263128527e-16  2.6169953099426015e-17
3566.7484441489614  3.7712813193561717e-16  2.4359413557225047e-17
3569.4971219413555  4.505245426668272e-16  2.8482826192740635e-17
3572.2458100553004  4.368896680264175e-16  2.779732838422814e-17
3574.994508426479  3.522745176670611e-16  2.3846839510127988e-17
3577.7432169905733  4.267462896643696e-16  2.862081977124918e-17
3580.4919356832597  3.9296674807676613e-16  2.401418641985359e-17
3583.240664440215  4.2418727078181637e-16  2.729057934300468e-17
3585.9894031971144  4.403143016415054e-16  3.661081869697244e-17
3588.7381518896273  3.3688197025175993e-16  2.354191426656134e-17
3591.4869104534228  4.4391967091171375e-16  2.6087024934295124e-17
3594.235678824169  4.522638718844547e-16  2.4872823056740785e-17
3596.984456937529  3.911724675966855e-16  3.1212998670198457e-17
3599.7332447291656  4.034203522557459e-16  2.3406807548390604e-17
3602.482042134739  4.52695752808436e-16  2.580924279534879e-17
3605.2308490899054  6.163898461838946e-16  1.2630727669351552e-16
3607.9796655303217  4.0336963615802903e-16  2.3787244455715993e-17
3610.728491391639  4.744998102388601e-16  2.5041412391746443e-17
3613.4773266095117  3.8488361854023675e-16  2.3525407050257232e-17
3616.226171119585  4.808748978372512e-16  2.748284093278038e-17
3618.975024857508  4.47008614781893e-16  2.995312980538629e-17
3621.723887758923  4.095905108204606e-16  2.3449539698835094e-17
3624.472759759474  4.0466448483658483e-16  2.984269788488801e-17
3627.2216407947994  4.0759421298245985e-16  2.434270947193515e-17
3629.970530800538  5.214454996096865e-16  3.698153788646156e-17
3632.719429712327  4.140748091223433e-16  2.4134582558010684e-17
3635.4683374657984  4.575932443699011e-16  2.5141263017848944e-17
3638.217253996585  4.838827118329512e-16  3.0914244194001455e-17
3640.966179240316  4.3887678085089647e-16  2.3777970106688048e-17
3643.715113132619  4.030885535684386e-16  2.3159995051578257e-17
3646.46405560912  4.613531177436445e-16  2.341993821343427e-17
3649.2130066054424  4.612542266470526e-16  2.5243343722882888e-17
3651.9619660572075  5.351708744265543e-16  3.7358222702528406e-17
3654.710933900036  4.462635963652236e-16  2.2752921274167436e-17
3657.459910069544  4.1189510218148236e-16  2.2149800728497872e-17
3660.208894501348  4.012726208086438e-16  2.7764651441309845e-17
3662.9578871310614  4.659788705477187e-16  2.3562630177822118e-17
3665.7068878942982  4.448249638438714e-16  2.430296675222443e-17
3668.4558967266644  3.7707820993128837e-16  2.128802576836665e-17
3671.2049135637717  4.0220962453676426e-16  4.062859044209766e-17
3673.9539383412234  4.501226784729142e-16  2.2519557079753976e-17
3676.7029709946264  3.5546547606782526e-16  2.5574318538300056e-17
3679.452011459582  3.115533028486922e-16  2.1513228998856663e-17
3682.201059671691  4.2654522521851513e-16  2.3096474197979085e-17
3684.9501155665507  4.597173383038189e-16  2.2836790770835412e-17
3687.699179079761  5.288519557004781e-16  3.1316085226857265e-17
3690.4482501469156  4.747414793266236e-16  2.3584168306611774e-17
3693.197328703608  4.467139531953669e-16  2.3385443127529585e-17
3695.9464146854293  4.801352263160614e-16  3.1339653256870126e-17
3698.6955080279695  4.106150765795035e-16  2.274329950928222e-17
3701.4446086668186  4.0661951628818656e-16  2.1750722478887988e-17
3704.1937165375616  4.976216921165344e-16  2.3234399947677402e-17
3706.942831575783  4.661690823839365e-16  2.214889248418529e-17
3709.6919537170675  3.7475019281531913e-16  2.1086602326126314e-17
3712.4410828969967  4.723634343272072e-16  2.2185313246555998e-17
3715.1902190511482  4.794760229248607e-16  2.754049045839165e-17
3717.9393621151016  4.39989226278217e-16  2.2015370644068204e-17
3720.6885120244347  5.168705687824476e-16  3.386062513996839e-17
3723.4376687147196  4.148781934030344e-16  2.094725548013563e-17
3726.1868321215325  3.9669829878633575e-16  2.871796055366496e-17
3728.936002180443  4.88905299572814e-16  2.4410824486656443e-17
3731.6851788270237  4.806054884204651e-16  2.149615599101357e-17
3734.4343619968417  4.542650401619022e-16  2.272086306234733e-17
3737.1835516254637  4.715220129732284e-16  2.2050188330411786e-17
3739.932747648457  5.34548464029e-16  2.4254793407710566e-17
3742.681950001384  4.720295445273114e-16  2.5551501588283393e-17
3745.43115861981  5.603696810908962e-16  2.1592074200483993e-17
3748.180373439294  5.385911934675672e-16  2.62122435354234e-17
3750.9295943953966  5.386508563507894e-16  2.2464953233158125e-17
3753.678821423675  5.504908946457469e-16  2.4419542970312752e-17
3756.4280544596872  5.568709056231439e-16  2.5218200740983726e-17
3759.1772934389887  5.367853721635802e-16  2.4014343584169976e-17
3761.926538297134  5.726678583311997e-16  2.20675657407203e-17
3764.6757889696746  5.140530725020838e-16  2.2390763404018244e-17
3767.425045392163  5.484882440606417e-16  2.243711364246204e-17
3770.1743075001477  5.623150510729433e-16  2.7956954390116173e-17
3772.9235752291793  4.915533363241678e-16  2.0601024145500535e-17
3775.672848514804  5.523611963328436e-16  2.1776454413383288e-17
3778.422127292569  5.573670022324389e-16  2.237961631808348e-17
3781.171411498017  3.832321689908869e-16  4.970883988494541e-17
3783.9207010666923  4.860242758214061e-16  3.3206987019928985e-17
3786.669995934139  4.679965030280784e-16  3.246988637608298e-17
3789.4192960358955  5.474168532614834e-16  2.4273868192636038e-17
3792.168601307503  4.844882345111197e-16  2.4674696756422084e-17
3794.9179116845007  5.511230459221946e-16  2.2079581366298245e-17
3797.667227102424  4.894830289824007e-16  2.185707309024393e-17
3800.4165474968104  4.798146243455256e-16  2.6775078730900407e-17
3803.165872803195  4.3354489373638786e-16  2.0814177008826875e-17
3805.9152029571105  5.264260003999825e-16  2.1589341195740118e-17
3808.6645378940907  4.497901121619985e-16  2.3257279763420618e-17
3811.413877549667  4.0799038617375845e-16  6.740923775288177e-17
3814.16322185937  5.01568759771621e-16  2.033537509177913e-17
3816.9125707587286  4.515183770117525e-16  1.8245602535837412e-17
3819.6619241832723  4.480292894833344e-16  1.9034873460917135e-17
3822.4112820685273  4.614370269449819e-16  1.8519771549868113e-17
3825.160644350019  5.037473814515183e-16  1.955004816386006e-17
3827.9100109632745  5.452890006188622e-16  2.216684561220014e-17
3830.6593818438164  4.807625600926216e-16  2.0173525624404555e-17
3833.4087569271687  4.2085941068095223e-16  1.8163079689206672e-17
3836.158136148854  4.965337312353455e-16  1.9823929319037593e-17
3838.9075194443926  4.558420037514528e-16  1.7927662432512855e-17
3841.656906749305  4.648531108212585e-16  1.797850591604404e-17
3844.4062979991113  4.572707895147932e-16  1.8357295079589222e-17
3847.155693129329  4.73748597893764e-16  3.510081703236914e-17
3849.9050920754744  -3.4879681743782767e-15  5.1476402431240573e-17
3852.654494773067  4.797811136045499e-16  2.019997555167155e-17
3855.403901157621  5.195648217689859e-16  1.9403235185660474e-17
3858.153311164651  5.217749424866092e-16  5.3849656400549114e-17
3860.9027247296713  5.222060822567616e-16  1.8552584150406867e-17
3863.652141788195  4.803911890848098e-16  1.7526094369259187e-17
3866.4015622757347  4.037853440466737e-16  1.6768517696530046e-17
3869.150986127801  4.51129641828522e-16  1.7525354869791565e-17
3871.900413279906  4.733884500725033e-16  2.04054654138032e-17
3874.649843667559  4.573463872053357e-16  1.7862502106939603e-17
3877.399277226269  4.055809480157344e-16  1.6707129314550036e-17
3880.1487138915445  3.6469241772050316e-16  3.294215687501401e-17
3882.898153598893  4.989919267273958e-16  1.756434320078364e-17
3885.6475962838226  4.803930949089411e-16  1.788638611994646e-17
3888.39704188184  4.680894119544804e-16  1.7812502347633223e-17
3891.1464903284473  4.075731165681173e-16  1.811857737225132e-17
3893.8959415591544  4.884479547208559e-16  1.9310587648332085e-17
3896.6453955094617  5.074979374628419e-16  1.7246871281685787e-17
3899.394852114876  5.570006604827514e-16  1.9758487752056073e-17
3902.144311310897  4.688069547399232e-16  1.6722777917378314e-17
3904.8937730330304  5.148830589112746e-16  2.7526266260578188e-17
3907.6432372167765  5.040353197140256e-16  3.2552482014607627e-17
3910.392703797636  5.075328775719162e-16  1.742071155921993e-17
3913.14217271111  5.1626022860439165e-16  1.769514527104665e-17
3915.8916438926994  5.40316281943769e-16  1.970346535207027e-17
3918.641117277904  5.302038732238551e-16  1.738175962417481e-17
3921.390592802222  5.218146471560117e-16  1.7398761494485224e-17
3924.1400704011517  6.167726521364944e-16  2.2914863385770617e-17
3926.889550010193  5.434465451399065e-16  1.7649570928017428e-17
3929.639031564842  6.11865737333491e-16  1.9648380086357914e-17
3932.3885150005967  6.528205744266245e-16  1.8188424503175297e-17
3935.138000252953  5.556321728773436e-16  1.6689267176402566e-17
3937.887487257409  5.695397656569896e-16  1.685349396085762e-17
3940.6369759494582  6.335658214696397e-16  1.7834720418886397e-17
3943.386466264597  6.568419692228327e-16  1.8153954232688987e-17
3946.1359581383217  6.962411773687744e-16  1.843039799340421e-17
3948.885451506127  7.20772575010239e-16  1.8880288293682e-17
3951.634946303506  6.82369901126742e-16  1.8147687512368285e-17
3954.3844424659533  7.11490946792904e-16  1.820257425473363e-17
3957.133939928963  8.008998801172461e-16  2.1832942577414534e-17
3959.8834386280287  6.3416324439525e-16  2.0509326211515357e-17
3962.632938498643  6.437502279900702e-16  2.130393741462972e-17
3965.3824394762987  6.129652919781455e-16  1.6979146004626874e-17
3968.131941496489  6.747846681445205e-16  1.8087189176727382e-17
3970.8814444947075  6.996005629771442e-16  2.6875051779733566e-17
3973.630948406444  7.080256291265683e-16  1.95974621565716e-17
3976.380453167191  6.817832778712092e-16  1.778424916663086e-17
3979.129958712442  6.923171384219412e-16  1.9374358310476248e-17
3981.879464977687  6.629994752328978e-16  2.3110597479757815e-17
3984.6289718984176  7.327995958283028e-16  2.5673783698237107e-17
3987.378479410125  7.386892276687988e-16  2.349751617436317e-17
3990.127987448301  7.215119818336328e-16  2.4526729034087373e-17
3992.8774959484354  6.44311334378067e-16  1.74611557280901e-17
3995.6270048460206  7.103278117376462e-16  1.817139285436283e-17
3998.376514076547  5.822420305526927e-16  1.6342279798687597e-17
4001.126023575504  6.537453755863485e-16  1.721027681138644e-17
4003.875533278385  6.767364967527904e-16  1.7361164481283464e-17
4006.6250431206777  6.756273600479201e-16  1.7293830325060422e-17
4009.3745530378733  7.09332442145504e-16  2.001285571658348e-17
4012.1240629654626  6.880343810219459e-16  1.9127803894015017e-17
4014.873572838937  7.225861784294289e-16  1.8182773205230334e-17
4017.6230825937873  7.115995787683894e-16  1.797490271729576e-17
4020.372592165502  7.314463548159457e-16  1.756896383168536e-17
4023.1221014895737  7.801977066720814e-16  2.7261459276720362e-17
4025.8716105014923  6.811876019510526e-16  1.9305225863601516e-17
4028.621119136748  6.513197908627674e-16  1.9804694061073285e-17
4031.370627330833  6.755098342264886e-16  1.85722032201754e-17
4034.1201350192373  6.203714833711411e-16  1.668060163230546e-17
4036.8696421374534  6.546817705095382e-16  1.7215559186778205e-17
4039.6191486209705  6.549105752844152e-16  1.700050877112667e-17
4042.3686544052803  6.190831991979265e-16  1.6074791095283874e-17
4045.1181594258755  6.257283844273733e-16  1.7487020011483407e-17
4047.8676636182463  6.63766569445755e-16  1.6583940614644964e-17
4050.6171669178875  6.684940191430588e-16  1.6751762326042172e-17
4053.366669260287  6.321055896081325e-16  1.7051889922056012e-17
4056.116170580941  6.615848772714239e-16  1.673097693160994e-17
4058.8656708153394  6.987354776402015e-16  1.7608723095008334e-17
4061.615169898976  6.122677074065224e-16  1.6692177197797527e-17
4064.364667767344  6.873850773283163e-16  1.7046495050100942e-17
4067.1141643559376  6.84825926096865e-16  1.764540193773016e-17
4069.863659600248  7.320753826584004e-16  3.2742740172939723e-17
4072.6131534357714  7.247555886260248e-16  2.2331199782469526e-17
4075.362645798002  7.059619921692608e-16  1.9240508906836592e-17
4078.1121366224343  7.412829484324099e-16  1.9177639871560112e-17
4080.8616258445622  6.787020896464532e-16  2.089239189882744e-17
4083.611113399883  7.021386442640325e-16  2.3552821470118465e-17
4086.36059922389  7.286120237557552e-16  2.154716325630604e-17
4089.110083252081  7.256828250054722e-16  1.7551515283844167e-17
4091.8595654199526  7.792207071069827e-16  1.7898457993806058e-17
4094.6090456630027  7.256944187689377e-16  1.77127162416185e-17
4097.358523916727  9.64285071164753e-16  6.657221038231691e-17
4100.108000116624  7.491005860795342e-16  1.8720357885328547e-17
4102.857474198194  7.079685073421878e-16  2.0312559796123693e-17
4105.606946096933  7.350381450892183e-16  1.6841342677659215e-17
4108.356415748342  7.543393260396245e-16  1.7812098683494297e-17
4111.105883087922  6.957295694686328e-16  1.6692567627046653e-17
4113.855348051171  6.784614264103146e-16  1.9926067926714416e-17
4116.604810573593  7.240835209219377e-16  1.7522434922229252e-17
4119.3542705906875  7.37145563061987e-16  1.733943610095292e-17
4122.103728037958  6.804600006493611e-16  1.6154709977346297e-17
4124.853182850907  7.078279528125028e-16  1.6378832909956315e-17
4127.602634965037  7.077606136931961e-16  1.6272791664149467e-17
4130.352084315853  7.188239227755213e-16  1.6707890320713585e-17
4133.1015308388605  7.212479722518855e-16  1.9235368806510188e-17
4135.850974469564  7.249780935933566e-16  1.6923101209403956e-17
4138.60041514347  7.666228390220287e-16  1.7163256556646477e-17
4141.349852796085  6.921807131778741e-16  1.61871437291645e-17
4144.099287362917  7.438057301866884e-16  1.668729517782224e-17
4146.848718779473  7.448241284870841e-16  1.7782588187960855e-17
4149.598146981262  7.476991171287428e-16  1.9428469157427017e-17
4152.347571903796  7.145332773812046e-16  2.506157740071926e-17
4155.0969934825835  8.060545520573214e-16  2.3314247692207145e-17
4157.846411653137  6.785037251181181e-16  2.155872062382463e-17
4160.595826350967  7.036348220862388e-16  2.663848143326585e-17
4163.3452375115885  6.83428745250369e-16  2.0340154541358462e-17
4166.094645070513  7.972537209166716e-16  1.9965456613122966e-17
4168.844048963256  7.736025493260818e-16  2.1239605924030247e-17
4171.593449125333  8.033945509655876e-16  1.9220688004998597e-17
4174.342845492261  8.258647468694681e-16  1.9144223429174195e-17
4177.092237999555  8.035082651387565e-16  2.065243507493193e-17
4179.841626582736  8.350152967382155e-16  2.311107889887432e-17
4182.591011177322  7.8880589075679e-16  1.7276079029115034e-17
4185.340391718832  7.530727470856833e-16  1.740656511638405e-17
4188.089768142788  7.728357727505798e-16  1.680017058985e-17
4190.83914038471  7.225127512608138e-16  1.7455906439922838e-17
4193.588508380122  6.917451264847486e-16  1.6585194620453594e-17
4196.3378720645505  7.240946382293704e-16  1.6747547013640602e-17
4199.087231373515  7.326602059689203e-16  1.6550017937724164e-17
4201.836586242547  7.676464783387855e-16  2.5737704907252755e-17
4204.585936607169  6.863462972976273e-16  1.650165930475309e-17
4207.335282402912  6.368615207882878e-16  1.5507869627580856e-17
4210.0846235653025  6.976362406329022e-16  1.6288890253230974e-17
4212.833960029872  7.365259055215113e-16  1.758485562561373e-17
4215.583291732153  6.799495044799628e-16  1.7935659614675018e-17
4218.332618607675  7.231683547619886e-16  2.3129683845211864e-17
4221.081940591973  6.576760849176413e-16  1.7647608855604452e-17
4223.831257620582  6.720754862022868e-16  1.8233744074575852e-17
4226.580569629038  6.020477255023072e-16  2.004777928204547e-17
4229.329876552878  7.194151517727048e-16  2.202137597531534e-17
4232.079178327637  6.632133510520795e-16  1.7100175763133183e-17
4234.82847488886  6.03392549124751e-16  1.5589159975098892e-17
4237.577766172083  6.533026420527306e-16  1.5569613697224264e-17
4240.327052112851  6.882916672796744e-16  1.6257692309247924e-17
4243.076332646703  6.835567531045228e-16  2.2814455239935255e-17
4245.825607709187  6.609856544008007e-16  1.5680505530143123e-17
4248.574877235847  6.797192703369872e-16  1.540164474767802e-17
4251.324141162232  6.842524318520146e-16  1.5579152744048225e-17
4254.073399423887  6.672738152429798e-16  1.5409211795921656e-17
4256.822651956365  6.485967916955817e-16  1.772028825294581e-17
4259.571898695214  7.017331272405345e-16  2.0489098336815985e-17
4262.321139575988  6.346685524878464e-16  1.7426490242979227e-17
4265.070374534241  5.880840697294648e-16  1.6785307808603648e-17
4267.819603505525  6.8278775306753435e-16  1.6400596031872585e-17
4270.5688264254  7.072817753802014e-16  1.5501680662237734e-17
4273.318043229422  6.572476980045675e-16  1.93872573649484e-17
4276.067253853153  7.367701157081166e-16  2.006716177815881e-17
4278.816458232149  6.591818448000635e-16  1.5003790725374716e-17
4281.565656301977  7.219850497346744e-16  1.5923959673668505e-17
4284.3148479981965  6.018821835006782e-16  2.3908993861355223e-17
4287.064033256375  7.479808614628233e-16  1.6690448390317292e-17
4289.81321201208  7.213360636783999e-16  2.015971501689737e-17
4292.562384200878  7.744969631788231e-16  1.8472746332044474e-17
4295.311549758339  7.143942051591773e-16  1.6598207825850278e-17
4298.060708620035  8.173765767654736e-16  2.480876288138223e-17
4300.80986072154  7.74401671972257e-16  1.6051462947648654e-17
4303.559005998425  8.163055036036705e-16  1.6643189907560912e-17
4306.308144386269  8.28326965768018e-16  1.6934512993134738e-17
4309.057275820649  8.027648349088633e-16  1.6365477251786034e-17
4311.806400237144  8.117871122256609e-16  1.6010494346270127e-17
4314.555517571335  8.88877751277202e-16  1.6777983951460103e-17
4317.3046277588055  8.377447015920649e-16  1.641668138606429e-17
4320.053730735139  8.696409448307873e-16  1.6752592815377176e-17
4322.802826435921  8.475679544396098e-16  1.6374649030418022e-17
4325.551914796739  8.7591004743165315e-16  1.6740410099315495e-17
4328.300995753184  8.657688395915326e-16  1.7042756193732202e-17
4331.050069240846  8.67896745173713e-16  1.6555548467299694e-17
4333.799135195319  8.487207133412637e-16  1.6377750957715096e-17
4336.548193552197  9.0471377337995e-16  1.678509108728316e-17
4339.297244247075  8.933496617222311e-16  1.6718795869909484e-17
4342.046287215554  9.31583352532751e-16  1.6982052717299385e-17
4344.795322393231  8.620415240466993e-16  1.659097330421289e-17
4347.544349715711  8.888566813326391e-16  1.6756065319588673e-17
4350.293369118595  1.007161455438292e-15  2.198561364871222e-17
4353.042380537491  8.52203871639051e-16  1.620202801710678e-17
4355.791383908005  9.124854065501267e-16  1.6692380684228216e-17
4358.540379165746  8.919738684576533e-16  1.7771358383964835e-17
4361.289366246327  9.60639335480652e-16  1.7114899578036627e-17
4364.038345085359  9.482306204407318e-16  1.7276444642945783e-17
4366.787315618458  9.033630734664347e-16  1.6551460540712457e-17
4369.536277781242  9.292488238509997e-16  1.7054174594907884e-17
4372.285231509329  9.223529168691656e-16  1.6685920403644176e-17
4375.034176738339  8.945993529567865e-16  1.673174786394084e-17
4377.783113403896  9.616180820512044e-16  2.492701662175281e-17
4380.5320414416265  9.068724368460276e-16  1.7685404392153225e-17
4383.280960787155  9.183100286119209e-16  1.6479700968212256e-17
4386.029871376111  8.998252286039903e-16  1.6455889747099305e-17
4388.778773144128  9.372479912466325e-16  1.686506456326601e-17
4391.5276660268355  8.853709819360101e-16  1.650573565081175e-17
4394.276549959872  9.437472750509148e-16  3.372744906134735e-17
4397.025424878872  8.562715885495622e-16  1.6886220534612667e-17
4399.774290719477  8.671990017834123e-16  1.9420089817821854e-17
4402.523147417327  8.27413917190437e-16  1.6114007728125013e-17
4405.271994908067  8.316085831639179e-16  1.59164869240147e-17
4408.0208331273425  8.456111495127748e-16  1.62811031749444e-17
4410.769662010802  8.750128807218332e-16  1.6072832331593348e-17
4413.518481494094  8.455199875918265e-16  1.6123503761557122e-17
4416.267291512871  7.860116878824757e-16  2.2075971550105064e-17
4419.016092002792  8.3879994582566615e-16  1.7476883740257182e-17
4421.764882899509  8.135869513594578e-16  1.5442505815576915e-17
4424.5136641386825  7.891256456943785e-16  1.5817953169447384e-17
4427.262435655974  8.427472252389896e-16  1.783884308705936e-17
4430.011197387047  7.274825582601508e-16  1.4796674626158788e-17
4432.759949267569  7.400396628845182e-16  1.5189403437386715e-17
4435.508691233205  7.816679970498372e-16  1.5218774966577248e-17
4438.257423219629  7.999413564583095e-16  1.528885370807274e-17
4441.006145162512  8.264618521577232e-16  1.542846194313699e-17
4443.75485699753  7.732719947184158e-16  1.52398713809198e-17
4446.503558660361  8.041720742716079e-16  1.5276533680029375e-17
4449.252250086683  8.001310918384944e-16  1.537969633730454e-17
4452.00093121218  7.75446963568728e-16  1.6230191862602986e-17
4454.749601972537  7.988587424726001e-16  1.549205062554639e-17
4457.498262303441  7.820954310508454e-16  1.5774511298037324e-17
4460.246912140581  7.949054279495274e-16  1.7126837448636992e-17
4462.995551419651  7.628287666930399e-16  1.535863631890894e-17
4465.744180076344  8.083207887077002e-16  1.6673517657539556e-17
4468.492798046357  7.895061223063733e-16  1.6740870011736074e-17
4471.24140526539  8.005781664159671e-16  1.5515701373620508e-17
4473.990001669146  8.030206388589341e-16  1.52074971861057e-17
4476.738587193329  8.311573793008274e-16  1.6487211768174238e-17
4479.487161773646  8.110317705949468e-16  1.564050638444251e-17
4482.235725345807  8.361573618489103e-16  1.8137322939292996e-17
4484.984277845524  8.582036177626901e-16  1.601234226775857e-17
4487.732819208512  8.741497012090219e-16  1.730025090097506e-17
4490.48134937049  8.285822403224967e-16  1.933939007726118e-17
4493.229868267176  8.824547533777319e-16  1.9839864126357815e-17
4495.978375834294  9.237739205173031e-16  1.931151574497937e-17
4498.72687200757  9.472270981564722e-16  2.3018792012293005e-17
4501.475356722731  8.094348487915765e-16  1.8047269440365573e-17
4504.223829915508  8.924312662491707e-16  1.6074675289998117e-17
4506.972291521634  8.95445644750212e-16  1.750237248365239e-17
4509.720741476847  9.745378755956742e-16  1.9925856168477602e-17
4512.469179716885  9.794138207565436e-16  2.1761503950992004e-17
4515.217606177491  9.024515601360706e-16  1.6339214267337475e-17
4517.966020794406  9.55561478840981e-16  1.698845344087932e-17
4520.71442350338  9.413700770844456e-16  1.6154534615056436e-17
4523.4628142401625  9.910810643302612e-16  1.6761595849164203e-17
4526.211192940507  1.0198885489872615e-15  1.6623158901847328e-17
4528.959559540168  9.909962551564173e-16  1.712370077975419e-17
4531.707913974903  1.0286748217491304e-15  1.8267117503569916e-17
4534.456256180475  9.730289922792591e-16  1.6348010505971364e-17
4537.204586092649  1.0079539606395668e-15  1.71737749853157e-17
4539.95290364719  9.930960498326607e-16  1.7047123707366482e-17
4542.701208779869  9.461012854904529e-16  1.6292215519293437e-17
4545.449501426459  1.090054217238966e-15  3.322093328505663e-17
4548.197781522735  9.621527715991587e-16  1.672903305717044e-17
4550.946049004476  4.789273361574531e-15  7.106979651355964e-17
4553.694303807464  1.0369089349085078e-15  1.9678997349550952e-17
4556.442545867483  1.0326018782508381e-15  1.7297362386276024e-17
4559.190775120322  1.0764486446445754e-15  1.719669781445077e-17
4561.93899150177  1.107502672435931e-15  2.232354836180341e-17
4564.687194947622  1.0734989582848807e-15  1.90819135679918e-17
4567.435385393672  1.085151802298495e-15  1.71655776254453e-17
4570.183562775724  1.0961922414912443e-15  1.7159522663361412e-17
4572.931727029578  1.0874074510370331e-15  1.7174650142403782e-17
4575.6798780910385  1.1072742911775275e-15  1.7605819691058273e-17
4578.428015895916  1.0973112778936856e-15  2.0343994313761933e-17
4581.176140380025  1.0683629740092042e-15  2.3476001206630665e-17
4583.924251479177  1.059133597136803e-15  1.775551952959567e-17
4586.6723491291905  1.1117210023923758e-15  1.8200833866724817e-17
4589.420433265889  1.0364354434909927e-15  1.673026390192192e-17
4592.168503825094  1.0773552875354927e-15  1.6795030489523596e-17
4594.916560742638  1.0931889802976357e-15  1.708303823520231e-17
4597.664603954347  1.1879195569317806e-15  1.7906185515088528e-17
4600.412633396058  1.1041566805360396e-15  1.7290882253357283e-17
4603.1606490036065  1.1541853051370756e-15  1.835610559386837e-17
4605.908650712835  1.0992946055396816e-15  1.7144120560355675e-17
4608.656638459586  1.0767131306823555e-15  1.7075452988985198e-17
4611.404612179707  1.1014156819187247e-15  1.833594885670168e-17
4614.152571809049  1.0954409232670297e-15  1.7453585371124014e-17
4616.900517283464  1.1460221309870307e-15  1.814683386197613e-17
4619.648448538812  1.0919293364259502e-15  1.7086527283026058e-17
4622.396365510948  1.0949985603103262e-15  1.7144613560000757e-17
4625.144268135743  1.0318763945315148e-15  1.9573626120040272e-17
4627.892156349058  1.08002037082491e-15  2.0784883234613922e-17
4630.640030086765  1.0814471978245598e-15  1.71893789203909e-17
4633.387889284738  1.0793247450169774e-15  2.2448457597382593e-17
4636.135733878855  1.1035221469794278e-15  1.7399924510426474e-17
4638.883563804996  1.0794466118822636e-15  1.7034585303641403e-17
4641.6313789990445  1.0098152096620397e-15  1.669897827679394e-17
4644.379179396888  1.1146201844125904e-15  1.9536406301197836e-17
4647.1269649344185  1.0630420189136711e-15  1.7763235470349564e-17
4649.874735547529  1.1233321300333377e-15  1.7384715967684074e-17
4652.622491172117  1.0220630943211001e-15  2.1707280607477928e-17
4655.370231744087  1.0389853302995833e-15  1.966474668195789e-17
4658.11795719934  1.0401474595032162e-15  1.746086786923693e-17
4660.865667473786  1.0591247032908568e-15  1.7326632999431825e-17
4663.613362503336  1.0899347855934031e-15  1.6959090183494913e-17
4666.361042223909  1.088700764468372e-15  1.7526230026879646e-17
4669.108706571421  1.0903298205841789e-15  1.775863303742132e-17
4671.856355481795  1.0844530001170101e-15  1.705935439990369e-17
4674.603988890957  1.0251206715024513e-15  1.6503891038045757e-17
4677.351606734839  1.0431684025095987e-15  1.664268036430358e-17
4680.099208949372  1.0633011051164125e-15  1.6999931399059107e-17
4682.846795470496  1.0754527456568411e-15  2.1951543733642387e-17
4685.594366234149  1.0218148077884362e-15  1.692465134587188e-17
4688.341921176276  1.0841058224877543e-15  2.5084900585270806e-17
4691.089460232826  1.0227047217786452e-15  1.6572226082809988e-17
4693.836983339753  1.0422023614332552e-15  1.6936627266780423e-17
4696.584490433009  1.073964932284989e-15  1.7554488170965682e-17
4699.331981448557  9.589172116197657e-16  1.6362108972331718e-17
4702.079456322356  9.700275310306635e-16  1.6041260501973424e-17
4704.826914990375  9.569770826540797e-16  1.607576220532301e-17
4707.5743573885875  1.01686421784909e-15  3.167240485624306e-17
4710.321783452965  9.280319551431505e-16  1.581112231194892e-17
4713.069193119485  9.600370950551542e-16  1.8026900944962067e-17
4715.816586324134  8.864696366081581e-16  1.566274596239161e-17
4718.563963002893  9.36518801758165e-16  1.618025166030071e-17
4721.311323091754  9.29046382976606e-16  1.9377885408608174e-17
4724.058666526712  9.173735278096128e-16  1.6212577878639282e-17
4726.805993243763  8.875563269399262e-16  1.579332469388923e-17
4729.553303178908  9.001234900805422e-16  1.7348940406191155e-17
4732.3005962681555  8.715627037694297e-16  1.8920841650393024e-17
4735.047872447511  8.336112337490231e-16  1.53451847077876e-17
4737.795131652992  8.488478212229111e-16  1.6080152880014443e-17
4740.542373820612  8.229813937774553e-16  1.5862736727811005e-17
4743.289598886394  8.23428733052724e-16  1.9420627485220014e-17
4746.036806786364  7.830166852601029e-16  1.475676812468678e-17
4748.78399745655  7.915936350048815e-16  1.4979928219063786e-17
4751.531170832986  7.969546124071724e-16  1.633234370516961e-17
4754.27832685171  8.095203991192491e-16  1.5694496463023845e-17
4757.025465448762  7.974204275886031e-16  2.1034250065157833e-17
4759.772586560188  7.634715588208875e-16  1.5094600267382012e-17
4762.519690122039  7.907194440637559e-16  1.51685005833075e-17
4765.266776070366  7.715824816259987e-16  1.7075950951713955e-17
4768.013844341228  7.784372016307725e-16  1.7372834345365362e-17
4770.7608948706875  8.817516630919516e-16  2.2953955941519873e-17
4773.50792759481  8.405632037240536e-16  1.5662003154201537e-17
4776.2549424496665  7.985930388249582e-16  1.5550477700933462e-17
4779.00193937133  7.741807551917012e-16  1.591493513318555e-17
4781.74891829588  8.500038623772356e-16  1.5577554631104773e-17
4784.495879159397  7.815369716408088e-16  1.4751005984539736e-17
4787.242821897973  8.860196503549292e-16  1.6291394956125785e-17
4789.989746447695  8.444961365168329e-16  1.540504942307929e-17
4792.736652744659  8.659469812082521e-16  1.9002062514739606e-17
4795.483540724965  8.912495494086325e-16  1.589922697335317e-17
4798.230410324717  8.301242638029732e-16  1.53225563549506e-17
4800.977261480025  8.762958709391275e-16  1.5703906469672248e-17
4803.724094126997  9.0179235674487e-16  1.606879569020409e-17
4806.470908201755  9.03446188574384e-16  1.581642619403661e-17
4809.217703640417  1.074049000305004e-15  3.0258945095292046e-17
4811.964480379112  1.0153681459060021e-15  1.8264376227019916e-17
4814.711238353964  1.038278057788626e-15  1.8295928204305138e-17
4817.457977501113  1.0848980100516738e-15  1.7663404696581765e-17
4820.204697756694  9.945675578202783e-16  1.6347259425975166e-17
4822.951399056853  1.0794231067179773e-15  1.69592738175909e-17
4825.698081337735  1.0988369959899274e-15  1.9268743889865477e-17
4828.444744535494  1.0237217965900608e-15  2.8950768882706783e-17
4831.191388586283  1.0818652085840298e-15  1.986016148422864e-17
4833.9380134262665  1.0777019357691565e-15  2.0051925111275584e-17
4836.68461899161  1.098885276867921e-15  1.9844039734089982e-17
4839.4312052184805  1.1592904785892957e-15  1.7380484111670252e-17
4842.177772043053  1.200142454118897e-15  1.778860344537534e-17
4844.924319401508  1.1772669529497553e-15  1.7596097010138325e-17
4847.670847230027  1.2207533068244359e-15  1.826157208474336e-17
4850.4173554648  1.2027074816414198e-15  2.2473193606420378e-17
4853.163844042017  1.3028742098519243e-15  2.331025406420974e-17
4855.910312897878  1.2488660127064509e-15  1.817889372815746e-17
4858.656761968582  1.2069295173670089e-15  1.9299950105654653e-17
4861.403191190337  1.1893419370084574e-15  1.762909159041184e-17
4864.149600499353  1.2603221333180653e-15  1.9289487925267082e-17
4866.895989831846  1.1979147574676182e-15  1.8180647351056073e-17
4869.642359124037  1.311076876913135e-15  1.8870722777078436e-17
4872.388708312149  1.1974084435233969e-15  1.7864847991156803e-17
4875.135037332413  1.2750202725352955e-15  2.2580679109576744e-17
4877.881346121063  1.2409044323978525e-15  1.8345368789517433e-17
4880.627634614338  1.2443620208885445e-15  1.8372281937927458e-17
4883.373902748482  1.2383438517983027e-15  1.7992888932535112e-17
4886.120150459743  1.2697974673825255e-15  1.8079072880557012e-17
4888.866377684374  1.1757451523808945e-15  1.8125525689396764e-17
4891.612584358633  1.2396764463825705e-15  1.880058116985639e-17
4894.358770418783  1.3524962586382782e-15  2.9435433855936303e-17
4897.104935801091  1.2381184351552147e-15  1.839134348796313e-17
4899.851080441832  1.1802383445287234e-15  1.8715464284824683e-17
4902.597204277281  1.4263132741673592e-15  7.101556655260066e-17
4905.343307243719  1.2229535807840473e-15  2.1020082115626024e-17
4908.089389277435  1.1542557147508161e-15  1.902802275108397e-17
4910.835450314721  1.1898211458983665e-15  1.7453012962140127e-17
4913.581490291871  1.170696624257022e-15  1.72599655507825e-17
4916.32750914519  1.127082580165543e-15  1.7287643014078526e-17
4919.0735068109825  1.0981066418311574e-15  1.6980416554047756e-17
4921.819483225559  1.1333610001288286e-15  1.849353338083793e-17
4924.5654383252395  1.1924358307274221e-15  1.8094754570609792e-17
4927.311372046342  1.1261911838676762e-15  1.690618040279357e-17
4930.057284325194  1.1472044831022793e-15  1.6989371611359255e-17
4932.803175098126  1.1922424954572113e-15  1.840966553853118e-17
4935.549044301477  1.1176737381874422e-15  2.1262207807087646e-17
4938.294891871585  1.1557121879036199e-15  1.7508007237985103e-17
4941.040717744799  1.2057056606373448e-15  2.7711068335589885e-17
4943.786521857468  1.1460267896682406e-15  1.797014642877358e-17
4946.532304145951  1.1932001720832007e-15  1.7486234189901482e-17
4949.278064546609  1.1434502213218114e-15  1.7040906617882533e-17
4952.023802995806  1.2067753573706086e-15  1.7455597074373743e-17
4954.769519429918  1.234927238526434e-15  1.7862963673721408e-17
4957.515213785318  1.2243636788829889e-15  1.7868403213429556e-17
4960.26088599839  1.248589350570054e-15  1.9693322463399145e-17
4963.006536005523  1.2432122795417652e-15  2.0687651462330763e-17
4965.752163743106  1.1891996354733187e-15  1.734722152487827e-17
4968.49776914754  1.1873565976592117e-15  1.7401198368569805e-17
4971.243352155223  1.1845570478894178e-15  1.7263041008299974e-17
4973.988912702566  1.1712676303425899e-15  1.779922444444052e-17
4976.734450725983  1.2527116481661038e-15  1.7826941612405948e-17
4979.479966161891  1.2348895455602813e-15  1.7866942412467788e-17
4982.225458946715  1.3032649037988454e-15  1.8187253215427922e-17
4984.970929016881  1.2513100203966347e-15  1.771334159016159e-17
4987.716376308826  1.221166129507104e-15  2.0498509997825613e-17
4990.461800758988  1.289339788025103e-15  2.7457658246211815e-17
4993.207202303813  1.2052786501528102e-15  2.0414640501157637e-17
4995.95258087975  1.2303811068194019e-15  1.885465065777653e-17
4998.697936423257  1.1956097690599024e-15  1.9854606139234735e-17
5001.443268870791  1.2804083549918985e-15  1.8304577204789993e-17
5004.188578158821  1.2356596043884538e-15  2.2506583579026694e-17
5006.933864223818  1.2141651904398103e-15  2.089625483228806e-17
5009.679127002259  1.207255942689057e-15  2.39546641573355e-17
5012.424366430624  1.2705676320898165e-15  1.9137486870265563e-17
5015.169582445406  1.2465548833098675e-15  1.7796132443310798e-17
5017.9147749830945  1.2308797974670978e-15  1.7555896032368247e-17
5020.659943980188  1.1516803110746894e-15  2.1396942293982734e-17
5023.405089373193  1.3065630383372168e-15  1.903065318543189e-17
5026.150211098618  1.3071961954652894e-15  1.8433746420523823e-17
5028.895309092977  1.1824803348609871e-15  1.718958571554404e-17
5031.640383292793  1.2086856284249038e-15  1.7523912266803272e-17
5034.385433634591  1.2430103680629635e-15  2.345387412524487e-17
5037.130460054902  1.1750450796499889e-15  1.731499291385198e-17
5039.875462490266  1.1032951421495636e-15  1.6507016126399982e-17
5042.620440877224  1.1831223858350059e-15  1.712243023033331e-17
5045.365395152324  1.1968796832060734e-15  1.7866947375551463e-17
5048.110325252121  1.1434789145628997e-15  1.8769417967459067e-17
5050.855231113174  1.2022295433009316e-15  1.7203250739263416e-17
5053.600112672049  1.1465447503154866e-15  1.736685217517538e-17
5056.3449698653185  1.0935957678705546e-15  1.651135717025466e-17
5059.089802629555  1.1100679117166906e-15  1.853741862105632e-17
5061.834610901346  1.0852107769674475e-15  1.6295342262008888e-17
5064.579394617276  1.1204937226270886e-15  1.6528511241797785e-17
5067.324153713939  1.1098892936439383e-15  1.666725920902498e-17
5070.068888127936  1.076898842656041e-15  1.6111671770075163e-17
5072.81359779587  1.1192995120505784e-15  1.8366979710200993e-17
5075.558282654354  1.0846778873645061e-15  1.6299071192210277e-17
5078.302942640004  1.093089348047215e-15  2.830276882572254e-17
5081.047577689442  1.1515093162984625e-15  1.7307566486312478e-17
5083.792187739296  1.016430325221859e-15  1.5837231440803545e-17
5086.536772726203  1.0687448799892975e-15  1.731642559067292e-17
5089.281332586798  1.111878550520565e-15  1.6575218822266205e-17
5092.02586725773  1.0251963750721122e-15  1.5863653243929714e-17
5094.770376675649  1.1207282448743596e-15  1.6400893816893104e-17
5097.514860777213  1.1048714704644039e-15  1.67163126737106e-17
5100.259319499086  1.153437904440242e-15  1.7096071292933695e-17
5103.003752777936  1.0339957768446635e-15  1.5936058017307705e-17
5105.748160550438  1.1165202910715186e-15  1.6761913486519423e-17
5108.4925427532735  1.1840868387245733e-15  1.689031673300603e-17
5111.23689932313  1.1450786421629078e-15  1.7225124703381768e-17
5113.9812301967  1.1137265646532371e-15  1.9225232535283963e-17
5116.725535310682  1.0770978953986458e-15  1.9206417485070832e-17
5119.469814601782  1.1581469841105024e-15  1.6745129991890722e-17
5122.214068006707  1.1445117653629579e-15  1.6412739043264864e-17
5124.958295462178  1.1774138072869855e-15  1.695032206900185e-17
5127.702496904916  1.2449723081270412e-15  1.787329681393342e-17
5130.446672271652  1.1655901802553811e-15  1.8230708321727782e-17
5133.190821499116  1.1868430839349388e-15  1.7423932600525213e-17
5135.934944524054  1.1856032394583953e-15  1.6774923383193657e-17
5138.67904128321  1.1830576936936593e-15  1.6785761103579327e-17
5141.423111713339  1.2160333216049797e-15  1.7355786152940644e-17
5144.167155751198  1.2165545645048963e-15  1.6940761515481963e-17
5146.911173333555  1.2527680817362146e-15  2.002750673959302e-17
5149.65516439718  1.1936740870171895e-15  1.682489832708166e-17
5152.39912887885  1.3152097624210255e-15  2.7573164092587495e-17
5155.14306671535  1.2160969549551422e-15  1.7022027047581623e-17
5157.88697784347  1.204996694060493e-15  1.697808555908158e-17
5160.630862200004  1.205966758543336e-15  1.7040929778939685e-17
5163.374719721758  1.255712474139989e-15  1.7350290364950842e-17
5166.118550345538  1.3019983777844634e-15  1.782118774406503e-17
5168.862354008159  1.2947391995473756e-15  1.7690559381730655e-17
5171.606130646443  1.286814782809338e-15  1.810594797865886e-17
5174.349880197216  1.2816642930944398e-15  2.267266490241509e-17
5177.093602597313  1.3121798196895785e-15  1.7887362193069272e-17
5179.8372977835725  1.3116309423397577e-15  1.7764130479772347e-17
5182.580965692842  1.2486119028222746e-15  1.776582950875053e-17
5185.324606261974  1.2839698108977476e-15  2.0973740148988354e-17
5188.068219427825  1.252850667448572e-15  2.041674153991352e-17
5190.811805127265  1.2700208723223638e-15  1.7763749976690572e-17
5193.5553632971605  1.2550580353091166e-15  2.000162260386501e-17
5196.298893874391  1.2764070772281876e-15  1.7477120313912372e-17
5199.042396795841  1.2419344244617137e-15  1.7167958251248228e-17
5201.785871998404  1.2515692124784946e-15  1.839744146343887e-17
5204.529319418973  1.304226286193979e-15  1.93326634445199e-17
5207.272738994452  1.2419286011102013e-15  1.763641710191661e-17
5210.016130661754  1.2998200208023621e-15  1.8688537901524857e-17
5212.759494357792  1.2732376916977988e-15  1.963425515021796e-17
5215.502830019492  1.3163169403622053e-15  2.0365739237704727e-17
5218.246137583782  1.286646646769308e-15  1.871235904880516e-17
5220.989416987597  1.341592509387392e-15  1.892933183220027e-17
5223.7326681678815  1.2748132788588102e-15  1.743175607475874e-17
5226.475891061583  1.2890007630879646e-15  1.7575397642489798e-17
5229.219085605658  1.3047651050275512e-15  1.8060414994660265e-17
5231.962251737066  1.3330191595326392e-15  1.7895789509149962e-17
5234.7053893927805  1.361574016613121e-15  1.838760132287194e-17
5237.448498509773  1.371934500107462e-15  2.3232863046099278e-17
5240.191579025025  1.3628857530110627e-15  1.7996414376305813e-17
5242.934630875528  1.2932933143064125e-15  2.0684130981643738e-17
5245.677653998276  1.3308212149136327e-15  2.1601107012773072e-17
5248.420648330268  1.305108365129426e-15  2.6427158293454478e-17
5251.163613808516  1.3135066968014524e-15  1.9941857150246828e-17
5253.906550370034  1.3598588807740494e-15  1.800229066737739e-17
5256.649457951844  1.4113912006146986e-15  1.8329422401668636e-17
5259.392336490973  1.3779152938689062e-15  1.873802977193513e-17
5262.135185924457  1.389103963827425e-15  1.825838082194013e-17
5264.8780061893385  1.4039950147983924e-15  1.8387857748861832e-17
5267.620797222667  1.3954445348332155e-15  2.0784398506774966e-17
5270.363558961494  1.372929552062249e-15  1.9389705819561557e-17
5273.106291342888  1.404982655214891e-15  1.9048604659085515e-17
5275.848994303912  1.3962955911869693e-15  2.002393993679169e-17
5278.591667781644  1.4030849837756861e-15  1.8163021786563793e-17
5281.334311713168  1.4205054868853917e-15  2.1491685906983332e-17
5284.076926035572  1.3952112831353653e-15  1.9210157995800796e-17
5286.819510685953  1.470814797029324e-15  2.0251813306299023e-17
5289.562065601413  1.4378187344481512e-15  1.8619901763017657e-17
5292.304590719063  1.4468942689615074e-15  1.9397769176172724e-17
5295.04708597602  1.4763802270092584e-15  1.982950782508865e-17
5297.789551309406  1.4111415376534954e-15  1.84099964107762e-17
5300.531986656354  1.4406210370750236e-15  1.8652064199594944e-17
5303.274391954001  1.3642945805605834e-15  2.4255895212286486e-17
5306.016767139491  1.4141444812097487e-15  2.4106387279651202e-17
5308.759112149977  1.4355038992824236e-15  2.0756669758280963e-17
5311.501426922615  1.3925107303412818e-15  1.8344900605290728e-17
5314.243711394572  1.4180449620527363e-15  1.889348182445222e-17
5316.98596550302  1.4558986527072942e-15  1.8763665753479373e-17
5319.72818918514  1.455249719590579e-15  1.8891150829486046e-17
5322.4703823781165  1.3983177764694205e-15  1.830755670935641e-17
5325.212545019143  1.4093117347291893e-15  1.906927093950954e-17
5327.954677045423  1.420575578861777e-15  1.8837915139623358e-17
5330.696778394161  1.3396441218504703e-15  1.81451778463898e-17
5333.438849002572  1.456129469185421e-15  1.909790296923245e-17
5336.18088880788  1.4552027092620064e-15  2.2187475496677212e-17
5338.922897747314  1.4520888043896628e-15  1.8755802574576444e-17
5341.664875758107  1.369041988471707e-15  1.8186321810058187e-17
5344.406822777506  1.3446302871736012e-15  1.8212234069927023e-17
5347.148738742759  1.4140138263776347e-15  2.1649722071734038e-17
5349.890623591122  1.3645616076972053e-15  2.3833687338388395e-17
5352.632477259863  1.4608163142408159e-15  2.0326726091294276e-17
5355.374299686253  1.3391615248287722e-15  2.439480861563619e-17
5358.116090807569  1.4438187982091454e-15  2.2135399514033324e-17
5360.857850561102  1.4421668722037627e-15  1.8995681643494372e-17
5363.599578884142  1.410870487110374e-15  1.9216887937264528e-17
5366.34127571399  1.410053735590984e-15  1.9701465229349117e-17
5369.082940987955  1.3720414380170528e-15  1.9366958352716348e-17
5371.824574643352  1.392469119847748e-15  1.8716796045610894e-17
5374.566176617504  1.4251993199626014e-15  1.8836490734608542e-17
5377.307746847742  1.3969703588085757e-15  1.8431809163529224e-17
5380.049285271401  1.4122696796601197e-15  1.8530351189902666e-17
5382.790791825827  1.4415390090316105e-15  1.9823762228553858e-17
5385.532266448371  1.4298886002377196e-15  1.8852165807216422e-17
5388.273709076393  1.3908991442800121e-15  2.122469020322469e-17
5391.015119647261  1.3907070795592222e-15  1.9845965410556006e-17
5393.756498098347  1.3295460068115414e-15  1.823581368046846e-17
5396.497844367033  1.4412354535991382e-15  4.008847128060258e-17
5399.239158390709  1.4163323673125065e-15  1.9077706527396355e-17
5401.980440106771  1.3079477254477408e-15  2.0274033031913423e-17
5404.721689452622  1.3448794207392123e-15  1.8512265712989807e-17
5407.462906365674  1.2808913755300703e-15  1.8022847759960557e-17
5410.204090783345  1.3427627912831423e-15  1.8566545304785537e-17
5412.945242643063  1.3682686473908637e-15  2.3210492773613394e-17
5415.68636188226  1.2736933954234217e-15  4.728284157105804e-17
5418.427448438377  1.3099219474895537e-15  2.3004870562583737e-17
5421.168502248864  1.4250137138680343e-15  1.9463892339978988e-17
5423.909523251176  1.4054921455326644e-15  2.4653812100316345e-17
5426.650511382778  1.3215681211187083e-15  1.820218217112328e-17
5429.391466581142  1.363914474525503e-15  1.8888742079542292e-17
5432.132388783745  1.3681205225042127e-15  2.2951221282414773e-17
5434.873277928075  1.3697077563682488e-15  2.1331662854401274e-17
5437.614133951627  1.3620029329217869e-15  2.5256997166073688e-17
5440.3549567919  1.1217022268845836e-15  1.9459291561411968e-17
5443.095746386407  1.3831663687462908e-15  1.8600734333863578e-17
5445.8365026726615  1.3693840839032793e-15  1.856178074445723e-17
5448.577225588193  1.3162487542099513e-15  1.835622139915413e-17
5451.317915070529  1.29879341687029e-15  1.8309718959477622e-17
5454.058571057214  1.2738436378924409e-15  1.8493247176345988e-17
5456.799193485792  1.2490824296244743e-15  2.0329761844142345e-17
5459.539782293821  1.2914526058329105e-15  1.821968200416245e-17
5462.280337418863  1.2787333473387032e-15  1.8432030847933388e-17
5465.020858798491  1.2320735845271344e-15  1.7762328880398206e-17
5467.761346370283  1.3041645586679479e-15  1.9252529495498213e-17
5470.501800071825  1.2765141210168969e-15  1.8390800857481295e-17
5473.242219840712  1.3204175327389818e-15  1.9987075805612652e-17
5475.982605614546  1.2569924468024086e-15  2.2659114029620247e-17
5478.722957330937  1.26747119727201e-15  1.92312841886454e-17
5481.463274927502  1.3155267645015354e-15  1.8736745987624448e-17
5484.20355834187  1.292833269536935e-15  1.8870294297521134e-17
5486.943807511671  1.3439139090584609e-15  1.9083430617235222e-17
5489.684022374549  1.2715087915733344e-15  1.861894057914587e-17
5492.424202868152  1.324925653842506e-15  1.9034373843827153e-17
5495.164348930137  1.204016994577875e-15  2.4234150288343692e-17
5497.904460498169  1.2300494934205518e-15  2.3049624342445306e-17
5500.644537509922  1.363565179313879e-15  1.8818698079632526e-17
5503.384579903078  1.3961163378395066e-15  1.8916130029623922e-17
5506.124587615324  1.3070783520065027e-15  1.8465930363797037e-17
5508.864560584358  1.2856118901451185e-15  1.8152227079569976e-17
5511.604498747885  1.3115604268468988e-15  2.1568899908442707e-17
5514.344402043617  1.2210808968167865e-15  2.0018450766246788e-17
5517.084270409276  1.337270523774027e-15  2.1808807101501462e-17
5519.82410378259  1.292965724314062e-15  2.147953793250738e-17
5522.563902101298  1.3197352476999684e-15  1.908010204245031e-17
5525.303665303143  1.343247611766327e-15  1.8767250754254178e-17
5528.043393325878  1.2638745894988498e-15  2.2140607443169957e-17
5530.783086107268  1.3193247543579053e-15  1.8518137040977708e-17
5533.522743585077  1.3555057666998728e-15  2.448060378877019e-17
5536.2623656970845  1.3639215684264363e-15  1.8774692071044705e-17
5539.001952381075  1.3044746786057613e-15  2.0097985836504987e-17
5541.741503574848  1.3039256953768221e-15  2.208814599436062e-17
5544.481019216199  1.3451628591391873e-15  1.9459905329426482e-17
5547.220499242938  1.2772420399559435e-15  1.8342324764863238e-17
5549.959943592887  1.290086235809871e-15  1.995415401723304e-17
5552.699352203869  1.3101901392964781e-15  1.991770678508273e-17
5555.4387250137215  1.3214024202984017e-15  2.213026933987427e-17
5558.178061960285  1.225655721764907e-15  2.381167606228836e-17
5560.91736298141  1.2603331447463796e-15  2.354703616891427e-17
5563.656628014959  1.3089599298197097e-15  1.8409508374214795e-17
5566.395856998794  1.288046686352001e-15  1.8489278363766958e-17
5569.135049870797  1.2191272153239444e-15  1.8232357719869213e-17
5571.87420656885  1.3258479668429475e-15  1.9578584240631915e-17
5574.613327030842  1.2970830455915467e-15  2.6298750083884196e-17
5577.352411194676  1.2872622279637251e-15  2.5467058028270305e-17
5580.091458998263  1.2859049635448685e-15  2.2945761890371923e-17
5582.830470379518  1.2946652959227277e-15  2.211920828072321e-17
5585.569445276366  1.3058349076399333e-15  1.8294608024047504e-17
5588.308383626744  1.325016498126099e-15  2.2599914367541052e-17
5591.0472853685915  1.3076565578721221e-15  1.8743111969618656e-17
5593.786150439862  1.3406790902328967e-15  1.9502554761809716e-17
5596.524978778512  1.2831670354219874e-15  1.84532496850066e-17
5599.263770322509  1.2561441433057334e-15  1.8069121897788e-17
5602.002525009831  1.3506113985724006e-15  1.876360950519772e-17
5604.741242778462  1.3554256162072388e-15  1.9829499553282525e-17
5607.479923566396  1.2651705499081489e-15  2.3196338058971387e-17
5610.218567311632  1.2434780361289663e-15  2.211647362161811e-17
5612.95717395218  1.2138713758862315e-15  1.9759740103503478e-17
5615.695743426061  1.3183755480613885e-15  1.9019032952186744e-17
5618.434275671299  1.2985948935232772e-15  1.9355824501671385e-17
5621.172770625933  2.5547132023241194e-15  6.483238485632188e-17
5623.911228228003  1.2606776753976753e-15  1.8044422284697165e-17
5626.649648415566  1.3107330874156681e-15  1.9674935892743317e-17
5629.388031126679  1.1965098474454785e-15  2.0470500007923343e-17
5632.126376299413  1.2595025230624783e-15  2.2573849906439506e-17
5634.864683871848  1.2919673901066043e-15  1.890540149707911e-17
5637.602953782068  1.3416296729579528e-15  2.036171583120527e-17
5640.341185968171  1.2546113313085584e-15  1.8126475292739975e-17
5643.079380368261  1.2510646984792862e-15  1.8365373325451415e-17
5645.817536920449  1.302741649195679e-15  2.3094809910586628e-17
5648.555655562858  1.3765089015391088e-15  2.6370330985372085e-17
5651.293736233618  1.28806934448334e-15  1.823440747342712e-17
5654.031778870868  1.2371507000129766e-15  1.8976722663854657e-17
5656.769783412754  1.283330936297281e-15  2.2497840279952008e-17
5659.507749797434  1.302173713604545e-15  2.012764853327114e-17
5662.245677963073  1.324839256481886e-15  1.9198211853394306e-17
5664.983567847843  1.2958862939161948e-15  1.8959621531870735e-17
5667.721419389929  1.355383476318113e-15  2.2166736424359282e-17
5670.459232527521  1.2600489651925758e-15  2.454829032393418e-17
5673.197007198817  1.2845421934118547e-15  2.005576984676273e-17
5675.93474334203  1.2583376410017669e-15  2.2485779986620985e-17
5678.672440895375  1.2396945517118181e-15  2.6503154685052175e-17
5681.410099797078  1.3085460483458575e-15  2.485715294721658e-17
5684.147719985376  1.3117807612923033e-15  1.856971836961529e-17
5686.885301398512  1.2134496593576172e-15  2.2562907961296655e-17
5689.622843974739  1.356975898258951e-15  1.9556685461095186e-17
5692.36034765232  1.251472756601626e-15  2.1142890312449322e-17
5695.097812369527  1.2724590566610353e-15  2.0878556475901877e-17
5697.835238064636  1.224850934585897e-15  2.0110514314062715e-17
5700.572624675937  1.3435061685734763e-15  1.995576701942752e-17
5703.309972141729  1.7536618621279924e-15  8.525354850379011e-17
