  0.0000000000E+000  0.0000000000E+000
  1.0000183927E+004 -3.0980690704E+033
  2.0000694165E+004  4.3069123511E+033
  3.0000379616E+004  8.4168983124E+037
  4.0000361619E+004  9.8164804605E+037
  5.0000375319E+004  9.8488652189E+037
  6.0000327104E+004  9.4415362000E+037
  7.0000369443E+004  8.3358252972E+037
  8.0000222867E+004  7.3651320404E+037
  9.0000214983E+004  6.6681068239E+037
  1.0000045603E+005  6.0708975636E+037
  1.1000047485E+005  5.5825487276E+037
  1.2000033226E+005  5.1769304025E+037
  1.3000032476E+005  4.8414281122E+037
  1.4000033555E+005  4.5592979364E+037
  1.5000039646E+005  4.3186000306E+037
  1.6000039400E+005  4.1090944033E+037
  1.7000026435E+005  3.9246348732E+037
  1.8000038030E+005  3.7606643446E+037
  1.9000044648E+005  3.6136397218E+037
  2.0000044464E+005  3.4797258861E+037
  2.1000042007E+005  3.3563078228E+037
  2.2000029290E+005  3.2434744637E+037
  2.3000029962E+005  3.1395271519E+037
  2.4000037549E+005  3.0432289229E+037
  2.5000029071E+005  2.9539293851E+037
  2.6000034720E+005  2.8708374845E+037
  2.7000031833E+005  2.7932459387E+037
  2.8000055998E+005  2.7206924451E+037
  2.9000038678E+005  2.6525581126E+037
  3.0000039148E+005  2.5885080598E+037
  3.1000046816E+005  2.5281630244E+037
  3.2000056507E+005  2.4711959397E+037
  3.3000044470E+005  2.4175191621E+037
  3.4000034262E+005  2.3693430241E+037
  3.5000044301E+005  2.3806359997E+037
  3.6000035254E+005  4.2250784117E+037
  3.7000033878E+005  2.9256982398E+038
  3.8000057764E+005  1.0346934353E+039
  3.9000049737E+005  1.6159715471E+039
  4.0000037214E+005  2.2351308056E+039
  4.1000030099E+005  3.0118649311E+039
  4.2000031610E+005  4.1284958213E+039
  4.3000051989E+005  5.9043527377E+039
  4.4000038084E+005  9.2005262759E+039
  4.5000050700E+005  1.7846237186E+040
  4.6000051694E+005  4.0561270444E+041
  4.7000047511E+005  3.4203975944E+042
  4.8000048311E+005  1.7019724455E+043
  4.9000048165E+005  6.2608023026E+043
  5.0000037935E+005  1.4542839504E+044
  5.1000047181E+005  7.8772410782E+043
  5.2000036128E+005  3.3994885480E+043
  5.3000039652E+005  2.5546543426E+043
  5.4000059726E+005  2.0320680586E+043
  5.5000050841E+005  1.7044810221E+043
  5.6000044430E+005  1.4810802389E+043
  5.7000051557E+005  1.3202159406E+043
  5.8000031704E+005  1.1985479346E+043
  5.9000029784E+005  1.1034628826E+043
  6.0000057342E+005  1.0273112573E+043
  6.1000050678E+005  9.6488404345E+042
  6.2000052087E+005  9.1282217572E+042
  6.3000034027E+005  8.6881941622E+042
  6.4000052196E+005  8.3111731496E+042
  6.5000051662E+005  7.9851816139E+042
  6.6000034142E+005  7.6999465092E+042
  6.7000056959E+005  7.4480347282E+042
  6.8000038543E+005  7.2255216717E+042
  6.9000047094E+005  7.0258360555E+042
  7.0000052043E+005  6.8448731670E+042
  7.1000056007E+005  6.6786615286E+042
  7.2000061188E+005  6.5257369660E+042
  7.3000058718E+005  6.3832007294E+042
  7.4000063031E+005  6.2475540352E+042
  7.5000036082E+005  6.1177469704E+042
  7.6000067479E+005  5.9940403928E+042
  7.7000055181E+005  5.8758965907E+042
  7.8000068573E+005  5.7610664056E+042
  7.9000051716E+005  5.6485981501E+042
  8.0000044419E+005  5.5391312989E+042
  8.1000061551E+005  5.4335822781E+042
  8.2000039214E+005  5.3311580902E+042
  8.3000040410E+005  5.2303008817E+042
  8.4000064422E+005  5.1308507387E+042
  8.5000037158E+005  5.0338317081E+042
  8.6000046166E+005  4.9400796729E+042
  8.7000062208E+005  4.8490764649E+042
  8.8000047676E+005  4.7596188611E+042
  8.9000059292E+005  4.6714080400E+042
  9.0000046000E+005  4.5852942465E+042
  9.1000041386E+005  4.5021355359E+042
  9.2000056618E+005  4.4217869220E+042
  9.3000066474E+005  4.3433426826E+042
  9.4000054140E+005  4.2660893883E+042
  9.5000042542E+005  4.1902659229E+042
  9.6000062040E+005  4.1168324107E+042
  9.7000063525E+005  4.0462979810E+042
  9.8000043488E+005  3.9781150095E+042
  9.9000063558E+005  3.9114445806E+042
  1.0000004874E+006  3.8460634962E+042
  1.0100005314E+006  3.7821916415E+042
  1.0200003913E+006  3.7203147068E+042
  1.0300003879E+006  3.6609281151E+042
  1.0400004669E+006  3.6038371033E+042
  1.0500006783E+006  3.5481209408E+042
  1.0600004327E+006  3.4932401867E+042
  1.0700004561E+006  3.4393361181E+042
  1.0800007029E+006  3.3869992496E+042
  1.0900005865E+006  3.3366941905E+042
  1.1000005210E+006  3.2882051587E+042
  1.1100004088E+006  3.2410934668E+042
  1.1200005140E+006  3.1948865983E+042
  1.1300006231E+006  3.1495132365E+042
  1.1400005835E+006  3.1050576824E+042
  1.1500007149E+006  3.0617601720E+042
  1.1600003800E+006  3.0198786439E+042
  1.1700004629E+006  2.9794689091E+042
  1.1800007528E+006  2.9402510873E+042
  1.1900006632E+006  2.9017886984E+042
  1.2000007092E+006  2.8639167404E+042
  1.2100004055E+006  2.8267017845E+042
  1.2200006469E+006  2.7903516265E+042
  1.2300005688E+006  2.7550064591E+042
  1.2400006952E+006  2.7206910659E+042
  1.2500005970E+006  2.6873112451E+042
  1.2600006440E+006  2.6547239748E+042
  1.2700005462E+006  2.6227663697E+042
  1.2800004137E+006  2.5913978873E+042
  1.2900005024E+006  2.5605969051E+042
  1.3000007147E+006  2.5303912768E+042
  1.3100005000E+006  2.5007712106E+042
  1.3200006207E+006  2.4718066819E+042
  1.3300005505E+006  2.4435451640E+042
  1.3400006338E+006  2.4160091758E+042
  1.3500007052E+006  2.3890683530E+042
  1.3600007395E+006  2.3625916900E+042
  1.3700004608E+006  2.3365030890E+042
  1.3800005439E+006  2.3108375109E+042
  1.3900004826E+006  2.2856216306E+042
  1.4000006652E+006  2.2608639969E+042
  1.4100004524E+006  2.2365787776E+042
  1.4200004885E+006  2.2128016214E+042
  1.4300005451E+006  2.1895364529E+042
  1.4400005313E+006  2.1667167503E+042
  1.4500006793E+006  2.1442620380E+042
  1.4600007187E+006  2.1220989162E+042
  1.4700004263E+006  2.1002603109E+042
  1.4800004038E+006  2.0788123785E+042
  1.4900005999E+006  2.0577878812E+042
  1.5000005467E+006  2.0370978626E+042
  1.5100005377E+006  2.0167042287E+042
  1.5200007881E+006  1.9966325924E+042
  1.5300005675E+006  1.9769222699E+042
  1.5400008350E+006  1.9575163593E+042
  1.5500005968E+006  1.9384757971E+042
  1.5600004171E+006  1.9196496063E+042
  1.5700004724E+006  1.9010908920E+042
  1.5800006819E+006  1.8828763678E+042
  1.5900006925E+006  1.8650505701E+042
  1.6000006858E+006  1.8475414857E+042
  1.6100007182E+006  1.8302628217E+042
  1.6200005855E+006  1.8132219942E+042
  1.6300005331E+006  1.7964672308E+042
  1.6400004882E+006  1.7800201242E+042
  1.6500005228E+006  1.7638412536E+042
  1.6600005572E+006  1.7478669411E+042
  1.6700006122E+006  1.7320930463E+042
  1.6800005755E+006  1.7166330624E+042
  1.6900006467E+006  1.7016315619E+042
  1.7000004834E+006  1.6871492919E+042
  1.7100006606E+006  1.6730753290E+042
  1.7200005956E+006  1.6592542292E+042
  1.7300004757E+006  1.6456029519E+042
  1.7400007448E+006  1.6321468347E+042
  1.7500008350E+006  1.6189735900E+042
  1.7600007136E+006  1.6060909207E+042
  1.7700005277E+006  1.5933740493E+042
  1.7800007117E+006  1.5807771037E+042
  1.7900004660E+006  1.5684263995E+042
  1.8000006478E+006  1.5565814147E+042
  1.8100004900E+006  1.5455828906E+042
  1.8200005804E+006  1.5354494868E+042
  1.8300007813E+006  1.5258639359E+042
  1.8400007910E+006  1.5164188143E+042
  1.8500008648E+006  1.5069397711E+042
  1.8600008329E+006  1.4974570753E+042
  1.8700006692E+006  1.4880876516E+042
  1.8800006784E+006  1.4787957429E+042
  1.8900006640E+006  1.4694596434E+042
  1.9000006996E+006  1.4600195924E+042
  1.9100007448E+006  1.4506702707E+042
  1.9200006978E+006  1.4419255764E+042
  1.9300008764E+006  1.4343478571E+042
  1.9400007273E+006  1.4281042204E+042
  1.9500005934E+006  1.4227582812E+042
  1.9600008376E+006  1.4175665815E+042
  1.9700005045E+006  1.4119970337E+042
  1.9800008254E+006  1.4059605525E+042
  1.9872000000E+006  1.4014246422E+042
