  0.0000000000E+000  0.0000000000E+000
  1.0000695801E+004 -3.0982717458E+033
  2.0003524210E+004  4.3439101526E+033
  3.0008874329E+004  8.4233960994E+037
  4.0014133462E+004  9.8154969416E+037
  5.0014061099E+004  9.8489052120E+037
  6.0023548552E+004  9.4408605176E+037
  7.0014451627E+004  8.3344173213E+037
  8.0016475961E+004  7.3639179518E+037
  9.0037431217E+004  6.6483823238E+037
  1.0004028797E+005  6.0686845617E+037
  1.1004611934E+005  5.5808817600E+037
  1.2004889636E+005  5.1739135672E+037
  1.3004303239E+005  4.8392726211E+037
  1.4003477012E+005  4.5628592670E+037
  1.5004631815E+005  1.4586249176E+039
  1.6002635419E+005  8.9610516811E+039
  1.7001581147E+005  3.8874041160E+044
  1.8000660400E+005  4.5544258214E+044
  1.9001405925E+005  1.7331237128E+044
  2.0001631016E+005  1.1970746109E+044
  2.1001042653E+005  9.6201393230E+043
  2.2001419202E+005  8.3199552563E+043
  2.3001320181E+005  7.4776266912E+043
  2.4001636022E+005  6.8813103205E+043
  2.5001649927E+005  6.4424735630E+043
  2.6002367379E+005  6.1280390242E+043
  2.7002933476E+005  5.8770041915E+043
  2.8002752521E+005  5.6656650495E+043
  2.9003741974E+005  5.4805699643E+043
  3.0003158083E+005  5.3201355006E+043
  3.1002743262E+005  5.1727472341E+043
  3.2003006164E+005  5.0293866433E+043
  3.3004508724E+005  4.8884061059E+043
  3.4003291983E+005  4.7505511451E+043
  3.5002944206E+005  4.6154086991E+043
  3.6003032391E+005  4.4845551379E+043
  3.7003175383E+005  4.3575087704E+043
  3.8003772351E+005  4.2348252916E+043
  3.9004271290E+005  4.1163250221E+043
  4.0002916210E+005  4.0027951628E+043
  4.1003443977E+005  3.8934432235E+043
  4.2003944903E+005  3.7890799024E+043
  4.3002794247E+005  3.6893991977E+043
  4.4002329346E+005  3.5941243388E+043
  4.5004608332E+005  3.5029818176E+043
  4.6003339267E+005  3.4163511193E+043
  4.7003041280E+005  3.3334486217E+043
  4.8002770661E+005  3.2540733222E+043
  4.9004847072E+005  3.1777522664E+043
  5.0004137579E+005  3.1049947340E+043
  5.1002381427E+005  3.0352438196E+043
  5.2004541125E+005  2.9680785819E+043
  5.3003759470E+005  2.9037943787E+043
  5.4002781815E+005  2.8419258233E+043
  5.5002905150E+005  2.7823654196E+043
  5.6002527346E+005  2.7250008495E+043
  5.7002812998E+005  2.6696341647E+043
  5.8004290732E+005  2.6162009634E+043
  5.9003985313E+005  2.5646944640E+043
  6.0003201666E+005  2.5149679008E+043
  6.1002707474E+005  2.4669268092E+043
  6.2002363847E+005  2.4204562390E+043
  6.3003694709E+005  2.3754401034E+043
  6.4003132028E+005  2.3319631488E+043
  6.5002783333E+005  2.2898521840E+043
  6.6002893939E+005  2.2490159182E+043
  6.7004047909E+005  2.2093669027E+043
  6.8002439899E+005  2.1709869670E+043
  6.9003488382E+005  2.1336158927E+043
  7.0002541133E+005  2.0973803990E+043
  7.1004260012E+005  2.0620657569E+043
  7.2004736806E+005  2.0277694432E+043
  7.3002989996E+005  1.9944815723E+043
  7.4002637855E+005  1.9620293861E+043
  7.5004507229E+005  1.9303512179E+043
  7.6004479950E+005  1.8995460191E+043
  7.7004158999E+005  1.8695247205E+043
  7.8002621332E+005  1.8402756694E+043
  7.9004458271E+005  1.8116402530E+043
  8.0003640024E+005  1.7837633286E+043
  8.1003534778E+005  1.7565213620E+043
  8.2004735811E+005  1.7298785819E+043
  8.3003033640E+005  1.7039282974E+043
  8.4004011666E+005  1.6785045440E+043
  8.5004441929E+005  1.6536725935E+043
  8.6003483221E+005  1.6294085134E+043
  8.7004645168E+005  1.6056711761E+043
  8.8004330888E+005  1.5824913155E+043
  8.9004197525E+005  1.5598140487E+043
  9.0003100482E+005  1.5376497997E+043
  9.1002963582E+005  1.5159339511E+043
  9.2003427003E+005  1.4946619306E+043
  9.3004469765E+005  1.4738280217E+043
  9.4004989558E+005  1.4534465561E+043
  9.5003780065E+005  1.4335332305E+043
  9.6002761907E+005  1.4140381885E+043
  9.7003698056E+005  1.3949356641E+043
  9.8003132114E+005  1.3762766128E+043
  9.9002585242E+005  1.3580349845E+043
  1.0000416791E+006  1.3401542757E+043
  1.0100258299E+006  1.3227439648E+043
  1.0200437846E+006  1.3056732608E+043
  1.0300426947E+006  1.2890185753E+043
  1.0400268839E+006  1.2727585779E+043
  1.0500271493E+006  1.2568470630E+043
  1.0600429296E+006  1.2412862151E+043
  1.0700408130E+006  1.2261199824E+043
  1.0800448748E+006  1.2113035958E+043
  1.0900426884E+006  1.1968610349E+043
  1.1000462316E+006  1.1827731253E+043
  1.1100258494E+006  1.1690798871E+043
  1.1200411097E+006  1.1556821879E+043
  1.1300383600E+006  1.1426515139E+043
  1.1400311907E+006  1.1299806950E+043
  1.1500324519E+006  1.1176359788E+043
  1.1600404957E+006  1.1056145063E+043
  1.1700430803E+006  1.0939092062E+043
  1.1800288278E+006  1.0825478465E+043
  1.1900436340E+006  1.0714756866E+043
  1.2000465454E+006  1.0607129505E+043
  1.2100398098E+006  1.0502562909E+043
  1.2200347430E+006  1.0400762629E+043
  1.2300317234E+006  1.0301950280E+043
  1.2400275390E+006  1.0205869855E+043
  1.2500344771E+006  1.0112272445E+043
  1.2600384204E+006  1.0021515682E+043
  1.2700316656E+006  9.9332381075E+042
  1.2800345370E+006  9.8474198546E+042
  1.2900405132E+006  9.7642407490E+042
  1.3000312708E+006  9.6832970551E+042
  1.3100296902E+006  9.6047147431E+042
  1.3200387690E+006  9.5282914940E+042
  1.3300249905E+006  9.4542924524E+042
  1.3400244069E+006  9.3824032093E+042
  1.3500389163E+006  9.3125313372E+042
  1.3600441048E+006  9.2448183687E+042
  1.3700470097E+006  9.1792415124E+042
  1.3800290271E+006  9.1158595841E+042
  1.3900463785E+006  9.0542784188E+042
  1.4000299222E+006  8.9948762360E+042
  1.4100454115E+006  8.9372172737E+042
  1.4200420487E+006  8.8815482308E+042
  1.4300373954E+006  8.8277744746E+042
  1.4400360665E+006  8.7757796914E+042
  1.4500313430E+006  8.7254992109E+042
  1.4600296776E+006  8.6768408077E+042
  1.4700255415E+006  8.6297685813E+042
  1.4800353344E+006  8.5841460486E+042
  1.4900370144E+006  8.5400146133E+042
  1.5000299177E+006  8.4972865092E+042
  1.5100249829E+006  8.4558694106E+042
  1.5200405512E+006  8.4155778571E+042
  1.5300469655E+006  8.3764551146E+042
  1.5400416385E+006  8.3384527958E+042
  1.5500402869E+006  8.3014431126E+042
  1.5600397806E+006  8.2653650379E+042
  1.5700431184E+006  8.2300950487E+042
  1.5800274007E+006  8.1956555519E+042
  1.5900444551E+006  8.1618070779E+042
  1.6000282917E+006  8.1287211971E+042
  1.6100264815E+006  8.0961741138E+042
  1.6200338098E+006  8.0641004218E+042
  1.6300424171E+006  8.0324941430E+042
  1.6400360212E+006  8.0013328350E+042
  1.6500399084E+006  7.9704780380E+042
  1.6600360470E+006  7.9399429469E+042
  1.6700404823E+006  7.9096255214E+042
  1.6800302759E+006  7.8795650728E+042
  1.6900416310E+006  7.8495906800E+042
  1.7000354274E+006  7.8198067009E+042
  1.7100271593E+006  7.7901400980E+042
  1.7200404673E+006  7.7604734498E+042
  1.7300295352E+006  7.7309074267E+042
  1.7400384601E+006  7.7013164989E+042
  1.7500380357E+006  7.6717641142E+042
  1.7600282610E+006  7.6422148802E+042
  1.7700295773E+006  7.6126084073E+042
  1.7800386965E+006  7.5829376303E+042
  1.7900426049E+006  7.5532402061E+042
  1.8000335042E+006  7.5235235985E+042
  1.8100435142E+006  7.4936686739E+042
  1.8200338593E+006  7.4637824700E+042
  1.8300348823E+006  7.4337640445E+042
  1.8400338438E+006  7.4036305646E+042
  1.8500411349E+006  7.3733188535E+042
  1.8600362544E+006  7.3428462894E+042
  1.8700316063E+006  7.3121340837E+042
  1.8800335176E+006  7.2812047398E+042
  1.8900397484E+006  7.2500028556E+042
  1.9000349172E+006  7.2185322829E+042
  1.9100366678E+006  7.1867205829E+042
  1.9200315935E+006  7.1545889314E+042
  1.9300298953E+006  7.1220303410E+042
  1.9400391356E+006  7.0890874311E+042
  1.9500435663E+006  7.0557139506E+042
  1.9600263177E+006  7.0220380524E+042
  1.9700347958E+006  6.9877740682E+042
  1.9800416246E+006  6.9530885571E+042
  1.9872000000E+006  6.9279201536E+042
