57887.59 14.108 0.008
57887.92 14.183 0.052
57888.66 14.396 0.04
57888.8 14.392000000000001 0.013
57890.12 14.767000000000001 0.045
57891.85 15.153 0.074
57902.08 17.098 0.036
57902.27 17.034 0.164
57904.06 17.688 0.033
57906.59 18.175 0.044
57908.45 18.377 0.047
57910.18 18.589000000000002 0.052
57912.69 18.763 0.058
57914.29 18.953 0.066
57918.82 19.186 0.091
57920.8 19.303 0.08
57949.17 19.876 0.09
57962.59 20.087 0.102
57977.93 20.876 0.365
57981.18 20.677 0.242
57990.3 20.669 0.155
58004.65 22.265 0.596
58009.43 21.979 0.728
