   0.000000000E+00   0.500000000E+04   0.156603325E+02   0.144522435E+02   0.137265478E+02   0.134515085E+02   0.133283305E+02   0.148064925E+02   0.147785225E+02   0.139655065E+02   0.129394205E+02   0.134447205E+02   0.187924325E+02   0.241256425E+02   0.190862125E+02   0.179799025E+02   0.195665825E+02
   0.100007445E+05   0.500000000E+04               NaN               NaN               NaN               NaN               NaN               NaN               NaN               NaN               NaN               NaN               NaN               NaN               NaN               NaN               NaN
   0.200048533E+05   0.500000000E+04  -0.467099278E+00  -0.167518828E+01  -0.240088398E+01  -0.267592328E+01  -0.279910128E+01  -0.132093928E+01  -0.134890928E+01  -0.216192528E+01  -0.318801128E+01  -0.268271128E+01   0.266500072E+01   0.799821072E+01   0.295878072E+01   0.185247072E+01   0.343915072E+01
   0.300000277E+05   0.500000000E+04  -0.341344701E+01  -0.462153601E+01  -0.534723171E+01  -0.562227101E+01  -0.574544901E+01  -0.426728701E+01  -0.429525701E+01  -0.510827301E+01  -0.613435901E+01  -0.562905901E+01  -0.281347012E+00   0.505186299E+01   0.124329885E-01  -0.109387701E+01   0.492802988E+00
   0.400014929E+05   0.500000000E+04  -0.346350746E+01  -0.467159646E+01  -0.539729216E+01  -0.567233146E+01  -0.579550946E+01  -0.431734746E+01  -0.434531746E+01  -0.515833346E+01  -0.618441946E+01  -0.567911946E+01  -0.331407457E+00   0.500180254E+01  -0.376274568E-01  -0.114393746E+01   0.442742543E+00
   0.500291756E+05   0.500000000E+04  -0.347548087E+01  -0.468356987E+01  -0.540926557E+01  -0.568430487E+01  -0.580748287E+01  -0.432932087E+01  -0.435729087E+01  -0.517030687E+01  -0.619639287E+01  -0.569109287E+01  -0.343380872E+00   0.498982913E+01  -0.496008715E-01  -0.115591087E+01   0.430769128E+00
   0.600111494E+05   0.500000000E+04  -0.342863397E+01  -0.463672297E+01  -0.536241867E+01  -0.563745797E+01  -0.576063597E+01  -0.428247397E+01  -0.431044397E+01  -0.512345997E+01  -0.614954597E+01  -0.564424597E+01  -0.296533967E+00   0.503667603E+01  -0.275396704E-02  -0.110906397E+01   0.477616033E+00
   0.700067140E+05   0.500000000E+04  -0.326482156E+01  -0.447291056E+01  -0.519860626E+01  -0.547364556E+01  -0.559682356E+01  -0.411866156E+01  -0.414663156E+01  -0.495964756E+01  -0.598573356E+01  -0.548043356E+01  -0.132721564E+00   0.520048844E+01   0.161058436E+00  -0.945251564E+00   0.641428436E+00
   0.800215362E+05   0.500000000E+04  -0.313338836E+01  -0.434147736E+01  -0.506717306E+01  -0.534221236E+01  -0.546539036E+01  -0.398722836E+01  -0.401519836E+01  -0.482821436E+01  -0.585430036E+01  -0.534900036E+01  -0.128836105E-02   0.533192164E+01   0.292491639E+00  -0.813818361E+00   0.772861639E+00
   0.900480790E+05   0.500000000E+04  -0.302863554E+01  -0.423672454E+01  -0.496242024E+01  -0.523745954E+01  -0.536063754E+01  -0.388247554E+01  -0.391044554E+01  -0.472346154E+01  -0.574954754E+01  -0.524424754E+01   0.103464458E+00   0.543667446E+01   0.397244458E+00  -0.709065542E+00   0.877614458E+00
   0.100045484E+06   0.500000000E+04  -0.292829552E+01  -0.413638452E+01  -0.486208022E+01  -0.513711952E+01  -0.526029752E+01  -0.378213552E+01  -0.381010552E+01  -0.462312152E+01  -0.564920752E+01  -0.514390752E+01   0.203804482E+00   0.553701448E+01   0.497584482E+00  -0.608725518E+00   0.977954482E+00
   0.110021726E+06   0.500000000E+04  -0.283867126E+01  -0.404676026E+01  -0.477245596E+01  -0.504749526E+01  -0.517067326E+01  -0.369251126E+01  -0.372048126E+01  -0.453349726E+01  -0.555958326E+01  -0.505428326E+01   0.293428738E+00   0.562663874E+01   0.587208738E+00  -0.519101262E+00   0.106757874E+01
   0.120006650E+06   0.500000000E+04  -0.275876686E+01  -0.396685586E+01  -0.469255156E+01  -0.496759086E+01  -0.509076886E+01  -0.361260686E+01  -0.364057686E+01  -0.445359286E+01  -0.547967886E+01  -0.497437886E+01   0.373333141E+00   0.570654314E+01   0.667113141E+00  -0.439196859E+00   0.114748314E+01
   0.130013384E+06   0.500000000E+04  -0.268838022E+01  -0.389646922E+01  -0.462216492E+01  -0.489720422E+01  -0.502038222E+01  -0.354222022E+01  -0.357019022E+01  -0.438320622E+01  -0.540929222E+01  -0.490399222E+01   0.443719784E+00   0.577692978E+01   0.737499784E+00  -0.368810216E+00   0.121786978E+01
   0.140023673E+06   0.500000000E+04  -0.262607467E+01  -0.383416367E+01  -0.455985937E+01  -0.483489867E+01  -0.495807667E+01  -0.347991467E+01  -0.350788467E+01  -0.432090067E+01  -0.534698667E+01  -0.484168667E+01   0.506025326E+00   0.583923533E+01   0.799805326E+00  -0.306504674E+00   0.128017533E+01
   0.150005907E+06   0.500000000E+04  -0.256986845E+01  -0.377795745E+01  -0.450365315E+01  -0.477869245E+01  -0.490187045E+01  -0.342370845E+01  -0.345167845E+01  -0.426469445E+01  -0.529078045E+01  -0.478548045E+01   0.562231548E+00   0.589544155E+01   0.856011548E+00  -0.250298452E+00   0.133638155E+01
   0.160013680E+06   0.500000000E+04  -0.251821823E+01  -0.372630723E+01  -0.445200293E+01  -0.472704223E+01  -0.485022023E+01  -0.337205823E+01  -0.340002823E+01  -0.421304423E+01  -0.523913023E+01  -0.473383023E+01   0.613881770E+00   0.594709177E+01   0.907661770E+00  -0.198648230E+00   0.138803177E+01
   0.170001054E+06   0.500000000E+04  -0.247030218E+01  -0.367839118E+01  -0.440408688E+01  -0.467912618E+01  -0.480230418E+01  -0.332414218E+01  -0.335211218E+01  -0.416512818E+01  -0.519121418E+01  -0.468591418E+01   0.661797819E+00   0.599500782E+01   0.955577819E+00  -0.150732181E+00   0.143594782E+01
   0.180023652E+06   0.500000000E+04  -0.242508997E+01  -0.363317897E+01  -0.435887467E+01  -0.463391397E+01  -0.475709197E+01  -0.327892997E+01  -0.330689997E+01  -0.411991597E+01  -0.514600197E+01  -0.464070197E+01   0.707010026E+00   0.604022003E+01   0.100079003E+01  -0.105519974E+00   0.148116003E+01
   0.190017269E+06   0.500000000E+04  -0.238256856E+01  -0.359065756E+01  -0.431635326E+01  -0.459139256E+01  -0.471457056E+01  -0.323640856E+01  -0.326437856E+01  -0.407739456E+01  -0.510348056E+01  -0.459818056E+01   0.749531444E+00   0.608274144E+01   0.104331144E+01  -0.629985563E-01   0.152368144E+01
   0.200038658E+06   0.500000000E+04  -0.234253812E+01  -0.355062712E+01  -0.427632282E+01  -0.455136212E+01  -0.467454012E+01  -0.319637812E+01  -0.322434812E+01  -0.403736412E+01  -0.506345012E+01  -0.455815012E+01   0.789561879E+00   0.612277188E+01   0.108334188E+01  -0.229681211E-01   0.156371188E+01
   0.210005167E+06   0.500000000E+04  -0.230509994E+01  -0.351318894E+01  -0.423888464E+01  -0.451392394E+01  -0.463710194E+01  -0.315893994E+01  -0.318690994E+01  -0.399992594E+01  -0.502601194E+01  -0.452071194E+01   0.827000060E+00   0.616021006E+01   0.112078006E+01   0.144700599E-01   0.160115006E+01
   0.220026135E+06   0.500000000E+04  -0.226955391E+01  -0.347764291E+01  -0.420333861E+01  -0.447837791E+01  -0.460155591E+01  -0.312339391E+01  -0.315136391E+01  -0.396437991E+01  -0.499046591E+01  -0.448516591E+01   0.862546092E+00   0.619575609E+01   0.115632609E+01   0.500160917E-01   0.163669609E+01
   0.230035372E+06   0.500000000E+04  -0.223600185E+01  -0.344409085E+01  -0.416978655E+01  -0.444482585E+01  -0.456800385E+01  -0.308984185E+01  -0.311781185E+01  -0.393082785E+01  -0.495691385E+01  -0.445161385E+01   0.896098150E+00   0.622930815E+01   0.118987815E+01   0.835681504E-01   0.167024815E+01
   0.240030527E+06   0.500000000E+04  -0.220558532E+01  -0.341367432E+01  -0.413937002E+01  -0.441440932E+01  -0.453758732E+01  -0.305942532E+01  -0.308739532E+01  -0.390041132E+01  -0.492649732E+01  -0.442119732E+01   0.926514680E+00   0.625972468E+01   0.122029468E+01   0.113984680E+00   0.170066468E+01
   0.250024899E+06   0.500000000E+04  -0.346389498E+01  -0.467198398E+01  -0.539767968E+01  -0.567271898E+01  -0.579589698E+01  -0.431773498E+01  -0.434570498E+01  -0.515872098E+01  -0.618480698E+01  -0.567950698E+01  -0.331794980E+00   0.500141502E+01  -0.380149803E-01  -0.114432498E+01   0.442355020E+00
   0.260031393E+06   0.500000000E+04  -0.688068921E+01  -0.808877821E+01  -0.881447391E+01  -0.908951321E+01  -0.921269121E+01  -0.773452921E+01  -0.776249921E+01  -0.857551521E+01  -0.960160121E+01  -0.909630121E+01  -0.374858921E+01   0.158462079E+01  -0.345480921E+01  -0.456111921E+01  -0.297443921E+01
   0.270003594E+06   0.500000000E+04  -0.776541192E+01  -0.897350092E+01  -0.969919662E+01  -0.997423592E+01  -0.100974139E+02  -0.861925192E+01  -0.864722192E+01  -0.946023792E+01  -0.104863239E+02  -0.998102392E+01  -0.463331192E+01   0.699898085E+00  -0.433953192E+01  -0.544584192E+01  -0.385916192E+01
   0.280019740E+06   0.508551293E+04  -0.902162147E+01  -0.102000171E+02  -0.109040639E+02  -0.111673622E+02  -0.112818633E+02  -0.987385536E+01  -0.987994996E+01  -0.106737351E+02  -0.116757339E+02  -0.111827668E+02  -0.594618148E+01  -0.707546209E+00  -0.566027807E+01  -0.674161573E+01  -0.517145854E+01
   0.290014592E+06   0.280560104E+05  -0.164163367E+02  -0.160557782E+02  -0.156172339E+02  -0.152854985E+02  -0.149696740E+02  -0.171937465E+02  -0.160581124E+02  -0.158287279E+02  -0.156098880E+02  -0.157551436E+02  -0.168044958E+02  -0.168161978E+02  -0.168143788E+02  -0.167324396E+02  -0.168417446E+02
   0.300002725E+06   0.709943532E+05  -0.179936750E+02  -0.174897719E+02  -0.169387473E+02  -0.165493602E+02  -0.161909524E+02  -0.187653553E+02  -0.175221404E+02  -0.171923953E+02  -0.168557111E+02  -0.170649980E+02  -0.187849060E+02  -0.193481808E+02  -0.187987259E+02  -0.186200899E+02  -0.189961878E+02
   0.310001279E+06   0.465801501E+05  -0.174271790E+02  -0.169693544E+02  -0.164549794E+02  -0.160845174E+02  -0.157401111E+02  -0.182006694E+02  -0.169920241E+02  -0.166948657E+02  -0.163968370E+02  -0.165850260E+02  -0.180893523E+02  -0.184795334E+02  -0.181025129E+02  -0.179517216E+02  -0.182448598E+02
   0.320008559E+06   0.381423705E+05  -0.171916512E+02  -0.167651549E+02  -0.162753995E+02  -0.159175703E+02  -0.155825110E+02  -0.179663942E+02  -0.167812601E+02  -0.165060588E+02  -0.162338392E+02  -0.164079968E+02  -0.177655307E+02  -0.180349065E+02  -0.177779192E+02  -0.176482207E+02  -0.178827695E+02
   0.330001938E+06   0.340797741E+05  -0.170931773E+02  -0.166879955E+02  -0.162148765E+02  -0.158655522E+02  -0.155367174E+02  -0.178687690E+02  -0.166996428E+02  -0.164393105E+02  -0.161844748E+02  -0.163491982E+02  -0.176069201E+02  -0.177932822E+02  -0.176186352E+02  -0.175036989E+02  -0.176981433E+02
   0.340015975E+06   0.314419738E+05  -0.170453590E+02  -0.166574010E+02  -0.161976701E+02  -0.158551582E+02  -0.155313433E+02  -0.178216552E+02  -0.166654595E+02  -0.164170906E+02  -0.161762081E+02  -0.163333782E+02  -0.175105585E+02  -0.176295709E+02  -0.175216222E+02  -0.174192095E+02  -0.175808539E+02
   0.350002129E+06   0.295121162E+05  -0.170229630E+02  -0.166497934E+02  -0.162015112E+02  -0.158648271E+02  -0.155453380E+02  -0.177998640E+02  -0.166547642E+02  -0.164166500E+02  -0.161876849E+02  -0.163384032E+02  -0.174465533E+02  -0.175076640E+02  -0.174570077E+02  -0.173655282E+02  -0.174989735E+02
   0.360015438E+06   0.279875181E+05  -0.170149340E+02  -0.166549945E+02  -0.162169272E+02  -0.158854342E+02  -0.155697891E+02  -0.177923690E+02  -0.166571994E+02  -0.164282424E+02  -0.162098989E+02  -0.163548868E+02  -0.174013565E+02  -0.174106351E+02  -0.174112107E+02  -0.173297440E+02  -0.174378625E+02
   0.370021723E+06   0.267324880E+05  -0.170161204E+02  -0.166685166E+02  -0.162399427E+02  -0.159132595E+02  -0.156011981E+02  -0.177940662E+02  -0.166681534E+02  -0.164476975E+02  -0.162392293E+02  -0.163788874E+02  -0.173679889E+02  -0.173289875E+02  -0.173772344E+02  -0.173053614E+02  -0.173897577E+02
   0.380050347E+06   0.256689821E+05  -0.170230093E+02  -0.166868761E+02  -0.162671091E+02  -0.159449055E+02  -0.156361216E+02  -0.178014272E+02  -0.166841250E+02  -0.164715767E+02  -0.162722623E+02  -0.164069770E+02  -0.173427966E+02  -0.172589136E+02  -0.173514447E+02  -0.172886402E+02  -0.173509346E+02
   0.390003365E+06   0.247563937E+05  -0.170335804E+02  -0.167081528E+02  -0.162965889E+02  -0.159785602E+02  -0.156726960E+02  -0.178124388E+02  -0.167031694E+02  -0.164979968E+02  -0.163072056E+02  -0.164373274E+02  -0.173234761E+02  -0.171977340E+02  -0.173315407E+02  -0.172773330E+02  -0.173189678E+02
   0.400043025E+06   0.239438940E+05  -0.170464545E+02  -0.167312776E+02  -0.163275584E+02  -0.160135280E+02  -0.157104199E+02  -0.178257408E+02  -0.167241666E+02  -0.165260379E+02  -0.163434001E+02  -0.164691307E+02  -0.173077968E+02  -0.171420256E+02  -0.173152702E+02  -0.172694109E+02  -0.172912457E+02
   0.410017658E+06   0.232214974E+05  -0.170607945E+02  -0.167555723E+02  -0.163594599E+02  -0.160492871E+02  -0.157486496E+02  -0.178404962E+02  -0.167463880E+02  -0.165551004E+02  -0.163803439E+02  -0.165018341E+02  -0.172944835E+02  -0.170899412E+02  -0.173013573E+02  -0.172637478E+02  -0.172663307E+02
   0.420027097E+06   0.225638318E+05  -0.170758951E+02  -0.167803636E+02  -0.163916388E+02  -0.160852135E+02  -0.157869342E+02  -0.178560015E+02  -0.167691609E+02  -0.165845202E+02  -0.164174316E+02  -0.165347996E+02  -0.172827424E+02  -0.170405218E+02  -0.172890050E+02  -0.172595167E+02  -0.172433690E+02
   0.430003310E+06   0.219628614E+05  -0.170907656E+02  -0.168044425E+02  -0.164227290E+02  -0.161198612E+02  -0.158237986E+02  -0.178712568E+02  -0.167913218E+02  -0.166129911E+02  -0.164531851E+02  -0.165666399E+02  -0.172721480E+02  -0.169941610E+02  -0.172778152E+02  -0.172560886E+02  -0.172221627E+02
   0.440052900E+06   0.214004054E+05  -0.171053006E+02  -0.168284717E+02  -0.164539745E+02  -0.161547739E+02  -0.158609443E+02  -0.178861877E+02  -0.168133712E+02  -0.166415425E+02  -0.164892171E+02  -0.165986560E+02  -0.172605174E+02  -0.169457739E+02  -0.172655379E+02  -0.172518881E+02  -0.171998511E+02
   0.450007843E+06   0.208766954E+05  -0.171184110E+02  -0.168506616E+02  -0.164830624E+02  -0.161873652E+02  -0.158956813E+02  -0.178996780E+02  -0.168336683E+02  -0.166680540E+02  -0.165228801E+02  -0.166284799E+02  -0.172486398E+02  -0.168987816E+02  -0.172530296E+02  -0.172471296E+02  -0.171777816E+02
   0.460077843E+06   0.203791227E+05  -0.171306515E+02  -0.168722664E+02  -0.165117725E+02  -0.162196777E+02  -0.159302378E+02  -0.179123135E+02  -0.168533226E+02  -0.166941070E+02  -0.165563022E+02  -0.166579463E+02  -0.172352104E+02  -0.168492434E+02  -0.172389136E+02  -0.172410842E+02  -0.171539082E+02
   0.470052843E+06   0.199107885E+05  -0.171412095E+02  -0.168918410E+02  -0.165381875E+02  -0.162495592E+02  -0.159622922E+02  -0.179232520E+02  -0.168710202E+02  -0.167179649E+02  -0.165872504E+02  -0.166850900E+02  -0.172210799E+02  -0.168003800E+02  -0.172241136E+02  -0.172340518E+02  -0.171297145E+02
   0.480027843E+06   0.194629402E+05  -0.171502166E+02  -0.169102932E+02  -0.165638008E+02  -0.162787956E+02  -0.159938530E+02  -0.179326582E+02  -0.168875109E+02  -0.167409046E+02  -0.166175975E+02  -0.167114692E+02  -0.172043357E+02  -0.167473914E+02  -0.172066349E+02  -0.172246972E+02  -0.171024011E+02
   0.490002843E+06   0.190342793E+05  -0.171576506E+02  -0.169267677E+02  -0.165871295E+02  -0.163055922E+02  -0.160228743E+02  -0.179404741E+02  -0.169021078E+02  -0.167616742E+02  -0.166454572E+02  -0.167355309E+02  -0.171871217E+02  -0.166954859E+02  -0.171887179E+02  -0.172145561E+02  -0.170750707E+02
   0.500072843E+06   0.186202657E+05  -0.171635390E+02  -0.169424167E+02  -0.166101543E+02  -0.163323499E+02  -0.160523237E+02  -0.179467784E+02  -0.169157232E+02  -0.167819387E+02  -0.166733632E+02  -0.167593472E+02  -0.171665879E+02  -0.166377208E+02  -0.171673685E+02  -0.172017497E+02  -0.170437371E+02
   0.510047843E+06   0.182284264E+05  -0.171681513E+02  -0.169563547E+02  -0.166311376E+02  -0.163568989E+02  -0.160794667E+02  -0.179517884E+02  -0.169277177E+02  -0.168002849E+02  -0.166990093E+02  -0.167810867E+02  -0.171459696E+02  -0.165815470E+02  -0.171459665E+02  -0.171885215E+02  -0.170128095E+02
   0.520022843E+06   0.178534549E+05  -0.171714630E+02  -0.169690650E+02  -0.166509415E+02  -0.163802910E+02  -0.161058525E+02  -0.179555024E+02  -0.169384699E+02  -0.168174334E+02  -0.167235055E+02  -0.168016539E+02  -0.171239464E+02  -0.165238078E+02  -0.171231332E+02  -0.171740204E+02  -0.169804987E+02
   0.530092843E+06   0.174900163E+05  -0.171734375E+02  -0.169808654E+02  -0.166701489E+02  -0.164032417E+02  -0.161324777E+02  -0.179578996E+02  -0.169482242E+02  -0.168338677E+02  -0.167476084E+02  -0.168216609E+02  -0.170995665E+02  -0.164622554E+02  -0.170978775E+02  -0.171576115E+02  -0.169455101E+02
   0.540067843E+06   0.171437898E+05  -0.171743958E+02  -0.169911843E+02  -0.166875239E+02  -0.164241828E+02  -0.161569191E+02  -0.179592606E+02  -0.169565938E+02  -0.168486010E+02  -0.167696470E+02  -0.168397975E+02  -0.170754186E+02  -0.164026954E+02  -0.170728951E+02  -0.171410570E+02  -0.169112558E+02
   0.550042843E+06   0.168115866E+05  -0.171739976E+02  -0.170004992E+02  -0.167041536E+02  -0.164445149E+02  -0.161800898E+02  -0.179592817E+02  -0.169638877E+02  -0.168624906E+02  -0.167911095E+02  -0.168572184E+02  -0.170491172E+02  -0.163398237E+02  -0.170456819E+02  -0.171223550E+02  -0.168746375E+02
   0.560017843E+06   0.164933339E+05  -0.171725934E+02  -0.170089350E+02  -0.167199951E+02  -0.164641087E+02  -0.162020227E+02  -0.179583033E+02  -0.169702771E+02  -0.168755570E+02  -0.168118426E+02  -0.168738619E+02  -0.170215713E+02  -0.162753478E+02  -0.170171813E+02  -0.171023186E+02  -0.168367548E+02
   0.570087843E+06   0.161856436E+05  -0.171706880E+02  -0.170165431E+02  -0.167347631E+02  -0.164825044E+02  -0.162226799E+02  -0.179568096E+02  -0.169759068E+02  -0.168876420E+02  -0.168313398E+02  -0.168894053E+02  -0.169943919E+02  -0.162124640E+02  -0.169890789E+02  -0.170823995E+02  -0.167995816E+02
   0.580062843E+06   0.158933023E+05  -0.171679566E+02  -0.170233579E+02  -0.167487562E+02  -0.165001362E+02  -0.162425319E+02  -0.179544924E+02  -0.169807346E+02  -0.168989439E+02  -0.168500737E+02  -0.169041761E+02  -0.169664185E+02  -0.161488047E+02  -0.169601431E+02  -0.170616075E+02  -0.167616894E+02
   0.590037843E+06   0.156121079E+05  -0.171640304E+02  -0.170294627E+02  -0.167623939E+02  -0.165175954E+02  -0.162622463E+02  -0.179510031E+02  -0.169847487E+02  -0.169097556E+02  -0.168686857E+02  -0.169186307E+02  -0.169361562E+02  -0.160812672E+02  -0.169288122E+02  -0.170387267E+02  -0.167211775E+02
   0.600012843E+06   0.153412708E+05  -0.171595890E+02  -0.170346829E+02  -0.167748696E+02  -0.165337517E+02  -0.162805747E+02  -0.179469826E+02  -0.169879552E+02  -0.169195093E+02  -0.168859525E+02  -0.169318932E+02  -0.169063488E+02  -0.160155576E+02  -0.168979756E+02  -0.170160291E+02  -0.166814981E+02
   0.610082843E+06   0.150778707E+05  -0.171546308E+02  -0.170391209E+02  -0.167863638E+02  -0.165488256E+02  -0.162977611E+02  -0.179424337E+02  -0.169904349E+02  -0.169283564E+02  -0.169021063E+02  -0.169441526E+02  -0.168767210E+02  -0.159510136E+02  -0.168673469E+02  -0.169933158E+02  -0.166422694E+02
   0.620057843E+06   0.148268306E+05  -0.171483633E+02  -0.170428239E+02  -0.167975413E+02  -0.165637973E+02  -0.163154146E+02  -0.179366036E+02  -0.169920595E+02  -0.169367273E+02  -0.169182239E+02  -0.169561483E+02  -0.168445344E+02  -0.158820770E+02  -0.168340297E+02  -0.169679745E+02  -0.166001064E+02
   0.630032843E+06   0.145854977E+05  -0.171415694E+02  -0.170460538E+02  -0.168082804E+02  -0.165783496E+02  -0.163328338E+02  -0.179302506E+02  -0.169931996E+02  -0.169446457E+02  -0.169339280E+02  -0.169677126E+02  -0.168117829E+02  -0.158124957E+02  -0.168001150E+02  -0.169419140E+02  -0.165574072E+02
   0.640007843E+06   0.143538437E+05  -0.171347609E+02  -0.170488670E+02  -0.168183018E+02  -0.165920311E+02  -0.163492674E+02  -0.179238654E+02  -0.169940070E+02  -0.169519596E+02  -0.169487152E+02  -0.169785260E+02  -0.167800580E+02  -0.157454181E+02  -0.167672735E+02  -0.169166117E+02  -0.165161334E+02
   0.650077843E+06   0.141287975E+05  -0.171277949E+02  -0.170512483E+02  -0.168276857E+02  -0.166049707E+02  -0.163648806E+02  -0.179173106E+02  -0.169944396E+02  -0.169587131E+02  -0.169627289E+02  -0.169886793E+02  -0.167488863E+02  -0.156799021E+02  -0.167350171E+02  -0.168916794E+02  -0.164756853E+02
   0.660052843E+06   0.139134668E+05  -0.171199054E+02  -0.170529368E+02  -0.168365425E+02  -0.166174709E+02  -0.163801310E+02  -0.179098443E+02  -0.169941305E+02  -0.169648759E+02  -0.169763292E+02  -0.169983283E+02  -0.167163689E+02  -0.156123857E+02  -0.167013433E+02  -0.168650316E+02  -0.164338265E+02
   0.670027843E+06   0.137050138E+05  -0.171106724E+02  -0.170538899E+02  -0.168451096E+02  -0.166299125E+02  -0.163955118E+02  -0.179010641E+02  -0.169929582E+02  -0.169705797E+02  -0.169899398E+02  -0.170077427E+02  -0.166811811E+02  -0.155402371E+02  -0.166648651E+02  -0.168353811E+02  -0.163889247E+02
   0.680002843E+06   0.135034495E+05  -0.171013012E+02  -0.170543681E+02  -0.168529501E+02  -0.166414995E+02  -0.164099409E+02  -0.178921307E+02  -0.169913813E+02  -0.169756515E+02  -0.170026572E+02  -0.170164026E+02  -0.166467127E+02  -0.154700293E+02  -0.166291490E+02  -0.168062670E+02  -0.163450634E+02
   0.690072843E+06   0.133068441E+05  -0.170918427E+02  -0.170545167E+02  -0.168602799E+02  -0.166524836E+02  -0.164236971E+02  -0.178830992E+02  -0.169895253E+02  -0.169802808E+02  -0.170147438E+02  -0.170245316E+02  -0.166127744E+02  -0.154012310E+02  -0.165939938E+02  -0.167775514E+02  -0.163019634E+02
   0.700047843E+06   0.131191818E+05  -0.170826217E+02  -0.170544659E+02  -0.168670836E+02  -0.166627754E+02  -0.164366349E+02  -0.178742858E+02  -0.169875610E+02  -0.169845067E+02  -0.170260880E+02  -0.170320981E+02  -0.165801872E+02  -0.153353694E+02  -0.165602450E+02  -0.167499493E+02  -0.162606311E+02
   0.710022843E+06   0.129384665E+05  -0.170727637E+02  -0.170540115E+02  -0.168736547E+02  -0.166729217E+02  -0.164494876E+02  -0.178648477E+02  -0.169851437E+02  -0.169884325E+02  -0.170373140E+02  -0.170394532E+02  -0.165465407E+02  -0.152677837E+02  -0.165253653E+02  -0.167212551E+02  -0.162181848E+02
   0.720092843E+06   0.127624506E+05  -0.170614265E+02  -0.170529144E+02  -0.168802012E+02  -0.166833588E+02  -0.164628590E+02  -0.178539712E+02  -0.169819075E+02  -0.169920952E+02  -0.170489276E+02  -0.170468566E+02  -0.165096050E+02  -0.151942138E+02  -0.164870127E+02  -0.166894295E+02  -0.161719642E+02
   0.730067843E+06   0.125937109E+05  -0.170502983E+02  -0.170516030E+02  -0.168862175E+02  -0.166931047E+02  -0.164754180E+02  -0.178432846E+02  -0.169785454E+02  -0.169953469E+02  -0.170598013E+02  -0.170536943E+02  -0.164739365E+02  -0.151234255E+02  -0.164499858E+02  -0.166586599E+02  -0.161273947E+02
   0.740042843E+06   0.124299472E+05  -0.170391503E+02  -0.170499823E+02  -0.168917084E+02  -0.167022153E+02  -0.164872586E+02  -0.178325651E+02  -0.169749344E+02  -0.169981546E+02  -0.170700065E+02  -0.170599824E+02  -0.164389718E+02  -0.150543767E+02  -0.164137029E+02  -0.166284496E+02  -0.160837915E+02
   0.750017843E+06   0.122707519E+05  -0.170279712E+02  -0.170480647E+02  -0.168967040E+02  -0.167107296E+02  -0.164984269E+02  -0.178218026E+02  -0.169710821E+02  -0.170005420E+02  -0.170795849E+02  -0.170657530E+02  -0.164046405E+02  -0.149869120E+02  -0.163780900E+02  -0.165987400E+02  -0.160410626E+02
   0.760087843E+06   0.121147609E+05  -0.170167207E+02  -0.170458892E+02  -0.169013026E+02  -0.167187761E+02  -0.165090739E+02  -0.178109603E+02  -0.169670109E+02  -0.170025849E+02  -0.170886740E+02  -0.170711110E+02  -0.163707037E+02  -0.149205089E+02  -0.163428975E+02  -0.165693320E+02  -0.159988973E+02
   0.770062843E+06   0.119650221E+05  -0.170050328E+02  -0.170433336E+02  -0.169055614E+02  -0.167265046E+02  -0.165193804E+02  -0.177996849E+02  -0.169625468E+02  -0.170042700E+02  -0.170974523E+02  -0.170761357E+02  -0.163363242E+02  -0.148535918E+02  -0.163072217E+02  -0.165393763E+02  -0.159563897E+02
   0.780037843E+06   0.118202223E+05  -0.169914369E+02  -0.170399041E+02  -0.169097106E+02  -0.167345171E+02  -0.165301453E+02  -0.177865531E+02  -0.169569901E+02  -0.170055489E+02  -0.171066351E+02  -0.170811434E+02  -0.162978832E+02  -0.147793316E+02  -0.162672386E+02  -0.165054559E+02  -0.159093606E+02
   0.790012843E+06   0.116802229E+05  -0.169782115E+02  -0.170365081E+02  -0.169136422E+02  -0.167421839E+02  -0.165404732E+02  -0.177737764E+02  -0.169515376E+02  -0.170067053E+02  -0.171154333E+02  -0.170859049E+02  -0.162606365E+02  -0.147074533E+02  -0.162285009E+02  -0.164725800E+02  -0.158638106E+02
   0.800082843E+06   0.115433455E+05  -0.169651674E+02  -0.170330741E+02  -0.169173724E+02  -0.167495659E+02  -0.165504570E+02  -0.177611709E+02  -0.169460928E+02  -0.170077221E+02  -0.171239216E+02  -0.170904464E+02  -0.162241067E+02  -0.146370640E+02  -0.161905133E+02  -0.164403234E+02  -0.158191625E+02
   0.810057843E+06   0.114115804E+05  -0.169524121E+02  -0.170295700E+02  -0.169207649E+02  -0.167564739E+02  -0.165598696E+02  -0.177488379E+02  -0.169406531E+02  -0.170085026E+02  -0.171318945E+02  -0.170946200E+02  -0.161887429E+02  -0.145691055E+02  -0.161537462E+02  -0.164090733E+02  -0.157759837E+02
   0.820032843E+06   0.112831315E+05  -0.169396987E+02  -0.170258750E+02  -0.169237929E+02  -0.167629290E+02  -0.165687662E+02  -0.177365363E+02  -0.169350712E+02  -0.170089845E+02  -0.171393877E+02  -0.170984095E+02  -0.161539900E+02  -0.145025782E+02  -0.161176253E+02  -0.163783306E+02  -0.157336125E+02
   0.830007843E+06   0.111577378E+05  -0.169270022E+02  -0.170219824E+02  -0.169264634E+02  -0.167689450E+02  -0.165771657E+02  -0.177242417E+02  -0.169293366E+02  -0.170091693E+02  -0.171464172E+02  -0.171018234E+02  -0.161197782E+02  -0.144373478E+02  -0.160820781E+02  -0.163480336E+02  -0.156919636E+02
   0.840077843E+06   0.110342700E+05  -0.169142318E+02  -0.170178807E+02  -0.169288240E+02  -0.167745997E+02  -0.165851673E+02  -0.177118670E+02  -0.169234211E+02  -0.170090824E+02  -0.171530697E+02  -0.171049159E+02  -0.160858229E+02  -0.143728503E+02  -0.160468079E+02  -0.163179330E+02  -0.156506855E+02
   0.850052843E+06   0.109151298E+05  -0.168992517E+02  -0.170126111E+02  -0.169307876E+02  -0.167802578E+02  -0.165934434E+02  -0.176973357E+02  -0.169161171E+02  -0.170082966E+02  -0.171598491E+02  -0.171077075E+02  -0.160475796E+02  -0.143008136E+02  -0.160069808E+02  -0.162844200E+02  -0.156047759E+02
   0.860027843E+06   0.107992754E+05  -0.168835799E+02  -0.170069103E+02  -0.169325123E+02  -0.167857776E+02  -0.166016476E+02  -0.176821266E+02  -0.169083264E+02  -0.170071954E+02  -0.171665215E+02  -0.171102852E+02  -0.160081785E+02  -0.142268544E+02  -0.159659161E+02  -0.162500158E+02  -0.155576844E+02
   0.870002843E+06   0.106867279E+05  -0.168682745E+02  -0.170012913E+02  -0.169341068E+02  -0.167910590E+02  -0.166095368E+02  -0.176672707E+02  -0.169006772E+02  -0.170060448E+02  -0.171729224E+02  -0.171127084E+02  -0.159698211E+02  -0.141549252E+02  -0.159259425E+02  -0.162165125E+02  -0.155118561E+02
   0.880072843E+06   0.105762912E+05  -0.168531715E+02  -0.169956930E+02  -0.169355867E+02  -0.167961566E+02  -0.166171934E+02  -0.176526088E+02  -0.168930867E+02  -0.170048311E+02  -0.171791187E+02  -0.171150015E+02  -0.159320984E+02  -0.140842603E+02  -0.158866340E+02  -0.161835530E+02  -0.154668026E+02
   0.890047843E+06   0.104697224E+05  -0.168384799E+02  -0.169901732E+02  -0.169368973E+02  -0.168009581E+02  -0.166244642E+02  -0.176383428E+02  -0.168856445E+02  -0.170035423E+02  -0.171849803E+02  -0.171170967E+02  -0.158955794E+02  -0.140159529E+02  -0.158485846E+02  -0.161516303E+02  -0.154232096E+02
   0.900022843E+06   0.103655514E+05  -0.168239318E+02  -0.169845906E+02  -0.169379913E+02  -0.168054646E+02  -0.166313844E+02  -0.176242108E+02  -0.168781828E+02  -0.170020955E+02  -0.171905231E+02  -0.171189578E+02  -0.158596950E+02  -0.139489954E+02  -0.158112044E+02  -0.161202388E+02  -0.153804103E+02
   0.910092843E+06   0.102626704E+05  -0.168093261E+02  -0.169788393E+02  -0.169388340E+02  -0.168096775E+02  -0.166379811E+02  -0.176100160E+02  -0.168705757E+02  -0.170004288E+02  -0.171957594E+02  -0.171205580E+02  -0.158240172E+02  -0.138826292E+02  -0.157740492E+02  -0.160889982E+02  -0.153379033E+02
   0.920067843E+06   0.101628100E+05  -0.167949247E+02  -0.169730325E+02  -0.169394275E+02  -0.168135422E+02  -0.166441597E+02  -0.175960135E+02  -0.168629674E+02  -0.169985866E+02  -0.172006175E+02  -0.171218867E+02  -0.157891625E+02  -0.138179871E+02  -0.157377604E+02  -0.160584505E+02  -0.152964198E+02
   0.930042843E+06   0.100651775E+05  -0.167806209E+02  -0.169671314E+02  -0.169397840E+02  -0.168170969E+02  -0.166499767E+02  -0.175820996E+02  -0.168553051E+02  -0.169965617E+02  -0.172051435E+02  -0.171229621E+02  -0.157548616E+02  -0.137545634E+02  -0.157020575E+02  -0.160283605E+02  -0.152556380E+02
   0.940017843E+06   0.996968996E+04  -0.167651581E+02  -0.169605353E+02  -0.169397890E+02  -0.168204804E+02  -0.166557566E+02  -0.175670512E+02  -0.168468493E+02  -0.169940487E+02  -0.172095545E+02  -0.171237302E+02  -0.157185357E+02  -0.136877001E+02  -0.156641973E+02  -0.159965276E+02  -0.152127839E+02
   0.950087843E+06   0.987531147E+04  -0.167469344E+02  -0.169524538E+02  -0.169392547E+02  -0.168238174E+02  -0.166618530E+02  -0.175493076E+02  -0.168366382E+02  -0.169906237E+02  -0.172140721E+02  -0.171240775E+02  -0.156769170E+02  -0.136115323E+02  -0.156207156E+02  -0.159601460E+02  -0.151643096E+02
   0.960062843E+06   0.978428977E+04  -0.167292508E+02  -0.169445516E+02  -0.169386311E+02  -0.168269275E+02  -0.166676245E+02  -0.175320869E+02  -0.168266821E+02  -0.169872123E+02  -0.172183208E+02  -0.171243043E+02  -0.156366704E+02  -0.135379654E+02  -0.155786723E+02  -0.159249502E+02  -0.151174512E+02
   0.970037843E+06   0.969551076E+04  -0.167119092E+02  -0.169367505E+02  -0.169379293E+02  -0.168298674E+02  -0.166731601E+02  -0.175151968E+02  -0.168168777E+02  -0.169837914E+02  -0.172223712E+02  -0.171244318E+02  -0.155973218E+02  -0.134661175E+02  -0.155375712E+02  -0.158905279E+02  -0.150716537E+02
   0.980012843E+06   0.960878457E+04  -0.166948828E+02  -0.169290440E+02  -0.169371579E+02  -0.168326536E+02  -0.166784819E+02  -0.174986115E+02  -0.168072142E+02  -0.169803638E+02  -0.172262422E+02  -0.171244706E+02  -0.155587974E+02  -0.133958451E+02  -0.154973348E+02  -0.158568159E+02  -0.150268295E+02
   0.990082843E+06   0.952311001E+04  -0.166779494E+02  -0.169213174E+02  -0.169362824E+02  -0.168352924E+02  -0.166836257E+02  -0.174821138E+02  -0.167975544E+02  -0.169768642E+02  -0.172299527E+02  -0.171243954E+02  -0.155206265E+02  -0.133263114E+02  -0.154574727E+02  -0.158233991E+02  -0.149824352E+02
   0.100005784E+07   0.943991395E+04  -0.166613530E+02  -0.169136616E+02  -0.169352794E+02  -0.168377021E+02  -0.166884679E+02  -0.174659406E+02  -0.167880212E+02  -0.169733131E+02  -0.172334031E+02  -0.171241697E+02  -0.154834071E+02  -0.132586364E+02  -0.154186110E+02  -0.157907963E+02  -0.149391725E+02
   0.101003284E+07   0.935825669E+04  -0.166448843E+02  -0.169059680E+02  -0.169341156E+02  -0.168398879E+02  -0.166930412E+02  -0.174498872E+02  -0.167784850E+02  -0.169696483E+02  -0.172366104E+02  -0.171237687E+02  -0.154466968E+02  -0.131920338E+02  -0.153802887E+02  -0.157586171E+02  -0.148965305E+02
   0.102000784E+07   0.927809772E+04  -0.166285385E+02  -0.168982363E+02  -0.169327939E+02  -0.168418543E+02  -0.166973513E+02  -0.174339491E+02  -0.167689445E+02  -0.169658715E+02  -0.172395795E+02  -0.171231958E+02  -0.154104807E+02  -0.131264740E+02  -0.153424904E+02  -0.157268491E+02  -0.148544917E+02
   0.103007784E+07   0.919871148E+04  -0.166121865E+02  -0.168904154E+02  -0.169313212E+02  -0.168436381E+02  -0.167014561E+02  -0.174180008E+02  -0.167593323E+02  -0.169619673E+02  -0.172423562E+02  -0.171224648E+02  -0.153744501E+02  -0.130613824E+02  -0.153048927E+02  -0.156952236E+02  -0.148126945E+02
   0.104005284E+07   0.912158187E+04  -0.165961531E+02  -0.168826706E+02  -0.169297441E+02  -0.168452249E+02  -0.167052981E+02  -0.174023598E+02  -0.167498471E+02  -0.169580280E+02  -0.172449078E+02  -0.171216082E+02  -0.153392974E+02  -0.129979949E+02  -0.152682175E+02  -0.156643509E+02  -0.147719391E+02
   0.105002784E+07   0.904591035E+04  -0.165802906E+02  -0.168749399E+02  -0.169280647E+02  -0.168466494E+02  -0.167089351E+02  -0.173868821E+02  -0.167404089E+02  -0.169540308E+02  -0.172472789E+02  -0.171206357E+02  -0.153046771E+02  -0.129356735E+02  -0.152321033E+02  -0.156339295E+02  -0.147318220E+02
   0.106000284E+07   0.897167615E+04  -0.165627487E+02  -0.168662170E+02  -0.169259024E+02  -0.168478591E+02  -0.167125569E+02  -0.173697619E+02  -0.167298330E+02  -0.169493457E+02  -0.172495200E+02  -0.171192463E+02  -0.152671163E+02  -0.128683003E+02  -0.151928480E+02  -0.156008828E+02  -0.146887383E+02
   0.107007284E+07   0.889820096E+04  -0.165422990E+02  -0.168558462E+02  -0.169230270E+02  -0.168488458E+02  -0.167163186E+02  -0.173498006E+02  -0.167173428E+02  -0.169435735E+02  -0.172516922E+02  -0.171172636E+02  -0.152242577E+02  -0.127917026E+02  -0.151479447E+02  -0.155631256E+02  -0.146402038E+02
   0.108004784E+07   0.882686740E+04  -0.165223717E+02  -0.168457040E+02  -0.169201617E+02  -0.168497299E+02  -0.167198970E+02  -0.173303473E+02  -0.167051430E+02  -0.169378958E+02  -0.172537274E+02  -0.171152649E+02  -0.151825747E+02  -0.127172639E+02  -0.151042764E+02  -0.155263952E+02  -0.145930102E+02
   0.109002284E+07   0.875693019E+04  -0.165027593E+02  -0.168356851E+02  -0.169172774E+02  -0.168505216E+02  -0.167233301E+02  -0.173111997E+02  -0.166931068E+02  -0.169322541E+02  -0.172556476E+02  -0.171132301E+02  -0.151416324E+02  -0.126442071E+02  -0.150613877E+02  -0.154903087E+02  -0.145466652E+02
   0.110009284E+07   0.868765272E+04  -0.164832358E+02  -0.168256647E+02  -0.169143242E+02  -0.168512098E+02  -0.167266348E+02  -0.172921366E+02  -0.166810880E+02  -0.169265696E+02  -0.172574537E+02  -0.171111185E+02  -0.151009802E+02  -0.125717435E+02  -0.150188076E+02  -0.154544665E+02  -0.145006614E+02
   0.111006784E+07   0.862024849E+04  -0.164641206E+02  -0.168157956E+02  -0.169113312E+02  -0.168517597E+02  -0.167297305E+02  -0.172734694E+02  -0.166692747E+02  -0.169209191E+02  -0.172590912E+02  -0.171089443E+02  -0.150613077E+02  -0.125011196E+02  -0.149772592E+02  -0.154194738E+02  -0.144557819E+02
   0.112004284E+07   0.855401305E+04  -0.164452077E+02  -0.168059685E+02  -0.169082610E+02  -0.168521710E+02  -0.167326435E+02  -0.172549968E+02  -0.166575371E+02  -0.169152375E+02  -0.172605713E+02  -0.171066788E+02  -0.150221940E+02  -0.124315912E+02  -0.149363021E+02  -0.153849588E+02  -0.144115515E+02
   0.113001784E+07   0.848896509E+04  -0.164265183E+02  -0.167962020E+02  -0.169051302E+02  -0.168524592E+02  -0.167353885E+02  -0.172367397E+02  -0.166458942E+02  -0.169095422E+02  -0.172619092E+02  -0.171043382E+02  -0.149836658E+02  -0.123631937E+02  -0.148959637E+02  -0.153509470E+02  -0.143679984E+02
   0.114008784E+07   0.842452909E+04  -0.164079106E+02  -0.167864333E+02  -0.169019348E+02  -0.168526507E+02  -0.167380136E+02  -0.172185602E+02  -0.166342668E+02  -0.169038063E+02  -0.172631404E+02  -0.171019256E+02  -0.149454060E+02  -0.122953456E+02  -0.148559107E+02  -0.153171610E+02  -0.143247609E+02
   0.115006284E+07   0.836192376E+04  -0.163897546E+02  -0.167768651E+02  -0.168987532E+02  -0.168527597E+02  -0.167404872E+02  -0.172008203E+02  -0.166228928E+02  -0.168981564E+02  -0.172642597E+02  -0.170995045E+02  -0.149081563E+02  -0.122293481E+02  -0.148169187E+02  -0.152842580E+02  -0.142826749E+02
   0.116003784E+07   0.830049096E+04  -0.163718627E+02  -0.167674002E+02  -0.168955552E+02  -0.168527908E+02  -0.167428386E+02  -0.171833367E+02  -0.166116559E+02  -0.168925364E+02  -0.172652820E+02  -0.170970528E+02  -0.148715283E+02  -0.121645107E+02  -0.147785809E+02  -0.152518952E+02  -0.142413012E+02
   0.117001284E+07   0.824019391E+04  -0.163542277E+02  -0.167580364E+02  -0.168923425E+02  -0.168527474E+02  -0.167450725E+02  -0.171661024E+02  -0.166005527E+02  -0.168869463E+02  -0.172662116E+02  -0.170945726E+02  -0.148355035E+02  -0.121007981E+02  -0.147408781E+02  -0.152200568E+02  -0.142006185E+02
   0.118008284E+07   0.818048604E+04  -0.163367058E+02  -0.167487048E+02  -0.168891018E+02  -0.168526451E+02  -0.167472254E+02  -0.171489773E+02  -0.165894989E+02  -0.168813517E+02  -0.172670728E+02  -0.170920573E+02  -0.147997715E+02  -0.120376489E+02  -0.147034844E+02  -0.151884703E+02  -0.141602740E+02
   0.119005784E+07   0.812252478E+04  -0.163196588E+02  -0.167396086E+02  -0.168859184E+02  -0.168525083E+02  -0.167492777E+02  -0.171323155E+02  -0.165787308E+02  -0.168758831E+02  -0.172678712E+02  -0.170895780E+02  -0.147650471E+02  -0.119763093E+02  -0.146671470E+02  -0.151577702E+02  -0.141210722E+02
   0.120003284E+07   0.806574853E+04  -0.163029354E+02  -0.167306735E+02  -0.168827752E+02  -0.168523494E+02  -0.167512631E+02  -0.171159695E+02  -0.165681580E+02  -0.168705015E+02  -0.172686284E+02  -0.170871245E+02  -0.147310078E+02  -0.119161989E+02  -0.146315276E+02  -0.151276729E+02  -0.140826469E+02
   0.121000784E+07   0.801012191E+04  -0.162865228E+02  -0.167218914E+02  -0.168796678E+02  -0.168521658E+02  -0.167531805E+02  -0.170999266E+02  -0.165577713E+02  -0.168652009E+02  -0.172693424E+02  -0.170846928E+02  -0.146976299E+02  -0.118572778E+02  -0.145966016E+02  -0.150981571E+02  -0.140449718E+02
   0.122007784E+07   0.795506157E+04  -0.162655949E+02  -0.167104361E+02  -0.168752481E+02  -0.168513945E+02  -0.167550583E+02  -0.170794690E+02  -0.165443225E+02  -0.168580370E+02  -0.172697003E+02  -0.170811331E+02  -0.146563988E+02  -0.117847998E+02  -0.145532787E+02  -0.150616171E+02  -0.139998073E+02
   0.123005284E+07   0.790153887E+04  -0.162441769E+02  -0.166986464E+02  -0.168706081E+02  -0.168504663E+02  -0.167568298E+02  -0.170585310E+02  -0.165305062E+02  -0.168506040E+02  -0.172699224E+02  -0.170773711E+02  -0.146144760E+02  -0.117111968E+02  -0.145092000E+02  -0.150244444E+02  -0.139541309E+02
   0.124002784E+07   0.784901407E+04  -0.162231018E+02  -0.166870201E+02  -0.168659982E+02  -0.168494989E+02  -0.167585119E+02  -0.170379270E+02  -0.165168910E+02  -0.168432532E+02  -0.172700840E+02  -0.170736227E+02  -0.145732783E+02  -0.116389097E+02  -0.144658866E+02  -0.149879083E+02  -0.139092497E+02
   0.125000284E+07   0.779754200E+04  -0.162024185E+02  -0.166755963E+02  -0.168614502E+02  -0.168485205E+02  -0.167601298E+02  -0.170177054E+02  -0.165035182E+02  -0.168360191E+02  -0.172702118E+02  -0.170699190E+02  -0.145328759E+02  -0.115680410E+02  -0.144234109E+02  -0.149520740E+02  -0.138652375E+02
   0.126007284E+07   0.774671936E+04  -0.161819971E+02  -0.166643175E+02  -0.168569605E+02  -0.168475552E+02  -0.167617281E+02  -0.169977398E+02  -0.164903151E+02  -0.168288773E+02  -0.172703388E+02  -0.170662628E+02  -0.144929840E+02  -0.114980672E+02  -0.143814719E+02  -0.149166927E+02  -0.138217815E+02
   0.127004784E+07   0.769752467E+04  -0.161622445E+02  -0.166534147E+02  -0.168526291E+02  -0.168466355E+02  -0.167632899E+02  -0.169784284E+02  -0.164775494E+02  -0.168219788E+02  -0.172704764E+02  -0.170627384E+02  -0.144543847E+02  -0.114303495E+02  -0.143408909E+02  -0.148824593E+02  -0.137797321E+02
   0.128002284E+07   0.764941129E+04  -0.161429266E+02  -0.166427521E+02  -0.168483936E+02  -0.168457366E+02  -0.167648179E+02  -0.169595420E+02  -0.164650650E+02  -0.168152325E+02  -0.172706116E+02  -0.170592921E+02  -0.144166343E+02  -0.113641209E+02  -0.143012026E+02  -0.148489791E+02  -0.137386075E+02
   0.129009284E+07   0.760184875E+04  -0.161238113E+02  -0.166321930E+02  -0.168441881E+02  -0.168448295E+02  -0.167663099E+02  -0.169408534E+02  -0.164527050E+02  -0.168085450E+02  -0.172707267E+02  -0.170558667E+02  -0.143792976E+02  -0.112986319E+02  -0.142619501E+02  -0.148158635E+02  -0.136979353E+02
   0.130006784E+07   0.755571444E+04  -0.161052552E+02  -0.166219360E+02  -0.168400939E+02  -0.168439347E+02  -0.167677422E+02  -0.169227110E+02  -0.164407012E+02  -0.168020433E+02  -0.172708234E+02  -0.170525292E+02  -0.143430672E+02  -0.112350945E+02  -0.142238613E+02  -0.147837275E+02  -0.136584694E+02
   0.131004284E+07   0.751059574E+04  -0.160871126E+02  -0.166119100E+02  -0.168360949E+02  -0.168430646E+02  -0.167691480E+02  -0.169049730E+02  -0.164289667E+02  -0.167956898E+02  -0.172709230E+02  -0.170492703E+02  -0.143076394E+02  -0.111729610E+02  -0.141866162E+02  -0.147523040E+02  -0.136198774E+02
   0.132001784E+07   0.746654244E+04  -0.160694224E+02  -0.166021446E+02  -0.168322143E+02  -0.168422391E+02  -0.167705446E+02  -0.168876779E+02  -0.164175333E+02  -0.167895104E+02  -0.172710443E+02  -0.170461123E+02  -0.142730721E+02  -0.111123186E+02  -0.141502744E+02  -0.147216465E+02  -0.135822207E+02
   0.133008784E+07   0.742314915E+04  -0.160520289E+02  -0.165925573E+02  -0.168284236E+02  -0.168414576E+02  -0.167719520E+02  -0.168706737E+02  -0.164063029E+02  -0.167834552E+02  -0.172711955E+02  -0.170430333E+02  -0.142390544E+02  -0.110526164E+02  -0.141145089E+02  -0.146914799E+02  -0.135451599E+02
   0.134006284E+07   0.738118928E+04  -0.160352282E+02  -0.165833049E+02  -0.168247763E+02  -0.168407202E+02  -0.167733311E+02  -0.168542493E+02  -0.163954616E+02  -0.167776183E+02  -0.172713599E+02  -0.170400742E+02  -0.142061787E+02  -0.109949047E+02  -0.140799430E+02  -0.146623282E+02  -0.135093415E+02
   0.135003784E+07   0.734015550E+04  -0.160187986E+02  -0.165742570E+02  -0.168212098E+02  -0.168399993E+02  -0.167746801E+02  -0.168381877E+02  -0.163848600E+02  -0.167719105E+02  -0.172715209E+02  -0.170371808E+02  -0.141740288E+02  -0.109384669E+02  -0.140461403E+02  -0.146338200E+02  -0.134743140E+02
   0.136001284E+07   0.729999716E+04  -0.160027102E+02  -0.165653928E+02  -0.168177101E+02  -0.168392846E+02  -0.167759909E+02  -0.168224595E+02  -0.163744752E+02  -0.167663151E+02  -0.172716692E+02  -0.170343397E+02  -0.141425556E+02  -0.108832239E+02  -0.140130495E+02  -0.146059108E+02  -0.134400244E+02
   0.137008284E+07   0.726037448E+04  -0.159868477E+02  -0.165566581E+02  -0.168142683E+02  -0.168385906E+02  -0.167772956E+02  -0.168069524E+02  -0.163642402E+02  -0.167608057E+02  -0.172718268E+02  -0.170315478E+02  -0.141115134E+02  -0.108287291E+02  -0.139804113E+02  -0.145783852E+02  -0.134062035E+02
   0.138005784E+07   0.722217456E+04  -0.159716123E+02  -0.165482947E+02  -0.168110077E+02  -0.168379791E+02  -0.167786110E+02  -0.167920597E+02  -0.163544303E+02  -0.167555517E+02  -0.172720364E+02  -0.170289138E+02  -0.140816435E+02  -0.107762486E+02  -0.139490027E+02  -0.145519055E+02  -0.133736546E+02
   0.139003284E+07   0.718517565E+04  -0.159569597E+02  -0.165402979E+02  -0.168079533E+02  -0.168374906E+02  -0.167799888E+02  -0.167777389E+02  -0.163450326E+02  -0.167505666E+02  -0.172723430E+02  -0.170264663E+02  -0.140528164E+02  -0.107255219E+02  -0.139186853E+02  -0.145263621E+02  -0.133422328E+02
   0.140000784E+07   0.714941794E+04  -0.159429116E+02  -0.165326824E+02  -0.168051144E+02  -0.168371315E+02  -0.167814333E+02  -0.167640115E+02  -0.163360631E+02  -0.167458617E+02  -0.172727524E+02  -0.170242139E+02  -0.140250694E+02  -0.106766099E+02  -0.138894980E+02  -0.145017886E+02  -0.133119781E+02
   0.141007784E+07   0.711444919E+04  -0.159292480E+02  -0.165253094E+02  -0.168024126E+02  -0.168368547E+02  -0.167829205E+02  -0.167506615E+02  -0.163273660E+02  -0.167413351E+02  -0.172732272E+02  -0.170220857E+02  -0.139980090E+02  -0.106288515E+02  -0.138610291E+02  -0.144778317E+02  -0.132824654E+02
   0.142005284E+07   0.708073926E+04  -0.159160978E+02  -0.165182234E+02  -0.167998297E+02  -0.168366095E+02  -0.167843757E+02  -0.167378137E+02  -0.163190036E+02  -0.167369930E+02  -0.172737066E+02  -0.170200557E+02  -0.139719444E+02  -0.105828340E+02  -0.138336066E+02  -0.144547588E+02  -0.132540367E+02
   0.143002784E+07   0.704784795E+04  -0.159032672E+02  -0.165113097E+02  -0.167973097E+02  -0.168363705E+02  -0.167857958E+02  -0.167252780E+02  -0.163108444E+02  -0.167327566E+02  -0.172741744E+02  -0.170180752E+02  -0.139465130E+02  -0.105379342E+02  -0.138068503E+02  -0.144322465E+02  -0.132262986E+02
   0.144000284E+07   0.701579505E+04  -0.158907806E+02  -0.165045892E+02  -0.167948709E+02  -0.168361545E+02  -0.167871966E+02  -0.167130789E+02  -0.163029102E+02  -0.167286452E+02  -0.172746474E+02  -0.170161621E+02  -0.139217467E+02  -0.104941958E+02  -0.137807930E+02  -0.144103249E+02  -0.131992845E+02
   0.145007284E+07   0.698435193E+04  -0.158759481E+02  -0.164964193E+02  -0.167916299E+02  -0.168355010E+02  -0.167884332E+02  -0.166985855E+02  -0.162933387E+02  -0.167234690E+02  -0.172747996E+02  -0.170135516E+02  -0.138931263E+02  -0.104438590E+02  -0.137505961E+02  -0.143850252E+02  -0.131686600E+02
   0.146004784E+07   0.695428780E+04  -0.158592616E+02  -0.164870745E+02  -0.167877008E+02  -0.168344388E+02  -0.167894716E+02  -0.166822784E+02  -0.162824497E+02  -0.167174057E+02  -0.172746332E+02  -0.170103362E+02  -0.138615753E+02  -0.103885471E+02  -0.137172389E+02  -0.143571610E+02  -0.131353869E+02
   0.147002284E+07   0.692545439E+04  -0.158434800E+02  -0.164783341E+02  -0.167841544E+02  -0.168336419E+02  -0.167906893E+02  -0.166668606E+02  -0.162722284E+02  -0.167118124E+02  -0.172746955E+02  -0.170074743E+02  -0.138315378E+02  -0.103357214E+02  -0.136854691E+02  -0.143306593E+02  -0.131036978E+02
   0.148009284E+07   0.689656758E+04  -0.158275039E+02  -0.164694122E+02  -0.167804361E+02  -0.168326783E+02  -0.167917440E+02  -0.166512491E+02  -0.162618230E+02  -0.167060435E+02  -0.172745926E+02  -0.170044418E+02  -0.138012794E+02  -0.102826326E+02  -0.136534751E+02  -0.143039433E+02  -0.130717848E+02
   0.149006784E+07   0.686862932E+04  -0.158120626E+02  -0.164607935E+02  -0.167768501E+02  -0.168317564E+02  -0.167927742E+02  -0.166361602E+02  -0.162517693E+02  -0.167004741E+02  -0.172745033E+02  -0.170015190E+02  -0.137720247E+02  -0.102312972E+02  -0.136225419E+02  -0.142781146E+02  -0.130409297E+02
   0.150004284E+07   0.684139494E+04  -0.157970353E+02  -0.164524168E+02  -0.167733795E+02  -0.168308828E+02  -0.167938035E+02  -0.166214766E+02  -0.162419939E+02  -0.166950701E+02  -0.172744412E+02  -0.169986949E+02  -0.137435320E+02  -0.101812801E+02  -0.135924130E+02  -0.142529618E+02  -0.130108771E+02
   0.151001784E+07   0.681506181E+04  -0.157825965E+02  -0.164444086E+02  -0.167701148E+02  -0.168301293E+02  -0.167948899E+02  -0.166073700E+02  -0.162326332E+02  -0.166899361E+02  -0.172744723E+02  -0.169960554E+02  -0.137160734E+02  -0.101330094E+02  -0.135633723E+02  -0.142287324E+02  -0.129819102E+02
   0.152008784E+07   0.678970864E+04  -0.157688809E+02  -0.164368842E+02  -0.167671576E+02  -0.168295896E+02  -0.167961217E+02  -0.165939743E+02  -0.162238067E+02  -0.166851790E+02  -0.172746881E+02  -0.169937000E+02  -0.136898226E+02  -0.100867209E+02  -0.135355983E+02  -0.142055906E+02  -0.129542071E+02
   0.153006284E+07   0.676600217E+04  -0.157562944E+02  -0.164300869E+02  -0.167646307E+02  -0.168293233E+02  -0.167975118E+02  -0.165816869E+02  -0.162157917E+02  -0.166809692E+02  -0.172751282E+02  -0.169917359E+02  -0.136655150E+02  -0.100436771E+02  -0.135098664E+02  -0.141841901E+02  -0.129285416E+02
   0.154003784E+07   0.674358047E+04  -0.157445861E+02  -0.164238540E+02  -0.167624368E+02  -0.168292675E+02  -0.167990227E+02  -0.165702616E+02  -0.162084072E+02  -0.166771836E+02  -0.172757406E+02  -0.169900743E+02  -0.136427208E+02  -0.100031622E+02  -0.134857251E+02  -0.141641456E+02  -0.129044631E+02
   0.155001284E+07   0.672208105E+04  -0.157334378E+02  -0.164179559E+02  -0.167604116E+02  -0.168292925E+02  -0.168005498E+02  -0.165593846E+02  -0.162014049E+02  -0.166736321E+02  -0.172764061E+02  -0.169885594E+02  -0.136209427E+02  -0.996439223E+01  -0.134626553E+02  -0.141450039E+02  -0.128814535E+02
   0.156008284E+07   0.670096107E+04  -0.157224623E+02  -0.164121379E+02  -0.167583982E+02  -0.168292931E+02  -0.168020261E+02  -0.165486756E+02  -0.161945023E+02  -0.166701194E+02  -0.172770360E+02  -0.169870474E+02  -0.135995250E+02  -0.992628258E+01  -0.134399688E+02  -0.141261762E+02  -0.128588261E+02
   0.157005784E+07   0.668049914E+04  -0.157117839E+02  -0.164064563E+02  -0.167564026E+02  -0.168292487E+02  -0.168034114E+02  -0.165382554E+02  -0.161877698E+02  -0.166666712E+02  -0.172776014E+02  -0.169855375E+02  -0.135787297E+02  -0.988931539E+01  -0.134179441E+02  -0.141078901E+02  -0.128368587E+02
   0.158003284E+07   0.666055338E+04  -0.157013681E+02  -0.164009113E+02  -0.167544505E+02  -0.168291986E+02  -0.168047549E+02  -0.165280912E+02  -0.161812003E+02  -0.166633032E+02  -0.172781456E+02  -0.169840590E+02  -0.135584522E+02  -0.985327392E+01  -0.133964682E+02  -0.140900585E+02  -0.128154387E+02
   0.159000784E+07   0.664119599E+04  -0.156912932E+02  -0.163955635E+02  -0.167525898E+02  -0.168291838E+02  -0.168060926E+02  -0.165182606E+02  -0.161748583E+02  -0.166600683E+02  -0.172787076E+02  -0.169826578E+02  -0.135388066E+02  -0.981832939E+01  -0.133756596E+02  -0.140727867E+02  -0.127946843E+02
   0.160007784E+07   0.662226851E+04  -0.156814866E+02  -0.163903790E+02  -0.167508148E+02  -0.168292137E+02  -0.168074450E+02  -0.165086928E+02  -0.161687017E+02  -0.166569497E+02  -0.172793015E+02  -0.169813321E+02  -0.135196417E+02  -0.978420539E+01  -0.133553576E+02  -0.140559429E+02  -0.127744352E+02
   0.161005284E+07   0.660405296E+04  -0.156720793E+02  -0.163854199E+02  -0.167491371E+02  -0.168292730E+02  -0.168087770E+02  -0.164995153E+02  -0.161628071E+02  -0.166539788E+02  -0.172799036E+02  -0.169800868E+02  -0.135012281E+02  -0.975139535E+01  -0.133358496E+02  -0.140397631E+02  -0.127549783E+02
   0.162002784E+07   0.658624955E+04  -0.156628788E+02  -0.163805671E+02  -0.167474913E+02  -0.168293249E+02  -0.168100730E+02  -0.164905395E+02  -0.161570399E+02  -0.166510692E+02  -0.172804860E+02  -0.169788637E+02  -0.134832253E+02  -0.971932173E+01  -0.133167771E+02  -0.140239435E+02  -0.127359556E+02
   0.163000284E+07   0.656877571E+04  -0.156538264E+02  -0.163757818E+02  -0.167458538E+02  -0.168293536E+02  -0.168113226E+02  -0.164817076E+02  -0.161513571E+02  -0.166481912E+02  -0.172810354E+02  -0.169776410E+02  -0.134655333E+02  -0.968781953E+01  -0.132980354E+02  -0.140083944E+02  -0.127172628E+02
   0.164007284E+07   0.655159431E+04  -0.156449495E+02  -0.163711006E+02  -0.167442676E+02  -0.168294059E+02  -0.168125753E+02  -0.164730475E+02  -0.161457935E+02  -0.166453854E+02  -0.172815996E+02  -0.169764627E+02  -0.134481615E+02  -0.965686857E+01  -0.132796313E+02  -0.139931295E+02  -0.126989068E+02
   0.165004784E+07   0.653534698E+04  -0.156366998E+02  -0.163668185E+02  -0.167429123E+02  -0.168295999E+02  -0.168139045E+02  -0.164650028E+02  -0.161406769E+02  -0.166428766E+02  -0.172822778E+02  -0.169754930E+02  -0.134318787E+02  -0.962774486E+01  -0.132623724E+02  -0.139788391E+02  -0.126816934E+02
   0.166002284E+07   0.652022043E+04  -0.156292854E+02  -0.163630980E+02  -0.167419167E+02  -0.168300467E+02  -0.168154083E+02  -0.164577792E+02  -0.161361795E+02  -0.166408072E+02  -0.172831753E+02  -0.169748565E+02  -0.134169854E+02  -0.960089637E+01  -0.132465702E+02  -0.139658007E+02  -0.126659336E+02
   0.167009284E+07   0.650618037E+04  -0.156227147E+02  -0.163599559E+02  -0.167413037E+02  -0.168307726E+02  -0.168171151E+02  -0.164513857E+02  -0.161323163E+02  -0.166391975E+02  -0.172843196E+02  -0.169745769E+02  -0.134034729E+02  -0.957628749E+01  -0.132322142E+02  -0.139540100E+02  -0.126516169E+02
   0.168006784E+07   0.649322369E+04  -0.156168628E+02  -0.163572681E+02  -0.167409499E+02  -0.168316543E+02  -0.168189021E+02  -0.164456973E+02  -0.161289630E+02  -0.166379239E+02  -0.172855873E+02  -0.169745306E+02  -0.133912149E+02  -0.955378932E+01  -0.132191778E+02  -0.139433409E+02  -0.126386168E+02
   0.169004284E+07   0.648077167E+04  -0.156112750E+02  -0.163547211E+02  -0.167406460E+02  -0.168325378E+02  -0.168206557E+02  -0.164402666E+02  -0.161257765E+02  -0.166367360E+02  -0.172868419E+02  -0.169745223E+02  -0.133794705E+02  -0.953220361E+01  -0.132066853E+02  -0.139331235E+02  -0.126261591E+02
   0.170001784E+07   0.646851537E+04  -0.156056967E+02  -0.163521358E+02  -0.167402686E+02  -0.168333291E+02  -0.168223034E+02  -0.164348430E+02  -0.161225618E+02  -0.166354885E+02  -0.172879984E+02  -0.169744358E+02  -0.133678325E+02  -0.951087889E+01  -0.131943109E+02  -0.139229884E+02  -0.126138190E+02
   0.171008784E+07   0.645629372E+04  -0.156000561E+02  -0.163494798E+02  -0.167398141E+02  -0.168340401E+02  -0.168238683E+02  -0.164293566E+02  -0.161192780E+02  -0.166341665E+02  -0.172890736E+02  -0.169742715E+02  -0.133561492E+02  -0.948953635E+01  -0.131818933E+02  -0.139128039E+02  -0.126014357E+02
   0.172006284E+07   0.644443388E+04  -0.155945616E+02  -0.163468814E+02  -0.167393522E+02  -0.168347091E+02  -0.168253659E+02  -0.164240117E+02  -0.161160705E+02  -0.166328626E+02  -0.172900960E+02  -0.169740911E+02  -0.133447908E+02  -0.946880469E+01  -0.131698224E+02  -0.139028999E+02  -0.125893980E+02
   0.173003784E+07   0.643289482E+04  -0.155892373E+02  -0.163443750E+02  -0.167389244E+02  -0.168353816E+02  -0.168268447E+02  -0.164188330E+02  -0.161129714E+02  -0.166316156E+02  -0.172911123E+02  -0.169739372E+02  -0.133337613E+02  -0.944865542E+01  -0.131580996E+02  -0.138932854E+02  -0.125777075E+02
   0.174001284E+07   0.642168128E+04  -0.155840939E+02  -0.163419699E+02  -0.167385393E+02  -0.168360658E+02  -0.168283124E+02  -0.164138311E+02  -0.161099904E+02  -0.166304345E+02  -0.172921307E+02  -0.169738183E+02  -0.133230736E+02  -0.942910521E+01  -0.131467382E+02  -0.138839729E+02  -0.125663775E+02
   0.175008284E+07   0.641063532E+04  -0.155790381E+02  -0.163396116E+02  -0.167381708E+02  -0.168367507E+02  -0.168297691E+02  -0.164089148E+02  -0.161070648E+02  -0.166292819E+02  -0.172931447E+02  -0.169737121E+02  -0.133125565E+02  -0.940985803E+01  -0.131355575E+02  -0.138748103E+02  -0.125552277E+02
   0.176005784E+07   0.639987517E+04  -0.155740897E+02  -0.163372908E+02  -0.167377883E+02  -0.168373942E+02  -0.168311645E+02  -0.164041021E+02  -0.161041914E+02  -0.166281355E+02  -0.172941089E+02  -0.169735850E+02  -0.133022880E+02  -0.939108530E+01  -0.131246425E+02  -0.138658613E+02  -0.125443428E+02
   0.177003284E+07   0.638926892E+04  -0.155691812E+02  -0.163349723E+02  -0.167373804E+02  -0.168379978E+02  -0.168325091E+02  -0.163993274E+02  -0.161013282E+02  -0.166269747E+02  -0.172950285E+02  -0.169734289E+02  -0.132921355E+02  -0.937255024E+01  -0.131138527E+02  -0.138570094E+02  -0.125335828E+02
   0.178000784E+07   0.637895694E+04  -0.155644431E+02  -0.163327524E+02  -0.167370181E+02  -0.168386188E+02  -0.168338506E+02  -0.163947194E+02  -0.160985786E+02  -0.166258803E+02  -0.172959568E+02  -0.169733114E+02  -0.132822989E+02  -0.935456369E+01  -0.131033966E+02  -0.138484374E+02  -0.125231555E+02
   0.179007784E+07   0.636913993E+04  -0.155600873E+02  -0.163307939E+02  -0.167368281E+02  -0.168393649E+02  -0.168352826E+02  -0.163904875E+02  -0.160961160E+02  -0.166249934E+02  -0.172969953E+02  -0.169733544E+02  -0.132730893E+02  -0.933759532E+01  -0.130935972E+02  -0.138404316E+02  -0.125133836E+02
   0.180005284E+07   0.636022630E+04  -0.155563861E+02  -0.163292695E+02  -0.167369093E+02  -0.168402961E+02  -0.168368366E+02  -0.163868987E+02  -0.160941337E+02  -0.166244418E+02  -0.172981922E+02  -0.169736472E+02  -0.132649810E+02  -0.932244221E+01  -0.130849534E+02  -0.138334164E+02  -0.125047647E+02
   0.181002784E+07   0.635207041E+04  -0.155532464E+02  -0.163281214E+02  -0.167372305E+02  -0.168413950E+02  -0.168385054E+02  -0.163838620E+02  -0.160925668E+02  -0.166241840E+02  -0.172995341E+02  -0.169741620E+02  -0.132578088E+02  -0.930882413E+01  -0.130772912E+02  -0.138272444E+02  -0.124971254E+02
   0.182000284E+07   0.634439203E+04  -0.155504026E+02  -0.163271528E+02  -0.167376450E+02  -0.168425417E+02  -0.168401886E+02  -0.163811151E+02  -0.160912037E+02  -0.166240534E+02  -0.173009096E+02  -0.169747588E+02  -0.132511687E+02  -0.929611548E+01  -0.130701898E+02  -0.138215459E+02  -0.124900455E+02
   0.183007284E+07   0.633681058E+04  -0.155475552E+02  -0.163261567E+02  -0.167380146E+02  -0.168436343E+02  -0.168418110E+02  -0.163783633E+02  -0.160898183E+02  -0.166238849E+02  -0.173022281E+02  -0.169753085E+02  -0.132445728E+02  -0.928352766E+01  -0.130631384E+02  -0.138158797E+02  -0.124830153E+02
   0.184004784E+07   0.632933682E+04  -0.155446557E+02  -0.163250823E+02  -0.167382865E+02  -0.168446189E+02  -0.168433177E+02  -0.163755581E+02  -0.160883601E+02  -0.166236262E+02  -0.173034354E+02  -0.169757578E+02  -0.132379780E+02  -0.927102611E+01  -0.130560946E+02  -0.138102015E+02  -0.124759925E+02
   0.185002284E+07   0.632194115E+04  -0.155417272E+02  -0.163239598E+02  -0.167384963E+02  -0.168455339E+02  -0.168447495E+02  -0.163727229E+02  -0.160868577E+02  -0.166233110E+02  -0.173045708E+02  -0.169761431E+02  -0.132313929E+02  -0.925859591E+01  -0.130490652E+02  -0.138045233E+02  -0.124689837E+02
   0.186009284E+07   0.631464020E+04  -0.155388185E+02  -0.163228341E+02  -0.167386857E+02  -0.168464195E+02  -0.168461453E+02  -0.163699064E+02  -0.160853570E+02  -0.166229821E+02  -0.173056740E+02  -0.169765059E+02  -0.132248745E+02  -0.924630723E+01  -0.130421081E+02  -0.137989002E+02  -0.124620471E+02
   0.187006784E+07   0.630758685E+04  -0.155360112E+02  -0.163217492E+02  -0.167388714E+02  -0.168472779E+02  -0.168474964E+02  -0.163671881E+02  -0.160839099E+02  -0.166226671E+02  -0.173067425E+02  -0.169768590E+02  -0.132185798E+02  -0.923443804E+01  -0.130353897E+02  -0.137934705E+02  -0.124553484E+02
   0.188004284E+07   0.630073217E+04  -0.155332875E+02  -0.163206994E+02  -0.167390564E+02  -0.168481165E+02  -0.168488139E+02  -0.163645508E+02  -0.160825080E+02  -0.166223654E+02  -0.173077853E+02  -0.169772067E+02  -0.132124670E+02  -0.922290762E+01  -0.130288649E+02  -0.137881982E+02  -0.124488429E+02
   0.189001784E+07   0.629402889E+04  -0.155306148E+02  -0.163196636E+02  -0.167392282E+02  -0.168489274E+02  -0.168500933E+02  -0.163619627E+02  -0.160811279E+02  -0.166220613E+02  -0.173087961E+02  -0.169775376E+02  -0.132064800E+02  -0.921162278E+01  -0.130224752E+02  -0.137830332E+02  -0.124424720E+02
   0.190008784E+07   0.628738580E+04  -0.155279314E+02  -0.163186025E+02  -0.167393637E+02  -0.168496964E+02  -0.168513264E+02  -0.163593631E+02  -0.160797256E+02  -0.166217253E+02  -0.173097630E+02  -0.169778308E+02  -0.132005121E+02  -0.920040456E+01  -0.130161082E+02  -0.137778800E+02  -0.124361235E+02
   0.191006284E+07   0.628091288E+04  -0.155252828E+02  -0.163175346E+02  -0.167394619E+02  -0.168504119E+02  -0.168524942E+02  -0.163567963E+02  -0.160783253E+02  -0.166213640E+02  -0.173106713E+02  -0.169780827E+02  -0.131946632E+02  -0.918943987E+01  -0.130098704E+02  -0.137728248E+02  -0.124299039E+02
   0.192003784E+07   0.627466727E+04  -0.155227363E+02  -0.163165133E+02  -0.167395656E+02  -0.168511112E+02  -0.168536298E+02  -0.163543285E+02  -0.160769832E+02  -0.166210243E+02  -0.173115567E+02  -0.169783346E+02  -0.131890286E+02  -0.917886917E+01  -0.130038607E+02  -0.137679562E+02  -0.124239116E+02
   0.193001284E+07   0.626875975E+04  -0.155203960E+02  -0.163156156E+02  -0.167397322E+02  -0.168518411E+02  -0.168547725E+02  -0.163520628E+02  -0.160757821E+02  -0.166207715E+02  -0.173124626E+02  -0.169786414E+02  -0.131837676E+02  -0.916893916E+01  -0.129982447E+02  -0.137634196E+02  -0.124183121E+02
   0.194008284E+07   0.626320584E+04  -0.155182949E+02  -0.163148708E+02  -0.167399878E+02  -0.168526263E+02  -0.168559458E+02  -0.163500318E+02  -0.160747521E+02  -0.166206329E+02  -0.173134134E+02  -0.169790289E+02  -0.131789205E+02  -0.915970259E+01  -0.129930639E+02  -0.137592536E+02  -0.124131469E+02
   0.195005784E+07   0.625800669E+04  -0.155163651E+02  -0.163142106E+02  -0.167402641E+02  -0.168533984E+02  -0.168570812E+02  -0.163481676E+02  -0.160738248E+02  -0.166205401E+02  -0.173143404E+02  -0.169794287E+02  -0.131744200E+02  -0.915109305E+01  -0.129882511E+02  -0.137553907E+02  -0.124083487E+02
   0.196003284E+07   0.625285056E+04  -0.155143781E+02  -0.163134827E+02  -0.167404651E+02  -0.168540911E+02  -0.168581341E+02  -0.163462456E+02  -0.160728321E+02  -0.166203751E+02  -0.173151867E+02  -0.169797521E+02  -0.131698837E+02  -0.914248165E+01  -0.129834050E+02  -0.137514867E+02  -0.124035170E+02
   0.197000784E+07   0.624770234E+04  -0.155122896E+02  -0.163126515E+02  -0.167405612E+02  -0.168546781E+02  -0.168590809E+02  -0.163442221E+02  -0.160717365E+02  -0.166201057E+02  -0.173159272E+02  -0.169799704E+02  -0.131652498E+02  -0.913377891E+01  -0.129784618E+02  -0.137474841E+02  -0.123985882E+02
   0.198007784E+07   0.624252396E+04  -0.155100874E+02  -0.163117138E+02  -0.167405564E+02  -0.168551671E+02  -0.168599316E+02  -0.163420852E+02  -0.160705328E+02  -0.166197332E+02  -0.173165704E+02  -0.169800885E+02  -0.131604873E+02  -0.912492366E+01  -0.129733881E+02  -0.137433566E+02  -0.123935290E+02
