   0.000000000E+00   0.500000000E+04  -0.365605851E+01  -0.486414751E+01  -0.558984321E+01  -0.586488251E+01  -0.598806051E+01  -0.450989851E+01  -0.453786851E+01  -0.535088451E+01  -0.637697051E+01  -0.587167051E+01  -0.523958514E+00   0.480925149E+01  -0.230178514E+00  -0.133648851E+01   0.250191486E+00
   0.100000125E+05   0.500000000E+04  -0.415245792E+01  -0.536054692E+01  -0.608624262E+01  -0.636128192E+01  -0.648445992E+01  -0.500629792E+01  -0.503426792E+01  -0.584728392E+01  -0.687336992E+01  -0.636806992E+01  -0.102035792E+01   0.431285208E+01  -0.726577917E+00  -0.183288792E+01  -0.246207917E+00
   0.200001511E+05   0.500000000E+04  -0.409141275E+01  -0.529950175E+01  -0.602519745E+01  -0.630023675E+01  -0.642341475E+01  -0.494525275E+01  -0.497322275E+01  -0.578623875E+01  -0.681232475E+01  -0.630702475E+01  -0.959312751E+00   0.437389725E+01  -0.665532751E+00  -0.177184275E+01  -0.185162751E+00
   0.300001355E+05   0.500000000E+04  -0.405259332E+01  -0.526068232E+01  -0.598637802E+01  -0.626141732E+01  -0.638459532E+01  -0.490643332E+01  -0.493440332E+01  -0.574741932E+01  -0.677350532E+01  -0.626820532E+01  -0.920493321E+00   0.441271668E+01  -0.626713321E+00  -0.173302332E+01  -0.146343321E+00
   0.400001237E+05   0.500000000E+04  -0.403933397E+01  -0.524742297E+01  -0.597311867E+01  -0.624815797E+01  -0.637133597E+01  -0.489317397E+01  -0.492114397E+01  -0.573415997E+01  -0.676024597E+01  -0.625494597E+01  -0.907233965E+00   0.442597603E+01  -0.613453965E+00  -0.171976397E+01  -0.133083965E+00
   0.500002547E+05   0.500000000E+04  -0.403576189E+01  -0.524385089E+01  -0.596954659E+01  -0.624458589E+01  -0.636776389E+01  -0.488960189E+01  -0.491757189E+01  -0.573058789E+01  -0.675667389E+01  -0.625137389E+01  -0.903661887E+00   0.442954811E+01  -0.609881887E+00  -0.171619189E+01  -0.129511887E+00
   0.600001049E+05   0.500000000E+04  -0.403492073E+01  -0.524300973E+01  -0.596870543E+01  -0.624374473E+01  -0.636692273E+01  -0.488876073E+01  -0.491673073E+01  -0.572974673E+01  -0.675583273E+01  -0.625053273E+01  -0.902820733E+00   0.443038927E+01  -0.609040733E+00  -0.171535073E+01  -0.128670733E+00
   0.700000464E+05   0.500000000E+04  -0.403411652E+01  -0.524220552E+01  -0.596790122E+01  -0.624294052E+01  -0.636611852E+01  -0.488795652E+01  -0.491592652E+01  -0.572894252E+01  -0.675502852E+01  -0.624972852E+01  -0.902016515E+00   0.443119348E+01  -0.608236515E+00  -0.171454652E+01  -0.127866515E+00
   0.800001461E+05   0.500000000E+04  -0.403236038E+01  -0.524044938E+01  -0.596614508E+01  -0.624118438E+01  -0.636436238E+01  -0.488620038E+01  -0.491417038E+01  -0.572718638E+01  -0.675327238E+01  -0.624797238E+01  -0.900260382E+00   0.443294962E+01  -0.606480382E+00  -0.171279038E+01  -0.126110382E+00
   0.900001041E+05   0.500000000E+04  -0.402931648E+01  -0.523740548E+01  -0.596310118E+01  -0.623814048E+01  -0.636131848E+01  -0.488315648E+01  -0.491112648E+01  -0.572414248E+01  -0.675022848E+01  -0.624492848E+01  -0.897216480E+00   0.443599352E+01  -0.603436480E+00  -0.170974648E+01  -0.123066480E+00
   0.100000063E+06   0.500000000E+04  -0.402504365E+01  -0.523313265E+01  -0.595882835E+01  -0.623386765E+01  -0.635704565E+01  -0.487888365E+01  -0.490685365E+01  -0.571986965E+01  -0.674595565E+01  -0.624065565E+01  -0.892943649E+00   0.444026635E+01  -0.599163649E+00  -0.170547365E+01  -0.118793649E+00
   0.110000089E+06   0.500000000E+04  -0.401977074E+01  -0.522785974E+01  -0.595355544E+01  -0.622859474E+01  -0.635177274E+01  -0.487361074E+01  -0.490158074E+01  -0.571459674E+01  -0.674068274E+01  -0.623538274E+01  -0.887670741E+00   0.444553926E+01  -0.593890741E+00  -0.170020074E+01  -0.113520741E+00
   0.120000196E+06   0.500000000E+04  -0.401375960E+01  -0.522184860E+01  -0.594754430E+01  -0.622258360E+01  -0.634576160E+01  -0.486759960E+01  -0.489556960E+01  -0.570858560E+01  -0.673467160E+01  -0.622937160E+01  -0.881659605E+00   0.445155040E+01  -0.587879605E+00  -0.169418960E+01  -0.107509605E+00
   0.130000197E+06   0.500000000E+04  -0.400722918E+01  -0.521531818E+01  -0.594101388E+01  -0.621605318E+01  -0.633923118E+01  -0.486106918E+01  -0.488903918E+01  -0.570205518E+01  -0.672814118E+01  -0.622284118E+01  -0.875129180E+00   0.445808082E+01  -0.581349180E+00  -0.168765918E+01  -0.100979180E+00
   0.140000142E+06   0.500000000E+04  -0.400038121E+01  -0.520847021E+01  -0.593416591E+01  -0.620920521E+01  -0.633238321E+01  -0.485422121E+01  -0.488219121E+01  -0.569520721E+01  -0.672129321E+01  -0.621599321E+01  -0.868281213E+00   0.446492879E+01  -0.574501213E+00  -0.168081121E+01  -0.941312135E-01
   0.150000082E+06   0.500000000E+04  -0.399334767E+01  -0.520143667E+01  -0.592713237E+01  -0.620217167E+01  -0.632534967E+01  -0.484718767E+01  -0.487515767E+01  -0.568817367E+01  -0.671425967E+01  -0.620895967E+01  -0.861247666E+00   0.447196233E+01  -0.567467666E+00  -0.167377767E+01  -0.870976664E-01
   0.160000189E+06   0.500000000E+04  -0.398623885E+01  -0.519432785E+01  -0.592002355E+01  -0.619506285E+01  -0.631824085E+01  -0.484007885E+01  -0.486804885E+01  -0.568106485E+01  -0.670715085E+01  -0.620185085E+01  -0.854138851E+00   0.447907115E+01  -0.560358851E+00  -0.166666885E+01  -0.799888511E-01
   0.170000108E+06   0.500000000E+04  -0.397911208E+01  -0.518720108E+01  -0.591289678E+01  -0.618793608E+01  -0.631111408E+01  -0.483295208E+01  -0.486092208E+01  -0.567393808E+01  -0.670002408E+01  -0.619472408E+01  -0.847012075E+00   0.448619792E+01  -0.553232075E+00  -0.165954208E+01  -0.728620753E-01
   0.180000207E+06   0.500000000E+04  -0.397203440E+01  -0.518012340E+01  -0.590581910E+01  -0.618085840E+01  -0.630403640E+01  -0.482587440E+01  -0.485384440E+01  -0.566686040E+01  -0.669294640E+01  -0.618764640E+01  -0.839934405E+00   0.449327560E+01  -0.546154405E+00  -0.165246440E+01  -0.657844048E-01
   0.190000102E+06   0.500000000E+04  -0.396504413E+01  -0.517313313E+01  -0.589882883E+01  -0.617386813E+01  -0.629704613E+01  -0.481888413E+01  -0.484685413E+01  -0.565987013E+01  -0.668595613E+01  -0.618065613E+01  -0.832944133E+00   0.450026587E+01  -0.539164133E+00  -0.164547413E+01  -0.587941331E-01
   0.200000120E+06   0.500000000E+04  -0.395818315E+01  -0.516627215E+01  -0.589196785E+01  -0.616700715E+01  -0.629018515E+01  -0.481202315E+01  -0.483999315E+01  -0.565300915E+01  -0.667909515E+01  -0.617379515E+01  -0.826083155E+00   0.450712685E+01  -0.532303155E+00  -0.163861315E+01  -0.519331546E-01
   0.210000090E+06   0.500000000E+04  -0.395145390E+01  -0.515954290E+01  -0.588523860E+01  -0.616027790E+01  -0.628345590E+01  -0.480529390E+01  -0.483326390E+01  -0.564627990E+01  -0.667236590E+01  -0.616706590E+01  -0.819353899E+00   0.451385610E+01  -0.525573899E+00  -0.163188390E+01  -0.452038994E-01
   0.220000207E+06   0.500000000E+04  -0.394484920E+01  -0.515293820E+01  -0.587863390E+01  -0.615367320E+01  -0.627685120E+01  -0.479868920E+01  -0.482665920E+01  -0.563967520E+01  -0.666576120E+01  -0.616046120E+01  -0.812749198E+00   0.452046080E+01  -0.518969198E+00  -0.162527920E+01  -0.385991982E-01
   0.230000070E+06   0.541111018E+04  -0.853595901E+01  -0.960129494E+01  -0.102229119E+02  -0.104415050E+02  -0.105229685E+02  -0.938207754E+01  -0.930487980E+01  -0.100254419E+02  -0.109357270E+02  -0.104897181E+02  -0.567625651E+01  -0.797722027E+00  -0.542034386E+01  -0.640659736E+01  -0.489935207E+01
   0.240000089E+06   0.500000000E+04  -0.831277099E+01  -0.952085999E+01  -0.102465557E+02  -0.105215950E+02  -0.106447730E+02  -0.916661099E+01  -0.919458099E+01  -0.100075970E+02  -0.110336830E+02  -0.105283830E+02  -0.518067099E+01   0.152539011E+00  -0.488689099E+01  -0.599320099E+01  -0.440652099E+01
   0.250000221E+06   0.507421215E+04  -0.876666600E+01  -0.994898572E+01  -0.106558935E+02  -0.109207433E+02  -0.110363912E+02  -0.961911214E+01  -0.962809764E+01  -0.104244242E+02  -0.114296062E+02  -0.109350092E+02  -0.568373822E+01  -0.432604631E+00  -0.539679390E+01  -0.648143173E+01  -0.490909100E+01
   0.260000247E+06   0.537536618E+04  -0.941589723E+01  -0.104936448E+02  -0.111243109E+02  -0.113478117E+02  -0.114329021E+02  -0.102626871E+02  -0.101946332E+02  -0.109232337E+02  -0.118435871E+02  -0.113924231E+02  -0.653251110E+01  -0.161444484E+01  -0.627330608E+01  -0.726999790E+01  -0.575584615E+01
   0.270000019E+06   0.581574425E+04  -0.102191936E+02  -0.111440252E+02  -0.116632030E+02  -0.118262390E+02  -0.118666451E+02  -0.110577123E+02  -0.108770035E+02  -0.115065682E+02  -0.123028764E+02  -0.119152247E+02  -0.762759762E+01  -0.319657629E+01  -0.740895582E+01  -0.827704403E+01  -0.684798213E+01
   0.280000086E+06   0.745280690E+04  -0.120236001E+02  -0.125587933E+02  -0.127906978E+02  -0.128016751E+02  -0.127306735E+02  -0.128419788E+02  -0.123736618E+02  -0.127472771E+02  -0.132307755E+02  -0.130048210E+02  -0.102219876E+02  -0.705310405E+01  -0.100986367E+02  -0.106717810E+02  -0.953017300E+01
   0.290000051E+06   0.120546818E+05  -0.143306291E+02  -0.143632929E+02  -0.142213153E+02  -0.140401167E+02  -0.138314161E+02  -0.151250260E+02  -0.142836845E+02  -0.143216132E+02  -0.144104162E+02  -0.143914161E+02  -0.136758747E+02  -0.122131756E+02  -0.136475849E+02  -0.138762472E+02  -0.133008991E+02
   0.300000128E+06   0.160690584E+05  -0.153003551E+02  -0.151498148E+02  -0.148707479E+02  -0.146198637E+02  -0.143608961E+02  -0.160866327E+02  -0.151084289E+02  -0.150226100E+02  -0.149691164E+02  -0.150256838E+02  -0.151144826E+02  -0.143190261E+02  -0.151088198E+02  -0.152052411E+02  -0.149158856E+02
   0.310000015E+06   0.201658483E+05  -0.159263843E+02  -0.156720131E+02  -0.153145647E+02  -0.150240140E+02  -0.147355360E+02  -0.167082156E+02  -0.156522332E+02  -0.154957604E+02  -0.153611142E+02  -0.154610627E+02  -0.160199404E+02  -0.156184960E+02  -0.160233493E+02  -0.160289793E+02  -0.159341616E+02
   0.320000101E+06   0.241687086E+05  -0.163658349E+02  -0.160477710E+02  -0.156418431E+02  -0.153266881E+02  -0.150228162E+02  -0.171450007E+02  -0.160412596E+02  -0.158411471E+02  -0.156562150E+02  -0.157831810E+02  -0.166352145E+02  -0.164807111E+02  -0.166428560E+02  -0.165946369E+02  -0.166220496E+02
   0.330000031E+06   0.280044950E+05  -0.166839017E+02  -0.163238017E+02  -0.158856109E+02  -0.155540552E+02  -0.152383636E+02  -0.174613301E+02  -0.163260401E+02  -0.160969724E+02  -0.158785003E+02  -0.160235576E+02  -0.170707740E+02  -0.170806806E+02  -0.170806358E+02  -0.169990454E+02  -0.171074720E+02
   0.340000144E+06   0.314205448E+05  -0.169185228E+02  -0.165307169E+02  -0.160711039E+02  -0.157286522E+02  -0.154048817E+02  -0.176948250E+02  -0.165387435E+02  -0.162904803E+02  -0.160497205E+02  -0.162068242E+02  -0.173832937E+02  -0.175017106E+02  -0.173943514E+02  -0.172920504E+02  -0.174534046E+02
   0.350000263E+06   0.344742059E+05  -0.171019648E+02  -0.166944991E+02  -0.162196052E+02  -0.158693698E+02  -0.155398684E+02  -0.178774657E+02  -0.167066277E+02  -0.164447019E+02  -0.161880084E+02  -0.163537376E+02  -0.176221486E+02  -0.178174209E+02  -0.176339387E+02  -0.175173892E+02  -0.177161565E+02
   0.360000202E+06   0.370683280E+05  -0.172462064E+02  -0.168248378E+02  -0.163390909E+02  -0.159833097E+02  -0.156497533E+02  -0.180211534E+02  -0.168398761E+02  -0.165682472E+02  -0.163002187E+02  -0.164721042E+02  -0.178056330E+02  -0.180550993E+02  -0.178178725E+02  -0.176916591E+02  -0.179166140E+02
   0.370000124E+06   0.389964150E+05  -0.173539084E+02  -0.169235347E+02  -0.164307474E+02  -0.160713639E+02  -0.157351687E+02  -0.181284891E+02  -0.169404513E+02  -0.166625426E+02  -0.163871460E+02  -0.165630287E+02  -0.179387026E+02  -0.182231095E+02  -0.179512021E+02  -0.178188732E+02  -0.180606727E+02
   0.380000012E+06   0.390654080E+05  -0.173800753E+02  -0.169494053E+02  -0.164563862E+02  -0.160968837E+02  -0.157606006E+02  -0.181546442E+02  -0.169663842E+02  -0.166882686E+02  -0.164126284E+02  -0.165886433E+02  -0.179657061E+02  -0.182512605E+02  -0.179782139E+02  -0.178456836E+02  -0.180880381E+02
   0.390000058E+06   0.375138727E+05  -0.173351023E+02  -0.169115906E+02  -0.164241684E+02  -0.160675318E+02  -0.157333472E+02  -0.181099647E+02  -0.169270745E+02  -0.166539530E+02  -0.163841735E+02  -0.165570080E+02  -0.179005704E+02  -0.181583596E+02  -0.179128724E+02  -0.177852020E+02  -0.180141669E+02
   0.400000012E+06   0.344987225E+05  -0.172138009E+02  -0.168061933E+02  -0.163311890E+02  -0.159808970E+02  -0.156513542E+02  -0.179892962E+02  -0.168183517E+02  -0.165563269E+02  -0.162995179E+02  -0.164653097E+02  -0.177343850E+02  -0.179302112E+02  -0.177461798E+02  -0.176295300E+02  -0.178285660E+02
   0.410000095E+06   0.303169503E+05  -0.170011163E+02  -0.166215148E+02  -0.161682517E+02  -0.158290376E+02  -0.155076677E+02  -0.177777549E+02  -0.166278288E+02  -0.163852521E+02  -0.161511097E+02  -0.163046283E+02  -0.174428044E+02  -0.175291181E+02  -0.174535327E+02  -0.173572683E+02  -0.175029899E+02
   0.420000156E+06   0.262823724E+05  -0.167428492E+02  -0.163999672E+02  -0.159750212E+02  -0.156501835E+02  -0.153394994E+02  -0.175209900E+02  -0.163986227E+02  -0.161814212E+02  -0.159767249E+02  -0.161143440E+02  -0.170815069E+02  -0.170240283E+02  -0.170905094E+02  -0.170223498E+02  -0.170976537E+02
   0.430000038E+06   0.244156609E+05  -0.166180630E+02  -0.162969048E+02  -0.158886086E+02  -0.155722460E+02  -0.152675369E+02  -0.173970996E+02  -0.162910355E+02  -0.160887966E+02  -0.159014025E+02  -0.160296946E+02  -0.168960637E+02  -0.167536462E+02  -0.169038830E+02  -0.168531474E+02  -0.168865364E+02
   0.440000087E+06   0.228170516E+05  -0.164993433E+02  -0.161999578E+02  -0.158082982E+02  -0.155003839E+02  -0.152011753E+02  -0.172792887E+02  -0.161895579E+02  -0.160022760E+02  -0.158321387E+02  -0.159511450E+02  -0.167168512E+02  -0.164896035E+02  -0.167233619E+02  -0.166906273E+02  -0.166819268E+02
   0.450000105E+06   0.215889826E+05  -0.164044773E+02  -0.161244653E+02  -0.157475486E+02  -0.154471184E+02  -0.151525402E+02  -0.171852316E+02  -0.161100285E+02  -0.159360198E+02  -0.157811864E+02  -0.158919717E+02  -0.165684667E+02  -0.162660468E+02  -0.165737041E+02  -0.165573463E+02  -0.165113815E+02
   0.460000132E+06   0.206243004E+05  -0.163283719E+02  -0.160653726E+02  -0.157013776E+02  -0.154075076E+02  -0.151169620E+02  -0.171098392E+02  -0.160473898E+02  -0.158850213E+02  -0.157435854E+02  -0.158471786E+02  -0.164455796E+02  -0.160774050E+02  -0.164496211E+02  -0.164478149E+02  -0.163694236E+02
   0.470000173E+06   0.200178500E+05  -0.162915087E+02  -0.160399227E+02  -0.156845878E+02  -0.153951086E+02  -0.151072981E+02  -0.170734575E+02  -0.160195627E+02  -0.158649932E+02  -0.157325388E+02  -0.158313107E+02  -0.163774296E+02  -0.159652449E+02  -0.163806342E+02  -0.163886647E+02  -0.162885442E+02
   0.480000113E+06   0.196568002E+05  -0.162954279E+02  -0.160514160E+02  -0.157018238E+02  -0.154152503E+02  -0.151293015E+02  -0.170776967E+02  -0.160294828E+02  -0.158800849E+02  -0.157535714E+02  -0.158491607E+02  -0.163606939E+02  -0.159194388E+02  -0.163633111E+02  -0.163778567E+02  -0.162633344E+02
   0.490000030E+06   0.191744675E+05  -0.162845165E+02  -0.160506770E+02  -0.157087972E+02  -0.154261258E+02  -0.151426803E+02  -0.170672150E+02  -0.160266311E+02  -0.158841788E+02  -0.157656431E+02  -0.158569589E+02  -0.163220484E+02  -0.158417580E+02  -0.163238745E+02  -0.163471697E+02  -0.162133058E+02
   0.500000147E+06   0.186429126E+05  -0.162634989E+02  -0.160418376E+02  -0.157091680E+02  -0.154311575E+02  -0.151509815E+02  -0.170467154E+02  -0.160152565E+02  -0.158811048E+02  -0.157721074E+02  -0.158583172E+02  -0.162680061E+02  -0.157411940E+02  -0.162688319E+02  -0.163027407E+02  -0.161457511E+02
   0.510000101E+06   0.180768284E+05  -0.162328694E+02  -0.160246809E+02  -0.157021895E+02  -0.154293304E+02  -0.151529018E+02  -0.170166604E+02  -0.159952920E+02  -0.158703166E+02  -0.157718652E+02  -0.158524312E+02  -0.162009264E+02  -0.156227478E+02  -0.162006200E+02  -0.162463374E+02  -0.160637777E+02
   0.520000081E+06   0.175239941E+05  -0.161985500E+02  -0.160050593E+02  -0.156936503E+02  -0.154263932E+02  -0.151552856E+02  -0.169829726E+02  -0.159726094E+02  -0.158576284E+02  -0.157706521E+02  -0.158450875E+02  -0.161271429E+02  -0.154933070E+02  -0.161255357E+02  -0.161844427E+02  -0.159740783E+02
   0.530000280E+06   0.170021057E+05  -0.161640575E+02  -0.159846766E+02  -0.156839037E+02  -0.154220220E+02  -0.151561907E+02  -0.169490871E+02  -0.159492885E+02  -0.158438998E+02  -0.157679353E+02  -0.158364891E+02  -0.160548062E+02  -0.153675916E+02  -0.160519413E+02  -0.161235521E+02  -0.158865077E+02
   0.540000247E+06   0.165118940E+05  -0.161288922E+02  -0.159646600E+02  -0.156752882E+02  -0.154191830E+02  -0.151569605E+02  -0.169145773E+02  -0.159261215E+02  -0.158310119E+02  -0.157668504E+02  -0.158291082E+02  -0.159793947E+02  -0.152353249E+02  -0.159750604E+02  -0.160597041E+02  -0.157951810E+02
   0.550000016E+06   0.160541038E+05  -0.160949735E+02  -0.159448957E+02  -0.156661767E+02  -0.154154688E+02  -0.151566112E+02  -0.168812711E+02  -0.159034136E+02  -0.158179085E+02  -0.157647751E+02  -0.158211504E+02  -0.159078727E+02  -0.151106809E+02  -0.159021650E+02  -0.159989840E+02  -0.157087900E+02
   0.560000130E+06   0.156333066E+05  -0.160622768E+02  -0.159269529E+02  -0.156593162E+02  -0.154142296E+02  -0.151587105E+02  -0.168492166E+02  -0.158823965E+02  -0.158068910E+02  -0.157652330E+02  -0.158154915E+02  -0.158363881E+02  -0.149843092E+02  -0.158291246E+02  -0.159384021E+02  -0.156221821E+02
   0.570000041E+06   0.152458300E+05  -0.160320722E+02  -0.159105707E+02  -0.156533141E+02  -0.154134933E+02  -0.151610817E+02  -0.168196140E+02  -0.158631334E+02  -0.157969947E+02  -0.157660854E+02  -0.158106150E+02  -0.157698931E+02  -0.148664503E+02  -0.157611573E+02  -0.158820788E+02  -0.155415636E+02
   0.580000210E+06   0.148874890E+05  -0.160036575E+02  -0.158955986E+02  -0.156484285E+02  -0.154137262E+02  -0.151646228E+02  -0.167917869E+02  -0.158453594E+02  -0.157883235E+02  -0.157678632E+02  -0.158068282E+02  -0.157063529E+02  -0.147531526E+02  -0.156961406E+02  -0.158281113E+02  -0.154644252E+02
   0.590000065E+06   0.145538783E+05  -0.159758880E+02  -0.158816856E+02  -0.156448962E+02  -0.154154649E+02  -0.151703248E+02  -0.167646270E+02  -0.158285577E+02  -0.157808919E+02  -0.157711942E+02  -0.158044365E+02  -0.156427006E+02  -0.146385880E+02  -0.156308803E+02  -0.157737083E+02  -0.153870214E+02
   0.600000145E+06   0.142412903E+05  -0.159498247E+02  -0.158686057E+02  -0.156415427E+02  -0.154170503E+02  -0.151756238E+02  -0.167391348E+02  -0.158127710E+02  -0.157738849E+02  -0.157742716E+02  -0.158021517E+02  -0.155830156E+02  -0.145311989E+02  -0.155696887E+02  -0.157226899E+02  -0.153144516E+02
   0.610000153E+06   0.139490530E+05  -0.159251867E+02  -0.158564792E+02  -0.156387851E+02  -0.154190520E+02  -0.151812104E+02  -0.167150483E+02  -0.157980357E+02  -0.157676073E+02  -0.157777107E+02  -0.158004262E+02  -0.155260812E+02  -0.144284077E+02  -0.155112758E+02  -0.156737985E+02  -0.152451970E+02
   0.620000232E+06   0.136753217E+05  -0.159002906E+02  -0.158449591E+02  -0.156372633E+02  -0.154226181E+02  -0.151886360E+02  -0.166907469E+02  -0.157837246E+02  -0.157623255E+02  -0.157828118E+02  -0.158000171E+02  -0.154671023E+02  -0.143208936E+02  -0.154506025E+02  -0.156220911E+02  -0.151734623E+02
   0.630000273E+06   0.134181904E+05  -0.158771527E+02  -0.158343858E+02  -0.156360820E+02  -0.154262161E+02  -0.151958596E+02  -0.166681674E+02  -0.157705297E+02  -0.157576122E+02  -0.157878519E+02  -0.157998810E+02  -0.154119484E+02  -0.142201477E+02  -0.153938570E+02  -0.155737676E+02  -0.151063261E+02
   0.640000210E+06   0.131762150E+05  -0.158556615E+02  -0.158247187E+02  -0.156352533E+02  -0.154298850E+02  -0.152029404E+02  -0.166472017E+02  -0.157583954E+02  -0.157534598E+02  -0.157928778E+02  -0.158000360E+02  -0.153603284E+02  -0.141256231E+02  -0.153407391E+02  -0.155285754E+02  -0.150434300E+02
   0.650000093E+06   0.129480714E+05  -0.158349969E+02  -0.158156860E+02  -0.156349120E+02  -0.154339668E+02  -0.152103725E+02  -0.166270558E+02  -0.157469349E+02  -0.157498472E+02  -0.157982949E+02  -0.158006638E+02  -0.153101708E+02  -0.140334129E+02  -0.152890728E+02  -0.154846064E+02  -0.149823216E+02
   0.660000091E+06   0.127320599E+05  -0.158134043E+02  -0.158066602E+02  -0.156352668E+02  -0.154390961E+02  -0.152191029E+02  -0.166060285E+02  -0.157352839E+02  -0.157466629E+02  -0.158048680E+02  -0.158020701E+02  -0.152571629E+02  -0.139354466E+02  -0.152343260E+02  -0.154378698E+02  -0.149179191E+02
   0.670000004E+06   0.125263500E+05  -0.157928990E+02  -0.157981225E+02  -0.156356622E+02  -0.154440383E+02  -0.152274745E+02  -0.165860615E+02  -0.157242463E+02  -0.157436880E+02  -0.158111852E+02  -0.158034670E+02  -0.152067406E+02  -0.138422099E+02  -0.151822478E+02  -0.153934197E+02  -0.148566456E+02
   0.680000183E+06   0.123293400E+05  -0.157731556E+02  -0.157898406E+02  -0.156359357E+02  -0.154486663E+02  -0.152353869E+02  -0.165668338E+02  -0.157135701E+02  -0.157407336E+02  -0.158171300E+02  -0.158046995E+02  -0.151583455E+02  -0.137528111E+02  -0.151322667E+02  -0.153507441E+02  -0.147978582E+02
   0.690000282E+06   0.121399348E+05  -0.157539710E+02  -0.157816750E+02  -0.156359952E+02  -0.154529122E+02  -0.152427904E+02  -0.165481448E+02  -0.157031027E+02  -0.157376899E+02  -0.158226419E+02  -0.158056810E+02  -0.151116152E+02  -0.136666598E+02  -0.150840116E+02  -0.153095126E+02  -0.147411367E+02
   0.700000280E+06   0.119575813E+05  -0.157344474E+02  -0.157732706E+02  -0.156358878E+02  -0.154570295E+02  -0.152500468E+02  -0.165291233E+02  -0.156923745E+02  -0.157344489E+02  -0.158280374E+02  -0.158065063E+02  -0.150644621E+02  -0.135798890E+02  -0.150352803E+02  -0.152677464E+02  -0.146840862E+02
   0.710000256E+06   0.117820622E+05  -0.157128271E+02  -0.157639735E+02  -0.156357773E+02  -0.154616019E+02  -0.152579555E+02  -0.165080656E+02  -0.156804990E+02  -0.157308592E+02  -0.158340283E+02  -0.158074363E+02  -0.150127259E+02  -0.134847346E+02  -0.149816748E+02  -0.152214899E+02  -0.146219400E+02
   0.720000018E+06   0.116131920E+05  -0.156919080E+02  -0.157549108E+02  -0.156355533E+02  -0.154658833E+02  -0.152654468E+02  -0.164876877E+02  -0.156689555E+02  -0.157272876E+02  -0.158396745E+02  -0.158082133E+02  -0.149628317E+02  -0.133930670E+02  -0.149299822E+02  -0.151768678E+02  -0.145620301E+02
   0.730000102E+06   0.114507338E+05  -0.156717137E+02  -0.157461227E+02  -0.156352683E+02  -0.154699327E+02  -0.152725842E+02  -0.164680141E+02  -0.156577810E+02  -0.157237822E+02  -0.158450369E+02  -0.158088913E+02  -0.149147625E+02  -0.133048105E+02  -0.148801828E+02  -0.151338706E+02  -0.145043255E+02
   0.740000039E+06   0.112946789E+05  -0.156523313E+02  -0.157376969E+02  -0.156350104E+02  -0.154738384E+02  -0.152794561E+02  -0.164491319E+02  -0.156470628E+02  -0.157204308E+02  -0.158502038E+02  -0.158095586E+02  -0.148686039E+02  -0.132200486E+02  -0.148323622E+02  -0.150925840E+02  -0.144489113E+02
   0.750000099E+06   0.111450528E+05  -0.156338740E+02  -0.157297448E+02  -0.156348897E+02  -0.154777097E+02  -0.152861716E+02  -0.164311541E+02  -0.156369126E+02  -0.157173441E+02  -0.158552844E+02  -0.158103249E+02  -0.148244734E+02  -0.131389051E+02  -0.147866382E+02  -0.150531249E+02  -0.143959065E+02
   0.760000252E+06   0.110019332E+05  -0.156164588E+02  -0.157223780E+02  -0.156350139E+02  -0.154816523E+02  -0.152928345E+02  -0.164141976E+02  -0.156274434E+02  -0.157146312E+02  -0.158603837E+02  -0.158112974E+02  -0.147825015E+02  -0.130615297E+02  -0.147431421E+02  -0.150156211E+02  -0.143454461E+02
   0.770000198E+06   0.108652360E+05  -0.155962364E+02  -0.157138898E+02  -0.156352643E+02  -0.154863689E+02  -0.153007105E+02  -0.163945196E+02  -0.156164958E+02  -0.157115562E+02  -0.158664565E+02  -0.158125515E+02  -0.147343450E+02  -0.129726962E+02  -0.146930298E+02  -0.149733374E+02  -0.142882293E+02
   0.780000070E+06   0.107345988E+05  -0.155772025E+02  -0.157060993E+02  -0.156358466E+02  -0.154912306E+02  -0.153085993E+02  -0.163760075E+02  -0.156063487E+02  -0.157089522E+02  -0.158726179E+02  -0.158140958E+02  -0.146885541E+02  -0.128879375E+02  -0.146453629E+02  -0.149331808E+02  -0.142337667E+02
   0.790000076E+06   0.106095140E+05  -0.155592871E+02  -0.156989493E+02  -0.156367137E+02  -0.154961953E+02  -0.153164622E+02  -0.163585917E+02  -0.155969423E+02  -0.157067684E+02  -0.158788268E+02  -0.158158839E+02  -0.146450188E+02  -0.128070907E+02  -0.146000314E+02  -0.148950405E+02  -0.141819283E+02
   0.800000061E+06   0.104894176E+05  -0.155423427E+02  -0.156923410E+02  -0.156378028E+02  -0.155012184E+02  -0.153242681E+02  -0.163421270E+02  -0.155881676E+02  -0.157049282E+02  -0.158850447E+02  -0.158178572E+02  -0.146034762E+02  -0.127297246E+02  -0.145567643E+02  -0.148586777E+02  -0.141324138E+02
   0.810000168E+06   0.103738162E+05  -0.155262298E+02  -0.156861773E+02  -0.156390483E+02  -0.155062508E+02  -0.153319791E+02  -0.163264758E+02  -0.155799186E+02  -0.157033541E+02  -0.158912271E+02  -0.158199539E+02  -0.145636858E+02  -0.126554515E+02  -0.145153138E+02  -0.148238731E+02  -0.140849497E+02
   0.820000057E+06   0.102622898E+05  -0.155108348E+02  -0.156803808E+02  -0.156403999E+02  -0.155112558E+02  -0.153395683E+02  -0.163115262E+02  -0.155721102E+02  -0.157019854E+02  -0.158973415E+02  -0.158221266E+02  -0.145254480E+02  -0.125839464E+02  -0.144754745E+02  -0.147904454E+02  -0.140393088E+02
   0.830000287E+06   0.101545214E+05  -0.154960808E+02  -0.156749020E+02  -0.156418282E+02  -0.155162144E+02  -0.153470240E+02  -0.162972027E+02  -0.155646874E+02  -0.157007851E+02  -0.159033722E+02  -0.158243485E+02  -0.144886209E+02  -0.125149731E+02  -0.144370998E+02  -0.147582664E+02  -0.139953280E+02
   0.840000114E+06   0.100503317E+05  -0.154819432E+02  -0.156697314E+02  -0.156433355E+02  -0.155211347E+02  -0.153543585E+02  -0.162834812E+02  -0.155576373E+02  -0.156997511E+02  -0.159093290E+02  -0.158266229E+02  -0.144531431E+02  -0.124484166E+02  -0.144001259E+02  -0.147272823E+02  -0.139529342E+02
   0.850000176E+06   0.994953741E+04  -0.154662073E+02  -0.156637502E+02  -0.156446155E+02  -0.155261335E+02  -0.153619989E+02  -0.162682030E+02  -0.155496095E+02  -0.156982579E+02  -0.159154597E+02  -0.158287449E+02  -0.144145894E+02  -0.123763766E+02  -0.143598533E+02  -0.146936996E+02  -0.139073738E+02
   0.860000113E+06   0.985197966E+04  -0.154489962E+02  -0.156570229E+02  -0.156456895E+02  -0.155312093E+02  -0.153699271E+02  -0.162514881E+02  -0.155406809E+02  -0.156963440E+02  -0.159217559E+02  -0.158307303E+02  -0.143731952E+02  -0.122992694E+02  -0.143165333E+02  -0.146577189E+02  -0.138588930E+02
   0.870000233E+06   0.975748945E+04  -0.154324589E+02  -0.156506398E+02  -0.156468624E+02  -0.155362582E+02  -0.153777387E+02  -0.162354313E+02  -0.155321655E+02  -0.156946228E+02  -0.159279867E+02  -0.158327859E+02  -0.143332351E+02  -0.122247193E+02  -0.142747080E+02  -0.146230020E+02  -0.138120692E+02
   0.880000016E+06   0.966592561E+04  -0.154165619E+02  -0.156445826E+02  -0.156481271E+02  -0.155412789E+02  -0.153854365E+02  -0.162200000E+02  -0.155240422E+02  -0.156930831E+02  -0.159341527E+02  -0.158349060E+02  -0.142946409E+02  -0.121526063E+02  -0.142343063E+02  -0.145894887E+02  -0.137668237E+02
   0.890000235E+06   0.957711858E+04  -0.154012675E+02  -0.156388316E+02  -0.156494777E+02  -0.155462723E+02  -0.153930265E+02  -0.162051572E+02  -0.155162872E+02  -0.156917137E+02  -0.159402570E+02  -0.158370862E+02  -0.142573325E+02  -0.120827883E+02  -0.141952448E+02  -0.145571082E+02  -0.137230644E+02
   0.900000247E+06   0.949091828E+04  -0.153865315E+02  -0.156333589E+02  -0.156508981E+02  -0.155512287E+02  -0.154005032E+02  -0.161908597E+02  -0.155088695E+02  -0.156904940E+02  -0.159462917E+02  -0.158393119E+02  -0.142212287E+02  -0.120151292E+02  -0.141574395E+02  -0.145257877E+02  -0.136806990E+02
   0.910000191E+06   0.940718446E+04  -0.153723189E+02  -0.156281446E+02  -0.156523797E+02  -0.155561450E+02  -0.154078677E+02  -0.161770729E+02  -0.155017657E+02  -0.156894109E+02  -0.159522554E+02  -0.158415757E+02  -0.141862598E+02  -0.119495078E+02  -0.141208176E+02  -0.144954651E+02  -0.136396477E+02
   0.920000317E+06   0.932578477E+04  -0.153585956E+02  -0.156231688E+02  -0.156539131E+02  -0.155610174E+02  -0.154151201E+02  -0.161637636E+02  -0.154949531E+02  -0.156884512E+02  -0.159581460E+02  -0.158438695E+02  -0.141523587E+02  -0.118858088E+02  -0.140853097E+02  -0.144660810E+02  -0.135998338E+02
   0.930000202E+06   0.924662620E+04  -0.153453395E+02  -0.156184193E+02  -0.156554936E+02  -0.155658450E+02  -0.154222622E+02  -0.161509102E+02  -0.154884175E+02  -0.156876073E+02  -0.159639638E+02  -0.158461896E+02  -0.141194805E+02  -0.118239529E+02  -0.140508689E+02  -0.144375952E+02  -0.135612054E+02
   0.940000236E+06   0.916959173E+04  -0.153325256E+02  -0.156138838E+02  -0.156571182E+02  -0.155706296E+02  -0.154292991E+02  -0.161384881E+02  -0.154821436E+02  -0.156868725E+02  -0.159697120E+02  -0.158485338E+02  -0.140875709E+02  -0.117638433E+02  -0.140174386E+02  -0.144099602E+02  -0.135237000E+02
   0.950000004E+06   0.909460889E+04  -0.153201364E+02  -0.156095525E+02  -0.156587830E+02  -0.155753701E+02  -0.154362320E+02  -0.161264803E+02  -0.154761203E+02  -0.156862407E+02  -0.159753905E+02  -0.158508991E+02  -0.140565946E+02  -0.117054181E+02  -0.139849822E+02  -0.143831447E+02  -0.134872770E+02
   0.960000143E+06   0.902157312E+04  -0.153081510E+02  -0.156054157E+02  -0.156604866E+02  -0.155800697E+02  -0.154430669E+02  -0.161148663E+02  -0.154703355E+02  -0.156857073E+02  -0.159810036E+02  -0.158532850E+02  -0.140265047E+02  -0.116485920E+02  -0.139534505E+02  -0.143571076E+02  -0.134518818E+02
   0.970000266E+06   0.895041894E+04  -0.152932862E+02  -0.155996705E+02  -0.156615244E+02  -0.155845985E+02  -0.154500991E+02  -0.161004408E+02  -0.154626733E+02  -0.156841296E+02  -0.159866023E+02  -0.158551266E+02  -0.139911707E+02  -0.115825936E+02  -0.139163109E+02  -0.143264131E+02  -0.134111506E+02
   0.980000096E+06   0.888105850E+04  -0.152774882E+02  -0.155933869E+02  -0.156623165E+02  -0.155890363E+02  -0.154571566E+02  -0.160851037E+02  -0.154543890E+02  -0.156821871E+02  -0.159921593E+02  -0.158567613E+02  -0.139542187E+02  -0.115137920E+02  -0.138774286E+02  -0.142942768E+02  -0.133688405E+02
   0.990000183E+06   0.881340816E+04  -0.152621558E+02  -0.155873343E+02  -0.156631651E+02  -0.155934407E+02  -0.154641161E+02  -0.160702208E+02  -0.154463851E+02  -0.156803685E+02  -0.159976554E+02  -0.158584317E+02  -0.139182539E+02  -0.114467628E+02  -0.138395810E+02  -0.142630089E+02  -0.133276496E+02
   0.100000013E+07   0.874738741E+04  -0.152472623E+02  -0.155814972E+02  -0.156640630E+02  -0.155978088E+02  -0.154709777E+02  -0.160557662E+02  -0.154386436E+02  -0.156786634E+02  -0.160030888E+02  -0.158601316E+02  -0.138832250E+02  -0.113814178E+02  -0.138027148E+02  -0.142325639E+02  -0.132875207E+02
   0.101000028E+07   0.868289756E+04  -0.152327737E+02  -0.155758549E+02  -0.156649994E+02  -0.156021350E+02  -0.154777396E+02  -0.160417061E+02  -0.154311411E+02  -0.156770574E+02  -0.160084556E+02  -0.158618515E+02  -0.138490679E+02  -0.113176476E+02  -0.137667629E+02  -0.142028843E+02  -0.132483817E+02
   0.102000002E+07   0.861986028E+04  -0.152186588E+02  -0.155703871E+02  -0.156659623E+02  -0.156064112E+02  -0.154843967E+02  -0.160280102E+02  -0.154238550E+02  -0.156755349E+02  -0.160137490E+02  -0.158635802E+02  -0.138157275E+02  -0.112553612E+02  -0.137316683E+02  -0.141739206E+02  -0.132101718E+02
   0.103000034E+07   0.855818148E+04  -0.152048880E+02  -0.155650771E+02  -0.156669443E+02  -0.156106352E+02  -0.154909502E+02  -0.160146494E+02  -0.154167658E+02  -0.156740852E+02  -0.160189682E+02  -0.158653114E+02  -0.137831456E+02  -0.111944569E+02  -0.136973698E+02  -0.141456210E+02  -0.131728251E+02
   0.104000007E+07   0.849781258E+04  -0.151914378E+02  -0.155599078E+02  -0.156679335E+02  -0.156147975E+02  -0.154973926E+02  -0.160016003E+02  -0.154098552E+02  -0.156726942E+02  -0.160241047E+02  -0.158670340E+02  -0.137512837E+02  -0.111348742E+02  -0.136638278E+02  -0.141179505E+02  -0.131362997E+02
   0.105000034E+07   0.843865938E+04  -0.151782799E+02  -0.155548643E+02  -0.156689243E+02  -0.156188975E+02  -0.155037268E+02  -0.159888356E+02  -0.154031054E+02  -0.156713529E+02  -0.160291592E+02  -0.158687434E+02  -0.137200849E+02  -0.110765129E+02  -0.136309828E+02  -0.140908588E+02  -0.131005314E+02
   0.106000015E+07   0.838070425E+04  -0.151654030E+02  -0.155499373E+02  -0.156699095E+02  -0.156229289E+02  -0.155099471E+02  -0.159763438E+02  -0.153965067E+02  -0.156700531E+02  -0.160341258E+02  -0.158704327E+02  -0.136895325E+02  -0.110193480E+02  -0.135988175E+02  -0.140643302E+02  -0.130655019E+02
   0.107000015E+07   0.832389923E+04  -0.151527967E+02  -0.155451232E+02  -0.156708902E+02  -0.156268955E+02  -0.155160591E+02  -0.159641151E+02  -0.153900541E+02  -0.156687943E+02  -0.160390090E+02  -0.158721035E+02  -0.136596015E+02  -0.109633327E+02  -0.135673056E+02  -0.140383431E+02  -0.130311827E+02
   0.108000031E+07   0.826822555E+04  -0.151404566E+02  -0.155404200E+02  -0.156718665E+02  -0.156307980E+02  -0.155220644E+02  -0.159521449E+02  -0.153837450E+02  -0.156675756E+02  -0.160438099E+02  -0.158737561E+02  -0.136302816E+02  -0.109084481E+02  -0.135364363E+02  -0.140128887E+02  -0.129975620E+02
   0.109000019E+07   0.821365479E+04  -0.151283747E+02  -0.155358238E+02  -0.156728372E+02  -0.156346371E+02  -0.155279646E+02  -0.159404257E+02  -0.153775747E+02  -0.156663948E+02  -0.160485295E+02  -0.158753897E+02  -0.136015564E+02  -0.108546646E+02  -0.135061924E+02  -0.139879524E+02  -0.129646212E+02
   0.110000017E+07   0.816015133E+04  -0.151165418E+02  -0.155313302E+02  -0.156738017E+02  -0.156384138E+02  -0.155337620E+02  -0.159289484E+02  -0.153715377E+02  -0.156652498E+02  -0.160531695E+02  -0.158770041E+02  -0.135734057E+02  -0.108019456E+02  -0.134765527E+02  -0.139635164E+02  -0.129323374E+02
   0.111000005E+07   0.810768356E+04  -0.151049501E+02  -0.155269357E+02  -0.156747596E+02  -0.156421295E+02  -0.155394594E+02  -0.159177054E+02  -0.153656298E+02  -0.156641391E+02  -0.160577319E+02  -0.158785994E+02  -0.135458121E+02  -0.107502593E+02  -0.134474989E+02  -0.139395656E+02  -0.129006906E+02
   0.112000022E+07   0.805621565E+04  -0.150935894E+02  -0.155226350E+02  -0.156757093E+02  -0.156457845E+02  -0.155450583E+02  -0.159066868E+02  -0.153598446E+02  -0.156630597E+02  -0.160622174E+02  -0.158801744E+02  -0.135187544E+02  -0.106995680E+02  -0.134190088E+02  -0.139160813E+02  -0.128696570E+02
   0.113000006E+07   0.800571109E+04  -0.150824483E+02  -0.155184219E+02  -0.156766483E+02  -0.156493781E+02  -0.155505594E+02  -0.158958813E+02  -0.153541746E+02  -0.156620074E+02  -0.160666259E+02  -0.158817269E+02  -0.134922101E+02  -0.106498326E+02  -0.133910590E+02  -0.138930436E+02  -0.128392113E+02
   0.114000013E+07   0.795613417E+04  -0.150669879E+02  -0.155116360E+02  -0.156763048E+02  -0.156523768E+02  -0.155559865E+02  -0.158808523E+02  -0.153455631E+02  -0.156591497E+02  -0.160706596E+02  -0.158821723E+02  -0.134582027E+02  -0.105872385E+02  -0.133551258E+02  -0.138633258E+02  -0.128016864E+02
   0.115000021E+07   0.790745286E+04  -0.150512307E+02  -0.155046362E+02  -0.156758079E+02  -0.156552560E+02  -0.155613212E+02  -0.158655317E+02  -0.153367199E+02  -0.156561125E+02  -0.160745850E+02  -0.158824739E+02  -0.134237954E+02  -0.105240167E+02  -0.133187576E+02  -0.138332389E+02  -0.127638650E+02
   0.116000029E+07   0.785963357E+04  -0.150357495E+02  -0.154977574E+02  -0.156753170E+02  -0.156580812E+02  -0.155665586E+02  -0.158504794E+02  -0.153280305E+02  -0.156531261E+02  -0.160784380E+02  -0.158827673E+02  -0.133899944E+02  -0.104619115E+02  -0.132830305E+02  -0.138036819E+02  -0.127267105E+02
   0.117000012E+07   0.781264820E+04  -0.150205347E+02  -0.154909950E+02  -0.156748309E+02  -0.156608536E+02  -0.155717010E+02  -0.158356861E+02  -0.153194889E+02  -0.156501882E+02  -0.160822202E+02  -0.158830519E+02  -0.133567793E+02  -0.104008858E+02  -0.132479228E+02  -0.137746368E+02  -0.126902003E+02
   0.118000010E+07   0.776648237E+04  -0.150055865E+02  -0.154843517E+02  -0.156743546E+02  -0.156635788E+02  -0.155767549E+02  -0.158211519E+02  -0.153110976E+02  -0.156473027E+02  -0.160859377E+02  -0.158833328E+02  -0.133241448E+02  -0.103409257E+02  -0.132134287E+02  -0.137460994E+02  -0.126543282E+02
   0.119000024E+07   0.772113450E+04  -0.149909130E+02  -0.154778360E+02  -0.156738966E+02  -0.156662656E+02  -0.155817291E+02  -0.158068852E+02  -0.153028647E+02  -0.156444782E+02  -0.160895991E+02  -0.158836186E+02  -0.132920982E+02  -0.102820377E+02  -0.131795555E+02  -0.137180776E+02  -0.126191014E+02
   0.120000016E+07   0.767660930E+04  -0.149765288E+02  -0.154714615E+02  -0.156734699E+02  -0.156689267E+02  -0.155866361E+02  -0.157929003E+02  -0.152948043E+02  -0.156417281E+02  -0.160932171E+02  -0.158839223E+02  -0.132606562E+02  -0.102242412E+02  -0.131463200E+02  -0.136905871E+02  -0.125845368E+02
   0.121000017E+07   0.763291464E+04  -0.149624487E+02  -0.154652418E+02  -0.156730870E+02  -0.156715740E+02  -0.155914875E+02  -0.157792121E+02  -0.152869301E+02  -0.156390651E+02  -0.160968036E+02  -0.158842561E+02  -0.132298365E+02  -0.101675586E+02  -0.131137403E+02  -0.136636453E+02  -0.125506528E+02
   0.122000019E+07   0.759006166E+04  -0.149486896E+02  -0.154591916E+02  -0.156727613E+02  -0.156742201E+02  -0.155962951E+02  -0.157658373E+02  -0.152792573E+02  -0.156365031E+02  -0.161003706E+02  -0.158846332E+02  -0.131996602E+02  -0.101120177E+02  -0.130818378E+02  -0.136372722E+02  -0.125174712E+02
   0.123000009E+07   0.754805048E+04  -0.149352620E+02  -0.154533215E+02  -0.156725032E+02  -0.156768754E+02  -0.156010696E+02  -0.157527865E+02  -0.152717965E+02  -0.156340526E+02  -0.161039289E+02  -0.158850642E+02  -0.131701379E+02  -0.100576289E+02  -0.130506233E+02  -0.136114784E+02  -0.124850026E+02
   0.124000019E+07   0.750687772E+04  -0.149221742E+02  -0.154476404E+02  -0.156723220E+02  -0.156795496E+02  -0.156058205E+02  -0.157400680E+02  -0.152645564E+02  -0.156317229E+02  -0.161074879E+02  -0.158855584E+02  -0.131412766E+02  -0.100043975E+02  -0.130201036E+02  -0.135862712E+02  -0.124532539E+02
   0.125000036E+07   0.746654366E+04  -0.149094348E+02  -0.154421568E+02  -0.156722264E+02  -0.156822510E+02  -0.156105565E+02  -0.157276903E+02  -0.152575455E+02  -0.156295225E+02  -0.161110562E+02  -0.158861243E+02  -0.131130850E+02  -0.995233216E+01  -0.129902873E+02  -0.135616592E+02  -0.124222337E+02
   0.126000010E+07   0.742704655E+04  -0.148970501E+02  -0.154368774E+02  -0.156722231E+02  -0.156849868E+02  -0.156152846E+02  -0.157156599E+02  -0.152507705E+02  -0.156274581E+02  -0.161146409E+02  -0.158867688E+02  -0.130855687E+02  -0.990143760E+01  -0.129611802E+02  -0.135376484E+02  -0.123919475E+02
   0.127000007E+07   0.738837998E+04  -0.148850208E+02  -0.154318040E+02  -0.156723148E+02  -0.156877601E+02  -0.156200083E+02  -0.157039774E+02  -0.152442330E+02  -0.156255321E+02  -0.161182452E+02  -0.158874948E+02  -0.130587261E+02  -0.985170824E+01  -0.129327801E+02  -0.135142374E+02  -0.123623932E+02
   0.128000020E+07   0.735054100E+04  -0.148733417E+02  -0.154269318E+02  -0.156724973E+02  -0.156905666E+02  -0.156247235E+02  -0.156926376E+02  -0.152379280E+02  -0.156237399E+02  -0.161218650E+02  -0.158882979E+02  -0.130325507E+02  -0.980313588E+01  -0.129050805E+02  -0.134914201E+02  -0.123335641E+02
   0.129000027E+07   0.731350662E+04  -0.148619916E+02  -0.154222439E+02  -0.156727566E+02  -0.156933942E+02  -0.156294191E+02  -0.156816197E+02  -0.152318379E+02  -0.156220666E+02  -0.161254885E+02  -0.158891646E+02  -0.130070125E+02  -0.975567709E+01  -0.128780506E+02  -0.134691688E+02  -0.123054287E+02
   0.130000025E+07   0.727723021E+04  -0.148509394E+02  -0.154177177E+02  -0.156730762E+02  -0.156962296E+02  -0.156340844E+02  -0.156708930E+02  -0.152259380E+02  -0.156204932E+02  -0.161291036E+02  -0.158900793E+02  -0.129820627E+02  -0.970925528E+01  -0.128516396E+02  -0.134474385E+02  -0.122779349E+02
   0.131000014E+07   0.724165784E+04  -0.148401519E+02  -0.154133294E+02  -0.156734397E+02  -0.156990600E+02  -0.156387091E+02  -0.156604245E+02  -0.152202027E+02  -0.156190004E+02  -0.161326985E+02  -0.158910263E+02  -0.129576472E+02  -0.966378451E+01  -0.128257912E+02  -0.134261801E+02  -0.122510247E+02
   0.132000010E+07   0.720673226E+04  -0.148295925E+02  -0.154090528E+02  -0.156738286E+02  -0.157018709E+02  -0.156432818E+02  -0.156501783E+02  -0.152146037E+02  -0.156175667E+02  -0.161362601E+02  -0.158919880E+02  -0.129337076E+02  -0.961917245E+01  -0.128004448E+02  -0.134053401E+02  -0.122246358E+02
   0.133000002E+07   0.717239019E+04  -0.148192208E+02  -0.154048590E+02  -0.156742223E+02  -0.157046462E+02  -0.156477894E+02  -0.156401146E+02  -0.152091095E+02  -0.156161683E+02  -0.161397735E+02  -0.158929450E+02  -0.129101793E+02  -0.957531707E+01  -0.127755332E+02  -0.133848597E+02  -0.121986990E+02
   0.134000020E+07   0.713857249E+04  -0.148089992E+02  -0.154007210E+02  -0.156746018E+02  -0.157073709E+02  -0.156522199E+02  -0.156301963E+02  -0.152036910E+02  -0.156147831E+02  -0.161432250E+02  -0.158938792E+02  -0.128870020E+02  -0.953212306E+01  -0.127509937E+02  -0.133646837E+02  -0.121731501E+02
   0.135000007E+07   0.710522061E+04  -0.147988954E+02  -0.153966170E+02  -0.156749530E+02  -0.157100351E+02  -0.156565663E+02  -0.156203917E+02  -0.151983241E+02  -0.156133938E+02  -0.161466059E+02  -0.158947775E+02  -0.128641210E+02  -0.948950104E+01  -0.127267692E+02  -0.133447626E+02  -0.121479301E+02
   0.136000011E+07   0.707228108E+04  -0.147888858E+02  -0.153925330E+02  -0.156752692E+02  -0.157126355E+02  -0.156608283E+02  -0.156106775E+02  -0.151929929E+02  -0.156119911E+02  -0.161499143E+02  -0.158956339E+02  -0.128414921E+02  -0.944737523E+01  -0.127028135E+02  -0.133250571E+02  -0.121229911E+02
   0.137000024E+07   0.703972637E+04  -0.147789634E+02  -0.153884669E+02  -0.156755519E+02  -0.157151759E+02  -0.156650108E+02  -0.156010471E+02  -0.151876942E+02  -0.156105750E+02  -0.161531544E+02  -0.158964506E+02  -0.128190978E+02  -0.940571186E+01  -0.126791080E+02  -0.133055521E+02  -0.120983138E+02
   0.138000026E+07   0.700758962E+04  -0.147691439E+02  -0.153844286E+02  -0.156758064E+02  -0.157176591E+02  -0.156691150E+02  -0.155915158E+02  -0.151824390E+02  -0.156091525E+02  -0.161563283E+02  -0.158972322E+02  -0.127969665E+02  -0.936455881E+01  -0.126556822E+02  -0.132862729E+02  -0.120739288E+02
   0.139000015E+07   0.697596685E+04  -0.147554507E+02  -0.153779697E+02  -0.156746907E+02  -0.157193614E+02  -0.156728794E+02  -0.155781940E+02  -0.151744583E+02  -0.156059346E+02  -0.161589099E+02  -0.158968115E+02  -0.127684832E+02  -0.931258880E+01  -0.126254492E+02  -0.132614103E+02  -0.120435365E+02
   0.140000037E+07   0.694491408E+04  -0.147407948E+02  -0.153708969E+02  -0.156732117E+02  -0.157208436E+02  -0.156765313E+02  -0.155639299E+02  -0.151657907E+02  -0.156022511E+02  -0.161613173E+02  -0.158960697E+02  -0.127384740E+02  -0.925803738E+01  -0.125935744E+02  -0.132352092E+02  -0.120117487E+02
   0.141000008E+07   0.691450867E+04  -0.147265351E+02  -0.153640622E+02  -0.156718542E+02  -0.157223855E+02  -0.156801977E+02  -0.155500539E+02  -0.151573944E+02  -0.155987352E+02  -0.161637653E+02  -0.158954340E+02  -0.127091811E+02  -0.920471387E+01  -0.125624548E+02  -0.132096449E+02  -0.119807141E+02
   0.142000027E+07   0.688483248E+04  -0.147127582E+02  -0.153575322E+02  -0.156706701E+02  -0.157240313E+02  -0.156839170E+02  -0.155366514E+02  -0.151493402E+02  -0.155954444E+02  -0.161662953E+02  -0.158949544E+02  -0.126807315E+02  -0.915281003E+01  -0.125322223E+02  -0.131848345E+02  -0.119505647E+02
   0.143000027E+07   0.685595611E+04  -0.146995411E+02  -0.153513667E+02  -0.156697063E+02  -0.157258211E+02  -0.156877244E+02  -0.155237986E+02  -0.151416916E+02  -0.155924307E+02  -0.161689456E+02  -0.158946761E+02  -0.126532372E+02  -0.910249352E+01  -0.125029930E+02  -0.131608813E+02  -0.119214163E+02
   0.144000023E+07   0.682792349E+04  -0.146869426E+02  -0.153456139E+02  -0.156690032E+02  -0.157277912E+02  -0.156916531E+02  -0.155115539E+02  -0.151344990E+02  -0.155897375E+02  -0.161717510E+02  -0.158946385E+02  -0.126267787E+02  -0.905387972E+01  -0.124748503E+02  -0.131378604E+02  -0.118933521E+02
   0.145000005E+07   0.680080125E+04  -0.146750270E+02  -0.153403216E+02  -0.156685967E+02  -0.157299710E+02  -0.156957280E+02  -0.154999805E+02  -0.151278137E+02  -0.155874056E+02  -0.161747390E+02  -0.158948758E+02  -0.126014532E+02  -0.900711846E+01  -0.124478953E+02  -0.131158609E+02  -0.118664731E+02
   0.146000034E+07   0.677467223E+04  -0.146638424E+02  -0.153355177E+02  -0.156684997E+02  -0.157323656E+02  -0.156999483E+02  -0.154891256E+02  -0.151216679E+02  -0.155854537E+02  -0.161779121E+02  -0.158953991E+02  -0.125773497E+02  -0.896236420E+01  -0.124222221E+02  -0.130949617E+02  -0.118408730E+02
   0.147000028E+07   0.674954190E+04  -0.146533869E+02  -0.153311990E+02  -0.156687079E+02  -0.157349702E+02  -0.157043088E+02  -0.154789872E+02  -0.151160585E+02  -0.155838780E+02  -0.161812656E+02  -0.158962039E+02  -0.125544691E+02  -0.891962209E+01  -0.123978316E+02  -0.130751628E+02  -0.118165529E+02
   0.148000037E+07   0.672535572E+04  -0.146436222E+02  -0.153273406E+02  -0.156692064E+02  -0.157377750E+02  -0.157088036E+02  -0.154695276E+02  -0.151109579E+02  -0.155826594E+02  -0.161847911E+02  -0.158972765E+02  -0.125327462E+02  -0.887878383E+01  -0.123746556E+02  -0.130564058E+02  -0.117934446E+02
   0.149000016E+07   0.670200809E+04  -0.146344684E+02  -0.153238883E+02  -0.156699600E+02  -0.157407550E+02  -0.157134148E+02  -0.154606685E+02  -0.151063065E+02  -0.155817555E+02  -0.161884668E+02  -0.158985843E+02  -0.125120487E+02  -0.883963382E+01  -0.123525554E+02  -0.130385715E+02  -0.117714098E+02
   0.150000036E+07   0.667938074E+04  -0.146258252E+02  -0.153207708E+02  -0.156709185E+02  -0.157438712E+02  -0.157181120E+02  -0.154523108E+02  -0.151020268E+02  -0.155811077E+02  -0.161922572E+02  -0.159000800E+02  -0.124922180E+02  -0.880191982E+01  -0.123313652E+02  -0.130215156E+02  -0.117502830E+02
   0.151000001E+07   0.665744396E+04  -0.146175962E+02  -0.153178988E+02  -0.156719981E+02  -0.157470427E+02  -0.157228163E+02  -0.154443586E+02  -0.150980281E+02  -0.155806301E+02  -0.161960824E+02  -0.159016804E+02  -0.124731430E+02  -0.876550721E+01  -0.123109722E+02  -0.130051306E+02  -0.117299513E+02
   0.152000001E+07   0.663601527E+04  -0.146096139E+02  -0.153151493E+02  -0.156731088E+02  -0.157501968E+02  -0.157274677E+02  -0.154366466E+02  -0.150941781E+02  -0.155802196E+02  -0.161998750E+02  -0.159032998E+02  -0.124545657E+02  -0.872999404E+01  -0.122911075E+02  -0.129891812E+02  -0.117101467E+02
   0.153000008E+07   0.661485834E+04  -0.146017058E+02  -0.153124077E+02  -0.156741784E+02  -0.157532839E+02  -0.157320330E+02  -0.154290055E+02  -0.150903499E+02  -0.155797873E+02  -0.162035926E+02  -0.159048717E+02  -0.124361971E+02  -0.869490424E+01  -0.122714678E+02  -0.129734070E+02  -0.116905662E+02
   0.154000020E+07   0.659384725E+04  -0.145937536E+02  -0.153095866E+02  -0.156751422E+02  -0.157562512E+02  -0.157364684E+02  -0.154213185E+02  -0.150864496E+02  -0.155792594E+02  -0.162071860E+02  -0.159063342E+02  -0.124178566E+02  -0.865995780E+01  -0.122518649E+02  -0.129576431E+02  -0.116710221E+02
   0.155000004E+07   0.657293938E+04  -0.145856634E+02  -0.153066020E+02  -0.156759239E+02  -0.157590268E+02  -0.157407048E+02  -0.154134920E+02  -0.150823912E+02  -0.155785569E+02  -0.162105845E+02  -0.159076123E+02  -0.123994289E+02  -0.862500584E+01  -0.122321811E+02  -0.129417794E+02  -0.116513969E+02
   0.156000014E+07   0.655198935E+04  -0.145773414E+02  -0.153033960E+02  -0.156764919E+02  -0.157615925E+02  -0.157447343E+02  -0.154054344E+02  -0.150781092E+02  -0.155776376E+02  -0.162137744E+02  -0.159086775E+02  -0.123807487E+02  -0.858976798E+01  -0.122122422E+02  -0.129256683E+02  -0.116315167E+02
   0.157000027E+07   0.653095490E+04  -0.145687796E+02  -0.152999708E+02  -0.156768558E+02  -0.157639622E+02  -0.157485737E+02  -0.153971380E+02  -0.150736037E+02  -0.155765084E+02  -0.162167710E+02  -0.159095408E+02  -0.123617869E+02  -0.855418183E+01  -0.121920167E+02  -0.129092859E+02  -0.116113500E+02
   0.158000028E+07   0.650995102E+04  -0.145600346E+02  -0.152963550E+02  -0.156770236E+02  -0.157661329E+02  -0.157522120E+02  -0.153886580E+02  -0.150689091E+02  -0.155751851E+02  -0.162195676E+02  -0.159102073E+02  -0.123426571E+02  -0.851845182E+01  -0.121716250E+02  -0.128927318E+02  -0.115910171E+02
   0.159000030E+07   0.648903605E+04  -0.145511817E+02  -0.152926096E+02  -0.156770458E+02  -0.157681495E+02  -0.157556899E+02  -0.153800690E+02  -0.150640895E+02  -0.155737225E+02  -0.162222073E+02  -0.159107259E+02  -0.123234633E+02  -0.848272807E+01  -0.121511746E+02  -0.128761028E+02  -0.115706253E+02
   0.160000032E+07   0.646828125E+04  -0.145423495E+02  -0.152888457E+02  -0.156770206E+02  -0.157701035E+02  -0.157590941E+02  -0.153714987E+02  -0.150592596E+02  -0.155722240E+02  -0.162247798E+02  -0.159111935E+02  -0.123043694E+02  -0.844723082E+01  -0.121308338E+02  -0.128595541E+02  -0.115503426E+02
   0.161000039E+07   0.644792957E+04  -0.145337368E+02  -0.152852029E+02  -0.156770440E+02  -0.157720676E+02  -0.157624802E+02  -0.153631428E+02  -0.150545716E+02  -0.155708026E+02  -0.162273503E+02  -0.159117000E+02  -0.122856944E+02  -0.841247102E+01  -0.121109360E+02  -0.128433748E+02  -0.115305018E+02
   0.162000033E+07   0.642814668E+04  -0.145255012E+02  -0.152817983E+02  -0.156772031E+02  -0.157741131E+02  -0.157659080E+02  -0.153551568E+02  -0.150501510E+02  -0.155695573E+02  -0.162299853E+02  -0.159123287E+02  -0.122676776E+02  -0.837881905E+01  -0.120917307E+02  -0.128277840E+02  -0.115113518E+02
   0.163000015E+07   0.640902445E+04  -0.145177999E+02  -0.152787668E+02  -0.156776161E+02  -0.157763496E+02  -0.157694806E+02  -0.153476969E+02  -0.150461373E+02  -0.155686128E+02  -0.162327916E+02  -0.159131957E+02  -0.122505219E+02  -0.834655024E+01  -0.120734260E+02  -0.128129732E+02  -0.114931008E+02
   0.164000033E+07   0.639080482E+04  -0.145107773E+02  -0.152761934E+02  -0.156783248E+02  -0.157787957E+02  -0.157731997E+02  -0.153409041E+02  -0.150426281E+02  -0.155680281E+02  -0.162357806E+02  -0.159143369E+02  -0.122344910E+02  -0.831611966E+01  -0.120563005E+02  -0.127991766E+02  -0.114760263E+02
   0.165000003E+07   0.637345724E+04  -0.145044944E+02  -0.152741468E+02  -0.156794032E+02  -0.157815283E+02  -0.157771444E+02  -0.153348401E+02  -0.150396905E+02  -0.155678750E+02  -0.162390302E+02  -0.159158271E+02  -0.122196310E+02  -0.828754920E+01  -0.120403983E+02  -0.127864439E+02  -0.114601726E+02
   0.166000017E+07   0.635862282E+04  -0.145004623E+02  -0.152737373E+02  -0.156816659E+02  -0.157852056E+02  -0.157818582E+02  -0.153309952E+02  -0.150385191E+02  -0.155690846E+02  -0.162431495E+02  -0.159184420E+02  -0.122082644E+02  -0.826445834E+01  -0.120281404E+02  -0.127768965E+02  -0.114479563E+02
   0.167000006E+07   0.634325756E+04  -0.144956841E+02  -0.152727113E+02  -0.156834079E+02  -0.157884128E+02  -0.157861389E+02  -0.153264109E+02  -0.150367040E+02  -0.155697358E+02  -0.162468145E+02  -0.159205486E+02  -0.121958893E+02  -0.823993944E+01  -0.120148422E+02  -0.127664056E+02  -0.114347011E+02
   0.168000003E+07   0.632867961E+04  -0.144914821E+02  -0.152720692E+02  -0.156853918E+02  -0.157917869E+02  -0.157905316E+02  -0.153223928E+02  -0.150353132E+02  -0.155706849E+02  -0.162506230E+02  -0.159228787E+02  -0.121844795E+02  -0.821700816E+01  -0.120025566E+02  -0.127567835E+02  -0.114224563E+02
   0.169000003E+07   0.631494636E+04  -0.144878485E+02  -0.152717893E+02  -0.156875858E+02  -0.157952904E+02  -0.157949947E+02  -0.153189325E+02  -0.150343279E+02  -0.155719039E+02  -0.162545357E+02  -0.159253986E+02  -0.121740558E+02  -0.819573053E+01  -0.119913078E+02  -0.127480440E+02  -0.114112460E+02
   0.170000001E+07   0.630184962E+04  -0.144845681E+02  -0.152717071E+02  -0.156898629E+02  -0.157988164E+02  -0.157994358E+02  -0.153158174E+02  -0.150335731E+02  -0.155732512E+02  -0.162584519E+02  -0.159279866E+02  -0.121643001E+02  -0.817562392E+01  -0.119807652E+02  -0.127398943E+02  -0.114007400E+02
   0.171000037E+07   0.628915198E+04  -0.144813796E+02  -0.152716194E+02  -0.156920625E+02  -0.158022268E+02  -0.158037334E+02  -0.153127891E+02  -0.150328333E+02  -0.155745495E+02  -0.162622408E+02  -0.159304877E+02  -0.121548336E+02  -0.815612198E+01  -0.119705359E+02  -0.127319849E+02  -0.113905462E+02
   0.172000028E+07   0.627663165E+04  -0.144780030E+02  -0.152713002E+02  -0.156939987E+02  -0.158053570E+02  -0.158077384E+02  -0.153095704E+02  -0.150318711E+02  -0.155755969E+02  -0.162657440E+02  -0.159327211E+02  -0.121452666E+02  -0.813665964E+01  -0.119602166E+02  -0.127239532E+02  -0.113802620E+02
   0.173000007E+07   0.626407252E+04  -0.144741451E+02  -0.152705093E+02  -0.156954702E+02  -0.158080261E+02  -0.158112850E+02  -0.153058710E+02  -0.150304351E+02  -0.155761768E+02  -0.162687873E+02  -0.159344907E+02  -0.121351992E+02  -0.811666622E+01  -0.119493946E+02  -0.127154259E+02  -0.113694752E+02
   0.174000017E+07   0.625127788E+04  -0.144695327E+02  -0.152690214E+02  -0.156962870E+02  -0.158100630E+02  -0.158142159E+02  -0.153014200E+02  -0.150282900E+02  -0.155760853E+02  -0.162712055E+02  -0.159356113E+02  -0.121242607E+02  -0.809561569E+01  -0.119376875E+02  -0.127060565E+02  -0.113578039E+02
   0.175000036E+07   0.623815259E+04  -0.144639410E+02  -0.152666349E+02  -0.156962650E+02  -0.158112925E+02  -0.158163625E+02  -0.152959940E+02  -0.150252294E+02  -0.155751315E+02  -0.162728261E+02  -0.159359008E+02  -0.121121796E+02  -0.807316112E+01  -0.119248178E+02  -0.126955850E+02  -0.113449710E+02
   0.176000023E+07   0.622469793E+04  -0.144572918E+02  -0.152632714E+02  -0.156953251E+02  -0.158116357E+02  -0.158176458E+02  -0.152895146E+02  -0.150211748E+02  -0.155732365E+02  -0.162735702E+02  -0.159352804E+02  -0.120988781E+02  -0.804922584E+01  -0.119107079E+02  -0.126839334E+02  -0.113308988E+02
   0.177000022E+07   0.621116387E+04  -0.144495957E+02  -0.152588803E+02  -0.156933721E+02  -0.158109732E+02  -0.158179290E+02  -0.152819893E+02  -0.150160887E+02  -0.155703227E+02  -0.162733110E+02  -0.159336486E+02  -0.120844904E+02  -0.802414169E+01  -0.118955072E+02  -0.126712054E+02  -0.113157359E+02
   0.178000010E+07   0.619808396E+04  -0.144408806E+02  -0.152533593E+02  -0.156902072E+02  -0.158090557E+02  -0.158169253E+02  -0.152734392E+02  -0.150098959E+02  -0.155662293E+02  -0.162717832E+02  -0.159307943E+02  -0.120693082E+02  -0.799862192E+01  -0.118795391E+02  -0.126576272E+02  -0.112998045E+02
   0.179000036E+07   0.619070724E+04  -0.144310184E+02  -0.152452985E+02  -0.156834753E+02  -0.158030272E+02  -0.158114122E+02  -0.152636700E+02  -0.150014562E+02  -0.155589737E+02  -0.162659745E+02  -0.159242375E+02  -0.120557988E+02  -0.797928237E+01  -0.118655865E+02  -0.126450224E+02  -0.112858725E+02
   0.180000003E+07   0.618263313E+04  -0.144225188E+02  -0.152387706E+02  -0.156784019E+02  -0.157987237E+02  -0.158076729E+02  -0.152552724E+02  -0.149945137E+02  -0.155533271E+02  -0.162619117E+02  -0.159193558E+02  -0.120433072E+02  -0.796040949E+01  -0.118526098E+02  -0.126335209E+02  -0.112729184E+02
   0.181000031E+07   0.617256465E+04  -0.144152061E+02  -0.152339166E+02  -0.156753616E+02  -0.157966435E+02  -0.158062962E+02  -0.152480867E+02  -0.149891426E+02  -0.155495721E+02  -0.162601315E+02  -0.159165545E+02  -0.120310164E+02  -0.794016112E+01  -0.118397141E+02  -0.126224648E+02  -0.112600509E+02
   0.182000014E+07   0.616183923E+04  -0.144089864E+02  -0.152303161E+02  -0.156736931E+02  -0.157959978E+02  -0.158063999E+02  -0.152420023E+02  -0.149849911E+02  -0.155471422E+02  -0.162598054E+02  -0.159151406E+02  -0.120194937E+02  -0.792016177E+01  -0.118275470E+02  -0.126122574E+02  -0.112479139E+02
   0.183000022E+07   0.615089837E+04  -0.144037975E+02  -0.152277989E+02  -0.156731469E+02  -0.157964948E+02  -0.158076614E+02  -0.152369514E+02  -0.149819121E+02  -0.155458192E+02  -0.162606284E+02  -0.159148541E+02  -0.120088954E+02  -0.790091642E+01  -0.118162914E+02  -0.126030007E+02  -0.112366889E+02
   0.184000016E+07   0.614002682E+04  -0.143995353E+02  -0.152261916E+02  -0.156734979E+02  -0.157978826E+02  -0.158098088E+02  -0.152328264E+02  -0.149797464E+02  -0.155453985E+02  -0.162623401E+02  -0.159154632E+02  -0.119992581E+02  -0.788268686E+01  -0.118060009E+02  -0.125946966E+02  -0.112264288E+02
   0.185000040E+07   0.612958558E+04  -0.143962002E+02  -0.152254063E+02  -0.156745935E+02  -0.157999738E+02  -0.158126295E+02  -0.152296231E+02  -0.149784248E+02  -0.155457528E+02  -0.162647424E+02  -0.159168066E+02  -0.119907605E+02  -0.786593721E+01  -0.117968760E+02  -0.125874795E+02  -0.112173332E+02
   0.186000018E+07   0.611979771E+04  -0.143938380E+02  -0.152254342E+02  -0.156763846E+02  -0.158026983E+02  -0.158160379E+02  -0.152273843E+02  -0.149779500E+02  -0.155468491E+02  -0.162677586E+02  -0.159188301E+02  -0.119835589E+02  -0.785099986E+01  -0.117890864E+02  -0.125814781E+02  -0.112095709E+02
   0.187000037E+07   0.611082738E+04  -0.143924860E+02  -0.152262728E+02  -0.156788391E+02  -0.158060082E+02  -0.158199746E+02  -0.152261456E+02  -0.149783279E+02  -0.155486668E+02  -0.162713358E+02  -0.159214976E+02  -0.119777718E+02  -0.783812314E+01  -0.117827603E+02  -0.125767911E+02  -0.112032700E+02
   0.188000027E+07   0.610275602E+04  -0.143921447E+02  -0.152279026E+02  -0.156819229E+02  -0.158098616E+02  -0.158243919E+02  -0.152259062E+02  -0.149795432E+02  -0.155511776E+02  -0.162754297E+02  -0.159247729E+02  -0.119734399E+02  -0.782741208E+01  -0.117779435E+02  -0.125734489E+02  -0.111984758E+02
   0.189000021E+07   0.609556281E+04  -0.143927449E+02  -0.152302593E+02  -0.156855754E+02  -0.158142000E+02  -0.158292329E+02  -0.152265971E+02  -0.149815304E+02  -0.155543195E+02  -0.162799825E+02  -0.159285962E+02  -0.119704835E+02  -0.781877063E+01  -0.117745549E+02  -0.125713746E+02  -0.111951074E+02
   0.190000020E+07   0.608915062E+04  -0.143941516E+02  -0.152332320E+02  -0.156897031E+02  -0.158189392E+02  -0.158344201E+02  -0.152280847E+02  -0.149841737E+02  -0.155579919E+02  -0.162849127E+02  -0.159328761E+02  -0.119687199E+02  -0.781193921E+01  -0.117724061E+02  -0.125703974E+02  -0.111929765E+02
   0.191000014E+07   0.608293916E+04  -0.143957366E+02  -0.152363337E+02  -0.156939238E+02  -0.158237522E+02  -0.158396672E+02  -0.152297480E+02  -0.149869565E+02  -0.155617717E+02  -0.162899108E+02  -0.159372443E+02  -0.119672338E+02  -0.780554391E+01  -0.117705468E+02  -0.125696729E+02  -0.111911345E+02
   0.192000026E+07   0.607635728E+04  -0.143969116E+02  -0.152391160E+02  -0.156978917E+02  -0.158283478E+02  -0.158447226E+02  -0.152310061E+02  -0.149894007E+02  -0.155652724E+02  -0.162947025E+02  -0.159413685E+02  -0.119651545E+02  -0.779826272E+01  -0.117680720E+02  -0.125684008E+02  -0.111886782E+02
   0.193000017E+07   0.606952830E+04  -0.143978126E+02  -0.152416848E+02  -0.157016906E+02  -0.158327979E+02  -0.158496499E+02  -0.152319933E+02  -0.149916187E+02  -0.155685865E+02  -0.162993561E+02  -0.159453295E+02  -0.119626792E+02  -0.779039017E+01  -0.117651864E+02  -0.125667629E+02  -0.111858118E+02
   0.194000020E+07   0.606229172E+04  -0.143982818E+02  -0.152439211E+02  -0.157052306E+02  -0.158370279E+02  -0.158543855E+02  -0.152325538E+02  -0.149934834E+02  -0.155716128E+02  -0.163038018E+02  -0.159490412E+02  -0.119595704E+02  -0.778156205E+01  -0.117616429E+02  -0.125645416E+02  -0.111822885E+02
   0.195000018E+07   0.605465982E+04  -0.143983197E+02  -0.152458227E+02  -0.157085069E+02  -0.158410321E+02  -0.158589229E+02  -0.152326880E+02  -0.149949930E+02  -0.155743473E+02  -0.163080333E+02  -0.159524988E+02  -0.119558349E+02  -0.777179471E+01  -0.117574488E+02  -0.125617419E+02  -0.111781158E+02
   0.196000017E+07   0.604655884E+04  -0.143978496E+02  -0.152473309E+02  -0.157114744E+02  -0.158447720E+02  -0.158632289E+02  -0.152323201E+02  -0.149960851E+02  -0.155767397E+02  -0.163120147E+02  -0.159556585E+02  -0.119513594E+02  -0.776091675E+01  -0.117524867E+02  -0.125582599E+02  -0.111731763E+02
   0.197000032E+07   0.603795202E+04  -0.143968334E+02  -0.152484165E+02  -0.157141104E+02  -0.158482288E+02  -0.158672871E+02  -0.152314125E+02  -0.149967287E+02  -0.155787648E+02  -0.163157279E+02  -0.159584989E+02  -0.119460878E+02  -0.774884284E+01  -0.117466980E+02  -0.125540438E+02  -0.111674117E+02
   0.198000029E+07   0.602888273E+04  -0.143953150E+02  -0.152491128E+02  -0.157164405E+02  -0.158514237E+02  -0.158711156E+02  -0.152300085E+02  -0.149969592E+02  -0.155804510E+02  -0.163191930E+02  -0.159610442E+02  -0.119400853E+02  -0.773567251E+01  -0.117401506E+02  -0.125491534E+02  -0.111608897E+02
