5002.736	 5.032418942356142e-16	
5005.515	 5.367462053573471e-16	
5008.295	 4.606961737532891e-16	
5011.075	 5.891147202959817e-16	
5013.854	  6.10652215796042e-16	
5016.634	 6.382968482209177e-16	
5019.413	 6.511700041046135e-16	
5022.193	 8.745855218956516e-16	
5024.973	 7.983409699001344e-16	
5027.752	 8.795688115779132e-16	
5030.532	 1.064696457786749e-15	
5033.311	 9.416062665422929e-16	
5036.091	 8.183726896134518e-16	
5038.871	1.0625192783389367e-15	
5041.650	1.1545751657496898e-15	
5044.430	1.0315345577263388e-15	
5047.209	 9.871378955623248e-16	
5049.989	1.0600395042575256e-15	
5052.769	  5.79735054829174e-16	
5055.548	 7.218971389921677e-16	
5058.328	 6.110913374108091e-16	
5061.107	 9.291979736960588e-16	
5063.887	 6.779079954305525e-16	
5066.666	 4.919269997737623e-16	
5069.446	 6.181913061563126e-16	
5072.226	 7.233744677160506e-16	
5075.005	  5.02122553870595e-16	
5077.785	 5.597472062197169e-16	
5080.564	 6.259748482674622e-16	
5083.344	 6.626581844127645e-16	
5086.124	 6.326725053488433e-16	
5088.903	 4.715968876833551e-16	
5091.683	 4.946058011241673e-16	
5094.462	4.3805886958291565e-16	
5097.242	 5.691161039954878e-16	
5100.021	  5.32410029120458e-16	
5102.801	 4.689394703505388e-16	
5105.581	 5.174589586180751e-16	
5108.360	   4.6322037141893e-16	
5111.140	2.8265407314661254e-16	
5113.919	 5.290357344512296e-16	
5116.699	 4.793660066511604e-16	
5119.479	3.7388237523677866e-16	
5122.258	1.3306318032729327e-16	
5125.038	2.8358911022289586e-16	
5127.817	 3.152683724501189e-16	
5130.597	 2.802176687742057e-16	
5133.377	 2.492757426855701e-16	
5136.156	 4.720651564217245e-16	
5138.936	  4.79365454170791e-16	
5141.715	 3.532701500196205e-16	
5144.495	4.1377921912734164e-16	
5147.275	2.9783271825982057e-16	
5150.054	 2.191600755862237e-16	
5152.834	3.5419820162493074e-16	
5155.613	4.2869848795147024e-16	
5158.393	 1.480740623166352e-16	
5161.173	 3.175282612365323e-16	
5163.952	3.8198038463330296e-16	
5166.732	 4.844274741977598e-16	
5169.511	  6.05266866093114e-16	
5172.291	 5.110199266795176e-16	
5175.071	  4.69028215347971e-16	
5177.850	  5.59908572112839e-16	
5180.630	 5.813114970176972e-16	
5183.410	 6.058000418146172e-16	
5186.189	 5.749555509368968e-16	
5188.969	 7.092050301687288e-16	
5191.748	 8.234035077439374e-16	
5194.528	 7.086137588659072e-16	
5197.308	3.8941274789534834e-16	
5200.087	 6.077312653269827e-16	
5202.867	 8.008232982572265e-16	
5205.646	3.7546718031308645e-16	
5208.426	3.5076298085851847e-16	
5211.206	 4.851171078189658e-16	
5213.985	 8.126078161695866e-16	
5216.765	 6.637237847095152e-16	
5219.544	 4.836503973136909e-16	
5222.324	 6.129082731689342e-16	
5225.104	 6.398301685597803e-16	
5227.883	 5.874745252785212e-16	
5230.663	 4.903573689870548e-16	
5233.442	4.1767687353123466e-16	
5236.222	 5.354367038980307e-16	
5239.001	 6.980080297199674e-16	
5241.781	 5.674809664438753e-16	
5244.561	 5.310367729401481e-16	
5247.340	 6.171063728307421e-16	
5250.120	3.6762667028603015e-16	
5252.899	 4.316379673255238e-16	
5255.679	  4.46095377697214e-16	
5258.458	 4.751264879901458e-16	
5261.238	 4.982733285336105e-16	
5264.018	  4.96091593014806e-16	
5266.797	 5.715042287734149e-16	
5269.577	 5.525285942069233e-16	
5272.356	 6.128925974844782e-16	
5275.136	 7.296872919471905e-16	
5277.916	 4.856288976308243e-16	
5280.695	 4.538009406099122e-16	
5283.475	 4.178093155633695e-16	
5286.254	 7.275295950006267e-16	
5289.034	 7.978446533227335e-16	
5291.813	 3.922396953431851e-16	
5294.593	 4.254519013901149e-16	
5297.373	 5.164949749761319e-16	
5300.152	3.7686768210065837e-16	
5302.932	 6.463029055849884e-16	
5305.712	  4.84822923374553e-16	
5308.491	 6.154569124147564e-16	
5311.271	 7.018831478441313e-16	
5314.050	 7.311636689668753e-16	
5316.830	 7.114766648391618e-16	
5319.610	 7.411847868473243e-16	
5322.389	 6.125565456235725e-16	
5325.169	  6.41596020696345e-16	
5327.948	7.4774832364284555e-16	
5330.728	 8.624162222185639e-16	
5333.508	 9.108077507347712e-16	
5336.287	 7.750342165626017e-16	
5339.067	 7.496540062904588e-16	
5341.847	1.0300701517453449e-15	
5344.626	 8.070284966635129e-16	
5347.406	 7.882524891477859e-16	
5350.185	 1.009890987887394e-15	
5352.965	 8.476358322012858e-16	
5355.745	 6.502122301906588e-16	
5358.524	 8.468970183669156e-16	
5361.304	 7.474321535070169e-16	
5364.083	 6.816737356859513e-16	
5366.863	 7.165273136092108e-16	
5369.643	  6.92069268755976e-16	
5372.422	 8.882357565554724e-16	
5375.202	 8.417119976675508e-16	
5377.981	 5.450502539826231e-16	
5380.761	  7.39511036215642e-16	
5383.541	  8.47956758966049e-16	
5386.320	 6.694429347266376e-16	
5389.100	 6.783893363842395e-16	
5391.879	 7.567732058937547e-16	
5394.659	 8.097789672054097e-16	
5397.438	 7.280465463414166e-16	
5400.218	 8.468019614704677e-16	
5402.998	 9.823392081136565e-16	
5405.777	 9.336367693774672e-16	
5408.557	  9.91004049124877e-16	
5411.336	 9.049349998225964e-16	
5414.116	 5.903661261739797e-16	
5416.896	 6.819380691619076e-16	
5419.675	 6.750517513866847e-16	
5422.455	 6.592954577742862e-16	
5425.234	 8.224453837996116e-16	
5428.014	  7.86240883525773e-16	
5430.793	 6.040160089113733e-16	
5433.573	 8.388037182979243e-16	
5436.353	 8.242827537631832e-16	
5439.132	 8.001577051003173e-16	
5441.912	 5.858802542457458e-16	
5444.691	 7.089340858488993e-16	
5447.471	 1.015018614958239e-15	
5450.250	 9.031470617156449e-16	
5453.030	 8.038933938293172e-16	
5455.810	 7.817400378658812e-16	
5458.589	 8.849424437776625e-16	
5461.369	 9.244886348107057e-16	
5464.149	  9.13845242396838e-16	
5466.928	 8.764279512171274e-16	
5469.708	 8.555742788341132e-16	
5472.487	 6.670059797659173e-16	
5475.267	 6.894877266552726e-16	
5478.047	 7.712359234826927e-16	
5480.826	 9.313506112847185e-16	
5483.606	 7.128633432651603e-16	
5486.385	 9.208619739200997e-16	
5489.165	  8.50746143424929e-16	
5491.945	 6.013327006834336e-16	
5494.724	 7.270412931726955e-16	
5497.504	 8.410482057480103e-16	
5500.283	 5.874648587641112e-16	
5503.063	 7.479104406822234e-16	
5505.843	 9.784418034611632e-16	
5508.622	 9.764008482655496e-16	
5511.402	 8.836875811132429e-16	
5514.182	 8.495388602942471e-16	
5516.961	 9.391973083350906e-16	
5519.741	 7.865697247610344e-16	
5522.520	 8.571015881108735e-16	
5525.300	 9.313795597424344e-16	
5528.080	 8.147132772324494e-16	
5530.859	 7.975487168344093e-16	
5533.639	 9.220725643647744e-16	
5536.418	 9.424948271535216e-16	
5539.198	 9.509151653283491e-16	
5541.978	1.1478299821121407e-15	
5544.757	 8.419087204122636e-16	
5547.537	 8.085173442246883e-16	
5550.316	1.1245070516952963e-15	
5553.096	 9.953723278769337e-16	
5555.875	 9.661854616370975e-16	
5558.655	1.0768402147070284e-15	
5561.435	 9.730811942832741e-16	
5564.214	 8.845235558103995e-16	
5566.994	 7.824149456147732e-16	
5569.773	 8.145829126778683e-16	
5572.553	1.0679500033302924e-15	
5575.333	1.0663397576682036e-15	
5578.112	 9.244370497942894e-16	
5580.892	 6.447169482465401e-16	
5583.671	1.0484601741486902e-15	
5586.451	 9.078527943421478e-16	
5589.230	 1.010947523343562e-15	
5592.010	1.1505047779798672e-15	
5594.790	1.0761150217842331e-15	
5597.569	 9.571531171170881e-16	
5600.349	  9.40120124621283e-16	
5603.128	  8.48789428241269e-16	
5605.908	 7.926318364277931e-16	
5608.687	 8.080624958399515e-16	
5611.467	 6.806769967694996e-16	
5614.247	 5.822140304629279e-16	
5617.026	 6.139263961029744e-16	
5619.806	 7.603301010012651e-16	
5622.585	1.0061262012282493e-15	
5625.365	 8.724613313698521e-16	
5628.145	 6.549210184876984e-16	
5630.924	  6.97939567563497e-16	
5633.704	  6.68194733991605e-16	
5636.484	 4.713308513569449e-16	
5639.263	 5.564820907533672e-16	
5642.043	 8.192907492707097e-16	
5644.822	 8.190385344138169e-16	
5647.602	 8.416822488701212e-16	
5650.382	 9.078590059621923e-16	
5653.161	 4.405955396821032e-16	
5655.941	 5.023450710155721e-16	
5658.720	 6.338921587420447e-16	
5661.500	 5.971109616732137e-16	
5664.280	 4.522010123295177e-16	
5667.059	 6.591548761169818e-16	
5669.839	 6.879251078283227e-16	
5672.619	 7.434347858567128e-16	
5675.398	 8.589088592466447e-16	
5678.178	  7.84948210013053e-16	
5680.957	 6.951071615339276e-16	
5683.737	 6.093972036591938e-16	
5686.517	 7.778442849783284e-16	
5689.296	7.8886324295185585e-16	
5692.076	  7.06523072868816e-16	
5694.855	 8.122687597236578e-16	
5697.635	 7.429370161802579e-16	
5700.415	 6.213837515335147e-16	
5703.194	  7.47458447410081e-16	
5705.974	 8.397249320126342e-16	
5708.753	 7.121017907010625e-16	
5711.533	 6.248036220491133e-16	
5714.312	 5.887014914683939e-16	
5717.092	 6.273515101486797e-16	
5719.872	 7.362833815672217e-16	
5722.651	 4.596008738525667e-16	
5725.431	 5.590520648233207e-16	
5728.210	 8.205491671084658e-16	
5730.990	 8.455378844930368e-16	
5733.770	 6.977304726642087e-16	
5736.549	 2.799703619107322e-16	
5739.329	 5.307293176145314e-16	
5742.108	  3.67906128858129e-16	
5744.888	3.2061022567628647e-16	
5747.667	3.3660416152980465e-16	
5750.447	3.6163567343833776e-16	
5753.227	 4.802346836452558e-16	
5756.006	4.2658296115036887e-16	
5758.786	 2.727391279919631e-16	
5761.565	1.7225852021534188e-16	
5764.345	2.1790866781616953e-16	
5767.125	3.2761764260756534e-16	
5769.904	 3.880760273175547e-16	
5772.684	 5.277816740185795e-16	
5775.463	 2.672701399509086e-16	
5778.243	1.1435599881041699e-16	
5781.022	2.0615370003535254e-16	
5783.802	3.5815560526713837e-16	
5786.582	4.1351964228031987e-16	
5789.361	  3.67848233834753e-16	
5792.141	 1.722646803714616e-16	
5794.921	1.3067967576105873e-16	
5797.700	 3.009027627463976e-16	
5800.480	 1.903930603701845e-16	
5803.259	1.2109000323473628e-16	
5806.039	1.1154229972831706e-16	
5808.819	3.2463746889177605e-16	
5811.598	 4.916479404254921e-16	
5814.378	2.0696103846404302e-16	
5817.157	   7.5202076975547e-17	
5819.937	 2.627920065319596e-16	
5822.717	2.2364972784246517e-16	
5825.496	   2.6488424401502e-16	
5828.276	 2.180498000617874e-16	
5831.055	 2.081227608848033e-16	
5833.835	 9.078245743260149e-17	
5836.615	 3.088545067492137e-16	
5839.394	4.1162625421298363e-16	
5842.174	 2.251067983221151e-16	
5844.954	4.6152639470796773e-17	
5847.733	1.3995782371679643e-16	
5850.513	1.5671363586520417e-16	
5853.292	4.5514109337739835e-16	
5856.072	  5.87321624444211e-16	
5858.852	 4.748805339467552e-16	
5861.631	 2.521140065207009e-16	
5864.411	 4.567232438990542e-16	
5867.190	 4.756910661660747e-16	
5869.970	 4.559788712039801e-16	
 5872.75	 6.029286234811493e-16	
5875.529	  5.59242577840045e-16	
5878.309	 4.376000157155002e-16	
5881.088	 4.486901414856637e-16	
5883.868	 4.822466903831536e-16	
5886.647	 7.658541289531014e-16	
5889.427	 7.671600260456236e-16	
5892.207	1.1151956497190727e-15	
5894.986	1.0508636226886462e-15	
5897.766	 9.537156675086373e-16	
5900.545	 9.287588520812917e-16	
5903.325	 8.972200201468883e-16	
5906.104	 9.679116979038805e-16	
5908.884	 8.447994717745512e-16	
5911.664	 6.656276150342459e-16	
5914.443	1.0755657200689315e-15	
5917.223	1.0040427769423157e-15	
5920.002	 9.172863985431102e-16	
5922.782	1.0033552472874484e-15	
5925.562	 8.548814400699417e-16	
5928.341	 7.708527953749615e-16	
5931.121	 8.934888893809365e-16	
5933.900	 7.373864445739579e-16	
5936.680	 7.182873060481581e-16	
5939.459	  7.95775703265658e-16	
5942.239	 9.585466069449018e-16	
5945.019	 9.326721840616967e-16	
5947.798	 9.935708672453223e-16	
5950.578	 9.858993594496459e-16	
5953.357	 9.922680258233367e-16	
5956.137	 6.718477360866764e-16	
5958.917	 8.464594993236313e-16	
5961.696	 9.756069434348842e-16	
5964.476	 5.401636729617496e-16	
5967.256	 6.876240646806928e-16	
5970.035	 7.796535087159534e-16	
5972.815	 7.279806876540847e-16	
5975.594	 7.430393858733771e-16	
5978.374	 9.323716896103243e-16	
5981.154	 8.220192833146484e-16	
5983.933	8.1081997834160615e-16	
5986.713	 8.165152884523742e-16	
5989.492	 9.314451667863103e-16	
5992.272	   8.5196995555735e-16	
5995.052	 7.832756608369687e-16	
5997.831	 8.699983833429812e-16	
6000.611	 9.360803843755181e-16	
6003.391	 1.018713987756715e-15	
6006.170	1.0092270975809387e-15	
6008.950	 7.945829435572917e-16	
6011.729	 5.632612822065364e-16	
6014.509	 8.118693523655874e-16	
6017.289	1.0139056848791506e-15	
6020.068	 9.019940673494888e-16	
6022.848	 9.659600912715819e-16	
6025.627	 8.674248540996914e-16	
6028.407	  7.65746102012363e-16	
6031.187	 5.950919429755582e-16	
6033.966	 5.725836524317391e-16	
6036.746	 8.228544065865782e-16	
6039.525	 7.176924284864864e-16	
6042.305	 7.565267012620506e-16	
6045.084	 7.201254271579855e-16	
6047.864	 5.378233755769039e-16	
6050.644	 4.910392395022471e-16	
6053.423	 7.220388729116124e-16	
6056.203	 5.887125089108305e-16	
6058.982	 6.543204817863516e-16	
6061.762	 6.933704073275077e-16	
6064.541	 6.201340485059705e-16	
6067.321	  4.99148616371579e-16	
6070.101	 5.394951736067324e-16	
6072.880	 7.909986533700905e-16	
6075.660	 6.066450302668431e-16	
6078.439	  6.75093921532147e-16	
6081.219	 8.038716086958438e-16	
6083.999	 6.285468752182405e-16	
6086.778	 7.267466584189404e-16	
6089.558	 8.688677246986121e-16	
6092.337	 7.065054445825061e-16	
6095.117	 4.692683115858002e-16	
6097.896	 4.943253908478704e-16	
6100.676	 7.728190257085467e-16	
6103.456	 7.649590085835132e-16	
6106.235	 6.071195598187146e-16	
6109.015	  5.51971779137008e-16	
6111.794	 5.896901153564048e-16	
6114.574	 6.971948429459958e-16	
6117.354	 8.340729935029265e-16	
6120.133	 7.824876157039207e-16	
6122.913	 7.311754375555677e-16	
6125.693	 7.376547362311914e-16	
6128.472	 6.871856942121816e-16	
6131.252	 7.292262338344652e-16	
6134.031	 8.118363984251927e-16	
6136.811	 7.073968092208155e-16	
6139.591	  6.37750600284097e-16	
6142.370	 7.271742611964149e-16	
6145.150	 8.996260740480389e-16	
6147.929	 9.042873357889106e-16	
6150.709	 8.793962276844122e-16	
6153.489	 8.722000024789189e-16	
6156.268	   9.0913410038206e-16	
6159.048	 9.585583263401369e-16	
6161.827	 7.359314534639177e-16	
6164.607	 8.175037117824427e-16	
6167.387	 9.035727610847233e-16	
6170.166	 8.186818477895224e-16	
6172.946	 7.069856824675102e-16	
6175.726	 8.224239978899668e-16	
6178.505	 8.080488730363205e-16	
6181.285	 7.126120801124656e-16	
6184.064	 8.776615774443309e-16	
6186.844	 8.971045309370497e-16	
6189.624	 9.347501989593552e-16	
6192.403	 8.521135909931351e-16	
6195.183	 8.228402331946338e-16	
6197.962	 6.498900508847841e-16	
6200.742	 8.260438984642708e-16	
6203.521	 9.250986374685201e-16	
6206.301	  7.43171703029812e-16	
6209.081	 7.366689655637187e-16	
6211.860	 6.412571629163026e-16	
6214.640	 5.788696340635577e-16	
6217.419	 4.155028500329303e-16	
6220.199	 5.933957052576043e-16	
6222.979	 7.191582875665344e-16	
6225.758	 6.555374314314434e-16	
6228.538	 8.543645909001792e-16	
6231.317	 7.151725882259515e-16	
6234.097	 8.814855627534767e-16	
6236.876	 9.665711951060231e-16	
6239.656	 9.496871471553072e-16	
6242.436	 9.879922988855045e-16	
6245.215	 8.885942444171359e-16	
6247.995	 8.401064575488828e-16	
6250.774	 8.877016783232285e-16	
6253.554	  9.43807083446461e-16	
6256.333	 9.505187133618443e-16	
6259.113	  8.96157975023474e-16	
6261.893	 9.514385250630138e-16	
6264.672	 8.944130074016984e-16	
6267.452	 7.592564367615873e-16	
6270.231	 6.602359023467885e-16	
6273.011	 7.665280376963937e-16	
6275.791	 1.094807341768376e-15	
6278.570	 1.136966528442062e-15	
6281.350	 9.279170687720313e-16	
6284.129	 9.371815950593715e-16	
6286.909	 8.663570987510886e-16	
6289.689	1.0579278334666741e-15	
6292.468	 1.306145861945151e-15	
6295.248	1.0958504568709112e-15	
6298.028	1.0980024927857436e-15	
6300.807	 1.256566581992968e-15	
6303.587	1.0034225571817782e-15	
6306.366	 1.086183670004962e-15	
6309.146	1.1296377836301353e-15	
6311.926	 9.424559624299956e-16	
6314.705	 8.249864094118489e-16	
6317.485	 7.555334191320203e-16	
6320.264	 8.424124481732508e-16	
6323.044	  8.26248433508455e-16	
6325.824	 7.664941812452583e-16	
6328.603	 7.506182907693155e-16	
6331.383	 7.867268316359657e-16	
6334.163	 7.464767333108008e-16	
6336.942	 7.206029631869362e-16	
6339.722	 8.755500069324508e-16	
6342.501	 7.286307054055091e-16	
6345.281	 5.845623880065887e-16	
6348.061	 6.822038557369179e-16	
6350.840	 8.807673817904394e-16	
6353.620	 8.695882101859303e-16	
6356.399	 7.397793770663331e-16	
6359.179	 7.690467767803019e-16	
6361.958	 7.720240688947119e-16	
6364.738	 6.066047143363194e-16	
6367.518	 7.347236178528663e-16	
6370.297	 7.188204836617173e-16	
6373.077	 5.362964163305144e-16	
6375.856	 6.206623162340543e-16	
6378.636	 5.977446528728975e-16	
6381.416	4.2765692622696027e-16	
6384.195	4.4219316533027266e-16	
6386.975	4.0247065926917824e-16	
6389.754	 4.621913805148818e-16	
6392.534	 5.014144405378524e-16	
6395.313	 4.326579444745028e-16	
6398.093	4.2240654634306313e-16	
6400.873	3.4344598003855545e-16	
6403.652	 4.525605029808931e-16	
6406.432	3.5356964357333737e-16	
6409.211	 3.457386222074213e-16	
6411.991	 6.095667318821582e-16	
6414.771	 4.452762820321674e-16	
6417.550	 3.736610122459981e-16	
6420.330	 4.646276846083175e-16	
6423.109	 2.982739438409262e-16	
6425.889	 4.528626491972059e-16	
6428.668	3.7873627666538605e-16	
6431.448	2.6850336695428344e-16	
6434.228	 3.777845630069911e-16	
6437.007	3.1534519938642987e-16	
6439.787	 2.179590002914742e-16	
6442.566	3.2349163595780657e-16	
6445.346	3.3533212088841765e-16	
6448.126	2.7068132214508024e-16	
6450.905	3.7269682804611253e-16	
6453.685	 4.467539607864214e-16	
6456.465	  4.58495706879492e-16	
6459.244	 4.972520004566047e-16	
6462.024	 4.677478629043129e-16	
6464.803	 5.544484994399386e-16	
6467.583	 6.096569810641579e-16	
6470.363	  4.18842739554766e-16	
6473.142	 4.759919106478182e-16	
6475.922	 5.812388761220072e-16	
6478.701	 5.670471028528986e-16	
6481.481	 5.693622585968209e-16	
6484.261	 8.033849586328528e-16	
6487.040	  9.33370931716943e-16	
6489.820	 7.707076557546089e-16	
6492.599	 8.784173195042686e-16	
6495.379	 1.139474649307362e-15	
6498.159	1.3822483318829083e-15	
6500.938	1.3560429656901591e-15	
6503.718	1.2523136940638345e-15	
6506.498	1.6193705262580892e-15	
6509.277	 1.749487565849559e-15	
6512.057	 2.066815874601684e-15	
6514.836	 1.866670146940993e-15	
6517.616	 2.173187285208142e-15	
6520.396	 2.535996546150791e-15	
6523.175	2.5436669414175045e-15	
6525.955	2.6642457063747237e-15	
6528.734	3.0167452106088228e-15	
6531.514	   3.3515692784961e-15	
6534.293	3.5918072880860025e-15	
6537.073	 3.865710632228613e-15	
6539.853	  4.16875186673995e-15	
6542.632	 4.263123763211908e-15	
6545.412	 4.531143021134489e-15	
6548.191	 4.967053816767961e-15	
6550.971	 4.952029132040458e-15	
6553.750	 5.216937679515566e-15	
6556.530	5.4911723794359416e-15	
6559.310	5.4039750649402075e-15	
6562.089	 5.383024233586463e-15	
6564.869	5.6127597994786775e-15	
6567.648	 5.762727852293298e-15	
6570.428	 5.726791993707064e-15	
6573.208	5.6325715563226985e-15	
6575.987	 5.580180259137047e-15	
6578.767	5.8641797847001696e-15	
6581.546	 5.843545078072908e-15	
6584.326	5.6157739393848536e-15	
6587.105	  5.26828647273279e-15	
6589.885	   5.4646191322478e-15	
6592.665	 5.480338561039928e-15	
6595.444	 5.064780423236872e-15	
6598.224	 4.897040363534134e-15	
6601.003	4.9681247772595294e-15	
6603.783	 4.811909249938021e-15	
6606.563	 4.623520841883829e-15	
6609.342	 4.477384278272688e-15	
6612.122	 4.205983859409437e-15	
6614.901	 4.280958662043456e-15	
6617.681	 3.738585315463121e-15	
6620.461	4.1048460461496255e-15	
6623.240	4.1313556057633446e-15	
6626.020	3.9372061329741364e-15	
6628.800	3.6729350191855975e-15	
6631.579	 3.780521035179688e-15	
6634.359	 3.703754474377533e-15	
6637.138	3.3893253328530502e-15	
6639.918	3.3862695109518753e-15	
6642.698	  3.21704579548979e-15	
6645.477	3.1039387220718764e-15	
6648.257	3.3894879929125172e-15	
6651.036	 3.359044773068086e-15	
6653.816	 2.872012363388499e-15	
6656.596	 2.800819951103206e-15	
6659.375	2.6682683121608105e-15	
6662.155	2.4954006291713396e-15	
6664.935	2.4813899918891226e-15	
6667.714	  2.34491591260845e-15	
6670.494	 2.363539325802948e-15	
6673.273	2.3177460632709575e-15	
6676.053	2.2444874690066048e-15	
6678.833	2.2196239981649727e-15	
6681.612	 2.113721760699681e-15	
6684.392	2.0014206085604696e-15	
6687.171	1.9070505095417677e-15	
6689.951	1.6419402178051631e-15	
6692.730	1.8207266419134564e-15	
6695.510	1.8525036647852367e-15	
6698.290	1.7442527613711467e-15	
6701.069	 1.889621666753285e-15	
6703.849	1.8560711270258413e-15	
6706.628	 1.723252248409382e-15	
6709.408	1.5358454579596116e-15	
6712.187	 1.602483273164408e-15	
6714.967	1.6793165440791217e-15	
6717.747	1.6395537958776899e-15	
6720.526	 1.457364179727966e-15	
6723.306	 1.383780450766173e-15	
6726.085	1.3610739332930734e-15	
6728.865	1.3512925578359704e-15	
6731.645	1.2673080358883065e-15	
6734.424	1.4213567049278098e-15	
6737.204	 1.481231604145664e-15	
6739.983	1.3091687299059313e-15	
6742.763	 1.230808249993428e-15	
6745.542	1.2051337568899573e-15	
6748.322	1.1917053866157731e-15	
6751.102	1.1702498266033853e-15	
6753.881	 1.196925966616727e-15	
6756.661	1.1468373508493953e-15	
6759.440	1.0541629465285582e-15	
6762.220	 1.046163600287332e-15	
6765.000	1.0348106414416676e-15	
6767.779	 1.092073148584762e-15	
6770.559	1.0128424383001385e-15	
6773.338	 9.102248934052478e-16	
6776.118	 8.697682052630178e-16	
6778.898	 8.842896711926148e-16	
6781.677	1.0410681249251124e-15	
6784.457	 9.009687810912058e-16	
6787.237	 8.304255994620165e-16	
6790.016	 9.960584555182608e-16	
6792.796	  9.56604114346644e-16	
6795.575	 9.198047365111337e-16	
6798.355	  7.44861530461835e-16	
6801.135	 8.067728761057123e-16	
6803.914	 8.506615041891468e-16	
6806.694	 9.081752252914786e-16	
6809.473	 8.289717587220607e-16	
6812.253	 8.424458032295305e-16	
6815.033	 8.385082321189423e-16	
6817.812	  9.17883680908034e-16	
6820.592	 6.927357644236257e-16	
6823.371	 6.877066491435941e-16	
6826.151	 8.370797335778524e-16	
6828.931	 7.270538639931572e-16	
6831.710	 8.476747972037828e-16	
6834.490	 8.913697052354716e-16	
6837.270	  7.42095785351367e-16	
6840.049	 7.870461577213021e-16	
6842.829	  7.54165519362416e-16	
6845.608	 7.209961078394484e-16	
6848.388	 7.744175027819431e-16	
6851.167	 6.500659402002216e-16	
6853.947	 6.780347045328259e-16	
6856.727	 8.317387563736405e-16	
6859.506	  8.22703908663464e-16	
6862.286	 7.654775606037296e-16	
6865.065	 5.585405228708059e-16	
6867.845	 5.973044792749611e-16	
6870.625	 6.397841424040681e-16	
6873.404	 8.047566141337359e-16	
6876.184	1.0061825939591139e-15	
6878.963	 9.139597307090209e-16	
6881.743	 7.311626661771635e-16	
6884.522	 7.142750630531111e-16	
6887.302	 7.572383697681299e-16	
6890.082	 6.570314367374381e-16	
6892.861	3.8746286871023255e-16	
6895.641	 4.933760309072139e-16	
6898.420	 7.402897156711937e-16	
6901.200	 6.195681194020149e-16	
6903.979	 6.201017454328603e-16	
6906.759	 4.760742964448332e-16	
6909.539	4.2277815750555794e-16	
6912.318	 6.098111344395797e-16	
6915.098	  5.63780184257124e-16	
6917.877	  6.31209450295876e-16	
6920.657	 6.849339923523393e-16	
6923.437	  5.15095074862387e-16	
6926.216	 5.616047095518217e-16	
6928.996	 6.501075578653146e-16	
6931.775	 6.467351155189687e-16	
6934.555	 6.242675912150156e-16	
6937.335	 5.225509280004156e-16	
6940.114	 5.402139543515406e-16	
6942.894	 4.689563474905928e-16	
6945.673	 4.463388285504374e-16	
6948.453	 4.793434684793752e-16	
6951.233	 5.038996258995947e-16	
6954.012	 4.489652445447127e-16	
6956.792	 4.939486219405563e-16	
6959.572	 5.612923954262432e-16	
6962.351	 5.287828687270522e-16	
6965.131	 4.716961014269665e-16	
6967.910	 5.229514857285704e-16	
6970.690	 5.828937459262682e-16	
6973.470	 6.398710842720751e-16	
6976.249	 4.457269716776845e-16	
6979.029	 4.448435196178175e-16	
6981.808	 4.790671639647282e-16	
6984.588	 4.867766850587036e-16	
6987.368	 5.749532464126158e-16	
6990.147	 5.838984977001333e-16	
6992.927	 5.380399819387499e-16	
6995.707	 5.663250166861538e-16	
6998.486	 5.416674431690692e-16	
7001.266	 5.269071373268666e-16	
7004.045	 5.206163971740575e-16	
7006.825	 5.259086463665035e-16	
7009.604	 5.463843464945496e-16	
7012.384	 5.806446002341626e-16	
7015.164	 6.141393470125128e-16	
7017.943	 6.251624126397464e-16	
7020.723	 5.949085421975629e-16	
7023.502	 5.661699626920475e-16	
7026.282	 5.915155653667992e-16	
7029.062	  6.26259014275038e-16	
7031.841	 6.495621121602631e-16	
7034.621	  6.64261119170238e-16	
7037.400	 6.648210882976051e-16	
7040.180	 6.715201984780402e-16	
7042.959	 6.899147788444337e-16	
7045.739	 6.995902786285383e-16	
7048.519	 6.779962920106984e-16	
7051.298	 6.419821552811555e-16	
7054.078	 6.492606660046925e-16	
7056.857	 7.093664452553084e-16	
7059.637	 7.894721936265009e-16	
7062.416	 8.565131208351327e-16	
7065.196	 8.901016227753617e-16	
7067.976	 9.045279315295397e-16	
7070.755	 8.833975043225361e-16	
7073.535	 8.251095614487297e-16	
7076.314	 8.160085050208502e-16	
7079.094	 8.967013678477006e-16	
7081.874	  9.69606983917636e-16	
7084.653	  9.51214055316183e-16	
7087.433	 9.040237023736964e-16	
7090.212	 8.601437891004737e-16	
7092.992	 7.699720981487177e-16	
7095.772	 7.065137071913195e-16	
7098.551	 7.515423085111062e-16	
7101.331	 8.137349177485633e-16	
7104.110	 8.056602979490511e-16	
7106.890	  7.74070531865516e-16	
7109.670	 7.729825939549224e-16	
7112.449	   7.9120228779559e-16	
7115.229	 8.143233850243041e-16	
7118.009	 8.205600350784737e-16	
7120.788	 8.052869347426449e-16	
7123.568	  7.98712730535058e-16	
7126.347	 8.220610012587125e-16	
7129.127	 8.548668163686549e-16	
7131.907	 8.703511628715123e-16	
7134.686	8.7183019444584905e-16	
7137.466	 8.649786337404459e-16	
7140.245	 8.393617840168951e-16	
7143.025	 8.022411293862508e-16	
7145.805	 7.927948048923978e-16	
7148.584	 8.096448961130073e-16	
7151.364	 8.061297208416171e-16	
7154.143	 7.849184101301101e-16	
7156.923	 7.918930225934228e-16	
7159.703	 8.320665948191903e-16	
7162.482	 8.444894621732537e-16	
7165.262	 8.097933411552965e-16	
7168.041	 7.921539522605274e-16	
7170.821	 8.032414234760389e-16	
7173.601	 7.964926316875837e-16	
7176.380	  7.64136957526901e-16	
7179.160	 7.505441183876565e-16	
7181.939	 7.445754591538069e-16	
7184.719	 7.259620700723137e-16	
7187.499	 7.275944017047894e-16	
7190.278	 7.471421769952812e-16	
7193.058	 7.505314472882235e-16	
7195.837	 7.133026654378698e-16	
7198.617	 6.731672048973162e-16	
7201.396	 6.772350894769718e-16	
7204.176	 6.995917317275922e-16	
7206.956	 6.992574319105982e-16	
7209.735	 6.948878022305145e-16	
7212.515	  6.98030516806239e-16	
7215.294	 6.805295053234646e-16	
7218.074	 6.485787954895001e-16	
7220.854	 6.346288194166188e-16	
7223.633	 6.342711810881261e-16	
7226.413	 6.565255558166546e-16	
7229.192	 7.132852869029598e-16	
7231.972	 7.530265489157757e-16	
7234.751	 7.663389758866673e-16	
7237.531	 7.673859980849661e-16	
7240.311	 7.501143132569283e-16	
7243.090	 7.410400502349124e-16	
7245.870	 7.537159819790394e-16	
7248.649	 7.420593254310932e-16	
7251.429	 6.890079882730682e-16	
7254.209	 6.664032880127184e-16	
7256.988	 7.039911120971613e-16	
7259.768	 7.565740291523322e-16	
7262.547	 8.054947771008215e-16	
7265.327	 8.785547452120652e-16	
7268.107	 9.604763773582135e-16	
7270.886	1.0148742775696557e-15	
7273.666	1.0538739709144783e-15	
7276.445	1.0978834975960264e-15	
7279.225	1.1496150140209844e-15	
7282.005	1.2010635677860208e-15	
7284.784	1.2494062150339212e-15	
7287.564	 1.293645919795433e-15	
7290.344	1.3360423948957555e-15	
7293.123	 1.387314457671527e-15	
7295.903	1.4495693704229798e-15	
7298.682	1.5039606578984927e-15	
7301.462	1.5218528633239815e-15	
7304.242	 1.529499530315648e-15	
7307.021	1.5535121927406139e-15	
7309.801	1.6010075489040638e-15	
7312.580	1.6734927728221688e-15	
7315.360	 1.733827027302294e-15	
7318.140	1.7374155254221727e-15	
7320.919	1.6862388203797625e-15	
7323.699	1.6448182488745602e-15	
7326.479	1.6682436454793833e-15	
7329.258	1.7399737290113777e-15	
7332.038	 1.777208122700005e-15	
7334.817	1.7367414180129941e-15	
7337.597	1.6785620034747819e-15	
7340.376	 1.642041083313715e-15	
7343.156	1.5975043900807096e-15	
7345.936	1.5375161037272996e-15	
7348.715	1.4951042026939208e-15	
7351.495	1.4735822334058878e-15	
7354.274	1.4474507879513416e-15	
7357.054	1.4216489840717704e-15	
7359.833	 1.412276780874063e-15	
7362.613	 1.407935747729268e-15	
7365.393	 1.395436505640292e-15	
7368.172	 1.386807424488603e-15	
7370.952	1.4036698367782743e-15	
7373.731	1.4534080778203275e-15	
7376.511	1.4739841931475832e-15	
7379.291	1.4373755307787955e-15	
7382.070	1.4183005821897212e-15	
7384.850	1.4192795906488359e-15	
7387.629	  1.40537864531669e-15	
7390.409	1.3787014022346653e-15	
7393.188	1.3211982009640265e-15	
7395.968	1.2471163522954075e-15	
7398.748	1.2034188370104682e-15	
7401.527	1.1939489753392307e-15	
7404.307	1.2042510048908325e-15	
7407.086	1.1751074099730854e-15	
7409.866	 1.062407796503833e-15	
7412.646	 9.538817408372361e-16	
7415.425	 9.276121677220952e-16	
7418.205	 9.334514651910755e-16	
7420.984	  9.23923806883377e-16	
7423.764	 9.191513641443152e-16	
7426.544	 9.293791721208004e-16	
7429.323	 9.263381744788543e-16	
7432.103	 8.789584096962703e-16	
7434.882	  8.15020982309466e-16	
7437.662	 7.929466537435387e-16	
7440.442	 8.031971512562941e-16	
7443.221	 8.079138010462624e-16	
7446.001	 7.891650902233112e-16	
7448.781	  7.77695991300524e-16	
7451.560	 8.122896442384467e-16	
7454.340	 8.407036396348353e-16	
7457.119	 8.197034275099841e-16	
7459.899	 7.933424056493015e-16	
7462.679	 7.881960472234639e-16	
7465.458	  7.92179192288366e-16	
7468.238	 8.014823316557763e-16	
7471.017	 7.878160220876708e-16	
7473.797	  7.38299545152283e-16	
7476.577	 6.896362700844768e-16	
7479.356	 6.865950718845886e-16	
7482.136	 7.363794904468389e-16	
7484.915	 7.814214629268006e-16	
7487.695	 7.794527785965057e-16	
7490.475	 7.607680703538918e-16	
7493.254	 7.508640442547639e-16	
7496.034	 7.115195350453664e-16	
7498.813	 6.434842737235348e-16	
7501.593	 6.177301477646161e-16	
7504.373	 6.506394829377622e-16	
7507.152	 6.932956843575352e-16	
7509.932	 6.911498089772335e-16	
7512.711	  6.35705688799262e-16	
7515.491	 5.898284927683994e-16	
7518.271	  5.98625401184655e-16	
7521.050	  6.36693463154102e-16	
7523.830	 6.643622855157032e-16	
7526.609	 6.674461022783401e-16	
7529.389	 6.538177549230198e-16	
7532.168	 6.210195534466624e-16	
7534.948	 5.920004633858789e-16	
7537.728	 6.073642613209936e-16	
7540.507	 6.667917271218097e-16	
7543.287	 7.352010025173321e-16	
7546.066	 7.587811560634601e-16	
7548.846	  7.19826735836038e-16	
7551.625	 6.661838776237916e-16	
7554.405	 6.378530683641313e-16	
7557.185	 6.194490220412702e-16	
7559.964	 6.069163757025572e-16	
7562.744	 6.102459478426985e-16	
7565.523	 6.106256721415781e-16	
7568.303	 6.023493213249624e-16	
7571.083	 5.948248035804651e-16	
7573.862	 6.055225850378298e-16	
7576.642	 6.042310127017367e-16	
7579.421	 5.641848004455272e-16	
7582.201	 5.060063868049707e-16	
7584.981	 4.668803873658155e-16	
7587.760	 4.520776597346945e-16	
7590.540	 4.407286079847939e-16	
7593.319	 4.177584570964802e-16	
7596.099	3.9030308703927327e-16	
7598.879	 4.046958155825006e-16	
7601.658	 4.735766405416003e-16	
7604.438	 5.652749407093744e-16	
7607.217	 6.268177819468071e-16	
7609.997	 5.781987299052883e-16	
7612.777	 5.028445416504248e-16	
7615.556	 5.183531291755212e-16	
7618.336	  5.59529148650873e-16	
7621.116	 5.865810566738732e-16	
7623.895	 5.614340782601745e-16	
7626.675	  4.41488056582553e-16	
7629.454	3.5687374863891274e-16	
7632.234	 3.822458703713997e-16	
7635.014	4.4146636983599475e-16	
7637.793	 5.468054387071222e-16	
7640.573	 6.576471988138986e-16	
7643.352	 6.468371824831185e-16	
7646.132	 5.341424770072856e-16	
7648.912	 4.305590942555132e-16	
7651.691	 3.971873008481576e-16	
7654.471	 4.237753467313519e-16	
7657.250	 4.712049444864408e-16	
7660.030	 5.015030360628558e-16	
7662.810	 5.006735227371436e-16	
7665.589	 4.945828126430399e-16	
7668.369	 5.030903954148444e-16	
7671.148	 5.251745891610678e-16	
7673.928	 5.519860017224101e-16	
7676.708	 5.680100364037287e-16	
7679.487	 5.678710081244494e-16	
7682.267	  5.59432540268456e-16	
7685.046	 5.487541410333688e-16	
7687.826	 5.303960205872489e-16	
7690.605	 5.291484707195008e-16	
7693.385	 5.649877190312618e-16	
7696.165	 6.044857307487967e-16	
7698.944	 6.127286792077313e-16	
7701.724	 5.965090721517841e-16	
7704.503	 5.949408452706731e-16	
7707.283	 6.290345753723448e-16	
7710.062	 6.631741329638427e-16	
7712.842	 6.673662215635485e-16	
7715.622	   6.5812558437602e-16	
7718.401	 6.463689629382067e-16	
7721.181	 6.388862672008566e-16	
7723.960	 6.450395286682996e-16	
7726.740	 6.664201670448285e-16	
7729.520	 7.053524994098077e-16	
7732.299	  7.26058528982302e-16	
7735.079	 7.029654758085073e-16	
7737.858	 6.628787962572893e-16	
7740.638	 6.339528596845575e-16	
7743.418	 6.518249809349708e-16	
7746.197	 6.942028249592718e-16	
7748.977	 6.921202029051076e-16	
7751.756	 6.364589768624902e-16	
7754.536	 5.541283219293753e-16	
7757.316	 4.882014770619721e-16	
7760.095	 4.667221263366877e-16	
7762.875	 5.210213141993743e-16	
7765.654	 6.140748903387213e-16	
7768.434	 6.499889127059683e-16	
7771.214	 6.400767734704556e-16	
7773.993	 6.699989986502971e-16	
7776.773	 7.238627695439818e-16	
7779.553	 7.183126993325376e-16	
7782.332	 6.828321394403826e-16	
7785.112	6.8866166822392565e-16	
7787.891	 6.911845149615398e-16	
7790.671	 6.604499052394962e-16	
7793.451	 6.670602685304432e-16	
7796.230	 7.267747043659158e-16	
7799.010	 7.744829111599328e-16	
7801.789	  7.87104904169905e-16	
7804.569	 7.602565302934332e-16	
7807.349	 6.898628929911039e-16	
7810.128	 6.224404894396809e-16	
7812.908	 5.887249794523211e-16	
7815.687	 5.780857457776732e-16	
7818.467	 6.056145862637409e-16	
7821.247	 6.500580257297232e-16	
7824.026	 6.456049090759978e-16	
7826.806	 6.048402642132951e-16	
7829.585	 5.804486778291631e-16	
7832.365	 5.959674332635252e-16	
7835.145	 6.548662283283166e-16	
7837.924	 7.208748100175061e-16	
7840.704	 7.389235206440993e-16	
7843.483	  7.13163336321677e-16	
7846.263	 6.913632593895718e-16	
7849.042	 6.843930535248224e-16	
7851.822	 6.974321332646884e-16	
7854.602	 7.335603571905293e-16	
7857.381	 7.549739495074531e-16	
7860.161	 7.306036487539946e-16	
7862.940	 6.703051011558309e-16	
7865.720	 6.179982388639074e-16	
  7868.5	 5.981381494478369e-16	
7871.279	 5.905628508107487e-16	
7874.059	 5.745699669403998e-16	
7876.838	 5.481477446344046e-16	
7879.618	 5.104703733207601e-16	
7882.397	 4.842333057287278e-16	
7885.177	 4.988817778133996e-16	
7887.957	 5.177045626310948e-16	
7890.736	 4.892732378932537e-16	
7893.516	 4.454612361881878e-16	
7896.295	4.3854456794170855e-16	
7899.075	 4.603500050686314e-16	
7901.854	 4.811193882462344e-16	
7904.634	 4.943145720713201e-16	
7907.414	 4.836841024003414e-16	
7910.193	4.4322826568333826e-16	
7912.973	 4.299690754938033e-16	
7915.753	4.4343941346345157e-16	
7918.532	4.2094814953211526e-16	
7921.312	 3.833170806143679e-16	
7924.091	 3.946810058169552e-16	
7926.871	 4.337070687470842e-16	
7929.651	 4.630983716441896e-16	
7932.430	 4.701178561090184e-16	
7935.210	 4.681249326485405e-16	
7937.989	 4.693508960487015e-16	
7940.769	 4.612822362257778e-16	
7943.549	 4.486243338838453e-16	
7946.328	 4.198322167600599e-16	
7949.108	3.8315729269599973e-16	
7951.888	3.8490797054296423e-16	
7954.667	 4.209590175021231e-16	
7957.447	 4.620761902499009e-16	
7960.226	 4.836035197327515e-16	
7963.006	 4.682387682013826e-16	
7965.786	 4.427277941508299e-16	
7968.565	4.2911702399630594e-16	
7971.345	4.1203605274293485e-16	
7974.124	 3.949062267100418e-16	
7976.904	3.9837274965190857e-16	
7979.684	4.0100384848493214e-16	
7982.463	 3.799703304972591e-16	
7985.243	 3.826486815383218e-16	
7988.022	 4.274966123170074e-16	
7990.802	 4.609039650259523e-16	
7993.582	  4.63647925002947e-16	
7996.361	 4.491718343617778e-16	
7999.141	  4.44030934517673e-16	
8001.920	 4.496480667641033e-16	
8004.700	4.4388023792867257e-16	
8007.479	 4.390310174467573e-16	
8010.259	 4.430506243239891e-16	
8013.039	  4.62692003411875e-16	
8015.818	  5.04352118674537e-16	
8018.598	 5.342098871805867e-16	
8021.377	 5.342101880175002e-16	
8024.157	 5.029319849132878e-16	
8026.937	 4.632369496141266e-16	
8029.716	 4.653894869238151e-16	
8032.496	 4.969125428947913e-16	
8035.275	 4.936619508507572e-16	
8038.055	 4.421024658389307e-16	
8040.834	 4.001421058762961e-16	
8043.614	3.8788418607747626e-16	
8046.394	3.9138566664710516e-16	
8049.173	  4.20245394502134e-16	
8051.953	 4.598051080598372e-16	
8054.732	 4.758121653221306e-16	
8057.512	 4.630686228467603e-16	
8060.291	 4.279817090019733e-16	
8063.071	  3.85849092471536e-16	
8065.851	3.5669397682444024e-16	
8068.630	3.3094929222526027e-16	
8071.410	3.0926084849274355e-16	
8074.190	  3.23672384073206e-16	
8076.969	 3.688379361947181e-16	
8079.749	 3.977871109999773e-16	
8082.528	 3.988032321387063e-16	
8085.308	4.0243309628022165e-16	
8088.088	4.0258654959490137e-16	
8090.867	 3.944121654634643e-16	
8093.647	3.9656683133622016e-16	
8096.426	  3.82736226972212e-16	
8099.206	3.4489809143927247e-16	
8101.986	 3.162090686660772e-16	
8104.765	3.4373630658066226e-16	
8107.545	 4.062680744350754e-16	
8110.324	 4.226242046880784e-16	
8113.104	 4.008117820901826e-16	
8115.884	3.8690420131743476e-16	
8118.663	 3.783954170900323e-16	
8121.443	 3.792328183974581e-16	
8124.223	4.0268726373896826e-16	
8127.002	 4.336902899939452e-16	
8129.782	 4.473136801623886e-16	
8132.561	 4.410683152980072e-16	
8135.341	4.3041365569030305e-16	
8138.121	 4.194693450045056e-16	
8140.900	 3.934146999974856e-16	
8143.680	 3.601784534862591e-16	
8146.459	 3.391581590783885e-16	
8149.239	3.4351732190434893e-16	
8152.019	3.7697843927829103e-16	
8154.798	4.1474240053751545e-16	
8157.578	 4.002089673533398e-16	
8160.357	3.3591845960109106e-16	
8163.137	 2.983672222046778e-16	
8165.916	2.9385493149767997e-16	
8168.696	2.9199998244125606e-16	
8171.476	 3.020401835991249e-16	
8174.255	 3.124740308043618e-16	
8177.035	3.0754803447164916e-16	
8179.814	3.3130312373696053e-16	
8182.594	3.9345559300510763e-16	
8185.374	4.1396417139130605e-16	
8188.153	3.7306337985070327e-16	
8190.933	 3.271359251347224e-16	
8193.712	2.9097504810540016e-16	
8196.492	2.5815005133112276e-16	
8199.272	 2.573213402371799e-16	
8202.051	 3.038363351214323e-16	
8204.831	3.4454748966726646e-16	
8207.610	 3.460091919001509e-16	
8210.390	 3.398878077932047e-16	
8213.169	3.7026695883533646e-16	
8215.949	4.0812655406810704e-16	
8218.729	 4.032292053561968e-16	
8221.508	 3.907710057472715e-16	
8224.288	 4.035243642094805e-16	
8227.068	 4.202734404491095e-16	
8229.847	 4.259141609584382e-16	
8232.626	 4.093186629091888e-16	
8235.407	3.7305511534983376e-16	
8238.186	 3.474003299022825e-16	
8240.965	3.4036917334362047e-16	
8243.745	 3.304293627882322e-16	
8246.525	3.1218610717345114e-16	
8249.304	 3.055718613834693e-16	
8252.083	3.1629916648359215e-16	
8254.864	 3.238631222446015e-16	
8257.643	 3.277753265595949e-16	
8260.422	3.4699323512044087e-16	
8263.203	3.6833440709961696e-16	
8265.982	3.6069735742890273e-16	
8268.761	3.4362825504319516e-16	
8271.541	 3.549685427894265e-16	
8274.321	3.8157071097905175e-16	
8277.100	3.7996988018791684e-16	
8279.879	3.6497436150457547e-16	
8282.660	3.5037128741300415e-16	
8285.439	3.1902179163645584e-16	
8288.218	 2.951618786813155e-16	
8290.999	3.1079757453251396e-16	
8293.778	3.6504332505590165e-16	
8296.557	 4.269470078727364e-16	
8299.337	4.4388519511554937e-16	
8302.117	4.1167984291676734e-16	
8304.896	  3.80168381465326e-16	
8307.676	 3.600930385074923e-16	
8310.456	3.3809158058865486e-16	
8313.235	3.2372376853167996e-16	
8316.014	3.2447006923187905e-16	
8318.794	3.4244155369833253e-16	
8321.574	 3.676499823087438e-16	
8324.353	3.9034996462021256e-16	
8327.133	 4.195243092330448e-16	
8329.913	 4.632222237418127e-16	
8332.692	  5.04903524356177e-16	
8335.472	  5.25036962895329e-16	
8338.251	 5.286612700681964e-16	
8341.031	 5.106053961173606e-16	
8343.811	 4.699291973072326e-16	
8346.590	4.4164321085563056e-16	
8349.370	4.3428997716212107e-16	
8352.149	4.0977689050604845e-16	
8354.929	3.7573411915023715e-16	
8357.708	3.5894372419037277e-16	
8360.488	3.5297456545372337e-16	
8363.268	 3.697397922838794e-16	
8366.047	3.9488937416671657e-16	
8368.827	 4.070061863166474e-16	
8371.607	3.8267537655727052e-16	
8374.386	3.4712392510866425e-16	
8377.166	 3.405129601438903e-16	
8379.946	3.4670631427924184e-16	
8382.725	 3.641781029561715e-16	
8385.504	3.8137261081752727e-16	
8388.284	3.7296353983653604e-16	
8391.064	 3.424086508434514e-16	
8393.843	3.2905815948874743e-16	
8396.623	 3.628016397408403e-16	
8399.403	 4.206497590470813e-16	
8402.182	 4.630999742156723e-16	
8404.961	  4.47725257225036e-16	
8407.742	 3.608283974474972e-16	
8410.521	2.7515935528505813e-16	
8413.300	2.6413451301718435e-16	
8416.080	3.0823373640036275e-16	
8418.860	3.3686206012310134e-16	
8421.639	3.1190431948034257e-16	
8424.418	 2.832176996183433e-16	
8427.199	 3.027208015732056e-16	
8429.978	3.3728139839970634e-16	
8432.757	 3.448949865752782e-16	
8435.538	 3.241989735475648e-16	
8438.317	 3.092216356309027e-16	
8441.096	3.0217415252050006e-16	
8443.876	3.0736062631891904e-16	
8446.656	3.3552368588831127e-16	
8449.435	3.5160884533270003e-16	
8452.214	 3.337645202778622e-16	
8454.995	3.1425222671466113e-16	
8457.774	 3.315578928695342e-16	
8460.553	3.8002371864310045e-16	
8463.333	 4.273529749891664e-16	
8466.113	    4.693662727883e-16	
8468.892	 4.990540116765296e-16	
8471.672	 4.848999508688063e-16	
8474.452	 4.646992516287821e-16	
8477.231	 5.192510043787326e-16	
8480.011	 6.093757685560915e-16	
8482.791	 6.445156183453215e-16	
8485.570	 6.503641793207709e-16	
8488.349	 6.588454681895112e-16	
8491.129	 6.767406271145096e-16	
8493.909	 7.347590276820267e-16	
8496.688	 7.901796068985015e-16	
8499.468	 8.005732876456434e-16	
8502.248	 8.199666598093135e-16	
8505.027	 9.040282092512311e-16	
8507.807	1.0251184139899376e-15	
8510.586	1.1331328274250486e-15	
8513.366	 1.217985076554666e-15	
8516.146	 1.283813059600885e-15	
8518.925	 1.361865134375629e-15	
8521.705	1.4839338461785948e-15	
8524.484	1.5808727575448289e-15	
8527.264	1.6033031199757103e-15	
8530.043	1.6534598497611975e-15	
8532.823	 1.786633812430469e-15	
8535.603	1.9148100584900224e-15	
8538.382	1.9869900861974462e-15	
8541.162	 2.036146062123523e-15	
8543.942	2.0386079108658228e-15	
8546.721	1.9624088911993866e-15	
8549.500	1.8667612967416772e-15	
8552.281	1.8256341074491186e-15	
8555.060	1.8548907886655084e-15	
8557.839	 1.874219552790902e-15	
8560.619	  1.80912737899403e-15	
8563.399	1.7013941269814721e-15	
8566.178	1.6125134577774958e-15	
8568.958	1.5332376730413576e-15	
8571.738	1.4532404019202459e-15	
8574.517	1.4011035200526849e-15	
8577.296	1.4021548466785197e-15	
8580.077	1.4167261947740793e-15	
8582.856	 1.384902793824159e-15	
8585.635	1.3287702452646917e-15	
8588.416	 1.285440634604426e-15	
8591.195	1.2475182117581315e-15	
8593.974	1.1989960689359433e-15	
8596.753	1.1605480821096742e-15	
8599.534	1.1660297923356753e-15	
8602.313	1.1940914093194175e-15	
8605.092	 1.199331621294049e-15	
8607.873	 1.200525381900071e-15	
8610.652	 1.215080503722861e-15	
8613.431	1.2102939367853122e-15	
8616.211	1.1968823963497804e-15	
8618.991	1.2070083360280023e-15	
8621.770	1.2261717306696514e-15	
8624.549	1.2528059029875293e-15	
8627.330	1.3264789786205813e-15	
8630.109	1.4307184885727956e-15	
8632.888	1.5260650852922204e-15	
8635.668	1.6019417837485775e-15	
8638.448	1.6504830571495872e-15	
8641.227	1.7048073355676837e-15	
8644.007	1.7903034438062504e-15	
8646.787	1.8953346524517646e-15	
8649.566	2.0113168564171353e-15	
8652.346	  2.11136068286313e-15	
8655.125	2.1669959101634286e-15	
8657.905	2.2118562376934183e-15	
8660.684	2.2969819400092006e-15	
8663.464	2.4256862532388957e-15	
8666.244	 2.521070815955218e-15	
8669.023	2.5008403660257083e-15	
8671.803	2.4396339796571222e-15	
8674.583	2.4588665781412168e-15	
8677.362	2.5061222486430024e-15	
8680.142	2.4883618589790922e-15	
8682.921	 2.432525297993463e-15	
8685.701	 2.398122553511981e-15	
8688.481	 2.385404058074731e-15	
8691.260	 2.402319852834076e-15	
8694.040	2.4364789950978494e-15	
8696.819	 2.409991667142834e-15	
8699.599	2.3405587534698565e-15	
8702.378	 2.317772911546447e-15	
8705.158	 2.333234112527524e-15	
8707.938	2.3282360950808926e-15	
8710.717	2.3206941136589624e-15	
8713.497	2.3523350995920942e-15	
8716.277	 2.405826021918621e-15	
8719.056	2.4023454901936868e-15	
8721.835	2.3030342867746348e-15	
8724.616	2.2118394173150462e-15	
8727.395	2.1919569354155076e-15	
8730.174	2.1740060346269295e-15	
8732.954	2.1343959356163517e-15	
8735.734	2.0851155380837782e-15	
8738.513	2.0520536180496834e-15	
8741.292	2.0751060885130503e-15	
8744.073	 2.074811608907892e-15	
8746.852	  1.97743037835215e-15	
8749.631	 1.870747646949545e-15	
8752.412	1.8322195296570842e-15	
8755.191	1.8318457142492797e-15	
8757.970	 1.821506522824606e-15	
8760.750	1.7700114944865711e-15	
8763.530	 1.706046172517276e-15	
8766.309	1.6791894338609636e-15	
8769.088	 1.648149223028242e-15	
8771.869	1.5824182986737823e-15	
8774.648	1.4934127234969577e-15	
8777.427	1.4180990498385043e-15	
8780.208	1.3347202223370062e-15	
8782.987	1.2600873691026317e-15	
8785.766	 1.283647587946113e-15	
8788.546	1.3434683005704685e-15	
8791.326	1.3228943875964667e-15	
8794.105	1.2592522969162158e-15	
8796.885	 1.230129134311859e-15	
8799.665	1.2551774003768023e-15	
8802.444	1.2911649423663677e-15	
8805.223	1.2750513604558476e-15	
8808.003	 1.231593540292853e-15	
8810.783	 1.232880656836925e-15	
8813.562	1.2645726393570386e-15	
8816.342	1.2712482104680328e-15	
8819.122	1.2618084968180532e-15	
8821.901	1.2477036162234942e-15	
8824.681	1.2246254894799558e-15	
8827.460	1.2097039672170598e-15	
8830.240	1.2023715158673121e-15	
