3302.460	2.7796761240046177e-16	
3305.741	 4.887814186015572e-16	
3309.021	2.1247457335944024e-16	
3312.301	1.7016039197695947e-16	
3315.581	1.4785019302602963e-16	
3318.861	1.5714554135225527e-16	
3322.141	1.8980776223622947e-16	
3325.421	 3.668579573940391e-16	
3328.701	 1.819408230325353e-16	
3331.981	 4.751977622266677e-16	
3335.261	 3.864967390879034e-16	
3338.541	2.2916645022545337e-16	
3341.821	 1.975244948992954e-16	
3345.101	2.8627564912091706e-16	
3348.381	 4.473765982583927e-16	
3351.661	 2.415909303324863e-16	
3354.942	1.5726708822354053e-16	
3358.222	2.8805245526621084e-16	
3361.502	 2.417947220529285e-16	
3364.782	  1.98411170923464e-16	
3368.062	  9.51549566252743e-17	
3371.342	 6.288739899248719e-17	
3374.622	 1.179880311722631e-16	
3377.902	-2.154468704676213e-17	
3381.182	2.2682419907295915e-16	
3384.462	 6.032523388862069e-17	
3387.742	1.3851031485525477e-16	
3391.022	3.0624537064481687e-16	
3394.302	   2.6087104606669e-16	
3397.582	 1.948485966515834e-16	
3400.863	1.3704615116152344e-16	
3404.143	 1.465395032619396e-16	
3407.423	1.5528985110078936e-16	
3410.703	 1.424470518461149e-16	
3413.983	2.1949189806577094e-16	
3417.263	1.1739495338940955e-16	
3420.543	 9.311282915672403e-17	
3423.823	 4.097388907393255e-17	
3427.103	2.3093998898173418e-17	
3430.383	 3.544096720241969e-17	
3433.663	1.2853376259679516e-16	
3436.943	1.3653877232478346e-16	
3440.223	 7.590339787104454e-17	
3443.503	 1.123815650417652e-16	
3446.784	 9.405328640404735e-17	
3450.064	 8.877961784762383e-17	
3453.344	 1.252936329435162e-16	
3456.624	5.1996071164346795e-17	
3459.904	  1.39225686341168e-16	
3463.184	 6.663409530295145e-17	
3466.464	 9.831368161514254e-17	
3469.744	 6.938172674259557e-17	
3473.024	 5.892434551697626e-17	
3476.304	 6.617699691542364e-17	
3479.584	 9.479461029412133e-17	
3482.864	   8.5802979779754e-17	
3486.144	  6.94143632911373e-17	
3489.424	1.0878995768465441e-16	
3492.705	4.8518290305053304e-17	
3495.985	1.2878199080781477e-16	
3499.265	 6.574130459362987e-17	
3502.545	 5.269923195074842e-17	
3505.825	1.2852508067741763e-16	
3509.105	 6.701760275450831e-17	
3512.385	 8.691760753226696e-17	
3515.665	 8.375552179941387e-17	
3518.945	 7.889530864870107e-17	
3522.225	  7.21800400535306e-17	
3525.505	 6.368703177334827e-17	
3528.785	 6.565566165989938e-17	
3532.065	 9.617746267841375e-17	
3535.345	1.5726951542680738e-16	
3538.625	 5.335142146854656e-17	
3541.906	2.6409054449220094e-17	
3545.186	 5.660419124960741e-17	
3548.466	 8.785492808613775e-17	
3551.746	1.0019952519950028e-16	
3555.026	1.1074889742893256e-16	
3558.306	 9.676419239118483e-17	
3561.586	 8.697161280495401e-17	
3564.866	 4.807807965102435e-17	
3568.146	 7.927982432315337e-17	
3571.426	1.0237467274247019e-16	
3574.706	 6.352551073133767e-17	
3577.986	   6.0719337015977e-17	
3581.266	  9.23631127445851e-17	
3584.546	 7.344639601641218e-17	
3587.827	 8.566747648968443e-17	
3591.107	 7.306912461017166e-17	
3594.387	 7.225408842396338e-17	
3597.667	 7.551852745149939e-17	
3600.947	 8.504598175781457e-17	
3604.227	1.1049394773194326e-16	
3607.507	1.0010533104195278e-16	
3610.787	 8.418764799948484e-17	
3614.067	 5.782189112238618e-17	
3617.347	 9.450278577827052e-17	
3620.627	 5.720445728828967e-17	
3623.907	 6.237243047783977e-17	
3627.187	 9.269617170978053e-17	
3630.467	 9.086853432684091e-17	
3633.748	 5.547362797410796e-17	
3637.028	 8.891612936058885e-17	
3640.308	 7.678375383132218e-17	
3643.588	  7.86325919012579e-17	
3646.868	 7.774559847358518e-17	
3650.148	 7.227055606458912e-17	
3653.428	 6.395266116471164e-17	
3656.708	 6.830954704106063e-17	
3659.988	  7.58040505742536e-17	
3663.268	 5.493716937515189e-17	
3666.548	 8.383787867333697e-17	
3669.828	 6.597209428271701e-17	
3673.108	 6.952167368172287e-17	
3676.388	 6.160873897612219e-17	
3679.668	 7.204160544874647e-17	
3682.949	 6.711644593985151e-17	
3686.229	  5.73948993907643e-17	
3689.509	 6.029674225642694e-17	
3692.789	  6.44783653861162e-17	
3696.069	 5.813637264719317e-17	
3699.349	 5.687216382566301e-17	
3702.629	 7.014410195331076e-17	
3705.909	 8.377904700030781e-17	
3709.189	 5.181587932797596e-17	
3712.469	 5.766577527534289e-17	
3715.749	 6.189403804934409e-17	
3719.029	 6.840122064136951e-17	
3722.309	 8.113096823619258e-17	
3725.589	 6.203687896159723e-17	
3728.870	 6.796553765497291e-17	
3732.150	 6.770707784864388e-17	
3735.430	  7.49115585976418e-17	
3738.710	 5.624946482755689e-17	
3741.990	 3.903902531898196e-17	
3745.270	 4.756405401149212e-17	
3748.550	 5.420661853342376e-17	
3751.830	 7.123209581766882e-17	
3755.110	 7.917844190977719e-17	
3758.390	 7.188692725286893e-17	
3761.670	 6.006899590682053e-17	
3764.950	 6.142755758765025e-17	
3768.230	 6.641637516991651e-17	
3771.510	 7.178328567337514e-17	
3774.791	 6.757815601358629e-17	
3778.071	 6.563938072721724e-17	
3781.351	 7.120040214424227e-17	
3784.631	 6.302257554365544e-17	
3787.911	 6.112772330101889e-17	
3791.191	 6.006086477587664e-17	
3794.471	 6.411189503441308e-17	
3797.751	 6.771962462245397e-17	
3801.031	 6.895360542791487e-17	
3804.311	 5.965614730192653e-17	
3807.591	 5.469485047054729e-17	
3810.871	 5.076223038984359e-17	
3814.151	 5.655516174361738e-17	
3817.431	 6.279971160677425e-17	
3820.712	 6.121956493847699e-17	
3823.992	5.2738179227783927e-17	
3827.272	 6.165846863690073e-17	
3830.552	 5.863563902378362e-17	
3833.832	 5.143714226437815e-17	
3837.112	 4.854134873608822e-17	
3840.392	 5.459969476709024e-17	
3843.672	 4.066576495460523e-17	
3846.952	 4.206948195159523e-17	
3850.232	4.0757662604446414e-17	
3853.512	 3.717246866519836e-17	
3856.792	 4.389542962764527e-17	
3860.072	4.4639554136873304e-17	
3863.352	 5.151187211880508e-17	
3866.632	4.4428844887120624e-17	
3869.913	 4.552121705275617e-17	
3873.193	4.1427309314971376e-17	
3876.473	4.5356045870448156e-17	
3879.753	4.6342610644444124e-17	
3883.033	 3.849477166338047e-17	
3886.313	 4.520344013274459e-17	
3889.593	4.5352750475243574e-17	
3892.873	 4.856770256232773e-17	
3896.153	 4.950847721315516e-17	
3899.433	4.6485582252257794e-17	
3902.713	 4.126673114807599e-17	
3905.993	 4.574760976977146e-17	
3909.273	5.3749725524633916e-17	
3912.553	 5.853972715315498e-17	
3915.834	 5.746636185617818e-17	
3919.114	 6.437418235358597e-17	
3922.394	 6.517063176400863e-17	
3925.674	 6.585682079833678e-17	
3928.954	 7.075119216733168e-17	
3932.234	 6.919184476395175e-17	
3935.514	 7.627265950650451e-17	
3938.794	 8.625818308165424e-17	
3942.074	 8.793530585585866e-17	
3945.354	  8.68483855621763e-17	
3948.634	 9.497655718516205e-17	
3951.914	1.0687704144847431e-16	
3955.194	1.2095892797086717e-16	
3958.474	1.3845280880862518e-16	
3961.755	1.5013316440643003e-16	
3965.035	1.6775923446825865e-16	
3968.315	1.7499454069874536e-16	
3971.595	1.8656305823833225e-16	
3974.875	1.8991651961337799e-16	
3978.155	1.9166643981479305e-16	
3981.435	1.8661430956885118e-16	
3984.715	1.8074533206964803e-16	
3987.995	 1.751955318000335e-16	
3991.275	1.8002118531038548e-16	
3994.555	1.9210660379183608e-16	
3997.835	 1.847541383267388e-16	
4001.115	 1.919318451566241e-16	
4004.395	 1.818607253247298e-16	
4007.676	1.8043829085639363e-16	
4010.956	1.8035361880396987e-16	
4014.236	 1.741610764385035e-16	
4017.516	 1.708314203262671e-16	
4020.796	1.5939835939976386e-16	
4024.076	1.5758019744496206e-16	
4027.356	1.4735943119627029e-16	
4030.636	1.4399672777801622e-16	
4033.916	1.3545642637571937e-16	
4037.196	 1.249887388716132e-16	
4040.476	1.1807457030412292e-16	
4043.756	1.1016039399069725e-16	
4047.036	1.0386404200858786e-16	
4050.316	 9.335172197056351e-17	
4053.596	 8.964044415700065e-17	
4056.877	 8.765428239454526e-17	
4060.157	 8.840223441661714e-17	
4063.437	 8.202728772564824e-17	
4066.717	 8.238080054606534e-17	
4069.997	 8.295348048608032e-17	
4073.277	 8.306280732245681e-17	
4076.557	 8.901815591637047e-17	
4079.837	1.0146391139357686e-16	
4083.117	1.1242198731155515e-16	
4086.397	 1.335534056605502e-16	
4089.677	1.5564048861887498e-16	
4092.957	1.8414696409414323e-16	
4096.237	2.1211926814276455e-16	
4099.517	2.3587738719633226e-16	
4102.798	2.4286026428706835e-16	
4106.078	2.5616525905613093e-16	
4109.358	 2.604256542672261e-16	
4112.638	2.5954700668463243e-16	
4115.918	 2.595667977266543e-16	
4119.198	 2.575688360221632e-16	
4122.478	 2.616225455396904e-16	
4125.758	 2.603540517708545e-16	
4129.038	2.5857407159051944e-16	
4132.318	 2.622868524030283e-16	
4135.598	 2.588559072313875e-16	
4138.878	 2.499641281252588e-16	
4142.158	2.4210624425682937e-16	
4145.438	2.3428346148179716e-16	
4148.719	  2.27290315454163e-16	
4151.999	2.2236636021150428e-16	
4155.279	2.1778520075329986e-16	
4158.559	2.2115163833042594e-16	
4161.839	2.2039295060159694e-16	
4165.119	  2.23262838402712e-16	
4168.399	2.2487384789408675e-16	
4171.679	 2.278516528866041e-16	
4174.959	 2.228484401218861e-16	
4178.239	2.2242489315182367e-16	
4181.519	 2.169872110023425e-16	
4184.799	2.1315120294705596e-16	
4188.079	2.0707974068301582e-16	
4191.359	1.9589425448972958e-16	
4194.639	1.9149793589569174e-16	
4197.920	1.8792397243925138e-16	
4201.200	1.8219073161504733e-16	
4204.480	1.8144147263737022e-16	
4207.760	1.7603683779390667e-16	
4211.040	1.7336486041301035e-16	
4214.320	 1.787123626257315e-16	
4217.600	1.7675902411976143e-16	
4220.880	1.7590632894132848e-16	
4224.160	1.8247079353045117e-16	
4227.440	1.8488221997605014e-16	
4230.720	 1.852945644694964e-16	
4234.000	1.8585291457483989e-16	
4237.280	1.8218148957183898e-16	
4240.560	1.7565688712867548e-16	
4243.841	1.6784540018423121e-16	
4247.121	1.5479339467875013e-16	
4250.401	1.4781266472936553e-16	
4253.681	1.3584431212855372e-16	
4256.961	1.2673063063145338e-16	
4260.241	1.1972926945430067e-16	
4263.521	1.0629974048685517e-16	
4266.801	 9.856685758666762e-17	
4270.081	 9.334809050106044e-17	
4273.361	 8.755402956422785e-17	
4276.641	 8.498934390312273e-17	
4279.921	 8.125440085770825e-17	
4283.201	 7.863224649156224e-17	
4286.481	 7.641649930625594e-17	
4289.762	 7.844423159235444e-17	
4293.042	 8.007904634653853e-17	
4296.322	 7.662122456641615e-17	
4299.602	 7.949845932511198e-17	
4302.882	 8.564416600292565e-17	
4306.162	 9.045849567649813e-17	
4309.442	 9.666514382710367e-17	
4312.722	 1.050735360672453e-16	
4316.002	1.1909147511895432e-16	
4319.282	1.3198832632330168e-16	
4322.562	1.4441840766864261e-16	
4325.842	1.6818978298620615e-16	
4329.122	1.8426393662081025e-16	
4332.402	1.9566385688732403e-16	
4335.683	 2.066643155085001e-16	
4338.963	2.1808066607405092e-16	
4342.243	2.2440651791124953e-16	
4345.523	 2.265834391796837e-16	
4348.803	2.2893717287070945e-16	
4352.083	2.1882320356575832e-16	
4355.363	2.1271925411953138e-16	
4358.643	 2.062554251120105e-16	
4361.923	 2.014630989695916e-16	
4365.203	2.0453397787199482e-16	
4368.483	 2.049126215816208e-16	
4371.763	2.0429564518198615e-16	
4375.043	2.0761848645428106e-16	
4378.323	2.1043198845642814e-16	
4381.603	2.1394583195502848e-16	
4384.884	 2.207037259737234e-16	
4388.164	 2.255093083801381e-16	
4391.444	 2.281771781862752e-16	
4394.724	  2.36860311165428e-16	
4398.004	 2.406969726985172e-16	
4401.284	   2.3742687642029e-16	
4404.564	2.3959464899948763e-16	
4407.844	 2.420945750103542e-16	
4411.124	 2.446999910093562e-16	
4414.404	2.4490620993306526e-16	
4417.684	 2.427221004088024e-16	
4420.964	 2.416093210649311e-16	
4424.244	 2.365654059685077e-16	
4427.524	2.2504926000710134e-16	
4430.805	 2.263251287397095e-16	
4434.085	 2.261954600728775e-16	
4437.365	 2.227101828896484e-16	
4440.645	 2.252382084460272e-16	
4443.925	2.1939368968743598e-16	
4447.205	2.2297717524900004e-16	
4450.485	 2.231966504367049e-16	
4453.765	2.2420468662421517e-16	
4457.045	 2.227622744059135e-16	
4460.325	 2.249214584197054e-16	
4463.605	2.2405401331372785e-16	
4466.885	2.2364306912985862e-16	
4470.165	2.1932460774830306e-16	
4473.445	2.0857984565589067e-16	
4476.726	2.0431655647166963e-16	
4480.006	1.9785991571997741e-16	
4483.286	1.8966885152618917e-16	
4486.566	 1.892715370222029e-16	
4489.846	1.8386335472781092e-16	
4493.126	1.8295053959153798e-16	
4496.406	1.7876790823895325e-16	
4499.686	1.7667528560705566e-16	
4502.966	1.7661675266673627e-16	
4506.246	1.7657399654765127e-16	
4509.526	1.7650967566108017e-16	
4512.806	1.7553860764640323e-16	
4516.086	 1.775934219197213e-16	
4519.366	1.7777247483763618e-16	
4522.647	 1.808434470940112e-16	
4525.927	1.8804262533741081e-16	
4529.207	1.9099849214655486e-16	
4532.487	1.9810917082468686e-16	
4535.767	2.0323206338125412e-16	
4539.047	2.1283874720343701e-16	
4542.327	2.2269319246678057e-16	
4545.607	2.3354419137910284e-16	
4548.887	2.4518645855641274e-16	
4552.167	2.5781687752523925e-16	
4555.447	 2.737008691192841e-16	
4558.727	2.9157115317134485e-16	
4562.007	3.1310604738646506e-16	
4565.287	3.3062298665525795e-16	
4568.567	3.5011277541012743e-16	
4571.848	3.7291177575740873e-16	
4575.128	4.0004501430748014e-16	
4578.408	4.2535019538173873e-16	
4581.688	 4.513523572094658e-16	
4584.968	 4.757718891532457e-16	
4588.248	 4.943088139179394e-16	
4591.528	 5.082775554265091e-16	
4594.808	 5.173571627239019e-16	
4598.088	  5.11397911933967e-16	
4601.368	 5.131716373981914e-16	
4604.648	 5.057101344940302e-16	
4607.928	  5.00008447312295e-16	
4611.208	 5.041949995316953e-16	
4614.488	 5.082656061181185e-16	
4617.769	 5.226827267532498e-16	
4621.049	 5.386282386147118e-16	
4624.329	 5.465699543498187e-16	
4627.609	 5.658330796611547e-16	
4630.889	 5.796080183242649e-16	
4634.169	 5.822884909165952e-16	
4637.449	 5.820207517254691e-16	
4640.729	  5.77670549993501e-16	
4644.009	 5.724654125877769e-16	
4647.289	 5.590500734240452e-16	
4650.569	 5.581743198145773e-16	
4653.849	 5.529088757430696e-16	
4657.129	 5.603648707628945e-16	
4660.409	 5.754293078384959e-16	
4663.690	 5.912464579887309e-16	
4666.970	 6.091018987592754e-16	
4670.250	 6.163104123998551e-16	
4673.530	 6.112409183151582e-16	
4676.810	 5.966585611499386e-16	
4680.090	 5.754317350417627e-16	
4683.370	 5.519356605870411e-16	
4686.650	 5.336857992856363e-16	
4689.930	  5.23042512960572e-16	
4693.210	 5.178413897756352e-16	
4696.490	 5.229298347166078e-16	
4699.770	 5.229815528169858e-16	
4703.050	  5.28133105042896e-16	
4706.330	 5.219511116762432e-16	
4709.610	 5.246527756201723e-16	
4712.891	 5.288959937004561e-16	
4716.171	 5.153646155497753e-16	
4719.451	 5.181010071712146e-16	
4722.731	 5.125941497286286e-16	
4726.011	 5.072683989913372e-16	
4729.291	 4.948300091425059e-16	
4732.571	 4.771938568517228e-16	
4735.851	  4.69887601602667e-16	
4739.131	4.4180999427385396e-16	
4742.411	 4.103393434859513e-16	
4745.691	3.7578241039029823e-16	
4748.971	 3.427242753119148e-16	
4752.251	3.0960163263901666e-16	
4755.531	2.7966590785547075e-16	
4758.812	 2.565392350671669e-16	
4762.092	 2.312957609682689e-16	
4765.372	2.1141500577949565e-16	
4768.652	1.8872084194254714e-16	
4771.932	1.6987594242488097e-16	
4775.212	1.5643129011400364e-16	
4778.492	1.4219985052878513e-16	
4781.772	1.3054133976038178e-16	
4785.052	1.1769060541810423e-16	
4788.332	1.0857925777029893e-16	
4791.612	1.0374622929617466e-16	
4794.892	 9.737043308406236e-17	
4798.172	  9.69150524096157e-17	
4801.452	 9.452435054575663e-17	
4804.733	 9.346356936417863e-17	
4808.013	 9.860606625482415e-17	
4811.293	1.0227879821343027e-16	
4814.573	1.0638142521218128e-16	
4817.853	 1.160021121301344e-16	
4821.133	1.2871281551471003e-16	
4824.413	 1.520935044602852e-16	
4827.693	1.8216328554733774e-16	
4830.973	 2.198664342006377e-16	
4834.253	 2.698951077508611e-16	
4837.533	 3.271592742395149e-16	
4840.813	 3.940615848388487e-16	
4844.093	 4.723841668705488e-16	
4847.373	 5.519068142097546e-16	
4850.654	  6.32655292552683e-16	
4853.934	 6.858123510519392e-16	
4857.214	 7.174089363478017e-16	
4860.494	 7.249721950812264e-16	
4863.774	 7.043388201717913e-16	
4867.054	 6.736801622306161e-16	
4870.334	 6.475203255445167e-16	
4873.614	  6.26036869367859e-16	
4876.894	 6.020874680260705e-16	
4880.174	 5.890512393418238e-16	
4883.454	  5.77372750823455e-16	
4886.734	 5.697436775399104e-16	
4890.014	 5.624820454893757e-16	
4893.294	 5.498365965310893e-16	
4896.574	 5.415664615231853e-16	
4899.855	 5.343378767786683e-16	
4903.135	 5.423828420065876e-16	
4906.415	 5.599064094073784e-16	
4909.695	 5.941237207536183e-16	
4912.975	 6.272102354394294e-16	
4916.255	 6.695571840660124e-16	
4919.535	  7.12887150015663e-16	
4922.815	 7.514344986359619e-16	
4926.095	 7.833769603973482e-16	
4929.375	 8.013465730754055e-16	
4932.655	 8.061908973801178e-16	
4935.935	  8.04791241280901e-16	
4939.215	 8.002209108834257e-16	
4942.495	 7.911286074458678e-16	
4945.776	 7.605756262007718e-16	
4949.056	  7.34039666362285e-16	
4952.336	 7.025481976386707e-16	
4955.616	  6.77134539249179e-16	
4958.896	 6.458317389025751e-16	
4962.176	 6.025662805474393e-16	
4965.456	 5.758555620737406e-16	
4968.736	5.4196844372576165e-16	
4972.016	 5.067814646744217e-16	
4975.296	  4.81110802800561e-16	
4978.576	 4.595631190913042e-16	
4981.856	 4.437678137704705e-16	
4985.136	 4.375889944388589e-16	
4988.416	4.3743131958048653e-16	
4991.697	 4.415801567952792e-16	
4994.977	 4.610310169439074e-16	
4998.257	  4.85484529733423e-16	
5001.537	 5.126569769516509e-16	
5004.817	 5.538253316842427e-16	
5008.097	 6.174287929820344e-16	
5011.377	  6.71164552752487e-16	
5014.657	 7.193850532228913e-16	
5017.937	  7.77515077800002e-16	
5021.217	 8.153006580104025e-16	
5024.497	 8.315924197532753e-16	
5027.777	  8.54400195373906e-16	
5031.057	  8.79252796392872e-16	
5034.337	 8.932456232261664e-16	
5037.618	  9.03669994487357e-16	
5040.898	    9.177358241266e-16	
5044.178	 9.135354555193729e-16	
5047.458	 9.071342670269306e-16	
5050.738	   8.9921308916562e-16	
5054.018	 8.717192242224803e-16	
5057.298	 8.344747236326399e-16	
5060.578	 8.008824171276095e-16	
5063.858	  7.62902380593947e-16	
5067.138	 7.360815044335228e-16	
5070.418	  7.00637428543842e-16	
5073.698	 6.705634465280584e-16	
5076.978	 6.499721742599057e-16	
5080.258	 6.292896018073312e-16	
5083.538	 5.930070205429314e-16	
5086.819	  5.79747489158136e-16	
5090.099	 5.576422021753101e-16	
5093.379	 5.351266244864173e-16	
5096.659	 5.041146217619745e-16	
5099.939	 4.753961394167454e-16	
5103.219	 4.564676880943171e-16	
5106.499	4.3035480845603375e-16	
5109.779	  4.04106845620554e-16	
5113.059	 3.827733159226092e-16	
5116.339	 3.690110733996639e-16	
5119.619	 3.525528615250694e-16	
5122.899	 3.400923467849212e-16	
5126.179	3.3514355938576333e-16	
5129.459	3.3140706666441696e-16	
5132.740	3.2890368655659376e-16	
5136.020	3.3316445518357613e-16	
5139.300	3.3987632569417303e-16	
5142.580	  3.48307589657406e-16	
5145.860	 3.636449937465543e-16	
5149.140	 3.794860425135706e-16	
5152.420	 4.014824787652763e-16	
5155.700	 4.224260689230071e-16	
5158.980	 4.493310570120243e-16	
5162.260	 4.692488737276027e-16	
5165.540	 4.891309358719812e-16	
5168.820	 5.103068840655254e-16	
5172.100	 5.279506913819963e-16	
5175.380	 5.443771629061784e-16	
5178.661	 5.599436576421271e-16	
5181.941	 5.700818989797465e-16	
5185.221	 5.843521738172343e-16	
5188.501	 5.973704785388952e-16	
5191.781	 6.023576344204635e-16	
5195.061	 6.093248280439368e-16	
5198.341	  6.05752918374876e-16	
5201.621	 6.038434562356526e-16	
5204.901	 5.967938310550787e-16	
5208.181	 5.886719421543952e-16	
5211.461	 5.816994273545291e-16	
5214.741	 5.729179926430695e-16	
5218.021	 5.849097770908035e-16	
5221.301	  5.90677092114715e-16	
5224.581	 5.940273794547194e-16	
5227.862	  5.93040067848949e-16	
5231.142	 5.965633400987013e-16	
5234.422	  6.01731135915705e-16	
5237.702	 5.990818435499563e-16	
5240.982	 5.891613970285492e-16	
5244.262	 5.814539997626635e-16	
5247.542	 5.718332194907386e-16	
5250.822	 5.601480094864001e-16	
5254.102	 5.578363784366566e-16	
5257.382	 5.583286339299649e-16	
5260.662	  5.69394813747289e-16	
5263.942	 5.741654817682501e-16	
5267.222	 5.922539340524105e-16	
5270.502	 6.066394076911011e-16	
5273.783	 6.158138626238441e-16	
5277.063	 6.298538332128981e-16	
5280.343	6.3346299111670755e-16	
5283.623	 6.323217388114369e-16	
5286.903	  6.26773992329202e-16	
5290.183	 6.158262787020936e-16	
5293.463	6.0616498280640695e-16	
5296.743	 5.987236443601548e-16	
5300.023	   6.0017660557727e-16	
5303.303	 6.112692979225857e-16	
5306.583	 6.266517919801141e-16	
5309.863	 6.417861511805947e-16	
5313.143	 6.621811000460494e-16	
5316.423	 6.869381065978908e-16	
5319.704	 7.033408662132355e-16	
5322.984	 7.137034371450934e-16	
5326.264	 7.289721327109959e-16	
5329.544	 7.534645741067527e-16	
5332.824	 7.526471667296606e-16	
5336.104	 7.561342176383539e-16	
5339.384	 7.677984229990371e-16	
5342.664	 7.586639235662252e-16	
5345.944	 7.567238413242508e-16	
5349.224	7.5174228668099075e-16	
5352.504	 7.539000703852056e-16	
5355.784	 7.498629778746591e-16	
5359.064	 7.511687198782436e-16	
5362.344	 7.560708302915009e-16	
5365.625	 7.705476041146132e-16	
5368.905	 7.694169008081561e-16	
5372.185	 7.679864378982449e-16	
5375.465	 7.749572723266187e-16	
5378.745	  7.63988554055855e-16	
5382.025	 7.598542800606633e-16	
5385.305	 7.548651637456873e-16	
5388.585	 7.502747622442746e-16	
5391.865	 7.495908510468583e-16	
5395.145	 7.337611914644017e-16	
5398.425	 7.289924838768487e-16	
5401.705	 7.263667167119939e-16	
5404.985	7.1773931605400655e-16	
5408.265	 7.245305374406345e-16	
5411.545	 7.243546585577609e-16	
5414.826	 7.340004576941285e-16	
5418.106	 7.509603538131831e-16	
5421.386	 7.672860030478199e-16	
5424.666	 7.788899017427195e-16	
5427.946	 7.892411768439895e-16	
5431.226	  8.06440712608658e-16	
5434.506	 8.095372638533066e-16	
5437.786	  8.17374516493968e-16	
5441.066	 8.290386285006794e-16	
5444.346	 8.306108027397848e-16	
5447.626	 8.326162327620201e-16	
5450.906	 8.432241379317716e-16	
5454.186	8.4248664155454155e-16	
5457.466	 8.408475325176546e-16	
5460.747	 8.352732735074282e-16	
5464.027	 8.264431080226884e-16	
5467.307	 8.164966157431488e-16	
5470.587	 8.069501452327777e-16	
5473.867	 7.984742580710237e-16	
5477.147	 7.926851915716824e-16	
5480.427	 7.947907904056604e-16	
5483.707	 7.905571877844721e-16	
5486.987	 7.868059451355811e-16	
5490.267	 7.899852079992456e-16	
5493.547	 7.863730627683387e-16	
5496.827	 7.975058039675571e-16	
5500.107	 7.913912121685448e-16	
5503.387	 7.814799143363744e-16	
5506.668	 7.744184332013816e-16	
5509.948	 7.599986986550398e-16	
5513.228	 7.584466888738436e-16	
5516.508	 7.698947797898067e-16	
5519.788	 7.834127149685482e-16	
5523.068	 8.069313810844455e-16	
5526.348	 8.447778280844604e-16	
5529.628	 8.925202628652705e-16	
5532.908	  9.37448448812159e-16	
5536.188	 9.727698575828928e-16	
5539.468	 9.978344654718196e-16	
5542.748	1.0171550034758133e-15	
5546.028	 1.022669422590115e-15	
5549.308	1.0189296624797555e-15	
5552.589	1.0168581378454852e-15	
5555.869	1.0138474722548938e-15	
5559.149	1.0011952084566659e-15	
5562.429	  9.94745382544915e-16	
5565.709	1.0006686920557066e-15	
5568.989	 9.913491650507843e-16	
5572.269	 9.930855489262883e-16	
5575.549	  9.83763221302212e-16	
5578.829	 9.663424366243744e-16	
5582.109	 9.502146044559846e-16	
5585.389	  9.20490606480484e-16	
5588.669	 9.123765593134317e-16	
5591.949	 8.948683019640163e-16	
5595.229	 8.794498666273446e-16	
5598.509	 8.719611043634173e-16	
5601.790	 8.530533776227288e-16	
5605.070	  8.45654235171731e-16	
5608.350	 8.308552034379605e-16	
5611.630	 8.254244294823927e-16	
5614.910	 8.133519872030225e-16	
5618.190	 8.004517752556902e-16	
5621.470	 7.836065178140076e-16	
5624.750	7.6488017784052905e-16	
5628.030	  7.48416084665711e-16	
5631.310	 7.269756646700537e-16	
5634.590	 7.102695980003267e-16	
5637.870	 6.932744140799312e-16	
5641.150	 6.746913724531677e-16	
5644.430	 6.713364174145731e-16	
5647.711	 6.770332501897747e-16	
5650.991	 6.756381684351763e-16	
5654.271	  6.80389232122059e-16	
5657.551	 6.838518242901405e-16	
5660.831	 6.855044696529386e-16	
5664.111	 6.880715171695303e-16	
5667.391	 7.002791360000688e-16	
5670.671	 7.034152693287611e-16	
5673.951	 7.060972355846402e-16	
5677.231	 7.108426980332148e-16	
5680.511	 7.177867398716815e-16	
5683.791	 7.286267230153311e-16	
5687.071	 7.354129966414538e-16	
5690.351	 7.304292015028704e-16	
5693.632	 7.293322923342052e-16	
5696.912	 7.280251500210438e-16	
5700.192	 7.196992826919744e-16	
5703.472	 7.085263059309096e-16	
5706.752	 6.915855473760743e-16	
5710.032	 6.807357620653853e-16	
5713.312	 6.591804233304407e-16	
5716.592	  6.40907503598001e-16	
5719.872	 6.170935588692961e-16	
5723.152	 5.925080435636536e-16	
5726.432	 5.639913925054589e-16	
5729.712	 5.364739090074534e-16	
5732.992	  5.08153581351957e-16	
5736.272	 4.848021121995555e-16	
5739.552	 4.622397641707906e-16	
5742.833	4.3089700832425567e-16	
5746.113	4.0134179432977175e-16	
5749.393	3.6910769476047823e-16	
5752.673	 3.418660722491456e-16	
5755.953	 3.156844840876165e-16	
5759.233	2.9401151934820224e-16	
5762.513	 2.748181294538018e-16	
5765.793	2.5413901109818407e-16	
5769.073	  2.39477489764877e-16	
5772.353	2.2278878693390507e-16	
5775.633	2.1022231543576247e-16	
5778.913	1.9732602435524588e-16	
5782.193	1.9212452775442194e-16	
5785.473	1.8762327929607943e-16	
5788.754	  1.82080013804491e-16	
5792.034	1.7774810945099602e-16	
5795.314	1.7556250626318436e-16	
5798.594	1.7632604839854708e-16	
5801.874	 1.724744502299697e-16	
5805.154	1.7285561449683435e-16	
5808.434	1.7889328262308238e-16	
5811.714	1.8492236218392468e-16	
5814.994	1.9240692351912084e-16	
5818.274	 1.972105454921277e-16	
5821.554	2.0165783535476904e-16	
5824.834	  2.13358822180342e-16	
5828.114	 2.223970736682269e-16	
5831.394	2.3404858288874517e-16	
5834.675	 2.388174771842419e-16	
5837.955	2.5418932888898493e-16	
5841.235	2.6683851200614353e-16	
5844.515	 2.816142052469635e-16	
5847.795	2.9333629007016353e-16	
5851.075	3.0917257778461794e-16	
5854.355	3.2879483582547345e-16	
5857.635	3.4829974792377465e-16	
5860.915	3.6940745436393217e-16	
5864.195	 3.955140792861048e-16	
5867.475	 4.307253303701131e-16	
5870.755	 4.749010833042832e-16	
5874.035	 5.228475898674509e-16	
5877.315	 5.711298906671877e-16	
5880.596	 6.360379737209024e-16	
5883.876	 6.976746535407847e-16	
5887.156	 7.616426620984605e-16	
5890.436	 8.154247254389264e-16	
5893.716	 8.742205505429239e-16	
5896.996	 9.296270663467037e-16	
5900.276	  9.66166931157388e-16	
5903.556	 9.973200850871944e-16	
5906.836	 1.012122290856006e-15	
5910.116	 9.948424706755883e-16	
5913.396	 9.569668972363714e-16	
5916.676	 9.194585783222209e-16	
5919.956	 9.142694044456746e-16	
5923.236	 9.536481635388359e-16	
5926.516	 9.917543212884018e-16	
5929.797	1.0128728567892883e-15	
5933.077	1.0152571172290931e-15	
5936.357	 9.931733016597814e-16	
5939.637	  9.81954954868421e-16	
5942.917	  9.67052860349782e-16	
5946.197	 9.577258650271158e-16	
5949.477	  9.52216113611404e-16	
5952.757	 9.364318240592431e-16	
5956.037	 9.183626026932738e-16	
5959.317	 9.088933359175824e-16	
5962.597	 8.909785220209723e-16	
5965.877	 8.713216296565786e-16	
5969.157	 8.657090955179135e-16	
5972.437	 8.576921364815348e-16	
5975.718	 8.514547842096038e-16	
5978.998	 8.582180927586632e-16	
5982.278	 8.715245811912745e-16	
5985.558	 8.784721704806698e-16	
5988.838	 8.971337227977182e-16	
5992.118	 9.044192534650338e-16	
5995.398	  9.05873708345698e-16	
5998.678	  9.12468979745515e-16	
6001.958	 9.020301386186954e-16	
6005.238	 8.945771309259682e-16	
6008.518	  8.84625317470036e-16	
6011.798	 8.587550648044641e-16	
6015.078	 8.340517367864083e-16	
6018.358	 8.175372324668176e-16	
6021.639	 8.093293645581052e-16	
6024.919	 8.036309447653829e-16	
6028.199	 7.907548181427755e-16	
6031.479	 7.902076705140482e-16	
6034.759	 7.815835372450737e-16	
6038.039	  7.75133244563464e-16	
6041.319	 7.650986261345441e-16	
6044.599	 7.536168344347605e-16	
6047.879	 7.402569475302787e-16	
6051.159	 7.244411976896206e-16	
6054.439	 7.215300474329694e-16	
6057.719	 7.131851358936526e-16	
6060.999	 7.051440915325491e-16	
6064.279	 6.995211951030141e-16	
6067.560	  6.96121896927814e-16	
6070.840	 6.998716459131562e-16	
6074.120	  6.94201885789777e-16	
6077.400	 7.030036716670892e-16	
6080.680	 7.035563271801528e-16	
6083.960	 7.091996681295123e-16	
6087.240	 7.132364805781434e-16	
6090.520	 7.146131716002969e-16	
6093.800	 7.181791999691342e-16	
6097.080	 7.162585353532945e-16	
6100.360	 7.130983166998775e-16	
6103.640	 7.161678886466754e-16	
6106.920	 7.129945070832345e-16	
6110.200	 7.182305446536248e-16	
6113.480	 7.186683747813729e-16	
6116.761	 7.177868332256534e-16	
6120.041	 7.347176962594777e-16	
6123.321	  7.47839157119979e-16	
6126.601	 7.501833687058811e-16	
6129.881	  7.58983474211701e-16	
6133.161	 7.636241001499428e-16	
6136.441	 7.699526592523236e-16	
6139.721	 7.754050913293494e-16	
6143.001	   7.7672773040183e-16	
6146.281	 7.857958551606913e-16	
6149.561	 7.915308697103596e-16	
6152.841	 8.030345062395446e-16	
6156.121	 8.158903750502711e-16	
6159.401	 8.284851328018695e-16	
6162.682	 8.378925992482285e-16	
6165.962	8.4199784015819005e-16	
6169.242	 8.545822356189184e-16	
6172.522	 8.517942192510732e-16	
6175.802	 8.492707680393126e-16	
6179.082	 8.426380616968033e-16	
6182.362	 8.467178169724631e-16	
6185.642	 8.357275339342131e-16	
6188.922	 8.266206672770544e-16	
6192.202	 8.203136729421596e-16	
6195.482	 8.144490830796311e-16	
6198.762	 8.008288319477956e-16	
6202.042	 7.920085619840667e-16	
6205.322	 7.733591456833524e-16	
6208.603	 7.657106547736733e-16	
6211.883	  7.50737797944409e-16	
6215.163	 7.391173755965005e-16	
6218.443	 7.254663176539706e-16	
6221.723	 7.191980652173734e-16	
6225.003	 7.160505427041213e-16	
6228.283	 7.221593465568819e-16	
6231.563	 7.351952018252414e-16	
6234.843	 7.558455671575444e-16	
6238.123	 7.879164839841292e-16	
6241.403	 8.212839941250621e-16	
6244.683	 8.457078203515449e-16	
6247.963	 8.728846552064474e-16	
6251.243	  8.96115324319338e-16	
6254.523	 9.073564494798179e-16	
6257.804	  9.19637537886164e-16	
6261.084	 9.236965685800837e-16	
6264.364	 9.207313663737595e-16	
6267.644	 9.213927792639715e-16	
6270.924	 9.161302291655896e-16	
6274.204	 9.049573457584966e-16	
6277.484	  9.33366453041176e-16	
6280.764	 9.814116347525377e-16	
6284.044	1.0151992377665764e-15	
6287.324	1.0401480867304694e-15	
6290.604	1.0641960698664803e-15	
6293.884	1.0685631686673441e-15	
6297.164	1.0650651953439503e-15	
6300.444	1.0426518402541798e-15	
6303.725	 9.945726776970825e-16	
6307.005	  9.35633647600342e-16	
6310.285	 8.760584101857756e-16	
6313.565	 8.298243888813308e-16	
6316.845	 8.038386573526408e-16	
6320.125	 7.729441872786957e-16	
6323.405	 7.486460154982575e-16	
6326.685	 7.353708940001714e-16	
6329.965	  7.28625882829585e-16	
6333.245	 7.388408611320251e-16	
6336.525	 7.473532496967534e-16	
6339.805	 7.554954897632895e-16	
6343.085	 7.676500835378449e-16	
6346.365	  7.72416457276103e-16	
6349.646	 7.812520372912074e-16	
6352.926	  7.84682142277102e-16	
6356.206	 7.705465772209234e-16	
6359.486	 7.541082497423225e-16	
6362.766	 7.302494951071529e-16	
6366.046	  6.85857534374291e-16	
6369.326	 6.609398656369795e-16	
6372.606	 6.219306015642078e-16	
6375.886	 5.794824572321922e-16	
6379.166	 5.461764673586763e-16	
6382.446	 5.083252593060995e-16	
6385.726	 4.736593821253544e-16	
6389.006	 4.417971114257453e-16	
6392.286	4.1416050825972143e-16	
6395.567	 3.892283696567808e-16	
6398.847	 3.669821181765348e-16	
6402.127	 3.482434554787785e-16	
6405.407	3.3249370689618385e-16	
6408.687	3.2049464083864943e-16	
6411.967	 3.119993360507608e-16	
6415.247	3.0179210612798026e-16	
6418.527	 2.980500121683258e-16	
6421.807	2.9289780646461295e-16	
6425.087	2.9074683760033953e-16	
6428.367	 2.909835832728276e-16	
6431.647	  2.89952675362226e-16	
6434.927	 2.963606786946097e-16	
6438.207	3.0034101199030107e-16	
6441.487	3.1258830625885514e-16	
6444.768	3.2143275490128054e-16	
6448.048	 3.362809841781902e-16	
6451.328	3.5400442243260754e-16	
6454.608	 3.726378752041438e-16	
6457.888	 3.986456382701789e-16	
6461.168	4.2412604474950853e-16	
6464.448	 4.516471690524142e-16	
6467.728	 4.956899859307394e-16	
6471.008	 5.312237749873211e-16	
6474.288	   5.7846499229353e-16	
6477.568	 6.305697648226422e-16	
6480.848	 6.931486662799149e-16	
6484.128	 7.541832129816788e-16	
6487.408	 8.373789656953779e-16	
6490.689	  9.15504290784662e-16	
6493.969	1.0118655674335525e-15	
6497.249	1.1187698682417928e-15	
6500.529	1.2423770616847188e-15	
6503.809	1.3701590447465983e-15	
6507.089	1.5155429191916097e-15	
6510.369	1.6736117313249797e-15	
6513.649	 1.854609212472463e-15	
6516.929	2.0577549234298006e-15	
6520.209	2.2733073772395295e-15	
6523.489	2.4957250821355243e-15	
6526.769	2.7429506714979924e-15	
6530.049	3.0153239537842903e-15	
6533.329	 3.300199199974217e-15	
6536.610	 3.596011797500381e-15	
6539.890	 3.897771976570005e-15	
6543.170	 4.217465453622656e-15	
6546.450	  4.51209432278638e-15	
6549.730	4.7956252717823676e-15	
6553.010	 5.055507792641654e-15	
6556.290	 5.256008785577862e-15	
6559.570	5.4055777185787245e-15	
6562.850	 5.408501564975541e-15	
6566.130	 5.448373046331869e-15	
6569.410	 5.376764015182259e-15	
6572.690	 5.404598435414529e-15	
6575.970	 5.363040047787751e-15	
6579.250	 5.352678690457527e-15	
6582.531	 5.291301254617337e-15	
6585.811	5.2093784766631205e-15	
6589.091	 5.105130096352626e-15	
6592.371	  4.97770379192331e-15	
6595.651	   4.8251316616496e-15	
6598.931	 4.699236362357824e-15	
6602.211	 4.564035539156897e-15	
6605.491	4.4032594618412895e-15	
6608.771	 4.280423372205442e-15	
6612.051	4.1455408860483565e-15	
6615.331	 4.030076959565657e-15	
6618.611	3.9149967179070594e-15	
6621.891	3.8129486907119225e-15	
6625.171	 3.705994912298628e-15	
6628.451	 3.615432224254202e-15	
6631.732	3.5003939918829157e-15	
6635.012	3.3751400343774154e-15	
6638.292	3.2584074274179357e-15	
6641.572	 3.116401099672695e-15	
6644.852	3.0044668868638013e-15	
6648.132	2.8900251863723255e-15	
6651.412	2.7782263368225437e-15	
6654.692	 2.685987011444567e-15	
6657.972	2.5850928393408935e-15	
6661.252	 2.481888156435138e-15	
6664.532	2.3794004320328163e-15	
6667.812	2.2967616291148842e-15	
6671.092	 2.220327131162865e-15	
6674.372	 2.156655988235517e-15	
6677.653	 2.074473686239693e-15	
6680.933	2.0253414908806772e-15	
6684.213	 1.956670309223653e-15	
6687.493	 1.904846718857606e-15	
6690.773	  1.84216139387248e-15	
6694.053	1.7985165449759434e-15	
6697.333	 1.765107959087418e-15	
6700.613	1.7106769922889615e-15	
6703.893	 1.668112248846166e-15	
6707.173	1.6210273060887524e-15	
6710.453	 1.571325651501749e-15	
6713.733	1.5269806478167029e-15	
6717.013	1.4912447474111716e-15	
6720.293	1.4567625908469313e-15	
6723.574	1.4244807873980473e-15	
6726.854	1.3935274109678955e-15	
6730.134	1.3617329152518143e-15	
6733.414	 1.327378653628942e-15	
6736.694	1.2981579269154219e-15	
6739.974	 1.256938414206283e-15	
6743.254	1.2216580811831418e-15	
6746.534	1.1938591354601556e-15	
6749.814	1.1652909530095265e-15	
6753.094	 1.139727834911181e-15	
6756.374	1.1024021163658737e-15	
6759.654	1.0770817185942114e-15	
6762.934	 1.057277607016287e-15	
6766.214	1.0460433900497204e-15	
6769.494	1.0324221120241953e-15	
6772.775	1.0128019077707194e-15	
6776.055	 9.824217247274276e-16	
6779.335	 9.696340976700877e-16	
6782.615	 9.590281529337438e-16	
6785.895	  9.34982970416887e-16	
6789.175	 9.145702842967902e-16	
6792.455	 9.019483605393975e-16	
6795.735	 8.818341270671493e-16	
6799.015	 8.688131150803063e-16	
6802.295	 8.475875025737637e-16	
6805.575	 8.462164127899182e-16	
6808.855	 8.300685095175911e-16	
6812.135	 8.248306048677647e-16	
6815.415	 8.132685287522321e-16	
6818.696	 8.118531891857528e-16	
6821.976	 8.028089630436726e-16	
6825.256	 8.002755229569294e-16	
6828.536	 7.967125752691616e-16	
6831.816	 7.880863882128076e-16	
6835.096	 7.835774847287774e-16	
6838.376	 7.765034008075915e-16	
6841.656	 7.607991156092641e-16	
6844.936	 7.559279987146449e-16	
6848.216	 7.473965659396692e-16	
6851.496	 7.392667419513825e-16	
6854.776	 7.280247766051565e-16	
6858.056	  6.95750254766073e-16	
6861.336	 6.246722210080678e-16	
6864.617	 5.521894900363689e-16	
6867.897	 5.444560470123504e-16	
6871.177	 5.805035629757546e-16	
6874.457	 6.228230655346281e-16	
6877.737	6.3265753304800615e-16	
6881.017	 6.136185506229651e-16	
6884.297	 5.932581427270769e-16	
6887.577	 5.827459253784215e-16	
6890.857	 5.783290689105873e-16	
6894.137	 5.770726178041138e-16	
6897.417	 5.719042618632794e-16	
6900.697	 5.774264293572407e-16	
6903.977	 5.773430642604222e-16	
6907.257	 5.777784671849033e-16	
6910.538	 5.738198853646417e-16	
6913.818	 5.752712595642363e-16	
6917.098	  5.79327489639002e-16	
6920.378	 5.785045743775738e-16	
6923.658	  5.73739414240949e-16	
6926.938	 5.737259712690096e-16	
6930.218	 5.761745525953854e-16	
6933.498	 5.706621872684633e-16	
6936.778	 5.703254594921761e-16	
6940.058	 5.702930656639609e-16	
6943.338	 5.673791147881558e-16	
6946.618	 5.667008048290476e-16	
6949.898	 5.577987567860208e-16	
6953.178	 5.533880616803255e-16	
6956.458	 5.544201831925605e-16	
6959.739	 5.562165003179608e-16	
6963.019	 5.550962526563454e-16	
6966.299	 5.482132643154368e-16	
6969.579	 5.527283291616058e-16	
6972.859	 5.538946003313193e-16	
6976.139	 5.488912008586577e-16	
6979.419	 5.541830641041852e-16	
6982.699	 5.586891669690614e-16	
6985.979	 5.663575422747343e-16	
6989.259	 5.737480028063548e-16	
6992.539	 5.864375148393315e-16	
6995.819	 5.998874883266014e-16	
6999.099	 6.174343008663707e-16	
7002.379	 6.333421910771967e-16	
7005.660	 6.577212073972148e-16	
7008.940	  6.63258965004467e-16	
7012.220	 6.745134397829144e-16	
7015.500	 6.842637953676994e-16	
7018.780	 6.844266980484927e-16	
7022.060	  6.86931945235752e-16	
7025.340	 6.859001037854324e-16	
7028.620	 6.789976978183891e-16	
7031.900	 6.834161413037439e-16	
7035.180	 6.883583005709038e-16	
7038.460	 6.866659797700901e-16	
7041.740	 7.085183708433064e-16	
7045.020	 7.339907488810611e-16	
7048.300	 7.543882183037545e-16	
7051.581	  7.84335425625832e-16	
7054.861	 8.145464512722199e-16	
7058.141	 8.454730351124646e-16	
7061.421	 8.763803880345183e-16	
7064.701	 8.998024327896016e-16	
7067.981	 9.103542322223006e-16	
7071.261	  9.14664291746394e-16	
7074.541	 9.241301977791006e-16	
7077.821	 9.263994461256463e-16	
7081.101	    9.267313194954e-16	
7084.381	 9.294224344405154e-16	
7087.661	 9.247248625794747e-16	
7090.941	  9.16210420227367e-16	
7094.221	  9.03059179449861e-16	
7097.502	 8.958059492567885e-16	
7100.782	 8.921027839033752e-16	
7104.062	 8.786267646579726e-16	
7107.342	 8.688953599294631e-16	
7110.622	 8.533821703114131e-16	
7113.902	 8.497447261541479e-16	
7117.182	 8.365026519620792e-16	
7120.462	 8.245811630551117e-16	
7123.742	  8.20881451798655e-16	
7127.022	 8.148803784293531e-16	
7130.302	 8.171304892116795e-16	
7133.582	 8.147348395873149e-16	
7136.862	 8.157763898507017e-16	
7140.142	 8.139904350161714e-16	
7143.422	 8.210918716510952e-16	
7146.703	 8.332796994396117e-16	
7149.983	 8.392259740274663e-16	
7153.263	 8.447544895915102e-16	
7156.543	 8.397378338548528e-16	
7159.823	 8.410435758584374e-16	
7163.103	 8.315569452439909e-16	
7166.383	 8.096097998893963e-16	
7169.663	 7.993764308545112e-16	
7172.943	 7.892508856570567e-16	
7176.223	 7.631515423446846e-16	
7179.503	 7.396418382100801e-16	
7182.783	 7.292011300038246e-16	
7186.063	  7.22020249138898e-16	
7189.343	 7.184696241754079e-16	
7192.624	 7.139723899378529e-16	
7195.904	 7.021024324233196e-16	
7199.184	 7.066124561550114e-16	
7202.464	 7.183228717317363e-16	
7205.744	 7.383919218816326e-16	
7209.024	 7.557742447230882e-16	
7212.304	 7.745753612279796e-16	
7215.584	 7.844282194738025e-16	
7218.864	 7.998992130965985e-16	
7222.144	 8.076034363274431e-16	
7225.424	 8.048381049747453e-16	
7228.704	 8.035973373355345e-16	
7231.984	 8.021641671604412e-16	
7235.264	 8.048894496592361e-16	
7238.545	 8.013415319609283e-16	
7241.825	 7.937093779963143e-16	
7245.105	 7.899085643883968e-16	
7248.385	  7.82305910278872e-16	
7251.665	 7.872644998450691e-16	
7254.945	 8.004029511284382e-16	
7258.225	 8.226083135690351e-16	
7261.505	 8.596326854933679e-16	
7264.785	 9.054404525625682e-16	
7268.065	 9.620658911761577e-16	
7271.345	1.0386189486723645e-15	
7274.625	 1.138551574866485e-15	
7277.905	1.2525507775316227e-15	
7281.185	1.3178500137271847e-15	
7284.465	1.3656201746376196e-15	
7287.746	 1.422047049353188e-15	
7291.026	 1.458119024057204e-15	
7294.306	 1.486258711777265e-15	
7297.586	1.5024630942025318e-15	
7300.866	1.5354431853604895e-15	
7304.146	 1.591039209727026e-15	
7307.426	1.6410526665798458e-15	
7310.706	1.6986707379755982e-15	
7313.986	1.7462597921807387e-15	
7317.266	1.7822178750391575e-15	
7320.546	 1.806784906258383e-15	
7323.826	1.8098627867086716e-15	
7327.106	 1.803038611369998e-15	
7330.386	1.7966933419066644e-15	
7333.667	1.7692304704821627e-15	
7336.947	1.7405773359171948e-15	
7340.227	1.6943512497003527e-15	
7343.507	1.6326918848653229e-15	
7346.787	1.5815320412387833e-15	
7350.067	1.5240829405319912e-15	
7353.347	1.4749040681870748e-15	
7356.627	1.4520491488106845e-15	
7359.907	 1.435518027484113e-15	
7363.187	1.4185145350602272e-15	
7366.467	 1.416760413930081e-15	
7369.747	1.4076798730929702e-15	
7373.027	1.3917695556788773e-15	
7376.307	1.3683806515837839e-15	
7379.588	1.3418858608468613e-15	
7382.868	  1.31343623794042e-15	
7386.148	1.2727301720761883e-15	
7389.428	 1.234689362106883e-15	
7392.708	  1.21120150280168e-15	
7395.988	1.1744163037531021e-15	
7399.268	1.1390510186156217e-15	
7402.548	1.1098508297758982e-15	
7405.828	1.0789637346657253e-15	
7409.108	1.0510051536509587e-15	
7412.388	  1.02128591672802e-15	
7415.668	 9.964901682778809e-16	
7418.948	  9.79763937150245e-16	
7422.228	 9.659886250712475e-16	
7425.509	  9.52639940643382e-16	
7428.789	 9.409240171823208e-16	
7432.069	  9.26769781331782e-16	
7435.349	 9.227935556108498e-16	
7438.629	 9.117526747198838e-16	
7441.909	 9.120643836317283e-16	
7445.189	 9.089680190950233e-16	
7448.469	 9.059414833292257e-16	
7451.749	  9.12676132208942e-16	
7455.029	 9.125459034182794e-16	
7458.309	 9.228826152999482e-16	
7461.589	 9.223112889925244e-16	
7464.869	  9.32977540394652e-16	
7468.149	  9.27329811808618e-16	
7471.429	 9.258416561441337e-16	
7474.710	  9.28124160754675e-16	
7477.990	  9.16401515807644e-16	
7481.270	 9.063641901135418e-16	
7484.550	  8.94102799395246e-16	
7487.830	 8.804591164164883e-16	
7491.110	 8.662072323114453e-16	
7494.390	 8.505865922718518e-16	
7497.670	 8.459155329388028e-16	
7500.950	  8.35583395401752e-16	
7504.230	 8.258484432223142e-16	
7507.510	 8.213778148667225e-16	
7510.790	 8.208667018711104e-16	
7514.070	 8.167273867614414e-16	
7517.350	 8.163728283765402e-16	
7520.631	 8.141169296479622e-16	
7523.911	 8.089482936452123e-16	
7527.191	 8.059661010160203e-16	
7530.471	8.0066406218756635e-16	
7533.751	 7.904302263828224e-16	
7537.031	 7.903810288396832e-16	
7540.311	  7.77564835466972e-16	
7543.591	 7.652968166166781e-16	
7546.871	 7.461565451322327e-16	
7550.151	 7.218329810714646e-16	
7553.431	 7.085655145990661e-16	
7556.711	 6.904206765159377e-16	
7559.991	 6.751711185142544e-16	
7563.271	 6.580048167635471e-16	
7566.552	 6.455146154603662e-16	
7569.832	6.3571674270393415e-16	
7573.112	 6.263188917166708e-16	
7576.392	 6.145046665233028e-16	
7579.672	 6.040947651277417e-16	
7582.952	 5.740561642672707e-16	
7586.232	 4.829654661583372e-16	
7589.512	3.4806104181787877e-16	
7592.792	 2.374532955943098e-16	
7596.072	 1.754437600110531e-16	
7599.352	1.5792009925629053e-16	
7602.632	1.7862208933499962e-16	
7605.912	2.3957579149718376e-16	
7609.192	 3.198346282580144e-16	
7612.473	3.6754438914869395e-16	
7615.753	 3.445533596814173e-16	
7619.033	 2.957976608906762e-16	
7622.313	 2.741390726629193e-16	
7625.593	2.7987352708875676e-16	
7628.873	2.8840636017330954e-16	
7632.153	3.0318252018398856e-16	
7635.433	3.2510548685988665e-16	
7638.713	3.4755366298113877e-16	
7641.993	 3.747099599622451e-16	
7645.273	 4.064400414377835e-16	
7648.553	4.3735112851870923e-16	
7651.833	 4.702077123719737e-16	
7655.113	4.9929260905652265e-16	
7658.393	 5.323070544761032e-16	
7661.674	 5.573947207960648e-16	
7664.954	 5.840381310560948e-16	
7668.234	 6.014515407701601e-16	
7671.514	 6.200705236760672e-16	
7674.794	 6.368046898913064e-16	
7678.074	 6.500512450740213e-16	
7681.354	 6.681051563886152e-16	
7684.634	 6.768353397695559e-16	
7687.914	 6.972887282213582e-16	
7691.194	 7.052016909331505e-16	
7694.474	 7.198294181286654e-16	
7697.754	 7.320662567523777e-16	
7701.034	 7.714657404272788e-16	
7704.314	 8.037425961156572e-16	
7707.595	 8.303032014026997e-16	
7710.875	 8.586411729588667e-16	
7714.155	 8.597302403939004e-16	
7717.435	 8.712079245189246e-16	
7720.715	 8.623715976720459e-16	
7723.995	 8.482316449791926e-16	
7727.275	  8.21129026531872e-16	
7730.555	 7.821782020454478e-16	
7733.835	 7.528284601428987e-16	
7737.115	 7.241278084062837e-16	
7740.395	 6.996739222008811e-16	
7743.675	 6.752597114334939e-16	
7746.955	 6.558808271971243e-16	
7750.235	  6.46379073239246e-16	
7753.516	 6.556491226391135e-16	
7756.796	 6.768374869109073e-16	
7760.076	 7.038436707053572e-16	
7763.356	 7.387153000399524e-16	
7766.636	  7.82093623346996e-16	
7769.916	 8.196977234362148e-16	
7773.196	 8.508022399467128e-16	
7776.476	 8.714737032766429e-16	
7779.756	 8.833978060948207e-16	
7783.036	  8.96839191016685e-16	
7786.316	 9.026370327893756e-16	
7789.596	  9.02513805546598e-16	
7792.876	 8.994937112048547e-16	
7796.156	 9.045228763737335e-16	
7799.436	 9.037513057967958e-16	
7802.717	  8.87310084345069e-16	
7805.997	 8.775813868817418e-16	
7809.277	 8.710652796500121e-16	
7812.557	 8.681846561421399e-16	
7815.837	 8.621945051875388e-16	
7819.117	 8.490096569801845e-16	
7822.397	 8.447072524817787e-16	
7825.677	 8.347435830714276e-16	
7828.957	  8.26655581662508e-16	
7832.237	 8.252356677514105e-16	
7835.517	 8.154474104540741e-16	
7838.797	 8.054930764409032e-16	
7842.077	 8.005795768430862e-16	
7845.357	 7.818984201919595e-16	
7848.638	 7.675186411455487e-16	
7851.918	 7.537282057231195e-16	
7855.198	 7.329540530242079e-16	
7858.478	 7.249718216653391e-16	
7861.758	 6.977609126107291e-16	
7865.038	 6.819910929241972e-16	
7868.318	 6.637216272887142e-16	
7871.598	 6.494255867550091e-16	
7874.878	 6.342330680300964e-16	
7878.158	 6.289962836279315e-16	
7881.438	 6.154980461372403e-16	
7884.718	6.0738483915593435e-16	
7887.998	 6.025419151607991e-16	
7891.278	 5.989649643772611e-16	
7894.559	 5.929281364367593e-16	
7897.839	 5.888864695815945e-16	
7901.119	 5.877824655110725e-16	
7904.399	 5.880468439592138e-16	
7907.679	 5.837621767154502e-16	
7910.959	 5.877775177505671e-16	
7914.239	 6.419058309724439e-16	
7917.519	 5.886581257665686e-16	
7920.799	 5.877817186792982e-16	
7924.079	 5.878326899479017e-16	
7927.359	 5.880739166110361e-16	
7930.639	 5.811557338227585e-16	
7933.919	 5.822978263137753e-16	
7937.199	 5.832914859896282e-16	
7940.480	  5.85734466077696e-16	
7943.760	 5.834816480301874e-16	
7947.040	 5.821705848502102e-16	
7950.320	 5.786569280595535e-16	
7953.600	 5.826432360094401e-16	
7956.880	 5.832242711299312e-16	
7960.160	  5.80017655552529e-16	
7963.440	 5.829024799891323e-16	
7966.720	 5.897500871747282e-16	
7970.000	 5.920914981414762e-16	
7973.280	 5.913224481217773e-16	
7976.560	 5.919987042935057e-16	
7979.840	  5.89622845711163e-16	
7983.120	 5.896895938010009e-16	
7986.400	 5.947557271427131e-16	
7989.681	 6.004797259237088e-16	
7992.961	 6.011884692776241e-16	
7996.241	 6.006237711021982e-16	
7999.521	  6.01765863593215e-16	
8002.801	 6.098491039495728e-16	
8006.081	   6.0887047426318e-16	
8009.361	 6.050221434836156e-16	
8012.641	 6.018240231176473e-16	
8015.921	 5.978407024948583e-16	
8019.201	 5.938309626980495e-16	
8022.481	 5.906059563882024e-16	
8025.761	 5.909454847836436e-16	
8029.041	 5.867285925234078e-16	
8032.321	 5.825482950201181e-16	
8035.602	 5.838268710179086e-16	
8038.882	 5.804640742456826e-16	
8042.162	 5.818633569290122e-16	
8045.442	 5.779130836122408e-16	
8048.722	 5.723767263145657e-16	
8052.002	 5.732651760641984e-16	
8055.282	 5.630316203213699e-16	
8058.562	 5.651138806623976e-16	
8061.842	 5.607005716454919e-16	
8065.122	 5.557919264542086e-16	
8068.402	  5.51257817397792e-16	
8071.682	 5.426960445819809e-16	
8074.962	 5.374234122546443e-16	
8078.242	 5.382087992194085e-16	
8081.523	 5.391803340039444e-16	
8084.803	 5.355565195265623e-16	
8088.083	 5.300099866459608e-16	
8091.363	 5.274603963220959e-16	
8094.643	 5.324677166615732e-16	
8097.923	 5.347153068866609e-16	
8101.203	 5.311782182490821e-16	
8104.483	 5.299303557080142e-16	
8107.763	 5.325842224183812e-16	
8111.043	 5.341478080920809e-16	
8114.323	 5.314667753759199e-16	
8117.603	  5.30229275125722e-16	
8120.883	 5.299023495164739e-16	
8124.163	 5.250563448402692e-16	
8127.444	 5.242312824374895e-16	
8130.724	 5.211674984369432e-16	
8134.004	 5.157665043983799e-16	
8137.284	 5.075844955398564e-16	
8140.564	 4.995559606109741e-16	
8143.844	 4.822046312881567e-16	
8147.124	 4.768918567529456e-16	
8150.404	  4.67329702775312e-16	
8153.684	 4.533927016171547e-16	
8156.964	 4.496570490815544e-16	
8160.244	 4.435500189542581e-16	
8163.524	 4.424393867517382e-16	
8166.804	 4.427260767991399e-16	
8170.084	4.4230803771341384e-16	
8173.364	 4.454173784521991e-16	
8176.645	 4.494465358751425e-16	
8179.925	 4.506877702842124e-16	
8183.205	 4.538329589481694e-16	
8186.485	   4.6108712268096e-16	
8189.765	  4.60730603862651e-16	
8193.045	 4.664096993832102e-16	
8196.325	 4.812703447383694e-16	
8199.605	 4.855939405883741e-16	
8202.885	 4.912761167900028e-16	
8206.165	  4.86230521322087e-16	
8209.445	 4.914364989135575e-16	
8212.725	 4.880670740093337e-16	
8216.005	  4.71685505745588e-16	
8219.285	 4.503253701656798e-16	
8222.566	 4.468094728796999e-16	
8225.846	 4.664538558118723e-16	
8229.126	 4.850280288113147e-16	
8232.406	 4.907460529381152e-16	
8235.686	 4.932457922410382e-16	
8238.966	 5.010311400733779e-16	
8242.246	  5.01608534388969e-16	
8245.526	 4.950845854236081e-16	
8248.806	 4.948517606179357e-16	
8252.086	 4.932046231394738e-16	
8255.366	 4.946972597946045e-16	
8258.646	 4.966266063298216e-16	
8261.926	 4.938836799303563e-16	
8265.206	4.8118389896048145e-16	
8268.487	 4.802922751758074e-16	
8271.767	 4.785657868213144e-16	
8275.047	 4.731589114825277e-16	
8278.327	    4.747335129249e-16	
8281.607	4.7386476086331725e-16	
8284.887	 4.702422533415402e-16	
8288.167	 4.741445427168056e-16	
8291.447	 4.792921740759003e-16	
8294.727	 4.693788224563501e-16	
8298.007	4.6991616791803825e-16	
8301.287	 4.736762791942504e-16	
8304.567	  4.75140816303869e-16	
8307.847	 4.790585090844817e-16	
8311.127	 4.770507452129514e-16	
8314.407	 4.800323777183126e-16	
8317.688	 4.883835439737401e-16	
8320.968	 4.938280409631628e-16	
8324.248	 5.019873648065386e-16	
8327.528	 5.080170978451835e-16	
8330.808	 5.083575597803429e-16	
8334.088	 5.100849816745537e-16	
8337.368	 5.094638977001597e-16	
8340.648	 5.081994181521113e-16	
8343.928	 4.975562251810189e-16	
8347.208	 4.946051194244366e-16	
8350.488	 4.850669574175558e-16	
8353.768	 4.791230166789963e-16	
8357.048	 4.698636096319141e-16	
8360.328	  4.61522152189554e-16	
8363.609	 4.606868208498761e-16	
8366.889	 4.537118788467432e-16	
8370.169	 4.482197713317019e-16	
8373.449	 4.418435083497306e-16	
8376.729	 4.343970354350294e-16	
8380.009	 4.202274895331151e-16	
8383.289	4.0666297072244497e-16	
8386.569	3.8678464273693856e-16	
8389.849	3.6842919809342653e-16	
8393.129	 3.554400198109677e-16	
8396.409	3.4529403009368877e-16	
8399.689	 3.330271314910564e-16	
8402.969	3.2769895355049813e-16	
8406.249	 3.247387924586512e-16	
8409.530	3.1893880354460925e-16	
8412.810	3.1458589454745895e-16	
8416.090	 3.124168150126562e-16	
8419.370	3.1693850799082314e-16	
8422.650	 3.148268411486781e-16	
8425.930	 3.173293810707551e-16	
8429.210	3.2785289424999845e-16	
8432.490	 3.311574381438203e-16	
8435.770	 3.369383828476148e-16	
8439.050	 3.380866367007706e-16	
8442.330	3.5109653956496935e-16	
8445.610	 3.618528775498851e-16	
8448.890	 3.714179255006446e-16	
8452.170	 3.853988030255485e-16	
8455.451	4.0456129275528266e-16	
8458.731	4.2615910754739685e-16	
8462.011	 4.522337120572417e-16	
8465.291	  4.82586449032824e-16	
8468.571	 5.132299836305672e-16	
8471.851	 5.551454501994847e-16	
8475.131	 6.040866433321949e-16	
8478.411	 6.518763152227364e-16	
8481.691	 7.033599104234829e-16	
8484.971	 7.675400192050912e-16	
8488.251	 8.240665026085712e-16	
8491.531	 8.847938213891373e-16	
8494.811	 9.471469929425943e-16	
8498.091	1.0142479607939213e-15	
8501.371	1.0779107018638068e-15	
8504.652	  1.16436394806954e-15	
8507.932	 1.259978019528133e-15	
8511.212	1.3687550010107068e-15	
8514.492	1.4815882125680468e-15	
8517.772	1.5989238861853624e-15	
8521.052	1.7051625731746597e-15	
8524.332	 1.828461698510641e-15	
8527.612	1.9202930670318463e-15	
8530.892	2.0050594069671304e-15	
8534.172	2.0818505170914304e-15	
8537.452	2.1154159376525818e-15	
8540.732	2.1327751087090307e-15	
8544.012	 2.125651267120875e-15	
8547.292	 2.097461168256041e-15	
8550.573	2.0754025582591154e-15	
8553.853	2.0206280488444302e-15	
8557.133	1.9776730857995057e-15	
8560.413	1.9165103640944583e-15	
8563.693	 1.830536957303784e-15	
8566.973	1.7614839579020921e-15	
8570.253	1.6877772630061066e-15	
8573.533	1.6075964701657018e-15	
8576.813	 1.557667031887503e-15	
8580.093	1.4946288288889681e-15	
8583.373	1.4429443359409051e-15	
8586.653	1.4069470444143302e-15	
8589.933	1.3704185687882059e-15	
8593.213	 1.342512265997648e-15	
8596.494	1.3277277974834787e-15	
8599.774	1.3136705564096412e-15	
8603.054	1.3086145052968838e-15	
8606.334	 1.313145907088118e-15	
8609.614	 1.323831202700493e-15	
8612.894	1.3401774831628978e-15	
8616.174	1.3722763128270512e-15	
8619.454	1.4195003530024488e-15	
8622.734	1.4721043825727543e-15	
8626.014	1.5462433063581799e-15	
8629.294	1.6390184835342959e-15	
8632.574	1.7491266926547563e-15	
8635.854	1.8644944645465013e-15	
8639.134	1.9896737388745605e-15	
8642.415	2.1368966865640574e-15	
8645.695	 2.272693108105077e-15	
8648.975	2.4005077650570867e-15	
8652.255	2.5124690505178025e-15	
8655.535	 2.610072495115481e-15	
8658.815	2.7028943492774977e-15	
8662.095	2.7872882068652943e-15	
8665.375	2.8303458592792003e-15	
8668.655	2.8758689900883786e-15	
8671.935	 2.886709253293944e-15	
8675.215	    2.893128272395e-15	
8678.495	2.8897684629498715e-15	
8681.775	2.8938937749637703e-15	
8685.055	2.8725745284235112e-15	
8688.335	 2.844185585598741e-15	
8691.616	2.8174097994066967e-15	
8694.896	2.7812799452401637e-15	
8698.176	 2.754480820555169e-15	
8701.456	2.7294890287642473e-15	
8704.736	 2.716489488190919e-15	
8708.016	2.6962634166604523e-15	
8711.296	2.6907658012610747e-15	
8714.576	 2.664748982859775e-15	
8717.856	2.6347618200377666e-15	
8721.136	 2.587368809173409e-15	
8724.416	2.5462557199921233e-15	
8727.696	2.4813242984454583e-15	
8730.976	 2.442043747730632e-15	
8734.256	2.3877593466679037e-15	
8737.537	2.3292478777620128e-15	
8740.817	2.2833877391146324e-15	
8744.097	 2.239818506935255e-15	
8747.377	 2.192444166865257e-15	
8750.657	  2.14885626389152e-15	
8753.937	2.1079401515907353e-15	
8757.217	 2.053683756719547e-15	
8760.497	 1.986640668330737e-15	
8763.777	1.9335287931538323e-15	
8767.057	1.8669851485141593e-15	
8770.337	1.8091514294435458e-15	
8773.617	1.7536384901119123e-15	
8776.897	 1.687016428135926e-15	
8780.177	1.6371458028599621e-15	
8783.458	1.5873788004926977e-15	
8786.738	1.5315475241172217e-15	
8790.018	1.4943609029898983e-15	
8793.298	 1.465048689384013e-15	
8796.578	1.4241699186719492e-15	
8799.858	1.3933089626738805e-15	
8803.138	1.3691088125638337e-15	
8806.418	1.3392626142392453e-15	
8809.698	 1.316259262047691e-15	
8812.978	1.2936760027292423e-15	
8816.258	1.2671410697844455e-15	
8819.538	1.2529839399607806e-15	
8822.818	1.2364378819987211e-15	
8826.098	1.2130527120624995e-15	
8829.378	1.1978593531518405e-15	
8832.659	1.1798270999587045e-15	
8835.939	1.1703189979307437e-15	
8839.219	1.1433854435263554e-15	
8842.499	1.1233395451614657e-15	
8845.779	1.1051513908354214e-15	
8849.059	 1.082278734204389e-15	
8852.339	1.0678938206895291e-15	
8855.619	1.0582335516875322e-15	
8858.899	1.0448521933695361e-15	
8862.179	1.0269132941482016e-15	
8865.459	1.0071250527454832e-15	
8868.739	1.0016946522058027e-15	
8872.019	 9.848769341858014e-16	
8875.299	 9.706152479137191e-16	
8878.580	 9.624785157315193e-16	
8881.860	 9.483829995292434e-16	
8885.140	 9.377929249681058e-16	
8888.420	 9.197933456651002e-16	
8891.700	 8.998501366691918e-16	
8894.980	 8.768704030325032e-16	
8898.260	 8.540117494972408e-16	
8901.540	  8.38628135192051e-16	
8904.820	 8.229042456596452e-16	
8908.100	 8.067678249258497e-16	
8911.380	 7.914895139008517e-16	
8914.660	 7.726322916589076e-16	
8917.940	 7.638881985361685e-16	
8921.220	 7.464485563560271e-16	
8924.501	 7.387839152092264e-16	
8927.781	 7.308396789168807e-16	
8931.061	 7.265309263483924e-16	
8934.341	 7.118760331470832e-16	
8937.621	 7.040356064713806e-16	
8940.901	 6.893008956241814e-16	
8944.181	 6.726497210898735e-16	
8947.461	 6.670410144640524e-16	
8950.741	 6.519227121467217e-16	
8954.021	 6.380393895223502e-16	
8957.301	 6.243270913743185e-16	
8960.581	 6.170122475598572e-16	
8963.861	  6.10922487917344e-16	
8967.141	 6.104795233211469e-16	
8970.422	  6.18751432054515e-16	
8973.702	 6.122616506428334e-16	
8976.982	 5.739824146295477e-16	
8980.262	 5.564266401084855e-16	
8983.542	 5.533935695646618e-16	
8986.822	 5.768718134107693e-16	
8990.102	 5.990183628491315e-16	
8993.382	 5.970099454997987e-16	
8996.662	 6.029759177757033e-16	
8999.942	 6.092358617088102e-16	
9003.222	 6.117230915795118e-16	
9006.502	  6.39286785293559e-16	
9009.782	 6.368427783118014e-16	
9013.062	 6.367297266519499e-16	
9016.342	 6.369702998372819e-16	
9019.623	 6.336930153032259e-16	
9022.903	 6.342518321784284e-16	
9026.183	 6.353970987044866e-16	
9029.463	   6.3210889175573e-16	
9032.743	 6.218197903996797e-16	
9036.023	 6.123422151204979e-16	
9039.303	 6.078946451959412e-16	
9042.583	 5.911949265962967e-16	
9045.863	 5.824513002434166e-16	
9049.143	 5.759394872943899e-16	
9052.423	 5.616111462864416e-16	
9055.703	 5.495170458856135e-16	
9058.983	 5.348572049237988e-16	
9062.263	 5.170586167220814e-16	
9065.544	 5.145378727755031e-16	
9068.824	 5.175274403684675e-16	
9072.104	 5.172345889589269e-16	
9075.384	 5.145808156025318e-16	
9078.664	 5.132341845592982e-16	
9081.944	  5.20513180448588e-16	
9085.224	 5.293447462429049e-16	
9088.504	 5.290537619128002e-16	
9091.784	 5.367462225431978e-16	
9095.064	 5.429662109763738e-16	
9098.344	 5.506137683463349e-16	
9101.624	  5.59941323792832e-16	
9104.904	 5.701049574107813e-16	
9108.184	   5.6728034628599e-16	
9111.465	 5.664068331718454e-16	
9114.745	 5.756284318603479e-16	
9118.025	 5.717238086357875e-16	
9121.305	 5.530051236879966e-16	
9124.585	 5.367312859077097e-16	
9127.865	 5.271093853881231e-16	
9131.145	 5.389353731819379e-16	
9134.425	 5.463253669436994e-16	
9137.705	 5.540200680694202e-16	
9140.985	5.3675537123243435e-16	
9144.265	 5.173645376876743e-16	
9147.545	 5.048270059207901e-16	
9150.825	 5.009791419110847e-16	
9154.105	 5.135257290132337e-16	
9157.386	  5.13281701730945e-16	
9160.666	 5.078541951643902e-16	
9163.946	 4.837363832574721e-16	
9167.226	 4.679797264809643e-16	
9170.506	 4.682742582619974e-16	
9173.786	 4.684403349778318e-16	
9177.066	 4.643646872769314e-16	
9180.346	 4.646357872110423e-16	
9183.626	 4.576502962090958e-16	
9186.906	 4.531236554704234e-16	
9190.186	 4.562277683867879e-16	
9193.466	 4.551822039026135e-16	
9196.746	 4.546778123929711e-16	
9200.026	 4.573114212914572e-16	
9203.306	 4.576758751973693e-16	
9206.587	 4.610080518668444e-16	
9209.867	 4.730018901019579e-16	
9213.147	 4.858039870249271e-16	
9216.427	  5.01508925701057e-16	
9219.707	  5.11372052883778e-16	
9222.987	 5.217758862711721e-16	
9226.267	 5.309573427518002e-16	
9229.547	5.3866165933661655e-16	
9232.827	 5.359794130188221e-16	
9236.107	 5.437138829365302e-16	
9239.387	 5.494165970119553e-16	
9242.667	 5.562416125363753e-16	
9245.947	 5.720517611387254e-16	
9249.227	 5.790397726979105e-16	
9252.508	 5.922995841446212e-16	
9255.788	 6.083560005245832e-16	
9259.068	 6.338662802748891e-16	
9262.348	 6.537362064029334e-16	
9265.628	 6.570432708539939e-16	
9268.908	 6.545279414377801e-16	
9272.188	 6.453744911486925e-16	
9275.468	 6.456886272638037e-16	
9278.748	 6.418530859783763e-16	
9282.028	 6.388919913468112e-16	
9285.308	 6.278734220551057e-16	
9288.588	 6.179535356575295e-16	
9291.868	 5.998719915672824e-16	
9295.148	 5.932470336044325e-16	
9298.429	 5.706260592813762e-16	
9301.709	 5.576568587488828e-16	
9304.989	 5.372566820610073e-16	
9308.269	 5.001509988272355e-16	
9311.549	 5.019947397703109e-16	
9314.829	 4.961011168225522e-16	
9318.109	 5.015372119545128e-16	
9321.389	 5.222181040355947e-16	
