   0.000000000E+00   0.500000000E+04  -0.363807811E+01  -0.484616711E+01  -0.557186281E+01  -0.584690211E+01  -0.597008011E+01  -0.449191811E+01  -0.451988811E+01  -0.533290411E+01  -0.635899011E+01  -0.585369011E+01  -0.505978114E+00   0.482723189E+01  -0.212198114E+00  -0.131850811E+01   0.268171886E+00
   0.100011054E+05   0.500000000E+04  -0.414699598E+01  -0.535508498E+01  -0.608078068E+01  -0.635581998E+01  -0.647899798E+01  -0.500083598E+01  -0.502880598E+01  -0.584182198E+01  -0.686790798E+01  -0.636260798E+01  -0.101489598E+01   0.431831402E+01  -0.721115976E+00  -0.182742598E+01  -0.240745976E+00
   0.200028065E+05   0.500000000E+04  -0.408355237E+01  -0.529164137E+01  -0.601733707E+01  -0.629237637E+01  -0.641555437E+01  -0.493739237E+01  -0.496536237E+01  -0.577837837E+01  -0.680446437E+01  -0.629916437E+01  -0.951452365E+00   0.438175763E+01  -0.657672365E+00  -0.176398237E+01  -0.177302365E+00
   0.300057149E+05   0.500000000E+04  -0.403686619E+01  -0.524495519E+01  -0.597065089E+01  -0.624569019E+01  -0.636886819E+01  -0.489070619E+01  -0.491867619E+01  -0.573169219E+01  -0.675777819E+01  -0.625247819E+01  -0.904766189E+00   0.442844381E+01  -0.610986189E+00  -0.171729619E+01  -0.130616189E+00
   0.400034893E+05   0.500000000E+04  -0.401437533E+01  -0.522246433E+01  -0.594816003E+01  -0.622319933E+01  -0.634637733E+01  -0.486821533E+01  -0.489618533E+01  -0.570920133E+01  -0.673528733E+01  -0.622998733E+01  -0.882275328E+00   0.445093467E+01  -0.588495328E+00  -0.169480533E+01  -0.108125328E+00
   0.500129311E+05   0.500000000E+04  -0.400241139E+01  -0.521050039E+01  -0.593619609E+01  -0.621123539E+01  -0.633441339E+01  -0.485625139E+01  -0.488422139E+01  -0.569723739E+01  -0.672332339E+01  -0.621802339E+01  -0.870311395E+00   0.446289861E+01  -0.576531395E+00  -0.168284139E+01  -0.961613946E-01
   0.600203948E+05   0.500000000E+04  -0.399439733E+01  -0.520248633E+01  -0.592818203E+01  -0.620322133E+01  -0.632639933E+01  -0.484823733E+01  -0.487620733E+01  -0.568922333E+01  -0.671530933E+01  -0.621000933E+01  -0.862297326E+00   0.447091267E+01  -0.568517326E+00  -0.167482733E+01  -0.881473256E-01
   0.700279084E+05   0.500000000E+04  -0.398802023E+01  -0.519610923E+01  -0.592180493E+01  -0.619684423E+01  -0.632002223E+01  -0.484186023E+01  -0.486983023E+01  -0.568284623E+01  -0.670893223E+01  -0.620363223E+01  -0.855920232E+00   0.447728977E+01  -0.562140232E+00  -0.166845023E+01  -0.817702321E-01
   0.800183179E+05   0.500000000E+04  -0.398239482E+01  -0.519048382E+01  -0.591617952E+01  -0.619121882E+01  -0.631439682E+01  -0.483623482E+01  -0.486420482E+01  -0.567722082E+01  -0.670330682E+01  -0.619800682E+01  -0.850294819E+00   0.448291518E+01  -0.556514819E+00  -0.166282482E+01  -0.761448192E-01
   0.900071177E+05   0.500000000E+04  -0.397716807E+01  -0.518525707E+01  -0.591095277E+01  -0.618599207E+01  -0.630917007E+01  -0.483100807E+01  -0.485897807E+01  -0.567199407E+01  -0.669808007E+01  -0.619278007E+01  -0.845068067E+00   0.448814193E+01  -0.551288067E+00  -0.165759807E+01  -0.709180666E-01
   0.100002581E+06   0.500000000E+04  -0.397210228E+01  -0.518019128E+01  -0.590588698E+01  -0.618092628E+01  -0.630410428E+01  -0.482594228E+01  -0.485391228E+01  -0.566692828E+01  -0.669301428E+01  -0.618771428E+01  -0.840002277E+00   0.449320772E+01  -0.546222277E+00  -0.165253228E+01  -0.658522768E-01
   0.110008498E+06   0.500000000E+04  -0.396703931E+01  -0.517512831E+01  -0.590082401E+01  -0.617586331E+01  -0.629904131E+01  -0.482087931E+01  -0.484884931E+01  -0.566186531E+01  -0.668795131E+01  -0.618265131E+01  -0.834939312E+00   0.449827069E+01  -0.541159312E+00  -0.164746931E+01  -0.607893124E-01
   0.120007910E+06   0.500000000E+04  -0.396193634E+01  -0.517002534E+01  -0.589572104E+01  -0.617076034E+01  -0.629393834E+01  -0.481577634E+01  -0.484374634E+01  -0.565676234E+01  -0.668284834E+01  -0.617754834E+01  -0.829836338E+00   0.450337366E+01  -0.536056338E+00  -0.164236634E+01  -0.556863377E-01
   0.130001473E+06   0.500000000E+04  -0.395675846E+01  -0.516484746E+01  -0.589054316E+01  -0.616558246E+01  -0.628876046E+01  -0.481059846E+01  -0.483856846E+01  -0.565158446E+01  -0.667767046E+01  -0.617237046E+01  -0.824658457E+00   0.450855154E+01  -0.530878457E+00  -0.163718846E+01  -0.505084573E-01
   0.140004949E+06   0.558803519E+04  -0.873558416E+01  -0.973948499E+01  -0.103163107E+02  -0.105106117E+02  -0.105741229E+02  -0.957837968E+01  -0.945592204E+01  -0.101366958E+02  -0.109971448E+02  -0.105766524E+02  -0.599311039E+01  -0.131024968E+01  -0.575349432E+01  -0.668808040E+01  -0.521502056E+01
   0.150016157E+06   0.500000000E+04  -0.804112806E+01  -0.924921706E+01  -0.997491276E+01  -0.102499521E+02  -0.103731301E+02  -0.889496806E+01  -0.892293806E+01  -0.973595406E+01  -0.107620401E+02  -0.102567401E+02  -0.490902806E+01   0.424181936E+00  -0.461524806E+01  -0.572155806E+01  -0.413487806E+01
   0.160023289E+06   0.500000000E+04  -0.833053252E+01  -0.953862152E+01  -0.102643172E+02  -0.105393565E+02  -0.106625345E+02  -0.918437252E+01  -0.921234252E+01  -0.100253585E+02  -0.110514445E+02  -0.105461445E+02  -0.519843252E+01   0.134777482E+00  -0.490465252E+01  -0.601096252E+01  -0.442428252E+01
   0.170023140E+06   0.500000000E+04  -0.873108690E+01  -0.993917590E+01  -0.106648716E+02  -0.109399109E+02  -0.110630889E+02  -0.958492690E+01  -0.961289690E+01  -0.104259129E+02  -0.114519989E+02  -0.109466989E+02  -0.559898690E+01  -0.265776902E+00  -0.530520690E+01  -0.641151690E+01  -0.482483690E+01
   0.180026308E+06   0.514660172E+04  -0.927366543E+01  -0.104308487E+02  -0.111194300E+02  -0.113743406E+02  -0.114826432E+02  -0.101247520E+02  -0.101152192E+02  -0.108952662E+02  -0.118800576E+02  -0.113959008E+02  -0.623870227E+01  -0.106762937E+01  -0.595842575E+01  -0.702192365E+01  -0.546357003E+01
   0.190026800E+06   0.557318809E+04  -0.100766433E+02  -0.110856996E+02  -0.116662841E+02  -0.118626236E+02  -0.119276413E+02  -0.109197177E+02  -0.108010581E+02  -0.114851708E+02  -0.123498019E+02  -0.119271683E+02  -0.732433197E+01  -0.262505081E+01  -0.708334833E+01  -0.802227021E+01  -0.654634161E+01
   0.200014849E+06   0.655883315E+04  -0.114346670E+02  -0.121590504E+02  -0.125309134E+02  -0.126153614E+02  -0.125980250E+02  -0.122626737E+02  -0.119341151E+02  -0.124325450E+02  -0.130673394E+02  -0.127629366E+02  -0.924145809E+01  -0.545588628E+01  -0.907336278E+01  -0.978553838E+01  -0.849261805E+01
   0.210002878E+06   0.139741509E+05  -0.150995518E+02  -0.150296179E+02  -0.148110071E+02  -0.145908076E+02  -0.143526120E+02  -0.158893590E+02  -0.149714304E+02  -0.149401740E+02  -0.149493255E+02  -0.149725462E+02  -0.147035713E+02  -0.136103480E+02  -0.146889213E+02  -0.148506219E+02  -0.144238567E+02
   0.220021936E+06   0.220735282E+05  -0.163896827E+02  -0.161016136E+02  -0.157185714E+02  -0.154150291E+02  -0.151185492E+02  -0.171701009E+02  -0.160888567E+02  -0.159093298E+02  -0.157481445E+02  -0.158623402E+02  -0.165758882E+02  -0.163046760E+02  -0.165816703E+02  -0.165584677E+02  -0.165279001E+02
   0.230003277E+06   0.311657261E+05  -0.171363249E+02  -0.167503283E+02  -0.162921168E+02  -0.159503811E+02  -0.156271381E+02  -0.179126985E+02  -0.167579752E+02  -0.165109682E+02  -0.162716686E+02  -0.164279823E+02  -0.175959995E+02  -0.177073350E+02  -0.176069859E+02  -0.175060124E+02  -0.176639164E+02
   0.240003440E+06   0.404737451E+05  -0.176196627E+02  -0.171830740E+02  -0.166854175E+02  -0.163235353E+02  -0.159854921E+02  -0.183940016E+02  -0.172012967E+02  -0.169190413E+02  -0.166385337E+02  -0.168171912E+02  -0.182220076E+02  -0.185304859E+02  -0.182346750E+02  -0.180981174E+02  -0.183515774E+02
   0.250016611E+06   0.506186162E+05  -0.180007532E+02  -0.175319428E+02  -0.170088942E+02  -0.166339632E+02  -0.162862892E+02  -0.187738075E+02  -0.175569245E+02  -0.172520358E+02  -0.169448752E+02  -0.171380343E+02  -0.186937997E+02  -0.191258380E+02  -0.187071706E+02  -0.185493332E+02  -0.188626841E+02
   0.260001410E+06   0.563723464E+05  -0.181961658E+02  -0.177146597E+02  -0.171815189E+02  -0.168013910E+02  -0.164498913E+02  -0.189687260E+02  -0.177423087E+02  -0.174284486E+02  -0.171106642E+02  -0.173096256E+02  -0.189248526E+02  -0.194048756E+02  -0.189384237E+02  -0.187728381E+02  -0.191091613E+02
   0.270000012E+06   0.473197776E+05  -0.179708532E+02  -0.175108618E+02  -0.169947755E+02  -0.166234346E+02  -0.162783828E+02  -0.187442580E+02  -0.175339869E+02  -0.172353041E+02  -0.169354763E+02  -0.171246488E+02  -0.186391210E+02  -0.190375866E+02  -0.186523302E+02  -0.185001286E+02  -0.187972738E+02
   0.280000171E+06   0.404031100E+05  -0.177656095E+02  -0.173293069E+02  -0.168318750E+02  -0.164701079E+02  -0.161321502E+02  -0.185399590E+02  -0.173474695E+02  -0.170654147E+02  -0.167851423E+02  -0.169636720E+02  -0.183671470E+02  -0.186745178E+02  -0.183798073E+02  -0.182434447E+02  -0.184963664E+02
   0.290000362E+06   0.365034627E+05  -0.176716970E+02  -0.172531893E+02  -0.167696805E+02  -0.164150434E+02  -0.160823233E+02  -0.184467613E+02  -0.172676280E+02  -0.169980007E+02  -0.167323063E+02  -0.169029241E+02  -0.182230468E+02  -0.184613657E+02  -0.182351924E+02  -0.181109453E+02  -0.183305285E+02
   0.300000158E+06   0.340726099E+05  -0.176370044E+02  -0.172318640E+02  -0.167587772E+02  -0.164094695E+02  -0.160806468E+02  -0.184125977E+02  -0.172435026E+02  -0.169831992E+02  -0.167283972E+02  -0.168931024E+02  -0.181506301E+02  -0.183368304E+02  -0.181623439E+02  -0.180474369E+02  -0.182418027E+02
   0.310000735E+06   0.320260854E+05  -0.176119383E+02  -0.172198456E+02  -0.167569115E+02  -0.164127632E+02  -0.160877428E+02  -0.183880710E+02  -0.172287716E+02  -0.169775316E+02  -0.167333118E+02  -0.168922874E+02  -0.180887848E+02  -0.182239796E+02  -0.181000113E+02  -0.179945651E+02  -0.181640943E+02
   0.320003853E+06   0.302045509E+05  -0.175890893E+02  -0.172103466E+02  -0.167577477E+02  -0.164188720E+02  -0.160977538E+02  -0.183657639E+02  -0.172164818E+02  -0.169744997E+02  -0.167410497E+02  -0.168941929E+02  -0.180283631E+02  -0.181113171E+02  -0.180390565E+02  -0.179434249E+02  -0.180875111E+02
   0.330000923E+06   0.285528094E+05  -0.175655665E+02  -0.172005865E+02  -0.167586342E+02  -0.164251649E+02  -0.161080587E+02  -0.183427975E+02  -0.172038447E+02  -0.169714050E+02  -0.167490179E+02  -0.168961862E+02  -0.179661357E+02  -0.179951511E+02  -0.179762223E+02  -0.178909198E+02  -0.180086952E+02
   0.340004694E+06   0.270462502E+05  -0.175403426E+02  -0.171894862E+02  -0.167584126E+02  -0.164304587E+02  -0.161174492E+02  -0.183181541E+02  -0.171897992E+02  -0.169671016E+02  -0.167560341E+02  -0.168970970E+02  -0.179013132E+02  -0.178750400E+02  -0.179107249E+02  -0.178362990E+02  -0.179269569E+02
   0.350004094E+06   0.256809760E+05  -0.175146505E+02  -0.171783801E+02  -0.167585080E+02  -0.164362508E+02  -0.161274294E+02  -0.182930628E+02  -0.171756577E+02  -0.169630148E+02  -0.167635911E+02  -0.168983647E+02  -0.178348213E+02  -0.177514750E+02  -0.178434767E+02  -0.177805626E+02  -0.178431217E+02
   0.360009726E+06   0.244506848E+05  -0.174891310E+02  -0.171675340E+02  -0.167589019E+02  -0.164423681E+02  -0.161375402E+02  -0.182681493E+02  -0.171617557E+02  -0.169592154E+02  -0.167714720E+02  -0.168999522E+02  -0.177683545E+02  -0.176276510E+02  -0.177761989E+02  -0.177251065E+02  -0.177593430E+02
   0.370002653E+06   0.233473641E+05  -0.174644766E+02  -0.171575200E+02  -0.167600822E+02  -0.164492373E+02  -0.161481693E+02  -0.182441059E+02  -0.171486969E+02  -0.169562174E+02  -0.167800876E+02  -0.169023166E+02  -0.177029837E+02  -0.175051968E+02  -0.177099621E+02  -0.176709152E+02  -0.176768524E+02
   0.380009271E+06   0.223531793E+05  -0.174407592E+02  -0.171484339E+02  -0.167621505E+02  -0.164569638E+02  -0.161594576E+02  -0.182209996E+02  -0.171365634E+02  -0.169541198E+02  -0.167895675E+02  -0.169055726E+02  -0.176387381E+02  -0.173840616E+02  -0.176447942E+02  -0.176180064E+02  -0.175956635E+02
   0.390013336E+06   0.214549746E+05  -0.174178679E+02  -0.171401179E+02  -0.167649206E+02  -0.164653642E+02  -0.161713179E+02  -0.181987166E+02  -0.171252094E+02  -0.169527499E+02  -0.167996988E+02  -0.169095273E+02  -0.175756233E+02  -0.172644459E+02  -0.175807065E+02  -0.175662731E+02  -0.175159933E+02
   0.400016735E+06   0.206422049E+05  -0.173959567E+02  -0.171326204E+02  -0.167683698E+02  -0.164743702E+02  -0.161837438E+02  -0.181774098E+02  -0.171147079E+02  -0.169521091E+02  -0.168104081E+02  -0.169141436E+02  -0.175140881E+02  -0.171472129E+02  -0.175181543E+02  -0.175160578E+02  -0.174383080E+02
   0.410006346E+06   0.199063879E+05  -0.173751988E+02  -0.171259231E+02  -0.167723399E+02  -0.164837473E+02  -0.161965031E+02  -0.181572452E+02  -0.171050831E+02  -0.169520911E+02  -0.168214494E+02  -0.169192500E+02  -0.174548161E+02  -0.170337601E+02  -0.174578426E+02  -0.174678607E+02  -0.173633468E+02
   0.420016423E+06   0.192345101E+05  -0.173553464E+02  -0.171202406E+02  -0.167774008E+02  -0.164942436E+02  -0.162104865E+02  -0.181379915E+02  -0.170964578E+02  -0.169531408E+02  -0.168336120E+02  -0.169254598E+02  -0.173963308E+02  -0.169208997E+02  -0.173982554E+02  -0.174204613E+02  -0.172890052E+02
   0.430018934E+06   0.186174065E+05  -0.173358654E+02  -0.171148112E+02  -0.167826002E+02  -0.165048218E+02  -0.162248146E+02  -0.181191078E+02  -0.170881035E+02  -0.169543653E+02  -0.168458431E+02  -0.169317986E+02  -0.173387303E+02  -0.168096037E+02  -0.173395051E+02  -0.173739460E+02  -0.172158042E+02
   0.440022305E+06   0.180472417E+05  -0.173167368E+02  -0.171092525E+02  -0.167872931E+02  -0.165147032E+02  -0.162384704E+02  -0.181005579E+02  -0.170797168E+02  -0.169552210E+02  -0.168573209E+02  -0.169375919E+02  -0.172828887E+02  -0.167020255E+02  -0.172825232E+02  -0.173288578E+02  -0.171449617E+02
   0.450014936E+06   0.175198611E+05  -0.172975793E+02  -0.171042003E+02  -0.167928756E+02  -0.165256610E+02  -0.162545952E+02  -0.180820067E+02  -0.170717271E+02  -0.169568221E+02  -0.168699330E+02  -0.169443219E+02  -0.172258725E+02  -0.165916139E+02  -0.172242554E+02  -0.172832629E+02  -0.170726872E+02
   0.460019693E+06   0.170284260E+05  -0.172788188E+02  -0.170987263E+02  -0.167974170E+02  -0.165352642E+02  -0.162691668E+02  -0.180638178E+02  -0.170634863E+02  -0.169576139E+02  -0.168810941E+02  -0.169499445E+02  -0.171714761E+02  -0.164869535E+02  -0.171686746E+02  -0.172396447E+02  -0.170039459E+02
   0.470034820E+06   0.165691084E+05  -0.172594220E+02  -0.170934207E+02  -0.168027175E+02  -0.165459378E+02  -0.162832948E+02  -0.180450305E+02  -0.170552501E+02  -0.169589402E+02  -0.168934003E+02  -0.169563934E+02  -0.171146241E+02  -0.163771934E+02  -0.171104614E+02  -0.171935834E+02  -0.169322687E+02
   0.480008132E+06   0.161414220E+05  -0.172406290E+02  -0.170878514E+02  -0.168071005E+02  -0.165553631E+02  -0.162958637E+02  -0.180268098E+02  -0.170469307E+02  -0.169595937E+02  -0.169043568E+02  -0.169618541E+02  -0.170607006E+02  -0.162736412E+02  -0.170552548E+02  -0.171497516E+02  -0.168644539E+02
   0.490031347E+06   0.157389988E+05  -0.172213877E+02  -0.170822934E+02  -0.168118254E+02  -0.165653024E+02  -0.163089356E+02  -0.180081633E+02  -0.170385229E+02  -0.169604623E+02  -0.169158725E+02  -0.169676936E+02  -0.170053979E+02  -0.161673295E+02  -0.169985361E+02  -0.171046374E+02  -0.167950444E+02
   0.500013159E+06   0.153635503E+05  -0.172025185E+02  -0.170768176E+02  -0.168164074E+02  -0.165749868E+02  -0.163216311E+02  -0.179898775E+02  -0.170302556E+02  -0.169612711E+02  -0.169270962E+02  -0.169733663E+02  -0.169513649E+02  -0.160635271E+02  -0.169430764E+02  -0.170604604E+02  -0.167273263E+02
   0.510023509E+06   0.150109847E+05  -0.171846202E+02  -0.170714964E+02  -0.168205311E+02  -0.165839018E+02  -0.163333737E+02  -0.179725270E+02  -0.170223130E+02  -0.169618515E+02  -0.169374568E+02  -0.169785142E+02  -0.169004460E+02  -0.159658721E+02  -0.168908178E+02  -0.170187967E+02  -0.166635564E+02
   0.520039891E+06   0.146800172E+05  -0.171657093E+02  -0.170662678E+02  -0.168255534E+02  -0.165941291E+02  -0.163474905E+02  -0.179542178E+02  -0.170142320E+02  -0.169630234E+02  -0.169492564E+02  -0.169846624E+02  -0.168460893E+02  -0.158612267E+02  -0.168348769E+02  -0.169735998E+02  -0.165956096E+02
   0.530000029E+06   0.143693609E+05  -0.171476646E+02  -0.170611262E+02  -0.168300781E+02  -0.166035622E+02  -0.163606142E+02  -0.179367407E+02  -0.170064005E+02  -0.169639172E+02  -0.169601723E+02  -0.169902493E+02  -0.167946307E+02  -0.157623589E+02  -0.167819210E+02  -0.169307541E+02  -0.165313457E+02
   0.540006455E+06   0.140749468E+05  -0.171303691E+02  -0.170560592E+02  -0.168341721E+02  -0.166123080E+02  -0.163728576E+02  -0.179199831E+02  -0.169987841E+02  -0.169645701E+02  -0.169703232E+02  -0.169953499E+02  -0.167456683E+02  -0.156684659E+02  -0.167315395E+02  -0.168899544E+02  -0.164702476E+02
   0.550020405E+06   0.137966691E+05  -0.171120980E+02  -0.170508368E+02  -0.168387086E+02  -0.166218080E+02  -0.163861149E+02  -0.179022907E+02  -0.169908396E+02  -0.169654377E+02  -0.169813212E+02  -0.170009692E+02  -0.166940189E+02  -0.155693263E+02  -0.166782703E+02  -0.168457842E+02  -0.164060337E+02
   0.560003472E+06   0.135348603E+05  -0.170943667E+02  -0.170458988E+02  -0.168433334E+02  -0.166312990E+02  -0.163992975E+02  -0.178851280E+02  -0.169832322E+02  -0.169664663E+02  -0.169922805E+02  -0.170066582E+02  -0.166436892E+02  -0.154725753E+02  -0.166263200E+02  -0.168024092E+02  -0.163435037E+02
   0.570038379E+06   0.132855144E+05  -0.170773949E+02  -0.170411112E+02  -0.168476535E+02  -0.166402536E+02  -0.164117679E+02  -0.178686977E+02  -0.169759023E+02  -0.169673613E+02  -0.170026335E+02  -0.170119919E+02  -0.165956708E+02  -0.153803454E+02  -0.165767582E+02  -0.167610144E+02  -0.162838658E+02
   0.580033872E+06   0.130488451E+05  -0.170611196E+02  -0.170364008E+02  -0.168515877E+02  -0.166485868E+02  -0.164234381E+02  -0.178529365E+02  -0.169687788E+02  -0.169680446E+02  -0.170122939E+02  -0.170168881E+02  -0.165499274E+02  -0.152926382E+02  -0.165295498E+02  -0.167215579E+02  -0.162270936E+02
   0.590010950E+06   0.128239933E+05  -0.170432551E+02  -0.170311626E+02  -0.168557769E+02  -0.166575742E+02  -0.164360484E+02  -0.178356387E+02  -0.169609036E+02  -0.169686792E+02  -0.170227316E+02  -0.170221327E+02  -0.165003839E+02  -0.151978016E+02  -0.164782871E+02  -0.166784217E+02  -0.161659896E+02
   0.600017996E+06   0.126096957E+05  -0.170256131E+02  -0.170259878E+02  -0.168599082E+02  -0.166664421E+02  -0.164484888E+02  -0.178185575E+02  -0.169531244E+02  -0.169692994E+02  -0.170330319E+02  -0.170273072E+02  -0.164515759E+02  -0.151043919E+02  -0.164277540E+02  -0.166358353E+02  -0.161058774E+02
   0.610050068E+06   0.124050109E+05  -0.170088217E+02  -0.170211044E+02  -0.168639134E+02  -0.166749714E+02  -0.164604305E+02  -0.178023018E+02  -0.169457535E+02  -0.169699511E+02  -0.170429293E+02  -0.170323088E+02  -0.164050167E+02  -0.150152316E+02  -0.163795470E+02  -0.165952184E+02  -0.160485210E+02
   0.620018290E+06   0.122109520E+05  -0.169929668E+02  -0.170165393E+02  -0.168677755E+02  -0.166831228E+02  -0.164718170E+02  -0.177869548E+02  -0.169388300E+02  -0.169706337E+02  -0.170523778E+02  -0.170371156E+02  -0.163609392E+02  -0.149307646E+02  -0.163339074E+02  -0.165567749E+02  -0.159942069E+02
   0.630027516E+06   0.120248000E+05  -0.169777203E+02  -0.170121225E+02  -0.168714425E+02  -0.166909043E+02  -0.164827019E+02  -0.177721954E+02  -0.169321509E+02  -0.169712508E+02  -0.170614036E+02  -0.170416888E+02  -0.163186200E+02  -0.148497016E+02  -0.162900896E+02  -0.165198600E+02  -0.159420682E+02
   0.640014941E+06   0.118471977E+05  -0.169602577E+02  -0.170068310E+02  -0.168752257E+02  -0.166993124E+02  -0.164944279E+02  -0.177552875E+02  -0.169243133E+02  -0.169715987E+02  -0.170712124E+02  -0.170464985E+02  -0.162713326E+02  -0.147594539E+02  -0.162409753E+02  -0.164780631E+02  -0.158844099E+02
   0.650048687E+06   0.116770152E+05  -0.169432927E+02  -0.170018145E+02  -0.168791165E+02  -0.167077437E+02  -0.165060940E+02  -0.177388679E+02  -0.169167968E+02  -0.169721160E+02  -0.170810191E+02  -0.170513981E+02  -0.162251673E+02  -0.146711906E+02  -0.161929975E+02  -0.164372109E+02  -0.158281511E+02
   0.660055859E+06   0.115147394E+05  -0.169271951E+02  -0.169971102E+02  -0.168829057E+02  -0.167158625E+02  -0.165172973E+02  -0.177232903E+02  -0.169097087E+02  -0.169726884E+02  -0.170904494E+02  -0.170561494E+02  -0.161812261E+02  -0.145871071E+02  -0.161473280E+02  -0.163983359E+02  -0.157745853E+02
   0.670008904E+06   0.113593766E+05  -0.169117535E+02  -0.169925767E+02  -0.168865039E+02  -0.167236058E+02  -0.165279937E+02  -0.177083467E+02  -0.169028930E+02  -0.169732069E+02  -0.170994483E+02  -0.170606686E+02  -0.161391271E+02  -0.145065761E+02  -0.161035745E+02  -0.163610874E+02  -0.157232717E+02
   0.680028450E+06   0.112088010E+05  -0.168968104E+02  -0.169882055E+02  -0.168900138E+02  -0.167311330E+02  -0.165383831E+02  -0.176938862E+02  -0.168963098E+02  -0.169737319E+02  -0.171081925E+02  -0.170650711E+02  -0.160983479E+02  -0.144285490E+02  -0.160611916E+02  -0.163250091E+02  -0.156735619E+02
   0.690042601E+06   0.110643544E+05  -0.168825230E+02  -0.169840597E+02  -0.168934283E+02  -0.167384014E+02  -0.165483971E+02  -0.176800617E+02  -0.168900420E+02  -0.169742830E+02  -0.171166283E+02  -0.170693419E+02  -0.160592760E+02  -0.143537454E+02  -0.160205814E+02  -0.162904469E+02  -0.156259229E+02
   0.700054874E+06   0.109257604E+05  -0.168668378E+02  -0.169792823E+02  -0.168967775E+02  -0.167458994E+02  -0.165588386E+02  -0.176648793E+02  -0.168829801E+02  -0.169745457E+02  -0.171253850E+02  -0.170736191E+02  -0.160173431E+02  -0.142737482E+02  -0.159768970E+02  -0.162537250E+02  -0.155752451E+02
   0.710039384E+06   0.107931019E+05  -0.168502777E+02  -0.169741394E+02  -0.169001371E+02  -0.167536046E+02  -0.165696177E+02  -0.176488490E+02  -0.168754441E+02  -0.169746696E+02  -0.171344099E+02  -0.170779555E+02  -0.159736118E+02  -0.141904462E+02  -0.159312607E+02  -0.162157153E+02  -0.155227079E+02
   0.720043479E+06   0.106651936E+05  -0.168343881E+02  -0.169692582E+02  -0.169034539E+02  -0.167611115E+02  -0.165800883E+02  -0.176334703E+02  -0.168682556E+02  -0.169748667E+02  -0.171431892E+02  -0.170822141E+02  -0.159315240E+02  -0.141102046E+02  -0.158873362E+02  -0.161791442E+02  -0.154721296E+02
   0.730036092E+06   0.105416064E+05  -0.168190119E+02  -0.169645185E+02  -0.169066353E+02  -0.167683414E+02  -0.165901818E+02  -0.176185877E+02  -0.168612866E+02  -0.169750337E+02  -0.171516485E+02  -0.170863055E+02  -0.158908347E+02  -0.140326505E+02  -0.158448722E+02  -0.161437852E+02  -0.154232365E+02
   0.740006868E+06   0.104222554E+05  -0.168041967E+02  -0.169599753E+02  -0.169097417E+02  -0.167753574E+02  -0.165999633E+02  -0.176042492E+02  -0.168545903E+02  -0.169752289E+02  -0.171598518E+02  -0.170902906E+02  -0.158515740E+02  -0.139577886E+02  -0.158038976E+02  -0.161096722E+02  -0.153760534E+02
   0.750021932E+06   0.103066207E+05  -0.167899362E+02  -0.169556669E+02  -0.169128446E+02  -0.167822484E+02  -0.166095336E+02  -0.175904505E+02  -0.168481960E+02  -0.169755114E+02  -0.171678931E+02  -0.170942450E+02  -0.158136292E+02  -0.138853511E+02  -0.157642923E+02  -0.160767147E+02  -0.153304327E+02
   0.760042099E+06   0.101951107E+05  -0.167763341E+02  -0.169516619E+02  -0.169159866E+02  -0.167890432E+02  -0.166189123E+02  -0.175772938E+02  -0.168421795E+02  -0.169759336E+02  -0.171757972E+02  -0.170982080E+02  -0.157771876E+02  -0.138156472E+02  -0.157262494E+02  -0.160450825E+02  -0.152865891E+02
   0.770024423E+06   0.100879395E+05  -0.167634718E+02  -0.169480233E+02  -0.169192170E+02  -0.167957843E+02  -0.166281367E+02  -0.175648596E+02  -0.168366077E+02  -0.169765500E+02  -0.171836045E+02  -0.171022275E+02  -0.157423746E+02  -0.137488661E+02  -0.156898974E+02  -0.160148918E+02  -0.152446620E+02
   0.780060662E+06   0.998392119E+04  -0.167504634E+02  -0.169443112E+02  -0.169224270E+02  -0.168025345E+02  -0.166373947E+02  -0.175522841E+02  -0.168309464E+02  -0.169771225E+02  -0.171914307E+02  -0.171062352E+02  -0.157073687E+02  -0.136817427E+02  -0.156533113E+02  -0.159845709E+02  -0.152026507E+02
   0.790023020E+06   0.988409823E+04  -0.167344150E+02  -0.169389901E+02  -0.169250883E+02  -0.168092906E+02  -0.166470693E+02  -0.175367434E+02  -0.168233728E+02  -0.169767265E+02  -0.171994354E+02  -0.171098291E+02  -0.156665757E+02  -0.136044075E+02  -0.156105478E+02  -0.159493170E+02  -0.151546066E+02
   0.800023866E+06   0.978707962E+04  -0.167189383E+02  -0.169339393E+02  -0.169277957E+02  -0.168159777E+02  -0.166565931E+02  -0.175217602E+02  -0.168161328E+02  -0.169764624E+02  -0.172073361E+02  -0.171134428E+02  -0.156270495E+02  -0.135293657E+02  -0.155691064E+02  -0.159151744E+02  -0.151080330E+02
   0.810010350E+06   0.969337906E+04  -0.167041767E+02  -0.169292471E+02  -0.169305964E+02  -0.168226220E+02  -0.166659769E+02  -0.175074752E+02  -0.168093262E+02  -0.169763932E+02  -0.172151524E+02  -0.171171188E+02  -0.155890610E+02  -0.134570762E+02  -0.155292683E+02  -0.158823854E+02  -0.150632380E+02
   0.820020432E+06   0.960273323E+04  -0.166901138E+02  -0.169249253E+02  -0.169335231E+02  -0.168292670E+02  -0.166752723E+02  -0.174938733E+02  -0.168029590E+02  -0.169765436E+02  -0.172229313E+02  -0.171208923E+02  -0.155525283E+02  -0.133873609E+02  -0.154909463E+02  -0.158508827E+02  -0.150201209E+02
   0.830024611E+06   0.951525354E+04  -0.166767721E+02  -0.169209844E+02  -0.169365776E+02  -0.168359099E+02  -0.166844729E+02  -0.174809765E+02  -0.167970441E+02  -0.169769188E+02  -0.172306685E+02  -0.171247641E+02  -0.155175017E+02  -0.133203106E+02  -0.154541928E+02  -0.158207103E+02  -0.149787397E+02
   0.840026806E+06   0.943039630E+04  -0.166639923E+02  -0.169173236E+02  -0.169397025E+02  -0.168425157E+02  -0.166935598E+02  -0.174686283E+02  -0.167914685E+02  -0.169774447E+02  -0.172383357E+02  -0.171286817E+02  -0.154836871E+02  -0.132554323E+02  -0.154187031E+02  -0.157916044E+02  -0.149387611E+02
   0.850002733E+06   0.934843224E+04  -0.166518201E+02  -0.169139595E+02  -0.169428928E+02  -0.168490681E+02  -0.167025087E+02  -0.174568730E+02  -0.167862549E+02  -0.169781246E+02  -0.172459135E+02  -0.171326377E+02  -0.154511972E+02  -0.131929378E+02  -0.153845953E+02  -0.157636627E+02  -0.149003174E+02
   0.860049380E+06   0.926820351E+04  -0.166399618E+02  -0.169107228E+02  -0.169460717E+02  -0.168555380E+02  -0.167113242E+02  -0.174454227E+02  -0.167812078E+02  -0.169788462E+02  -0.172533869E+02  -0.171365660E+02  -0.154194514E+02  -0.131318227E+02  -0.153512658E+02  -0.157363688E+02  -0.148627437E+02
   0.870017820E+06   0.919078383E+04  -0.166286051E+02  -0.169076859E+02  -0.169492257E+02  -0.168618677E+02  -0.167199176E+02  -0.174344598E+02  -0.167764239E+02  -0.169796290E+02  -0.172606851E+02  -0.171404433E+02  -0.153889036E+02  -0.130729338E+02  -0.153191896E+02  -0.157101170E+02  -0.148265721E+02
   0.880008162E+06   0.911532024E+04  -0.166176576E+02  -0.169048479E+02  -0.169524222E+02  -0.168681598E+02  -0.167284161E+02  -0.174238961E+02  -0.167718831E+02  -0.169805143E+02  -0.172679211E+02  -0.171443448E+02  -0.153592498E+02  -0.130156550E+02  -0.152880462E+02  -0.156846506E+02  -0.147914366E+02
   0.890051308E+06   0.904173670E+04  -0.166071416E+02  -0.169022395E+02  -0.169556980E+02  -0.168744539E+02  -0.167368616E+02  -0.174137544E+02  -0.167676143E+02  -0.169815363E+02  -0.172751356E+02  -0.171483080E+02  -0.153304935E+02  -0.129599621E+02  -0.152578374E+02  -0.156599776E+02  -0.147573353E+02
   0.900052031E+06   0.897070816E+04  -0.165952520E+02  -0.168988531E+02  -0.169586373E+02  -0.168806449E+02  -0.167453792E+02  -0.174022717E+02  -0.167624412E+02  -0.169820424E+02  -0.172823214E+02  -0.171519930E+02  -0.152993244E+02  -0.129000639E+02  -0.152250292E+02  -0.156331582E+02  -0.147208716E+02
   0.910062654E+06   0.890158232E+04  -0.165811620E+02  -0.168942453E+02  -0.169610812E+02  -0.168867222E+02  -0.167540674E+02  -0.173886411E+02  -0.167558395E+02  -0.169817610E+02  -0.172895141E+02  -0.171552767E+02  -0.152641520E+02  -0.128331496E+02  -0.151879330E+02  -0.156027851E+02  -0.146803592E+02
   0.920036755E+06   0.883448322E+04  -0.165675774E+02  -0.168898650E+02  -0.169635459E+02  -0.168927138E+02  -0.167625932E+02  -0.173755024E+02  -0.167495237E+02  -0.169815802E+02  -0.172965884E+02  -0.171585565E+02  -0.152301031E+02  -0.127682895E+02  -0.151520168E+02  -0.155733949E+02  -0.146411269E+02
   0.930020840E+06   0.876914458E+04  -0.165544573E+02  -0.168857076E+02  -0.169660539E+02  -0.168986561E+02  -0.167710033E+02  -0.173628165E+02  -0.167434816E+02  -0.169815122E+02  -0.173035850E+02  -0.171618582E+02  -0.151970556E+02  -0.127052391E+02  -0.151171509E+02  -0.155448839E+02  -0.146030320E+02
   0.940044771E+06   0.870531536E+04  -0.165417902E+02  -0.168817963E+02  -0.169686540E+02  -0.169046112E+02  -0.167793691E+02  -0.173505737E+02  -0.167377291E+02  -0.169815957E+02  -0.173105701E+02  -0.171652337E+02  -0.151649216E+02  -0.126437953E+02  -0.150832405E+02  -0.155171815E+02  -0.145659672E+02
   0.950006052E+06   0.864347242E+04  -0.165296295E+02  -0.168781188E+02  -0.169712853E+02  -0.169104931E+02  -0.167875867E+02  -0.173388240E+02  -0.167322678E+02  -0.169817888E+02  -0.173174499E+02  -0.171686163E+02  -0.151338996E+02  -0.125843757E+02  -0.150504974E+02  -0.154904533E+02  -0.145301678E+02
   0.960001810E+06   0.858304276E+04  -0.165178581E+02  -0.168746368E+02  -0.169739678E+02  -0.169163519E+02  -0.167957280E+02  -0.173274542E+02  -0.167270426E+02  -0.169820889E+02  -0.173242838E+02  -0.171720330E+02  -0.151036979E+02  -0.125264253E+02  -0.150186140E+02  -0.154644473E+02  -0.144952980E+02
   0.970006090E+06   0.852417028E+04  -0.165065367E+02  -0.168713912E+02  -0.169767280E+02  -0.169222066E+02  -0.168038062E+02  -0.173165241E+02  -0.167220989E+02  -0.169825279E+02  -0.173310884E+02  -0.171755083E+02  -0.150744213E+02  -0.124701151E+02  -0.149876990E+02  -0.154392582E+02  -0.144614735E+02
   0.980038170E+06   0.846648817E+04  -0.164955284E+02  -0.168682954E+02  -0.169795165E+02  -0.169280270E+02  -0.168118052E+02  -0.173058992E+02  -0.167173392E+02  -0.169830423E+02  -0.173378396E+02  -0.171789976E+02  -0.150458208E+02  -0.124150275E+02  -0.149574932E+02  -0.154146625E+02  -0.144284170E+02
   0.990022317E+06   0.841026052E+04  -0.164847828E+02  -0.168652628E+02  -0.169822199E+02  -0.169336858E+02  -0.168195876E+02  -0.172955273E+02  -0.167126847E+02  -0.169835288E+02  -0.173444057E+02  -0.171823840E+02  -0.150179266E+02  -0.123613141E+02  -0.149280341E+02  -0.153906722E+02  -0.143961792E+02
   0.100002339E+07   0.835522507E+04  -0.164743351E+02  -0.168623645E+02  -0.169849359E+02  -0.169392946E+02  -0.168272751E+02  -0.172854453E+02  -0.167081989E+02  -0.169840750E+02  -0.173509026E+02  -0.171857686E+02  -0.149906938E+02  -0.123088096E+02  -0.148992697E+02  -0.153672605E+02  -0.143646949E+02
   0.101001202E+07   0.830160379E+04  -0.164642898E+02  -0.168596746E+02  -0.169877161E+02  -0.169448932E+02  -0.168348989E+02  -0.172757563E+02  -0.167039623E+02  -0.169847411E+02  -0.173573664E+02  -0.171892001E+02  -0.149642947E+02  -0.122577881E+02  -0.148713783E+02  -0.153445844E+02  -0.143341536E+02
   0.102000154E+07   0.824903054E+04  -0.164544181E+02  -0.168570146E+02  -0.169904193E+02  -0.169503597E+02  -0.168423511E+02  -0.172662341E+02  -0.166997859E+02  -0.169853715E+02  -0.173636813E+02  -0.171925420E+02  -0.149383890E+02  -0.122077413E+02  -0.148440095E+02  -0.153223288E+02  -0.143041866E+02
   0.103002198E+07   0.819721377E+04  -0.164446524E+02  -0.168543568E+02  -0.169930475E+02  -0.169557115E+02  -0.168496600E+02  -0.172568128E+02  -0.166956335E+02  -0.169859568E+02  -0.173698692E+02  -0.171957997E+02  -0.149128199E+02  -0.121583785E+02  -0.148169983E+02  -0.153003573E+02  -0.142746146E+02
   0.104003592E+07   0.814656027E+04  -0.164351617E+02  -0.168518144E+02  -0.169956724E+02  -0.169609989E+02  -0.168568604E+02  -0.172476586E+02  -0.166916299E+02  -0.169865846E+02  -0.173759739E+02  -0.171990399E+02  -0.148878805E+02  -0.121101795E+02  -0.147906493E+02  -0.152789348E+02  -0.142457623E+02
   0.105003333E+07   0.809689180E+04  -0.164258062E+02  -0.168492722E+02  -0.169981970E+02  -0.169661341E+02  -0.168638716E+02  -0.172386333E+02  -0.166876550E+02  -0.169871510E+02  -0.173819107E+02  -0.172021679E+02  -0.148633769E+02  -0.120628686E+02  -0.147647634E+02  -0.152578797E+02  -0.142174218E+02
   0.106004321E+07   0.804783555E+04  -0.164164656E+02  -0.168466608E+02  -0.170005900E+02  -0.169711057E+02  -0.168706960E+02  -0.172296187E+02  -0.166836287E+02  -0.169876100E+02  -0.173876738E+02  -0.172051569E+02  -0.148390748E+02  -0.120160404E+02  -0.147390961E+02  -0.152369836E+02  -0.141893301E+02
   0.107003857E+07   0.800003648E+04  -0.164074603E+02  -0.168442123E+02  -0.170030176E+02  -0.169760457E+02  -0.168774413E+02  -0.172209311E+02  -0.166798014E+02  -0.169881530E+02  -0.173933851E+02  -0.172081651E+02  -0.148154914E+02  -0.119705082E+02  -0.147141824E+02  -0.152167189E+02  -0.141620543E+02
   0.108005790E+07   0.795337005E+04  -0.163940285E+02  -0.168391739E+02  -0.170042118E+02  -0.169804756E+02  -0.168842247E+02  -0.172079177E+02  -0.166729963E+02  -0.169869125E+02  -0.173988178E+02  -0.172101247E+02  -0.147841843E+02  -0.119115841E+02  -0.146809961E+02  -0.151895527E+02  -0.141274742E+02
   0.109002784E+07   0.790764791E+04  -0.163807768E+02  -0.168341473E+02  -0.170052930E+02  -0.169847275E+02  -0.168907829E+02  -0.171950761E+02  -0.166662384E+02  -0.169856077E+02  -0.174040523E+02  -0.172119557E+02  -0.147534163E+02  -0.118537531E+02  -0.146483863E+02  -0.151628425E+02  -0.140934996E+02
   0.110002489E+07   0.786232345E+04  -0.163674857E+02  -0.168290097E+02  -0.170062099E+02  -0.169887877E+02  -0.168971293E+02  -0.171821915E+02  -0.166593846E+02  -0.169841594E+02  -0.174090866E+02  -0.172136161E+02  -0.147227611E+02  -0.117962703E+02  -0.146159055E+02  -0.151362099E+02  -0.140596658E+02
   0.111000231E+07   0.781791445E+04  -0.163544360E+02  -0.168239489E+02  -0.170070814E+02  -0.169927388E+02  -0.169033206E+02  -0.171695401E+02  -0.166526422E+02  -0.169827134E+02  -0.174139923E+02  -0.172152160E+02  -0.146926981E+02  -0.117399217E+02  -0.145840537E+02  -0.151100882E+02  -0.140264885E+02
   0.112004384E+07   0.777375269E+04  -0.163413203E+02  -0.168187776E+02  -0.170078094E+02  -0.169965294E+02  -0.169093387E+02  -0.171568205E+02  -0.166457988E+02  -0.169811369E+02  -0.174187320E+02  -0.172166683E+02  -0.146626638E+02  -0.116837481E+02  -0.145522406E+02  -0.150839733E+02  -0.139933571E+02
   0.113003901E+07   0.773024725E+04  -0.163282160E+02  -0.168134996E+02  -0.170083429E+02  -0.170000800E+02  -0.169150838E+02  -0.171441064E+02  -0.166388734E+02  -0.169794002E+02  -0.174232176E+02  -0.172179155E+02  -0.146328924E+02  -0.116282257E+02  -0.145207167E+02  -0.150580629E+02  -0.139605346E+02
   0.114005725E+07   0.768780515E+04  -0.163156029E+02  -0.168085216E+02  -0.170090344E+02  -0.170037148E+02  -0.169208594E+02  -0.171318740E+02  -0.166322883E+02  -0.169778768E+02  -0.174277646E+02  -0.172193031E+02  -0.146040195E+02  -0.115742313E+02  -0.144901343E+02  -0.150329568E+02  -0.139286853E+02
   0.115002406E+07   0.764712139E+04  -0.163038328E+02  -0.168040701E+02  -0.170100176E+02  -0.170075194E+02  -0.169267162E+02  -0.171204687E+02  -0.166262964E+02  -0.169767370E+02  -0.174324436E+02  -0.172209536E+02  -0.145766632E+02  -0.115227943E+02  -0.144611392E+02  -0.150092112E+02  -0.138984758E+02
   0.116001968E+07   0.760685079E+04  -0.162920585E+02  -0.167995402E+02  -0.170108672E+02  -0.170111617E+02  -0.169323898E+02  -0.171090556E+02  -0.166202417E+02  -0.169754851E+02  -0.174369514E+02  -0.172224637E+02  -0.145494610E+02  -0.114717560E+02  -0.144323150E+02  -0.149855830E+02  -0.138684495E+02
   0.117004728E+07   0.756662087E+04  -0.162800123E+02  -0.167947312E+02  -0.170114321E+02  -0.170145166E+02  -0.169377740E+02  -0.170973703E+02  -0.166139093E+02  -0.169739507E+02  -0.174411709E+02  -0.172236886E+02  -0.145220026E+02  -0.114204855E+02  -0.144032361E+02  -0.149616950E+02  -0.138381697E+02
   0.118004535E+07   0.752706558E+04  -0.162680563E+02  -0.167898909E+02  -0.170118758E+02  -0.170177033E+02  -0.169429560E+02  -0.170857691E+02  -0.166075713E+02  -0.169723302E+02  -0.174452078E+02  -0.172247810E+02  -0.144948928E+02  -0.113699629E+02  -0.143745330E+02  -0.149380957E+02  -0.138082859E+02
   0.119000999E+07   0.748798712E+04  -0.162560273E+02  -0.167848919E+02  -0.170120969E+02  -0.170206345E+02  -0.169478583E+02  -0.170740906E+02  -0.166010925E+02  -0.169705120E+02  -0.174489788E+02  -0.172256431E+02  -0.144678926E+02  -0.113198322E+02  -0.143459588E+02  -0.149145638E+02  -0.137785452E+02
   0.120004327E+07   0.744880417E+04  -0.162436778E+02  -0.167795910E+02  -0.170120303E+02  -0.170232851E+02  -0.169524854E+02  -0.170620924E+02  -0.165943080E+02  -0.169684007E+02  -0.174524716E+02  -0.172262191E+02  -0.144405319E+02  -0.112692791E+02  -0.143170197E+02  -0.148906805E+02  -0.137484365E+02
   0.121001532E+07   0.741125336E+04  -0.162321439E+02  -0.167748123E+02  -0.170122677E+02  -0.170261267E+02  -0.169572211E+02  -0.170508954E+02  -0.165881074E+02  -0.169666785E+02  -0.174561202E+02  -0.172270725E+02  -0.144146121E+02  -0.112211330E+02  -0.142895874E+02  -0.148680934E+02  -0.137198833E+02
   0.122003121E+07   0.737727663E+04  -0.162221769E+02  -0.167709574E+02  -0.170129515E+02  -0.170291667E+02  -0.169619750E+02  -0.170412331E+02  -0.165829660E+02  -0.169655893E+02  -0.174598905E+02  -0.172283136E+02  -0.143916284E+02  -0.111780385E+02  -0.142652351E+02  -0.148481251E+02  -0.136945168E+02
   0.123004074E+07   0.734466850E+04  -0.162125160E+02  -0.167671625E+02  -0.170135125E+02  -0.170319891E+02  -0.169664422E+02  -0.170318647E+02  -0.165779364E+02  -0.169644487E+02  -0.174634137E+02  -0.172294094E+02  -0.143694752E+02  -0.111365845E+02  -0.142417685E+02  -0.148288659E+02  -0.136700768E+02
   0.124003866E+07   0.731197016E+04  -0.162023324E+02  -0.167628611E+02  -0.170135790E+02  -0.170343232E+02  -0.169704256E+02  -0.170219743E+02  -0.165723969E+02  -0.169628089E+02  -0.174664505E+02  -0.172300123E+02  -0.143467647E+02  -0.110945198E+02  -0.142177409E+02  -0.148090573E+02  -0.136450732E+02
   0.125002216E+07   0.727965490E+04  -0.161920114E+02  -0.167583534E+02  -0.170133881E+02  -0.170363733E+02  -0.169741058E+02  -0.170119432E+02  -0.165666656E+02  -0.169609316E+02  -0.174691952E+02  -0.172303514E+02  -0.143240636E+02  -0.110526913E+02  -0.141937381E+02  -0.147892242E+02  -0.136201058E+02
   0.126000199E+07   0.724744312E+04  -0.161814036E+02  -0.167535404E+02  -0.170128779E+02  -0.170380970E+02  -0.169774543E+02  -0.170016243E+02  -0.165606328E+02  -0.169587405E+02  -0.174716112E+02  -0.172303696E+02  -0.143011153E+02  -0.110106769E+02  -0.141694923E+02  -0.147691348E+02  -0.135948985E+02
   0.127003022E+07   0.721479287E+04  -0.161702325E+02  -0.167482427E+02  -0.170119418E+02  -0.170394252E+02  -0.169804294E+02  -0.169907460E+02  -0.165540989E+02  -0.169561006E+02  -0.174736411E+02  -0.172299690E+02  -0.142774357E+02  -0.109676716E+02  -0.141444976E+02  -0.147483528E+02  -0.135689291E+02
   0.128004990E+07   0.718391817E+04  -0.161599892E+02  -0.167435536E+02  -0.170113770E+02  -0.170410015E+02  -0.169835631E+02  -0.169807797E+02  -0.165482407E+02  -0.169539246E+02  -0.174758810E+02  -0.172299107E+02  -0.142553642E+02  -0.109273253E+02  -0.141211824E+02  -0.147290214E+02  -0.135446924E+02
   0.129002026E+07   0.715687117E+04  -0.161519650E+02  -0.167403950E+02  -0.170118314E+02  -0.170433315E+02  -0.169872574E+02  -0.169729980E+02  -0.165440579E+02  -0.169529675E+02  -0.174787923E+02  -0.172308086E+02  -0.142369781E+02  -0.108929302E+02  -0.141017069E+02  -0.147130358E+02  -0.135244095E+02
   0.130001120E+07   0.713138367E+04  -0.161445504E+02  -0.167375654E+02  -0.170124065E+02  -0.170456742E+02  -0.169908857E+02  -0.169658120E+02  -0.165402632E+02  -0.169522126E+02  -0.174816827E+02  -0.172318018E+02  -0.142197991E+02  -0.108606651E+02  -0.140835013E+02  -0.146981188E+02  -0.135054431E+02
   0.131004350E+07   0.710513077E+04  -0.161361973E+02  -0.167339350E+02  -0.170122831E+02  -0.170473714E+02  -0.169939072E+02  -0.169576944E+02  -0.165356388E+02  -0.169507192E+02  -0.174839442E+02  -0.172321090E+02  -0.142013885E+02  -0.108267154E+02  -0.140640331E+02  -0.146820381E+02  -0.134851913E+02
   0.132004626E+07   0.707854177E+04  -0.161272282E+02  -0.167297491E+02  -0.170116489E+02  -0.170485811E+02  -0.169964581E+02  -0.169489637E+02  -0.165304460E+02  -0.169486976E+02  -0.174857254E+02  -0.172319110E+02  -0.141822329E+02  -0.107918218E+02  -0.140438066E+02  -0.146652423E+02  -0.134641710E+02
   0.133002591E+07   0.705158593E+04  -0.161176996E+02  -0.167250696E+02  -0.170105703E+02  -0.170493719E+02  -0.169986086E+02  -0.169396769E+02  -0.165247459E+02  -0.169462123E+02  -0.174870955E+02  -0.172312745E+02  -0.141623774E+02  -0.107560111E+02  -0.140228653E+02  -0.146477792E+02  -0.134424251E+02
   0.134001483E+07   0.702352083E+04  -0.161071934E+02  -0.167196121E+02  -0.170088619E+02  -0.170496097E+02  -0.170002621E+02  -0.169294224E+02  -0.165182258E+02  -0.169430393E+02  -0.174879365E+02  -0.172300264E+02  -0.141411193E+02  -0.107181413E+02  -0.140004767E+02  -0.146290118E+02  -0.134191988E+02
   0.135004991E+07   0.699648418E+04  -0.160966022E+02  -0.167141108E+02  -0.170071358E+02  -0.170498501E+02  -0.170019345E+02  -0.169190866E+02  -0.165116532E+02  -0.169398363E+02  -0.174887872E+02  -0.172287696E+02  -0.141197789E+02  -0.106801002E+02  -0.139779777E+02  -0.146101901E+02  -0.133960075E+02
   0.136002872E+07   0.697417432E+04  -0.160856682E+02  -0.167086249E+02  -0.170056688E+02  -0.170505105E+02  -0.170041538E+02  -0.169084341E+02  -0.165050215E+02  -0.169367854E+02  -0.174901123E+02  -0.172278322E+02  -0.140978144E+02  -0.106405033E+02  -0.139546728E+02  -0.145909614E+02  -0.133727651E+02
   0.137001534E+07   0.695483213E+04  -0.160767593E+02  -0.167044393E+02  -0.170049675E+02  -0.170516536E+02  -0.170066483E+02  -0.168997692E+02  -0.164998425E+02  -0.169347110E+02  -0.174918318E+02  -0.172275900E+02  -0.140793421E+02  -0.106067442E+02  -0.139350385E+02  -0.145748611E+02  -0.133531849E+02
   0.138001481E+07   0.693471960E+04  -0.160667422E+02  -0.166993337E+02  -0.170034849E+02  -0.170520890E+02  -0.170084890E+02  -0.168900059E+02  -0.164937039E+02  -0.169318007E+02  -0.174928665E+02  -0.172265849E+02  -0.140593809E+02  -0.105708872E+02  -0.139138688E+02  -0.145573662E+02  -0.133320716E+02
   0.139002494E+07   0.691316325E+04  -0.160551737E+02  -0.166930293E+02  -0.170010637E+02  -0.170517233E+02  -0.170096295E+02  -0.168787094E+02  -0.164862924E+02  -0.169278492E+02  -0.174931432E+02  -0.172246754E+02  -0.140371544E+02  -0.105316239E+02  -0.138903473E+02  -0.145377832E+02  -0.133086104E+02
   0.140001757E+07   0.689059297E+04  -0.160425145E+02  -0.166858818E+02  -0.169979820E+02  -0.170507938E+02  -0.170102770E+02  -0.168663350E+02  -0.164779857E+02  -0.169231652E+02  -0.174928862E+02  -0.172221295E+02  -0.140133359E+02  -0.104899672E+02  -0.138651727E+02  -0.145167325E+02  -0.132834991E+02
   0.141000877E+07   0.686652873E+04  -0.160283238E+02  -0.166775676E+02  -0.169940027E+02  -0.170491093E+02  -0.170102739E+02  -0.168524480E+02  -0.164684355E+02  -0.169174776E+02  -0.174919187E+02  -0.172187215E+02  -0.139872473E+02  -0.104448596E+02  -0.138376383E+02  -0.144935949E+02  -0.132560321E+02
   0.142004026E+07   0.684305392E+04  -0.160146079E+02  -0.166695843E+02  -0.169902481E+02  -0.170475932E+02  -0.170103980E+02  -0.168390282E+02  -0.164592465E+02  -0.169120565E+02  -0.174911021E+02  -0.172155241E+02  -0.139619248E+02  -0.104009841E+02  -0.138109055E+02  -0.144711511E+02  -0.132293650E+02
   0.143001485E+07   0.682297499E+04  -0.160034075E+02  -0.166632872E+02  -0.169875680E+02  -0.170468278E+02  -0.170110356E+02  -0.168280812E+02  -0.164519182E+02  -0.169079510E+02  -0.174909351E+02  -0.172133207E+02  -0.139407969E+02  -0.103639870E+02  -0.137885713E+02  -0.144524855E+02  -0.132070870E+02
   0.144005305E+07   0.680712378E+04  -0.159953714E+02  -0.166591219E+02  -0.169862581E+02  -0.170470295E+02  -0.170123448E+02  -0.168202451E+02  -0.164469388E+02  -0.169055159E+02  -0.174916091E+02  -0.172123871E+02  -0.139249235E+02  -0.103355857E+02  -0.137717455E+02  -0.144385559E+02  -0.131903056E+02
   0.145000904E+07   0.679168609E+04  -0.159872084E+02  -0.166547288E+02  -0.169846460E+02  -0.170468895E+02  -0.170132834E+02  -0.168122769E+02  -0.164417528E+02  -0.169028078E+02  -0.174919290E+02  -0.172111415E+02  -0.139091278E+02  -0.103075889E+02  -0.137550223E+02  -0.144246533E+02  -0.131736255E+02
   0.146002562E+07   0.677449162E+04  -0.159772631E+02  -0.166489825E+02  -0.169819970E+02  -0.170458801E+02  -0.170134755E+02  -0.168025486E+02  -0.164351234E+02  -0.168989382E+02  -0.174914321E+02  -0.172089007E+02  -0.138906811E+02  -0.102755528E+02  -0.137355426E+02  -0.144083152E+02  -0.131541940E+02
   0.147002813E+07   0.675622687E+04  -0.159661878E+02  -0.166423675E+02  -0.169786722E+02  -0.170442970E+02  -0.170131685E+02  -0.167917038E+02  -0.164275703E+02  -0.168943168E+02  -0.174903932E+02  -0.172060094E+02  -0.138705753E+02  -0.102410116E+02  -0.137143394E+02  -0.143904492E+02  -0.131330420E+02
   0.148001737E+07   0.673644216E+04  -0.159537385E+02  -0.166347496E+02  -0.169746183E+02  -0.170421298E+02  -0.170123836E+02  -0.167795041E+02  -0.164189363E+02  -0.168888584E+02  -0.174888155E+02  -0.172024252E+02  -0.138483439E+02  -0.102031436E+02  -0.136909194E+02  -0.143706440E+02  -0.131096773E+02
   0.149002500E+07   0.671534809E+04  -0.159401002E+02  -0.166262625E+02  -0.169699310E+02  -0.170394540E+02  -0.170111817E+02  -0.167661319E+02  -0.164093657E+02  -0.168826736E+02  -0.174867683E+02  -0.171982387E+02  -0.138242762E+02  -0.101624044E+02  -0.136655843E+02  -0.143491630E+02  -0.130844013E+02
   0.150004818E+07   0.669709341E+04  -0.159285809E+02  -0.166192010E+02  -0.169661580E+02  -0.170374217E+02  -0.170104249E+02  -0.167548430E+02  -0.164013667E+02  -0.168776047E+02  -0.174852799E+02  -0.171948990E+02  -0.138037313E+02  -0.101274321E+02  -0.136439427E+02  -0.143308568E+02  -0.130628109E+02
   0.151001009E+07   0.668430132E+04  -0.159211958E+02  -0.166149398E+02  -0.169642011E+02  -0.170366846E+02  -0.170105816E+02  -0.167476193E+02  -0.163964485E+02  -0.168747396E+02  -0.174849240E+02  -0.171932458E+02  -0.137900215E+02  -0.101036122E+02  -0.136294643E+02  -0.143187156E+02  -0.130483683E+02
   0.152002101E+07   0.667375251E+04  -0.159152326E+02  -0.166115526E+02  -0.169627141E+02  -0.170362036E+02  -0.170108377E+02  -0.167417892E+02  -0.163925195E+02  -0.168725039E+02  -0.174847573E+02  -0.171920093E+02  -0.137788427E+02  -0.100840963E+02  -0.136176517E+02  -0.143088304E+02  -0.130365852E+02
   0.153004875E+07   0.666211922E+04  -0.159079589E+02  -0.166071198E+02  -0.169603769E+02  -0.170349757E+02  -0.170104226E+02  -0.167346623E+02  -0.163874892E+02  -0.168693408E+02  -0.174838761E+02  -0.171899482E+02  -0.137658172E+02  -0.100618765E+02  -0.136039274E+02  -0.142972316E+02  -0.130228934E+02
   0.154003499E+07   0.664928288E+04  -0.158993550E+02  -0.166016505E+02  -0.169572200E+02  -0.170330428E+02  -0.170093866E+02  -0.167262204E+02  -0.163813606E+02  -0.168652726E+02  -0.174823257E+02  -0.171870960E+02  -0.137508667E+02  -0.100367809E+02  -0.135882056E+02  -0.142838551E+02  -0.130072076E+02
   0.155001628E+07   0.663536561E+04  -0.158896856E+02  -0.165953797E+02  -0.169534562E+02  -0.170306062E+02  -0.170079224E+02  -0.167167265E+02  -0.163743750E+02  -0.168605208E+02  -0.174803037E+02  -0.171836626E+02  -0.137343162E+02  -0.100092311E+02  -0.135708190E+02  -0.142690113E+02  -0.129898600E+02
   0.156001776E+07   0.661971295E+04  -0.158784954E+02  -0.165880119E+02  -0.169489081E+02  -0.170275507E+02  -0.170059606E+02  -0.167057339E+02  -0.163662034E+02  -0.168548616E+02  -0.174777146E+02  -0.171794861E+02  -0.137153870E+02  -0.997793093E+01  -0.135509494E+02  -0.142520016E+02  -0.129700342E+02
   0.157001424E+07   0.660469457E+04  -0.158676060E+02  -0.165807900E+02  -0.169443916E+02  -0.170244662E+02  -0.170039255E+02  -0.166950340E+02  -0.163582101E+02  -0.168492789E+02  -0.174750777E+02  -0.171753261E+02  -0.136970721E+02  -0.994774640E+01  -0.135317321E+02  -0.142355284E+02  -0.129508590E+02
   0.158002672E+07   0.659422190E+04  -0.158600765E+02  -0.165758179E+02  -0.169413060E+02  -0.170223794E+02  -0.170025704E+02  -0.166876366E+02  -0.163527001E+02  -0.168454499E+02  -0.174733029E+02  -0.171724891E+02  -0.136843647E+02  -0.992676200E+01  -0.135183955E+02  -0.142241052E+02  -0.129375517E+02
   0.159002516E+07   0.658772799E+04  -0.158553432E+02  -0.165726704E+02  -0.169393283E+02  -0.170210209E+02  -0.170016657E+02  -0.166829852E+02  -0.163492191E+02  -0.168430112E+02  -0.174721380E+02  -0.171706656E+02  -0.136764206E+02  -0.991368552E+01  -0.135100613E+02  -0.142169575E+02  -0.129292356E+02
   0.160003055E+07   0.658159514E+04  -0.158504417E+02  -0.165692666E+02  -0.169370293E+02  -0.170193067E+02  -0.170003799E+02  -0.166781611E+02  -0.163455003E+02  -0.168402767E+02  -0.174706065E+02  -0.171685121E+02  -0.136684869E+02  -0.990090476E+01  -0.135017591E+02  -0.142097758E+02  -0.129209506E+02
   0.161003580E+07   0.657424874E+04  -0.158441549E+02  -0.165647738E+02  -0.169338599E+02  -0.170168378E+02  -0.169984244E+02  -0.166719671E+02  -0.163406302E+02  -0.168365859E+02  -0.174683566E+02  -0.171655171E+02  -0.136585679E+02  -0.988517962E+01  -0.134913987E+02  -0.142007578E+02  -0.129106108E+02
   0.162002185E+07   0.656600777E+04  -0.158369019E+02  -0.165595332E+02  -0.169301038E+02  -0.170138676E+02  -0.169960300E+02  -0.166648180E+02  -0.163349664E+02  -0.168322447E+02  -0.174656319E+02  -0.171619567E+02  -0.136472403E+02  -0.986733887E+01  -0.134795760E+02  -0.141904408E+02  -0.128988112E+02
   0.163001882E+07   0.655625572E+04  -0.158284731E+02  -0.165534859E+02  -0.169258132E+02  -0.170105069E+02  -0.169933507E+02  -0.166565123E+02  -0.163284182E+02  -0.168272618E+02  -0.174625618E+02  -0.171578976E+02  -0.136339898E+02  -0.984638098E+01  -0.134657397E+02  -0.141783862E+02  -0.128850022E+02
   0.164004598E+07   0.654486419E+04  -0.158189529E+02  -0.165467475E+02  -0.169211268E+02  -0.170069069E+02  -0.169905465E+02  -0.166471358E+02  -0.163210947E+02  -0.168217668E+02  -0.174593012E+02  -0.171534817E+02  -0.136188373E+02  -0.982222529E+01  -0.134499028E+02  -0.141646306E+02  -0.128691971E+02
   0.165001620E+07   0.653481555E+04  -0.158106794E+02  -0.165409279E+02  -0.169171174E+02  -0.170038557E+02  -0.169881975E+02  -0.166389891E+02  -0.163147590E+02  -0.168170440E+02  -0.174565494E+02  -0.171497108E+02  -0.136055956E+02  -0.980104170E+01  -0.134360573E+02  -0.141526211E+02  -0.128553798E+02
   0.166004563E+07   0.652814687E+04  -0.158050268E+02  -0.165369038E+02  -0.169142946E+02  -0.170016687E+02  -0.169864765E+02  -0.166334206E+02  -0.163103924E+02  -0.168137478E+02  -0.174545612E+02  -0.171470462E+02  -0.135966458E+02  -0.978682136E+01  -0.134267068E+02  -0.141444891E+02  -0.128460480E+02
   0.167001877E+07   0.652376847E+04  -0.158005974E+02  -0.165335436E+02  -0.169117231E+02  -0.169995148E+02  -0.169846284E+02  -0.166290465E+02  -0.163068073E+02  -0.168108655E+02  -0.174525377E+02  -0.171445787E+02  -0.135900516E+02  -0.977676677E+01  -0.134198496E+02  -0.141384319E+02  -0.128392031E+02
   0.168005004E+07   0.652039942E+04  -0.157956864E+02  -0.165294553E+02  -0.169082417E+02  -0.169963547E+02  -0.169817037E+02  -0.166241780E+02  -0.163025460E+02  -0.168071449E+02  -0.174494780E+02  -0.171411773E+02  -0.135834749E+02  -0.976752733E+01  -0.134130704E+02  -0.141322683E+02  -0.128324333E+02
   0.169003942E+07   0.651918285E+04  -0.157903955E+02  -0.165244615E+02  -0.169034671E+02  -0.169916960E+02  -0.169771301E+02  -0.166189024E+02  -0.162974897E+02  -0.168022839E+02  -0.174448556E+02  -0.171364315E+02  -0.135775824E+02  -0.976067341E+01  -0.134071049E+02  -0.141265250E+02  -0.128264712E+02
   0.170001894E+07   0.652219530E+04  -0.157853741E+02  -0.165187045E+02  -0.168971674E+02  -0.169851091E+02  -0.169703326E+02  -0.166138430E+02  -0.162918874E+02  -0.167961981E+02  -0.174381789E+02  -0.171300603E+02  -0.135740505E+02  -0.975952232E+01  -0.134037540E+02  -0.141226237E+02  -0.128231118E+02
   0.171004098E+07   0.652831578E+04  -0.157803843E+02  -0.165122201E+02  -0.168895804E+02  -0.169769385E+02  -0.169617344E+02  -0.166087760E+02  -0.162857174E+02  -0.167890456E+02  -0.174298259E+02  -0.171223281E+02  -0.135720868E+02  -0.976239593E+01  -0.134021580E+02  -0.141199095E+02  -0.128214988E+02
   0.172001237E+07   0.652293193E+04  -0.157729774E+02  -0.165061279E+02  -0.168844581E+02  -0.169723296E+02  -0.169575017E+02  -0.166014371E+02  -0.162793487E+02  -0.167835411E+02  -0.174253774E+02  -0.171173336E+02  -0.135620180E+02  -0.974807206E+01  -0.133917658E+02  -0.141105009E+02  -0.128111216E+02
   0.173004040E+07   0.651200595E+04  -0.157651544E+02  -0.165009730E+02  -0.168812714E+02  -0.169701848E+02  -0.169561203E+02  -0.165937519E+02  -0.162736326E+02  -0.167795788E+02  -0.174235582E+02  -0.171144063E+02  -0.135487929E+02  -0.972621170E+01  -0.133778842E+02  -0.140986156E+02  -0.127972706E+02
   0.174001711E+07   0.649982648E+04  -0.157581360E+02  -0.164969289E+02  -0.168794213E+02  -0.169694960E+02  -0.169562825E+02  -0.165868872E+02  -0.162689630E+02  -0.167768640E+02  -0.174232323E+02  -0.171128452E+02  -0.135357527E+02  -0.970354556E+01  -0.133641123E+02  -0.140870690E+02  -0.127835328E+02
   0.175003671E+07   0.648692393E+04  -0.157515898E+02  -0.164935335E+02  -0.168783502E+02  -0.169696553E+02  -0.169573433E+02  -0.165805038E+02  -0.162649049E+02  -0.167748769E+02  -0.174237761E+02  -0.171120804E+02  -0.135228272E+02  -0.968042263E+01  -0.133504116E+02  -0.140757257E+02  -0.127698682E+02
   0.176002509E+07   0.647349394E+04  -0.157451845E+02  -0.164904078E+02  -0.168776438E+02  -0.169702295E+02  -0.169588559E+02  -0.165742680E+02  -0.162610895E+02  -0.167732172E+02  -0.174247505E+02  -0.171116928E+02  -0.135097818E+02  -0.965676298E+01  -0.133365593E+02  -0.140643272E+02  -0.127560535E+02
   0.177001646E+07   0.645983908E+04  -0.157389404E+02  -0.164874982E+02  -0.168771939E+02  -0.169710818E+02  -0.169606623E+02  -0.165681961E+02  -0.162574785E+02  -0.167717979E+02  -0.174260096E+02  -0.171115671E+02  -0.134967863E+02  -0.963297551E+01  -0.133227434E+02  -0.140530062E+02  -0.127422759E+02
   0.178002997E+07   0.644618424E+04  -0.157329403E+02  -0.164848326E+02  -0.168769881E+02  -0.169721781E+02  -0.169627126E+02  -0.165623683E+02  -0.162541117E+02  -0.167706228E+02  -0.174275128E+02  -0.171116855E+02  -0.134840349E+02  -0.960943216E+01  -0.133091717E+02  -0.140419293E+02  -0.127287423E+02
   0.179003836E+07   0.643247767E+04  -0.157270179E+02  -0.164822575E+02  -0.168768820E+02  -0.169733790E+02  -0.169648713E+02  -0.165566189E+02  -0.162508325E+02  -0.167695436E+02  -0.174291222E+02  -0.171119048E+02  -0.134713357E+02  -0.958590011E+01  -0.132956490E+02  -0.140309110E+02  -0.127152580E+02
   0.180003650E+07   0.641894726E+04  -0.157213002E+02  -0.164798438E+02  -0.168769057E+02  -0.169746930E+02  -0.169671306E+02  -0.165510719E+02  -0.162477239E+02  -0.167686068E+02  -0.174308393E+02  -0.171122497E+02  -0.134589282E+02  -0.956279894E+01  -0.132824285E+02  -0.140201627E+02  -0.127020755E+02
   0.181005092E+07   0.640617624E+04  -0.157163187E+02  -0.164779810E+02  -0.168773435E+02  -0.169763486E+02  -0.169696785E+02  -0.165462515E+02  -0.162452052E+02  -0.167681380E+02  -0.174328754E+02  -0.171129906E+02  -0.134476323E+02  -0.954140967E+01  -0.132703654E+02  -0.140104329E+02  -0.126900481E+02
   0.182001085E+07   0.639426846E+04  -0.157121171E+02  -0.164766873E+02  -0.168781948E+02  -0.169783354E+02  -0.169724974E+02  -0.165422002E+02  -0.162432999E+02  -0.167681440E+02  -0.174352171E+02  -0.171141247E+02  -0.134375433E+02  -0.952190939E+01  -0.132595609E+02  -0.140018041E+02  -0.126792769E+02
   0.183000776E+07   0.638259513E+04  -0.157081295E+02  -0.164755504E+02  -0.168791607E+02  -0.169804145E+02  -0.169753921E+02  -0.165383599E+02  -0.162415635E+02  -0.167682812E+02  -0.174376440E+02  -0.171153677E+02  -0.134277841E+02  -0.950292434E+01  -0.132491004E+02  -0.139934765E+02  -0.126688491E+02
   0.184002234E+07   0.637083365E+04  -0.157040380E+02  -0.164743310E+02  -0.168800601E+02  -0.169824354E+02  -0.169782348E+02  -0.165344168E+02  -0.162397401E+02  -0.167683456E+02  -0.174400154E+02  -0.171165462E+02  -0.134178774E+02  -0.948372208E+01  -0.132384871E+02  -0.139850121E+02  -0.126582688E+02
   0.185000213E+07   0.635906651E+04  -0.156998692E+02  -0.164730358E+02  -0.168808845E+02  -0.169843819E+02  -0.169810035E+02  -0.165303965E+02  -0.162378404E+02  -0.167683347E+02  -0.174423126E+02  -0.171176500E+02  -0.134078906E+02  -0.946443525E+01  -0.132277933E+02  -0.139764683E+02  -0.126476080E+02
   0.186001636E+07   0.634721783E+04  -0.156956095E+02  -0.164716696E+02  -0.168816527E+02  -0.169862800E+02  -0.169837295E+02  -0.165262863E+02  -0.162358657E+02  -0.167682618E+02  -0.174445637E+02  -0.171186995E+02  -0.133977727E+02  -0.944495281E+01  -0.132169635E+02  -0.139678034E+02  -0.126368113E+02
   0.187003165E+07   0.633529793E+04  -0.156912307E+02  -0.164702016E+02  -0.168823320E+02  -0.169880960E+02  -0.169863783E+02  -0.165220579E+02  -0.162337855E+02  -0.167680949E+02  -0.174467349E+02  -0.171196618E+02  -0.133875004E+02  -0.942525978E+01  -0.132059751E+02  -0.139589928E+02  -0.126258563E+02
   0.188005057E+07   0.632349646E+04  -0.156868962E+02  -0.164687490E+02  -0.168830053E+02  -0.169898946E+02  -0.169890015E+02  -0.165178723E+02  -0.162317268E+02  -0.167679304E+02  -0.174488852E+02  -0.171206152E+02  -0.133773309E+02  -0.940576310E+01  -0.131950966E+02  -0.139502705E+02  -0.126150108E+02
   0.189004720E+07   0.631212320E+04  -0.156828905E+02  -0.164675207E+02  -0.168838258E+02  -0.169917996E+02  -0.169917012E+02  -0.165140101E+02  -0.162299144E+02  -0.167679435E+02  -0.174511291E+02  -0.171217057E+02  -0.133677020E+02  -0.938714548E+01  -0.131847844E+02  -0.139420364E+02  -0.126047304E+02
   0.190001980E+07   0.630110618E+04  -0.156791266E+02  -0.164664472E+02  -0.168847369E+02  -0.169937613E+02  -0.169944326E+02  -0.165103853E+02  -0.162282750E+02  -0.167680725E+02  -0.174534190E+02  -0.171228783E+02  -0.133584910E+02  -0.936922731E+01  -0.131749115E+02  -0.139341764E+02  -0.125948884E+02
   0.191003609E+07   0.629009373E+04  -0.156753015E+02  -0.164653113E+02  -0.168855848E+02  -0.169956593E+02  -0.169971001E+02  -0.165066991E+02  -0.162265736E+02  -0.167681386E+02  -0.174556452E+02  -0.171239876E+02  -0.133492211E+02  -0.935125380E+01  -0.131649800E+02  -0.139262569E+02  -0.125849877E+02
   0.192003131E+07   0.627905671E+04  -0.156713442E+02  -0.164640493E+02  -0.168863109E+02  -0.169974379E+02  -0.169996499E+02  -0.165028811E+02  -0.162247446E+02  -0.167680812E+02  -0.174577527E+02  -0.171249758E+02  -0.133398068E+02  -0.933311650E+01  -0.131549026E+02  -0.139181961E+02  -0.125749412E+02
   0.193004177E+07   0.626800916E+04  -0.156672936E+02  -0.164626965E+02  -0.168869482E+02  -0.169991287E+02  -0.170021126E+02  -0.164989699E+02  -0.162228245E+02  -0.167679343E+02  -0.174597727E+02  -0.171258753E+02  -0.133302941E+02  -0.931487241E+01  -0.131447260E+02  -0.139100381E+02  -0.125647956E+02
   0.194000548E+07   0.625706648E+04  -0.156632182E+02  -0.164612933E+02  -0.168875162E+02  -0.170007402E+02  -0.170044886E+02  -0.164950325E+02  -0.162208592E+02  -0.167677255E+02  -0.174617102E+02  -0.171267031E+02  -0.133208083E+02  -0.929673822E+01  -0.131345829E+02  -0.139018942E+02  -0.125546831E+02
   0.195002197E+07   0.624612964E+04  -0.156590865E+02  -0.164598324E+02  -0.168880255E+02  -0.170022924E+02  -0.170068050E+02  -0.164910388E+02  -0.162188366E+02  -0.167674583E+02  -0.174635883E+02  -0.171274720E+02  -0.133112692E+02  -0.927855525E+01  -0.131243866E+02  -0.138936963E+02  -0.125445175E+02
   0.196001265E+07   0.623535062E+04  -0.156549909E+02  -0.164583690E+02  -0.168885038E+02  -0.170037986E+02  -0.170090643E+02  -0.164870792E+02  -0.162168196E+02  -0.167671714E+02  -0.174654157E+02  -0.171282062E+02  -0.133018441E+02  -0.926061112E+01  -0.131143140E+02  -0.138855931E+02  -0.125344750E+02
   0.197005144E+07   0.622473041E+04  -0.156509710E+02  -0.164569427E+02  -0.168889906E+02  -0.170052980E+02  -0.170113058E+02  -0.164831934E+02  -0.162148478E+02  -0.167669043E+02  -0.174672316E+02  -0.171289451E+02  -0.132925734E+02  -0.924294681E+01  -0.131044052E+02  -0.138776247E+02  -0.125245959E+02
   0.198001323E+07   0.621434793E+04  -0.156470333E+02  -0.164555403E+02  -0.168894585E+02  -0.170067560E+02  -0.170134893E+02  -0.164793866E+02  -0.162129122E+02  -0.167666351E+02  -0.174689989E+02  -0.171296595E+02  -0.132835022E+02  -0.922566998E+01  -0.130947103E+02  -0.138698267E+02  -0.125149301E+02
