3.455739406410491029e+03 4.622802291994765434e-15
3.458538696208627243e+03 5.532273309178656622e-15
3.461337986006763458e+03 5.420022800936124229e-15
3.464137275804909677e+03 5.233228310873161291e-15
3.466936565603045892e+03 5.553000009250977463e-15
3.469735855401182107e+03 4.942484141623139533e-15
3.472535145199318322e+03 5.016523082502812636e-15
3.475334434997454537e+03 5.120456436810690810e-15
3.478133724795591206e+03 5.348574350136756199e-15
3.480933014593726966e+03 4.957426312128725029e-15
3.483732304391863636e+03 4.855455989824326345e-15
3.486531594189999396e+03 5.281419389460520757e-15
3.489330883988136065e+03 5.140338533528984732e-15
3.492130173786271826e+03 5.298002587028514040e-15
3.494929463584408495e+03 4.790600898812143523e-15
3.497728753382544710e+03 4.482316289563568728e-15
3.500528043180680925e+03 4.699045971236536748e-15
3.503327332978817140e+03 4.864281342827036078e-15
3.506126622776962904e+03 4.051921656744890386e-15
3.508925912575099574e+03 4.352191257532281367e-15
3.511725202373235334e+03 4.679862778431309636e-15
3.514524492171372003e+03 4.647752512943591259e-15
3.517323781969508218e+03 5.693009265560106943e-15
3.520123071767644433e+03 5.027880974454052824e-15
3.522922361565780648e+03 4.685887187473635694e-15
3.525721651363916862e+03 4.719116932881429447e-15
3.528520941162053077e+03 5.491789754879320146e-15
3.531320230960189292e+03 4.920829722052105665e-15
3.534119520758325507e+03 5.044300790949366686e-15
3.536918810556462176e+03 4.596726818824538709e-15
3.539718100354597937e+03 4.689927568846822333e-15
3.542517390152734606e+03 5.148524687738858241e-15
3.545316679950880371e+03 4.829487589001922878e-15
3.548115969749007036e+03 4.822970873823747051e-15
3.550915259547152800e+03 4.648198566048407521e-15
3.553714549345289015e+03 5.004832696481442149e-15
3.556513839143425685e+03 5.190009344057722430e-15
3.559313128941561445e+03 4.547477811699427950e-15
3.562112418739698114e+03 5.411382309548096656e-15
3.564911708537833874e+03 4.607418912770584843e-15
3.567710998335970544e+03 5.036734014196335497e-15
3.570510288134106304e+03 5.048422826810548175e-15
3.573309577932242973e+03 4.979471104902419712e-15
3.576108867730379188e+03 4.774601663078694965e-15
3.578908157528515403e+03 4.832898118329924314e-15
3.581707447326651618e+03 5.011005261017970779e-15
3.584506737124787833e+03 5.053332377715318382e-15
3.587306026922924048e+03 4.371585187219383424e-15
3.590105316721070267e+03 4.994864601285298206e-15
3.592904606519206482e+03 4.999820783487394630e-15
3.595703896317343151e+03 4.656233798788906460e-15
3.598503186115478911e+03 4.640348795272502511e-15
3.601302475913615581e+03 4.953051403902364770e-15
3.604101765711751341e+03 4.614285392437989148e-15
3.606901055509888010e+03 3.992304414393914816e-15
3.609700345308023770e+03 4.672768811633071266e-15
3.612499635106160440e+03 5.094302221699056864e-15
3.615298924904296655e+03 5.004094101003376323e-15
3.618098214702432870e+03 3.997173184714832744e-15
3.620897504500569084e+03 4.562228238090907210e-15
3.623696794298705299e+03 4.741624562284434578e-15
3.626496084096841514e+03 5.190135130610236421e-15
3.629295373894987279e+03 4.773024846465472738e-15
3.632094663693123948e+03 5.173997035823349709e-15
3.634893953491260163e+03 4.750362053310253402e-15
3.637693243289396378e+03 4.645097818737873910e-15
3.640492533087532593e+03 4.379592777247497979e-15
3.643291822885668807e+03 4.555397031064183192e-15
3.646091112683805022e+03 4.583340065392077312e-15
3.648890402481941237e+03 4.420036108774827073e-15
3.651689692280077452e+03 4.659906303536686192e-15
3.654488982078214121e+03 4.095613475061074864e-15
3.657288271876349881e+03 4.347391607142654621e-15
3.660087561674486551e+03 4.655757551561929794e-15
3.662886851472622311e+03 4.205851015060403190e-15
3.665686141270758981e+03 4.324027899662191380e-15
3.668485431068894741e+03 4.090952199487646224e-15
3.671284720867031410e+03 4.582607324614711083e-15
3.674084010665177630e+03 4.385654630961340348e-15
3.676883300463313844e+03 4.587431375763767463e-15
3.679682590261450059e+03 4.489823885516304873e-15
3.682481880059586274e+03 3.990525588183084308e-15
3.685281169857722489e+03 4.323655555390003902e-15
3.688080459655858704e+03 4.601582184573662216e-15
3.690879749453994918e+03 4.421467753468715323e-15
3.693679039252131588e+03 4.923502128367583351e-15
3.696478329050267348e+03 4.321624919678774365e-15
3.699277618848404018e+03 4.877191852627567425e-15
3.702076908646539778e+03 4.608719437246493412e-15
3.704876198444676447e+03 4.796992286894244614e-15
3.707675488242812207e+03 4.551505530598378305e-15
3.710474778040948877e+03 5.275217440180048257e-15
3.713274067839085092e+03 4.544633259927769585e-15
3.716073357637221307e+03 4.434342739968454723e-15
3.718872647435367526e+03 4.575786051274449038e-15
3.721671937233503286e+03 4.797311432794142552e-15
3.724471227031639955e+03 4.038359159671003750e-15
3.727270516829775715e+03 4.680100526506488821e-15
3.730069806627912385e+03 4.260027138618260076e-15
3.732869096426048600e+03 3.914763322402013544e-15
3.735668386224184815e+03 4.140333045989860508e-15
3.738467676022321029e+03 4.288471821975233272e-15
3.741266965820457244e+03 4.315861882686477982e-15
3.744066255618593459e+03 4.313938289974102837e-15
3.746865545416729674e+03 3.632224329389239918e-15
3.749664835214865889e+03 3.656858444484342441e-15
3.752464125013002558e+03 3.885756546516370606e-15
3.755263414811138318e+03 3.773751782064976650e-15
3.758062704609274988e+03 4.149677671092247776e-15
3.760861994407410748e+03 3.931656798920960809e-15
3.763661284205556967e+03 4.089560535224837228e-15
3.766460574003693182e+03 4.004684601698252050e-15
3.769259863801829397e+03 3.756440137363726184e-15
3.772059153599966066e+03 4.299297162488173777e-15
3.774858443398101826e+03 4.124221549778006956e-15
3.777657733196238496e+03 4.173046249810458144e-15
3.780457022994374256e+03 4.064612348283024484e-15
3.783256312792510926e+03 4.108053078026821827e-15
3.786055602590646686e+03 3.919126785254219135e-15
3.788854892388783355e+03 4.090622521002753180e-15
3.791654182186919570e+03 3.919789533005989806e-15
3.794453471985055785e+03 4.099194075407577916e-15
3.797252761783192000e+03 3.695783240613630130e-15
3.800052051581328215e+03 3.907143344644285273e-15
3.802851341379464429e+03 4.157520878931778597e-15
3.805650631177610649e+03 3.673446439205323232e-15
3.808449920975746863e+03 4.106874700817233428e-15
3.811249210773883533e+03 3.716031619981058130e-15
3.814048500572019293e+03 4.018797299177349261e-15
3.816847790370155963e+03 3.761043735298421536e-15
3.819647080168291723e+03 3.692760848550982741e-15
3.822446369966428392e+03 4.333557922436544951e-15
3.825245659764564152e+03 3.612942413141105534e-15
3.828044949562700822e+03 4.083855223874098404e-15
3.830844239360837037e+03 3.510803069093375585e-15
3.833643529158973251e+03 3.527858704251061704e-15
3.836442818957109466e+03 3.688245647050136610e-15
3.839242108755245681e+03 3.772724199253250394e-15
3.842041398553381896e+03 3.882719491311244009e-15
3.844840688351518111e+03 3.834404080526357382e-15
3.847639978149654326e+03 3.786709177451188546e-15
3.850439267947800545e+03 3.807278433229228245e-15
3.853238557745936760e+03 3.840644462960654941e-15
3.856037847544072974e+03 3.697819201092346690e-15
3.858837137342209189e+03 3.921060374413861152e-15
3.861636427140345404e+03 3.697673567567644566e-15
3.864435716938481619e+03 3.531425657168464903e-15
3.867235006736617834e+03 3.951467257170034860e-15
3.870034296534754503e+03 3.422641137030918584e-15
3.872833586332890263e+03 3.857377793853291258e-15
3.875632876131026933e+03 3.437035127166441628e-15
3.878432165929162693e+03 3.489224636562885191e-15
3.881231455727299362e+03 3.870958655305850384e-15
3.884030745525435123e+03 3.757353043239020724e-15
3.886830035323571792e+03 3.301049306211925425e-15
3.889629325121718011e+03 3.734801603521841480e-15
3.892428614919854226e+03 3.575267728651267775e-15
3.895227904717990441e+03 3.738774687807582539e-15
3.898027194516126656e+03 3.469123011499215266e-15
3.900826484314262871e+03 3.635744687937596658e-15
3.903625774112399085e+03 3.618958936883400022e-15
3.906425063910535300e+03 3.540402882084490371e-15
3.909224353708671970e+03 3.459366651646653518e-15
3.912023643506807730e+03 3.254381438045051193e-15
3.914822933304944399e+03 3.722908302532252867e-15
3.917622223103080159e+03 3.804014644456889000e-15
3.920421512901216829e+03 3.676945593287292183e-15
3.923220802699352589e+03 3.845869056993426743e-15
3.926020092497489259e+03 3.721465032422169218e-15
3.928819382295625473e+03 3.451969764572004310e-15
3.931618672093761688e+03 3.406822620964882525e-15
3.934417961891907908e+03 3.468342148880788087e-15
3.937217251690043668e+03 3.394632485040510421e-15
3.940016541488180337e+03 3.219318206213324423e-15
3.942815831286316097e+03 3.676937051501269244e-15
3.945615121084452767e+03 3.575597222302944980e-15
3.948414410882588982e+03 3.717213099676588075e-15
3.951213700680725196e+03 3.835321617043418622e-15
3.954012990478861411e+03 3.839512961409277331e-15
3.956812280276997626e+03 4.032540080811373253e-15
3.959611570075133841e+03 3.644854239469903693e-15
3.962410859873270056e+03 4.031636552201881183e-15
3.965210149671406270e+03 3.691001143980023374e-15
3.968009439469542940e+03 3.473323027014869921e-15
3.970808729267678700e+03 3.950560014297787618e-15
3.973608019065815370e+03 3.921586472149831086e-15
3.976407308863961134e+03 3.918048076556492958e-15
3.979206598662097804e+03 3.877494950484789459e-15
3.982005888460233564e+03 4.096308742441184430e-15
3.984805178258370233e+03 3.721774010456468640e-15
3.987604468056506448e+03 3.990512242713099950e-15
3.990403757854642663e+03 3.662926840627851554e-15
3.993203047652778878e+03 3.505871325357325264e-15
3.996002337450915093e+03 3.666417481162038445e-15
3.998801627249051307e+03 3.979274393398136353e-15
4.001600917047187522e+03 3.784844218098250629e-15
4.004400206845323737e+03 3.784797882684303423e-15
4.007199496643460407e+03 3.991768510602190432e-15
4.009998786441596167e+03 3.646382269664354166e-15
4.012798076239732836e+03 4.039798970791478424e-15
4.015597366037868596e+03 3.837867212419857540e-15
4.018396655836014816e+03 3.613074250610385248e-15
4.021195945634151030e+03 3.069429496553954176e-15
4.023995235432287245e+03 3.617669951384346248e-15
4.026794525230423915e+03 3.613449641724581325e-15
4.029593815028559675e+03 3.555683356612987455e-15
4.032393104826696344e+03 3.815546319480879153e-15
4.035192394624832104e+03 3.501330857777079389e-15
4.037991684422968774e+03 3.262795380719582875e-15
4.040790974221104534e+03 3.642574762741347925e-15
4.043590264019240749e+03 3.562226217115996508e-15
4.046389553817377418e+03 3.791743829144898898e-15
4.049188843615513633e+03 3.635524687605252880e-15
4.051988133413649393e+03 3.775734221902226401e-15
4.054787423211786518e+03 3.786651440120832040e-15
4.057586713009922278e+03 3.289953456694776456e-15
4.060386002808058493e+03 3.403517889490166809e-15
4.063185292606204257e+03 3.481616182813885642e-15
4.065984582404340927e+03 3.733097654204020695e-15
4.068783872202477141e+03 3.623997618273443165e-15
4.071583162000612901e+03 3.564397560988564734e-15
4.074382451798750026e+03 3.397323747412895032e-15
4.077181741596885786e+03 3.479265485203623791e-15
4.079981031395022001e+03 3.552163568720927387e-15
4.082780321193157761e+03 3.610432018109991240e-15
4.085579610991294885e+03 3.272505794743036812e-15
4.088378900789430645e+03 3.450250299944013705e-15
4.091178190587566860e+03 3.269766563710002294e-15
4.093977480385703529e+03 3.479719725921466569e-15
4.096776770183839290e+03 3.412445779282778348e-15
4.099576059981975959e+03 3.135011778943434522e-15
4.102375349780111719e+03 3.500755564889287831e-15
4.105174639578248389e+03 3.196778025545251795e-15
4.107973929376394153e+03 3.356458789985240349e-15
4.110773219174530823e+03 3.190849419938472278e-15
4.113572508972667492e+03 3.168754569419082862e-15
4.116371798770803252e+03 3.206139676195436393e-15
4.119171088568939012e+03 3.102242723556021273e-15
4.121970378367075682e+03 3.064131296877462250e-15
4.124769668165212352e+03 3.222138751817648097e-15
4.127568957963348112e+03 3.105722076554025541e-15
4.130368247761483872e+03 3.158027699973761483e-15
4.133167537559621451e+03 3.026612707674066887e-15
4.135966827357757211e+03 2.957021152815657431e-15
4.138766117155892971e+03 3.041346514826167246e-15
4.141565406954028731e+03 3.092868024379999964e-15
4.144364696752175405e+03 3.024367914512845512e-15
4.147163986550312075e+03 2.936501732221235463e-15
4.149963276348447835e+03 3.095203747385593870e-15
4.152762566146584504e+03 3.298349940490447894e-15
4.155561855944720264e+03 2.806276257517087713e-15
4.158361145742856934e+03 3.051901932020491489e-15
4.161160435540992694e+03 3.223247426902872265e-15
4.163959725339129363e+03 3.089799447485232067e-15
4.166759015137265123e+03 2.781308315200940754e-15
4.169558304935401793e+03 2.746012680575626809e-15
4.172357594733538463e+03 2.942672863162965831e-15
4.175156884531674223e+03 2.959473522331438276e-15
4.177956174329809983e+03 3.028238077640778173e-15
4.180755464127946652e+03 3.034785476458860373e-15
4.183554753926083322e+03 2.944442654318678676e-15
4.186354043724219082e+03 3.098660409863859639e-15
4.189153333522364846e+03 3.065658990273785997e-15
4.191952623320502425e+03 2.885355128907190693e-15
4.194751913118638186e+03 3.096562434597167712e-15
4.197551202916773946e+03 2.922562697591028052e-15
4.200350492714909706e+03 2.972818130226762798e-15
4.203149782513047285e+03 2.654404168430803745e-15
4.205949072311183045e+03 2.969456299695914841e-15
4.208748362109318805e+03 3.087218925587085568e-15
4.211547651907455474e+03 3.229921530928019868e-15
4.214346941705592144e+03 3.202914355103043988e-15
4.217146231503727904e+03 2.818768384062326937e-15
4.219945521301863664e+03 2.692473996934384184e-15
4.222744811100000334e+03 2.914589201945686809e-15
4.225544100898137003e+03 2.860304733816652919e-15
4.228343390696272763e+03 3.084602302817423478e-15
4.231142680494419437e+03 2.796840528956018922e-15
4.233941970292555197e+03 2.493314577856383538e-15
4.236741260090690957e+03 2.853252738337936601e-15
4.239540549888827627e+03 2.866161206818267386e-15
4.242339839686964297e+03 2.792038496483925243e-15
4.245139129485100057e+03 2.846712612844355916e-15
4.247938419283235817e+03 2.871860526753938341e-15
4.250737709081373396e+03 2.744238209654855727e-15
4.253536998879509156e+03 2.821963480767104487e-15
4.256336288677644916e+03 2.957331519063687579e-15
4.259135578475780676e+03 3.043473306504287860e-15
4.261934868273918255e+03 2.826916792685198486e-15
4.264734158072054015e+03 2.875573816052248553e-15
4.267533447870189775e+03 2.773582043363699769e-15
4.270332737668326445e+03 3.166426287378620279e-15
4.273132027466472209e+03 3.066783201270045473e-15
4.275931317264598874e+03 2.900639904781967674e-15
4.278730607062744639e+03 2.926212199906911921e-15
4.281529896860881308e+03 2.973609908562970972e-15
4.284329186659017068e+03 3.110795315743936892e-15
4.287128476457153738e+03 3.092452971754394160e-15
4.289927766255290408e+03 2.991899620979326275e-15
4.292727056053426168e+03 3.130575634998125743e-15
4.295526345851561928e+03 3.005086881226097175e-15
4.298325635649698597e+03 2.748812033098816641e-15
4.301124925447835267e+03 2.971849441177785173e-15
4.303924215245971027e+03 3.065360090846862456e-15
4.306723505044106787e+03 2.673328268359970318e-15
4.309522794842244366e+03 2.737215889335033136e-15
4.312322084640380126e+03 2.921542655794764005e-15
4.315121374438515886e+03 2.998360678565661892e-15
4.317920664236661651e+03 2.898770560348784854e-15
4.320719954034789225e+03 2.896990857202714226e-15
4.323519243832934990e+03 2.956867239979345617e-15
4.326318533631070750e+03 2.878936978396889440e-15
4.329117823429207419e+03 2.903646931247535716e-15
4.331917113227344089e+03 2.684276284286553984e-15
4.334716403025479849e+03 3.039459691965358935e-15
4.337515692823615609e+03 2.850104252581750770e-15
4.340314982621752279e+03 2.829859647653062939e-15
4.343114272419888948e+03 2.976698177638972014e-15
4.345913562218024708e+03 2.780034129391508176e-15
4.348712852016161378e+03 3.003345295330219384e-15
4.351512141814297138e+03 2.899612906774616824e-15
4.354311431612433807e+03 2.792167612462145134e-15
4.357110721410569568e+03 2.763931468924277380e-15
4.359910011208706237e+03 3.107801329856648877e-15
4.362709301006852002e+03 2.831031618244319332e-15
4.365508590804987762e+03 2.741857509574701816e-15
4.368307880603125341e+03 2.771556555434862577e-15
4.371107170401261101e+03 2.622363242143344630e-15
4.373906460199396861e+03 2.458646210262072330e-15
4.376705749997532621e+03 2.939166764472850980e-15
4.379505039795670200e+03 2.923212041643417015e-15
4.382304329593805960e+03 2.772441131353156319e-15
4.385103619391941720e+03 2.664122497471421476e-15
4.387902909190078390e+03 2.815100302365743244e-15
4.390702198988215059e+03 2.591710134929092486e-15
4.393501488786350819e+03 2.725293656114449329e-15
4.396300778584486579e+03 2.874497330021206707e-15
4.399100068382623249e+03 2.654750409996869329e-15
4.401899358180769923e+03 2.587878231003231174e-15
4.404698647978905683e+03 2.771119671535175399e-15
4.407497937777042353e+03 2.435390758060576570e-15
4.410297227575178113e+03 2.667869158192618549e-15
4.413096517373314782e+03 2.979197775790773479e-15
4.415895807171450542e+03 2.779964704605916504e-15
4.418695096969587212e+03 2.644494730180485104e-15
4.421494386767722972e+03 2.891373547546600416e-15
4.424293676565859641e+03 2.796351631550908697e-15
4.427092966363996311e+03 2.597862028551819014e-15
4.429892256162132071e+03 2.765564683385249317e-15
4.432691545960267831e+03 2.723583837052032785e-15
4.435490835758404501e+03 2.809021337925246705e-15
4.438290125556541170e+03 2.739985266428230936e-15
4.441089415354676930e+03 2.527031805767517519e-15
4.443888705152812690e+03 2.555605416801108054e-15
4.446687994950950269e+03 2.868163955751042643e-15
4.449487284749096034e+03 2.582970068257642750e-15
4.452286574547231794e+03 2.452506074533642793e-15
4.455085864345367554e+03 2.930949007852653375e-15
4.457885154143504224e+03 2.539286880805725627e-15
4.460684443941640893e+03 2.674401826366955036e-15
4.463483733739776653e+03 2.575911477186241039e-15
4.466283023537913323e+03 2.653746559728324990e-15
4.469082313336049083e+03 2.555314365628235913e-15
4.471881603134185752e+03 2.682846117859721864e-15
4.474680892932321512e+03 2.737203974195422678e-15
4.477480182730458182e+03 2.688956926828345263e-15
4.480279472528593942e+03 2.436279935707206929e-15
4.483078762326730612e+03 2.577882367515459268e-15
4.485878052124867281e+03 2.665680910464293742e-15
4.488677341923013046e+03 2.687371526241103665e-15
4.491476631721138801e+03 2.557112273393791472e-15
4.494275921519284566e+03 2.374728180646575017e-15
4.497075211317422145e+03 2.715201446422052495e-15
4.499874501115557905e+03 2.612206774298280702e-15
4.502673790913693665e+03 2.602721992694753836e-15
4.505473080711830335e+03 2.754986773493217309e-15
4.508272370509967004e+03 2.467962204779779588e-15
4.511071660308102764e+03 2.519460894799540542e-15
4.513870950106238524e+03 2.749633179990110733e-15
4.516670239904375194e+03 2.367150578258827109e-15
4.519469529702511863e+03 2.431176786549441918e-15
4.522268819500647623e+03 2.606787464079071912e-15
4.525068109298784293e+03 2.519585135633913708e-15
4.527867399096920053e+03 2.470938652337914052e-15
4.530666688895056723e+03 2.324757711162956448e-15
4.533465978693202487e+03 2.377148036247199289e-15
4.536265268491329152e+03 2.457638829373301335e-15
4.539064558289474917e+03 2.525519430343994403e-15
4.541863848087611586e+03 2.330135064849818372e-15
4.544663137885748256e+03 2.482731626599801749e-15
4.547462427683884016e+03 2.383182739625636299e-15
4.550261717482019776e+03 2.430564570673152131e-15
4.553061007280156446e+03 2.547967291782482452e-15
4.555860297078293115e+03 2.519292197894930156e-15
4.558659586876428875e+03 2.563355856788761294e-15
4.561458876674564635e+03 2.404643551433375759e-15
4.564258166472702214e+03 2.792524939541382858e-15
4.567057456270837974e+03 2.376057315258158172e-15
4.569856746068973735e+03 2.646519352299759470e-15
4.572656035867109495e+03 2.378614767895663186e-15
4.575455325665247074e+03 2.557415828288431778e-15
4.578254615463382834e+03 2.417258964027713104e-15
4.581053905261528598e+03 2.606954606718396465e-15
4.583853195059665268e+03 2.507091712102828618e-15
4.586652484857801028e+03 2.544137376891278282e-15
4.589451774655937697e+03 2.653908713478204091e-15
4.592251064454073457e+03 2.390817938090669900e-15
4.595050354252210127e+03 2.516772363486351483e-15
4.597849644050345887e+03 2.714099424441504791e-15
4.600648933848482557e+03 2.479199504631266124e-15
4.603448223646619226e+03 2.450705940009640156e-15
4.606247513444754986e+03 2.342608605251900516e-15
4.609046803242890746e+03 2.544949030019909907e-15
4.611846093041027416e+03 2.492456213830131670e-15
4.614645382839164085e+03 2.409511461771997064e-15
4.617444672637299846e+03 2.478445675972166011e-15
4.620243962435445610e+03 2.682230130558846990e-15
4.623043252233583189e+03 2.303129109743223584e-15
4.625842542031718949e+03 2.407284282649650423e-15
4.628641831829854709e+03 2.579676049157689887e-15
4.631441121627990469e+03 2.521095256081333799e-15
4.634240411426128048e+03 2.486772700756187355e-15
4.637039701224263808e+03 2.409038599584290468e-15
4.639838991022399568e+03 2.260561393988978845e-15
4.642638280820536238e+03 2.619286363537290828e-15
4.645437570618672908e+03 2.431986134692462781e-15
4.648236860416808668e+03 2.366099502969607340e-15
4.651036150214944428e+03 2.266854987932379429e-15
4.653835440013081097e+03 2.311982099463398833e-15
4.656634729811217767e+03 2.472785640910084461e-15
4.659434019609353527e+03 2.445903827674547966e-15
4.662233309407490196e+03 2.404460748962435203e-15
4.665032599205635961e+03 2.260753912080469167e-15
4.667831889003771721e+03 2.336951256646694691e-15
4.670631178801908391e+03 2.272291470073002196e-15
4.673430468600045060e+03 2.284030874513905488e-15
4.676229758398180820e+03 2.268312313645577447e-15
4.679029048196316580e+03 2.128481801158602672e-15
4.681828337994454159e+03 2.391468467818566554e-15
4.684627627792589919e+03 2.675443405116877752e-15
4.687426917590725679e+03 2.325172171212386005e-15
4.690226207388861440e+03 2.347714645015068814e-15
4.693025497186999019e+03 2.327423388178928447e-15
4.695824786985134779e+03 2.334903736194164084e-15
4.698624076783270539e+03 2.140442214319396176e-15
4.701423366581417213e+03 2.173874016460010380e-15
4.704222656379543878e+03 2.225891869233438639e-15
4.707021946177689642e+03 2.290702414371724637e-15
4.709821235975825402e+03 2.322905948718377576e-15
4.712620525773962072e+03 2.064469211940183618e-15
4.715419815572097832e+03 2.280993906441382291e-15
4.718219105370234502e+03 2.243014280088879139e-15
4.721018395168371171e+03 2.233578891110056372e-15
4.723817684966506931e+03 2.340187115058381225e-15
4.726616974764642691e+03 2.308903357597924750e-15
4.729416264562779361e+03 2.398320486055698432e-15
4.732215554360916030e+03 2.192476312424238148e-15
4.735014844159051790e+03 2.241739907549047855e-15
4.737814133957187551e+03 2.229474404016287210e-15
4.740613423755325130e+03 2.319812000590668829e-15
4.743412713553470894e+03 2.036388092285371746e-15
4.746212003351606654e+03 2.310013681799440208e-15
4.749011293149742414e+03 2.236522932421266719e-15
4.751810582947879993e+03 2.139872094056024801e-15
4.754609872746015753e+03 2.193362822325919789e-15
4.757409162544151513e+03 2.203155909772460996e-15
4.760208452342288183e+03 2.349753838010809988e-15
4.763007742140424853e+03 2.216743392355087815e-15
4.765807031938560613e+03 2.243862337978577568e-15
4.768606321736696373e+03 2.266642154843648256e-15
4.771405611534833042e+03 2.225798460687858586e-15
4.774204901332969712e+03 2.467071375862014562e-15
4.777004191131105472e+03 2.494856235217567013e-15
4.779803480929242141e+03 2.347079583417770584e-15
4.782602770727377901e+03 2.042587041030855886e-15
4.785402060525523666e+03 2.135504997521713375e-15
4.788201350323660336e+03 2.196230960400566230e-15
4.791000640121797005e+03 2.328593579708402679e-15
4.793799929919932765e+03 2.341784757551289264e-15
4.796599219718068525e+03 2.086154172829042389e-15
4.799398509516206104e+03 2.382284509807175283e-15
4.802197799314341864e+03 2.170562236205712662e-15
4.804997089112477624e+03 2.175702408876559315e-15
4.807796378910613385e+03 2.199263771998967101e-15
4.810595668708750964e+03 2.009213063151277651e-15
4.813394958506886724e+03 2.425483519786869385e-15
4.816194248305022484e+03 2.382020705798794510e-15
4.818993538103159153e+03 2.178703996018608906e-15
4.821792827901295823e+03 2.219939948643246360e-15
4.824592117699431583e+03 2.197051346569728509e-15
4.827391407497567343e+03 2.172078320423906134e-15
4.830190697295704013e+03 2.166310758747248407e-15
4.832989987093850687e+03 2.216450110604818802e-15
4.835789276891986447e+03 2.131115962850986052e-15
4.838588566690123116e+03 2.215110026983827219e-15
4.841387856488258876e+03 2.002592033347889488e-15
4.844187146286395546e+03 2.418234507342965629e-15
4.846986436084531306e+03 2.140063229868015800e-15
4.849785725882667975e+03 1.993057075096001435e-15
4.852585015680803735e+03 2.129770269767873976e-15
4.855384305478940405e+03 2.387108247300869982e-15
4.858183595277077075e+03 2.418670456081579806e-15
4.860982885075212835e+03 2.370547313562871666e-15
4.863782174873348595e+03 2.327685607443309858e-15
4.866581464671485264e+03 2.164873471542438605e-15
4.869380754469621934e+03 2.414369247638059692e-15
4.872180044267767698e+03 2.269001754068014552e-15
4.874979334065893454e+03 2.140584699082418795e-15
4.877778623864040128e+03 2.258923971228868691e-15
4.880577913662176798e+03 2.314740683747643964e-15
4.883377203460312558e+03 2.028952037361393976e-15
4.886176493258448318e+03 2.066052833944792041e-15
4.888975783056584987e+03 2.173510876376202886e-15
4.891775072854721657e+03 2.010158618082847278e-15
4.894574362652857417e+03 2.292244201133694867e-15
4.897373652450994086e+03 2.186978253714487858e-15
4.900172942249129846e+03 2.129032287901300433e-15
4.902972232047266516e+03 1.987748975304240176e-15
4.905771521845402276e+03 2.085804742836208993e-15
4.908570811643538946e+03 2.103600700728901143e-15
4.911370101441674706e+03 2.058317113510421970e-15
4.914169391239811375e+03 2.147884789613128050e-15
4.916968681037958049e+03 2.230828260115609460e-15
4.919767970836083805e+03 2.093417830231933390e-15
4.922567260634229569e+03 1.955789884807045210e-15
4.925366550432366239e+03 2.183756697128759310e-15
4.928165840230502909e+03 2.176584758241995360e-15
4.930965130028638669e+03 2.126481888741507172e-15
4.933764419826774429e+03 2.187057005565960201e-15
4.936563709624911098e+03 1.941098732053994372e-15
4.939362999423047768e+03 2.106332264040883228e-15
4.942162289221183528e+03 2.262225734760966921e-15
4.944961579019319288e+03 2.200076935671893152e-15
4.947760868817455957e+03 1.974846899975319993e-15
4.950560158615592627e+03 2.093738545522813467e-15
4.953359448413728387e+03 2.114404380788218578e-15
4.956158738211865057e+03 2.046917385680292164e-15
4.958958028010000817e+03 2.120747253231398008e-15
4.961757317808147491e+03 2.034474832092447262e-15
4.964556607606283251e+03 2.144193705027584063e-15
4.967355897404419920e+03 2.035103926356288909e-15
4.970155187202555680e+03 2.144963757394226931e-15
4.972954477000692350e+03 2.143941535403029831e-15
4.975753766798829020e+03 2.075215471972221537e-15
4.978553056596964780e+03 2.095612372735070407e-15
4.981352346395100540e+03 1.990387352382092578e-15
4.984151636193237209e+03 2.127346444375932528e-15
4.986950925991373879e+03 1.914190201214486875e-15
4.989750215789509639e+03 2.016328098771045937e-15
4.992549505587645399e+03 2.191974135911503181e-15
4.995348795385782978e+03 2.164340886169865951e-15
4.998148085183918738e+03 2.139367669187789914e-15
5.000947374982054498e+03 2.043469147552175859e-15
5.003746664780200263e+03 2.301347184310092552e-15
5.006545954578336932e+03 2.082772821278430749e-15
5.009345244376473602e+03 2.074619808705736236e-15
5.012144534174609362e+03 2.068033018335498805e-15
5.014943823972746031e+03 2.121685917547284633e-15
5.017743113770881791e+03 1.885539655349565498e-15
5.020542403569018461e+03 1.940938451720241192e-15
5.023341693367154221e+03 2.108816557029149088e-15
5.026140983165290891e+03 2.035957518652960945e-15
5.028940272963426651e+03 2.014225714031511894e-15
5.031739562761563320e+03 2.011461667579151785e-15
5.034538852559699990e+03 2.053824934797173420e-15
5.037338142357835750e+03 1.987368077333246380e-15
5.040137432155971510e+03 2.008973239766631073e-15
5.042936721954108179e+03 2.098152929467984958e-15
5.045736011752244849e+03 2.010515614498488167e-15
5.048535301550390614e+03 2.088976818642104592e-15
5.051334591348526374e+03 2.043533095377425108e-15
5.054133881146663953e+03 2.010314949761658317e-15
5.056933170944799713e+03 1.982336251346688578e-15
5.059732460742935473e+03 2.123282946299148917e-15
5.062531750541071233e+03 1.955672926912528924e-15
5.065331040339208812e+03 2.143425052633247981e-15
5.068130330137344572e+03 2.115442719699878085e-15
5.070929619935480332e+03 2.080334661772721099e-15
5.073728909733617002e+03 1.954123129508297987e-15
5.076528199531753671e+03 1.880278085301515463e-15
5.079327489329889431e+03 1.942217236606611808e-15
5.082126779128025191e+03 2.008064906951655328e-15
5.084926068926161861e+03 2.155903175018680628e-15
5.087725358724307625e+03 1.884834181667162405e-15
5.090524648522444295e+03 1.805249085487545686e-15
5.093323938320580965e+03 2.112187271746719690e-15
5.096123228118716725e+03 1.917515771713235905e-15
5.098922517916852485e+03 1.905417044238452463e-15
5.101721807714989154e+03 1.948905511253129973e-15
5.104521097513125824e+03 1.924845326820602383e-15
5.107320387311261584e+03 2.112206894310779946e-15
5.110119677109397344e+03 1.904728138160065981e-15
5.112918966907534923e+03 2.219787536282087682e-15
5.115718256705670683e+03 1.856295965414847895e-15
5.118517546503806443e+03 1.865016070681510346e-15
5.121316836301942203e+03 1.926084478997958422e-15
5.124116126100079782e+03 1.949211656082389809e-15
5.126915415898215542e+03 1.961899752891328094e-15
5.129714705696361307e+03 1.878688612298858236e-15
5.132513995494497976e+03 1.817523261778854326e-15
5.135313285292634646e+03 1.866437131855720473e-15
5.138112575090770406e+03 1.977787774744733825e-15
5.140911864888906166e+03 2.208014838551931498e-15
5.143711154687042836e+03 1.931953892002527210e-15
5.146510444485179505e+03 1.789759188613603253e-15
5.149309734283315265e+03 1.900144223847162397e-15
5.152109024081451935e+03 1.949346010806696204e-15
5.154908313879587695e+03 1.888840416811307139e-15
5.157707603677724364e+03 1.940018978044990575e-15
5.160506893475860124e+03 2.008968380294200822e-15
5.163306183273996794e+03 1.870525725782976818e-15
5.166105473072132554e+03 1.939848466967229018e-15
5.168904762870269224e+03 1.889432191636631199e-15
5.171704052668405893e+03 2.020424746110648052e-15
5.174503342466551658e+03 1.913677257500440251e-15
5.177302632264687418e+03 1.916733929050065501e-15
5.180101922062823178e+03 1.923693796017836473e-15
5.182901211860960757e+03 1.898485420698139384e-15
5.185700501659096517e+03 1.750580715290977862e-15
5.188499791457232277e+03 1.928623178422199292e-15
5.191299081255368947e+03 1.794355695315393117e-15
5.194098371053505616e+03 1.934072670717804852e-15
5.196897660851641376e+03 1.950382072891153893e-15
5.199696950649777136e+03 1.884608978398280899e-15
5.202496240447913806e+03 1.787085114601547251e-15
5.205295530246050475e+03 1.991793638264353861e-15
5.208094820044186235e+03 1.875302684244897838e-15
5.210894109842322905e+03 1.776278240394850979e-15
5.213693399640458665e+03 1.786677578059147091e-15
5.216492689438604430e+03 1.945689904351157849e-15
5.219291979236741099e+03 1.954829615198198074e-15
5.222091269034877769e+03 1.814488201163752018e-15
5.224890558833013529e+03 1.852269431354199380e-15
5.227689848631149289e+03 1.936166308939221046e-15
5.230489138429286868e+03 1.797202828633314238e-15
5.233288428227422628e+03 1.794234901436091966e-15
5.236087718025558388e+03 1.775586014313658722e-15
5.238887007823694148e+03 1.827444431561966248e-15
5.241686297621831727e+03 2.020345913133195505e-15
5.244485587419967487e+03 1.805578217049569467e-15
5.247284877218103247e+03 1.786012859158934531e-15
5.250084167016239917e+03 1.875364546941945337e-15
5.252883456814376586e+03 1.940778310978295461e-15
5.255682746612522351e+03 2.033859019562953367e-15
5.258482036410648107e+03 1.921383894943378486e-15
5.261281326208794781e+03 1.881147795519577133e-15
5.264080616006931450e+03 1.776471812171430283e-15
5.266879905805067210e+03 1.896285935224633898e-15
5.269679195603203880e+03 1.813624899444606009e-15
5.272478485401339640e+03 1.766540013580750981e-15
5.275277775199476309e+03 1.718060696645286198e-15
5.278077064997612069e+03 1.824573369892617265e-15
5.280876354795748739e+03 1.844989926767390441e-15
5.283675644593884499e+03 1.901402760542650700e-15
5.286474934392021169e+03 1.524769010584925871e-15
5.289274224190157838e+03 1.806476635975870968e-15
5.292073513988293598e+03 1.755532768926359564e-15
5.294872803786429358e+03 1.915448061359759492e-15
5.297672093584566028e+03 1.688034069289551076e-15
5.300471383382712702e+03 1.797313300375829319e-15
5.303270673180848462e+03 1.903174837024442734e-15
5.306069962978984222e+03 1.645919735633817768e-15
5.308869252777120892e+03 1.863149195946270663e-15
5.311668542575257561e+03 1.812580381986093695e-15
5.314467832373393321e+03 1.788593529698765866e-15
5.317267122171529081e+03 1.732520803690581864e-15
5.320066411969665751e+03 1.842101763109735220e-15
5.322865701767802420e+03 1.701142602336368351e-15
5.325664991565938180e+03 1.785846740013897968e-15
5.328464281364074850e+03 1.810975523658150866e-15
5.331263571162210610e+03 1.825579394051995958e-15
5.334062860960347280e+03 1.593604503513406887e-15
5.336862150758483040e+03 1.620275724597447389e-15
5.339661440556619709e+03 1.737679987782132029e-15
5.342460730354755469e+03 1.765215393406036882e-15
5.345260020152902143e+03 1.787820884974647359e-15
5.348059309951038813e+03 1.787907349091512264e-15
5.350858599749174573e+03 1.698563224925816650e-15
5.353657889547310333e+03 1.619079751066343634e-15
5.356457179345447003e+03 1.822399454407523937e-15
5.359256469143583672e+03 1.777854874209315837e-15
5.362055758941719432e+03 1.657144821252308467e-15
5.364855048739855192e+03 1.734471093797300061e-15
5.367654338537992771e+03 1.677728675528491438e-15
5.370453628336128531e+03 1.647677989676512352e-15
5.373252918134264291e+03 1.705120118642644476e-15
5.376052207932400052e+03 1.555749980784203757e-15
5.378851497730537631e+03 1.576352605483433675e-15
5.381650787528673391e+03 1.561192368444486004e-15
5.384450077326809151e+03 1.770562217043649997e-15
5.387249367124955825e+03 1.610559606382413612e-15
5.390048656923091585e+03 1.675656724344421774e-15
5.392847946721228254e+03 1.718869222987053180e-15
5.395647236519364014e+03 1.602149195820595161e-15
5.398446526317500684e+03 1.774595205211055750e-15
5.401245816115636444e+03 1.634044046697603113e-15
5.404045105913773114e+03 1.639770695575196837e-15
5.406844395711909783e+03 1.760410388379197581e-15
5.409643685510045543e+03 1.723297671063193836e-15
5.412442975308181303e+03 1.681292987269846090e-15
5.415242265106317973e+03 1.811920685876196032e-15
5.418041554904454642e+03 1.787251457847795496e-15
5.420840844702590402e+03 1.813984045418491505e-15
5.423640134500726163e+03 1.580485222543262358e-15
5.426439424298863742e+03 1.520848508041940465e-15
5.429238714096999502e+03 1.690758611212307377e-15
5.432038003895145266e+03 1.832521282199873344e-15
5.434837293693281026e+03 1.636598114395725401e-15
5.437636583491417696e+03 1.591439028026768041e-15
5.440435873289554365e+03 1.688383212954058326e-15
5.443235163087690125e+03 1.443244148434903712e-15
5.446034452885826795e+03 1.629775940606546049e-15
5.448833742683962555e+03 1.696104488326663584e-15
5.451633032482099225e+03 1.657928968856634560e-15
5.454432322280234985e+03 1.549595747670188015e-15
5.457231612078371654e+03 1.797849800735545201e-15
5.460030901876507414e+03 1.858455875238971392e-15
5.462830191674644084e+03 1.681025424798216538e-15
5.465629481472780753e+03 1.585552506591202103e-15
5.468428771270916513e+03 1.593122495662026158e-15
5.471228061069062278e+03 1.633854182964139478e-15
5.474027350867198948e+03 1.627531814330022317e-15
5.476826640665335617e+03 1.619632306563635940e-15
5.479625930463471377e+03 1.458276856323929753e-15
5.482425220261607137e+03 1.552333451619337470e-15
5.485224510059744716e+03 1.476704442331661523e-15
5.488023799857880476e+03 1.723313360431651256e-15
5.490823089656016236e+03 1.625161401647202223e-15
5.493622379454151996e+03 1.511605159649743793e-15
5.496421669252289576e+03 1.770963333658534614e-15
5.499220959050425336e+03 1.649159664920899952e-15
5.502020248848561096e+03 1.609235677522453233e-15
5.504819538646697765e+03 1.577716239671283252e-15
5.507618828444834435e+03 1.629248817067270561e-15
5.510418118242970195e+03 1.644976299241115844e-15
5.513217408041105955e+03 1.595954603542145396e-15
5.516016697839252629e+03 1.550511546704871932e-15
5.518815987637388389e+03 1.466762085323729399e-15
5.521615277435525059e+03 1.701655837047159609e-15
5.524414567233661728e+03 1.680594794398921403e-15
5.527213857031797488e+03 1.524597361631200511e-15
5.530013146829933248e+03 1.538703379227582031e-15
5.532812436628069918e+03 1.630506579861073871e-15
5.535611726426206587e+03 1.701256546460749308e-15
5.538411016224342347e+03 1.600540608596183424e-15
5.541210306022478107e+03 1.646929993806240381e-15
5.544009595820615687e+03 1.572598281455404064e-15
5.546808885618751447e+03 1.520843122422718559e-15
5.549608175416887207e+03 1.575304353031074359e-15
5.552407465215022967e+03 1.503025475572587111e-15
5.555206755013160546e+03 1.570665127501030085e-15
5.558006044811306310e+03 1.610821059565440212e-15
5.560805334609442070e+03 1.498692103371122649e-15
5.563604624407578740e+03 1.669663461719818503e-15
5.566403914205715409e+03 1.597645684240784512e-15
5.569203204003851170e+03 1.570603458283322796e-15
5.572002493801986930e+03 1.475417961239609512e-15
5.574801783600123599e+03 1.518831096267700530e-15
5.577601073398260269e+03 1.769513122800245453e-15
5.580400363196396029e+03 1.579976364902677985e-15
5.583199652994532698e+03 1.421353291204827173e-15
5.585998942792668458e+03 1.584823159304720882e-15
5.588798232590805128e+03 1.496106315640900814e-15
5.591597522388940888e+03 1.593187406917592112e-15
5.594396812187077558e+03 1.616048668961800223e-15
5.597196101985213318e+03 1.574190441558930716e-15
5.599995391783349987e+03 1.681988206384089858e-15
5.602794681581496661e+03 1.588102592952700094e-15
5.605593971379632421e+03 1.434000766673136993e-15
5.608393261177768181e+03 1.528166700906268792e-15
5.611192550975903941e+03 1.647043127783728878e-15
5.613991840774041520e+03 1.478058816647720019e-15
5.616791130572177281e+03 1.550167443684069342e-15
5.619590420370313041e+03 1.543045516398484642e-15
5.622389710168449710e+03 1.590900678875270473e-15
5.625188999966586380e+03 1.476710849929602184e-15
5.627988289764722140e+03 1.511022509941545397e-15
5.630787579562857900e+03 1.412043560788437794e-15
5.633586869360994569e+03 1.619100330695154052e-15
5.636386159159131239e+03 1.368876142400566818e-15
5.639185448957266999e+03 1.330666755726731382e-15
5.641984738755403669e+03 1.507398385531228099e-15
5.644784028553539429e+03 1.467324448564023414e-15
5.647583318351676098e+03 1.634201465972146763e-15
5.650382608149821863e+03 1.491901660334734135e-15
5.653181897947958532e+03 1.618425407500158749e-15
5.655981187746094292e+03 1.557389690813467751e-15
5.658780477544230052e+03 1.515877597632703888e-15
5.661579767342367631e+03 1.575074021217157590e-15
5.664379057140503392e+03 1.640917818600929395e-15
5.667178346938639152e+03 1.392043768664061638e-15
5.669977636736774912e+03 1.450677288660141872e-15
5.672776926534912491e+03 1.528018204922137511e-15
5.675576216333048251e+03 1.411079860023817555e-15
5.678375506131184011e+03 1.446422543009218667e-15
5.681174795929320680e+03 1.457292290029884065e-15
5.683974085727457350e+03 1.495343282701532226e-15
5.686773375525603115e+03 1.448553270365887536e-15
5.689572665323738875e+03 1.381101053146254286e-15
5.692371955121875544e+03 1.347841446431923121e-15
5.695171244920012214e+03 1.381805769206764897e-15
5.697970534718147974e+03 1.176571427793680536e-15
5.700769824516284643e+03 1.449157952744834655e-15
5.703569114314420403e+03 1.392037327126431490e-15
5.706368404112557073e+03 1.501575843749463373e-15
5.709167693910692833e+03 1.435871649654812511e-15
5.711966983708829503e+03 1.618603980303015462e-15
5.714766273506965263e+03 1.428678199558074898e-15
5.717565563305101932e+03 1.560982299184796618e-15
5.720364853103238602e+03 1.353312593057026145e-15
5.723164142901374362e+03 1.407238989627670620e-15
5.725963432699510122e+03 1.418496162025075143e-15
5.728762722497655886e+03 1.402773440701886314e-15
5.731562012295793465e+03 1.450193845977742310e-15
5.734361302093929226e+03 1.468770445655196038e-15
5.737160591892064986e+03 1.712250772129111745e-15
5.739959881690201655e+03 1.591330815573016942e-15
5.742759171488338325e+03 1.304619767273396874e-15
5.745558461286474085e+03 1.382501575917191411e-15
5.748357751084609845e+03 1.454727478328481774e-15
5.751157040882746514e+03 1.435060868391789241e-15
5.753956330680883184e+03 1.480086622302264493e-15
5.756755620479018944e+03 1.298951007168462224e-15
5.759554910277155614e+03 1.526056263708828633e-15
5.762354200075291374e+03 1.603948624929776600e-15
5.765153489873428043e+03 1.417389179256687423e-15
5.767952779671563803e+03 1.403077021705307102e-15
5.770752069469700473e+03 1.566492471212708660e-15
5.773551359267836233e+03 1.460455220179100755e-15
5.776350649065982907e+03 1.567352596700991626e-15
5.779149938864119576e+03 1.460250675893431015e-15
5.781949228662255337e+03 1.513704588588499550e-15
5.784748518460391097e+03 1.607326909736161716e-15
5.787547808258527766e+03 1.506940292558180597e-15
5.790347098056664436e+03 1.346693411106799633e-15
5.793146387854800196e+03 1.521617774856119136e-15
5.795945677652935956e+03 1.462418630505280257e-15
5.798744967451073535e+03 1.369619864263244918e-15
5.801544257249209295e+03 1.460874942802050609e-15
5.804343547047345055e+03 1.480951966469373910e-15
5.807142836845480815e+03 1.523455545878201101e-15
5.809942126643618394e+03 1.499791156213788375e-15
5.812741416441754154e+03 1.558559351495952380e-15
5.815540706239889914e+03 1.514342271671698274e-15
5.818339996038026584e+03 1.351709197682959499e-15
5.821139285836172348e+03 1.555794429594259032e-15
5.823938575634309018e+03 1.565906366981221897e-15
5.826737865432444778e+03 1.560526253456987893e-15
5.829537155230581448e+03 1.402533375071936737e-15
5.832336445028717208e+03 1.392941908710735002e-15
5.835135734826853877e+03 1.487767214542726347e-15
5.837935024624990547e+03 1.440433679342359348e-15
5.840734314423126307e+03 1.438199681273324682e-15
5.843533604221262067e+03 1.275753480982032270e-15
5.846332894019398736e+03 1.414988363481908227e-15
5.849132183817535406e+03 1.431575140849811425e-15
5.851931473615671166e+03 1.513994148608858010e-15
5.854730763413806926e+03 1.415483261138178456e-15
5.857530053211944505e+03 1.547355466398646629e-15
5.860329343010080265e+03 1.507166676776730316e-15
5.863128632808226030e+03 1.487665266499625604e-15
5.865927922606361790e+03 1.518261972018086237e-15
5.868727212404498459e+03 1.433937064611934394e-15
5.871526502202635129e+03 1.439074475946236008e-15
5.874325792000770889e+03 1.481470190061311015e-15
5.877125081798907559e+03 1.475968975519564882e-15
5.879924371597043319e+03 1.463947349316185329e-15
5.882723661395179988e+03 1.253935315787460159e-15
5.885522951193315748e+03 1.430081839723731861e-15
5.888322240991452418e+03 1.303943069159182233e-15
5.891121530789588178e+03 1.514641100657648384e-15
5.893920820587724847e+03 1.442790966909312733e-15
5.896720110385861517e+03 1.331859197906954466e-15
5.899519400184007281e+03 1.383723190639288684e-15
5.902318689982143042e+03 1.465618929460410597e-15
5.905117979780279711e+03 1.564688680119782248e-15
5.907917269578416381e+03 1.463739675181840974e-15
5.910716559376552141e+03 1.328685383930463907e-15
5.913515849174687901e+03 1.264650510413314655e-15
5.916315138972825480e+03 1.442074990224606913e-15
5.919114428770961240e+03 1.212189049795616252e-15
5.921913718569097000e+03 1.348175650587326609e-15
5.924713008367232760e+03 1.441672614522199904e-15
5.927512298165370339e+03 1.363811163801903848e-15
5.930311587963506099e+03 1.522714065552146530e-15
5.933110877761641859e+03 1.294366214859304546e-15
5.935910167559778529e+03 1.206324414986098142e-15
5.938709457357915198e+03 1.391903969328269233e-15
5.941508747156060963e+03 1.308152596206818240e-15
5.944308036954196723e+03 1.236019887380112604e-15
5.947107326752333393e+03 1.375896147804567990e-15
5.949906616550469153e+03 1.269909574542576084e-15
5.952705906348605822e+03 1.370105268099924336e-15
5.955505196146742492e+03 1.326967848753628896e-15
5.958304485944878252e+03 1.487445465377578184e-15
5.961103775743014012e+03 1.417907706840696697e-15
5.963903065541150681e+03 1.423398562828751943e-15
5.966702355339287351e+03 1.383059240969636245e-15
5.969501645137423111e+03 1.218758787163868665e-15
5.972300934935558871e+03 1.500982672119548654e-15
5.975100224733696450e+03 1.407391374643136412e-15
5.977899514531832210e+03 1.473893053745807812e-15
5.980698804329967970e+03 1.248665026066329459e-15
5.983498094128103730e+03 1.337057907469185574e-15
5.986297383926251314e+03 1.173766328011014442e-15
5.989096673724387074e+03 1.456468647320302244e-15
5.991895963522522834e+03 1.206551345990818178e-15
5.994695253320659504e+03 1.317062993644128557e-15
5.997494543118796173e+03 1.076110566865113249e-15
6.000293832916931933e+03 1.321093602106910885e-15
6.003093122715067693e+03 1.316561513029417928e-15
6.005892412513204363e+03 1.264043439867841046e-15
6.008691702311341032e+03 1.346410182151982463e-15
6.011490992109476792e+03 1.308350176388620431e-15
6.014290281907613462e+03 1.332428525288725170e-15
6.017089571705749222e+03 1.203756381073769382e-15
6.019888861503885892e+03 1.219942016287727757e-15
6.022688151302021652e+03 1.348555202475924599e-15
6.025487441100158321e+03 1.304474846957647664e-15
6.028286730898294081e+03 1.469526015347133672e-15
6.031086020696439846e+03 1.155149889476821990e-15
6.033885310494577425e+03 1.074232476548666340e-15
6.036684600292713185e+03 1.207849108539801362e-15
6.039483890090848945e+03 1.249768853163414866e-15
6.042283179888984705e+03 1.229267141278043884e-15
6.045082469687122284e+03 1.182524332185734326e-15
6.047881759485258044e+03 1.191937379105454291e-15
6.050681049283393804e+03 1.217326785665327446e-15
6.053480339081530474e+03 1.191130383852987389e-15
6.056279628879667143e+03 1.180248358355498647e-15
6.059078918677802903e+03 1.298018141836491732e-15
6.061878208475938663e+03 1.220257023197830277e-15
6.064677498274075333e+03 1.307905350837632463e-15
6.067476788072212003e+03 1.329480106513065036e-15
6.070276077870357767e+03 1.261803451272964611e-15
6.073075367668494437e+03 1.180491253526707744e-15
6.075874657466630197e+03 1.132509407200307842e-15
6.078673947264766866e+03 1.140064255831729632e-15
6.081473237062902626e+03 1.259669458263287331e-15
6.084272526861039296e+03 1.232242587582375823e-15
6.087071816659175056e+03 1.211384412599780421e-15
6.089871106457311726e+03 1.277145956483451546e-15
6.092670396255448395e+03 1.292044909255248342e-15
6.095469686053584155e+03 1.193456406021000115e-15
6.098268975851719915e+03 1.197604337764072552e-15
6.101068265649856585e+03 1.336371383754753288e-15
6.103867555447993254e+03 1.162003283393677592e-15
6.106666845246129014e+03 1.077535896660408733e-15
6.109466135044264774e+03 1.260885906828413732e-15
6.112265424842411448e+03 1.234951161983442903e-15
6.115064714640548118e+03 1.304893794678793092e-15
6.117864004438683878e+03 1.204569200020523709e-15
6.120663294236819638e+03 1.141518620311537847e-15
6.123462584034956308e+03 1.176566627283772755e-15
6.126261873833092977e+03 1.236320411107243457e-15
6.129061163631228737e+03 1.261127221129558641e-15
6.131860453429365407e+03 1.320560488390597354e-15
6.134659743227501167e+03 1.196267923504298809e-15
6.137459033025637837e+03 1.193171831313899987e-15
6.140258322823773597e+03 1.255572883184401011e-15
6.143057612621910266e+03 1.140910290676207014e-15
6.145856902420046026e+03 1.047764187069480665e-15
6.148656192218182696e+03 1.170599226627693064e-15
6.151455482016319365e+03 1.148880734273955803e-15
6.154254771814455125e+03 1.174090468815269787e-15
6.157054061612590885e+03 1.272712670920326980e-15
6.159853351410736650e+03 1.333810470584678447e-15
6.162652641208874229e+03 1.204810067279676410e-15
6.165451931007009989e+03 1.100653011059409329e-15
6.168251220805145749e+03 1.110326723482865702e-15
6.171050510603282419e+03 1.095949404419920105e-15
6.173849800401419088e+03 1.134923979223869716e-15
6.176649090199554848e+03 1.128699663211542125e-15
6.179448379997690608e+03 1.100968495949337198e-15
6.182247669795827278e+03 1.117474044848732622e-15
6.185046959593963948e+03 1.119671624170797943e-15
6.187846249392099708e+03 1.148901485457205559e-15
6.190645539190236377e+03 1.203980230312537077e-15
6.193444828988372137e+03 1.098315162212024897e-15
6.196244118786518811e+03 1.021539675904764973e-15
6.199043408584654571e+03 1.022379005345090005e-15
6.201842698382791241e+03 1.062424728041874031e-15
6.204641988180927001e+03 9.492371429990692427e-16
6.207441277979063671e+03 1.189721308649725025e-15
6.210240567777200340e+03 1.240628048790946577e-15
6.213039857575336100e+03 1.076866670125058801e-15
6.215839147373471860e+03 1.063300039751759805e-15
6.218638437171608530e+03 9.771464517197358642e-16
6.221437726969745199e+03 1.020363120237005478e-15
6.224237016767880959e+03 1.021390915478813967e-15
6.227036306566016719e+03 1.171661104485394270e-15
6.229835596364154298e+03 1.181478193336844308e-15
6.232634886162290059e+03 1.121869766064725236e-15
6.235434175960425819e+03 1.204246473312057990e-15
6.238233465758571583e+03 1.044866148480481589e-15
6.241032755556708253e+03 1.050573764651418087e-15
6.243832045354844922e+03 1.133771224252555730e-15
6.246631335152980682e+03 1.130708828714516643e-15
6.249430624951117352e+03 1.144351705161479074e-15
6.252229914749253112e+03 1.031581911995253012e-15
6.255029204547389782e+03 1.014562074986111398e-15
6.257828494345525542e+03 1.078000062761867853e-15
6.260627784143662211e+03 1.104775202157909535e-15
6.263427073941797971e+03 1.177358238320490862e-15
6.266226363739934641e+03 1.188706242513760129e-15
6.269025653538071310e+03 1.113357291406020619e-15
6.271824943336207070e+03 1.188104309714916448e-15
6.274624233134342830e+03 1.187513221161843664e-15
6.277423522932479500e+03 1.138384523310015537e-15
6.280222812730616170e+03 1.112966384164957085e-15
6.283022102528761934e+03 1.102227542451737504e-15
6.285821392326897694e+03 1.009711894505061220e-15
6.288620682125035273e+03 9.214130437180909333e-16
6.291419971923171033e+03 1.022997492700796966e-15
6.294219261721306793e+03 1.154420480767318143e-15
6.297018551519442553e+03 1.030255164874951529e-15
6.299817841317580132e+03 1.112572559680847767e-15
6.302617131115715893e+03 1.108773916805639458e-15
6.305416420913851653e+03 1.135306488258516724e-15
6.308215710711988322e+03 1.108718893820471903e-15
6.311015000510124992e+03 1.063736514841344927e-15
6.313814290308260752e+03 1.167040101215299299e-15
6.316613580106396512e+03 1.186013834353489457e-15
6.319412869904533181e+03 1.012130125233078931e-15
6.322212159702669851e+03 1.095650102096824380e-15
6.325011449500805611e+03 1.103861197144815708e-15
6.327810739298952285e+03 1.094223232970094706e-15
6.330610029097088045e+03 1.082956253514627211e-15
6.333409318895223805e+03 1.114940969247615581e-15
6.336208608693360475e+03 1.228133250120700162e-15
6.339007898491497144e+03 1.109707299703078212e-15
6.341807188289632904e+03 1.058270604356681789e-15
6.344606478087768664e+03 9.894707970707316134e-16
6.347405767885906243e+03 1.106458076453139955e-15
6.350205057684042004e+03 1.062140925575307354e-15
6.353004347482177764e+03 1.215820426149176304e-15
6.355803637280313524e+03 1.155209214369953789e-15
6.358602927078451103e+03 1.039702922492190454e-15
6.361402216876586863e+03 1.037709352264137662e-15
6.364201506674722623e+03 1.076395803324740335e-15
6.367000796472859292e+03 1.142887979358668990e-15
6.369800086271005057e+03 1.090478011987146226e-15
6.372599376069141726e+03 9.142199681238573341e-16
6.375398665867277487e+03 1.016484668426927785e-15
6.378197955665414156e+03 1.099659519121163289e-15
6.380997245463549916e+03 1.026787491891242670e-15
6.383796535261686586e+03 1.184486155487741799e-15
6.386595825059823255e+03 1.078907574184617843e-15
6.389395114857959015e+03 1.008059067351679384e-15
6.392194404656094775e+03 1.047262301838651322e-15
6.394993694454231445e+03 1.012598008749593825e-15
6.397792984252368115e+03 1.002052185779373259e-15
6.400592274050503875e+03 1.037666132863842828e-15
6.403391563848639635e+03 1.047301729819689040e-15
6.406190853646777214e+03 1.022511940297402109e-15
6.408990143444912974e+03 1.028456077315986822e-15
6.411789433243048734e+03 1.027796741598728242e-15
6.414588723041194498e+03 9.989144708072339477e-16
6.417388012839332077e+03 9.790821617375356934e-16
6.420187302637467837e+03 1.082078179921775128e-15
6.422986592435603598e+03 1.131435890387197043e-15
6.425785882233740267e+03 1.050714198325731773e-15
6.428585172031876937e+03 1.002326185693603541e-15
6.431384461830012697e+03 1.099558486894980505e-15
6.434183751628148457e+03 1.124750069734798938e-15
6.436983041426285126e+03 9.209528106225930798e-16
6.439782331224421796e+03 9.841735764899587896e-16
6.442581621022557556e+03 1.115745170310195607e-15
6.445380910820694226e+03 9.625095362101972536e-16
6.448180200618829986e+03 1.088148784998195642e-15
6.450979490416966655e+03 9.851205887216315897e-16
6.453778780215112420e+03 1.110281648468693056e-15
6.456578070013249089e+03 1.086411213952825028e-15
6.459377359811384849e+03 1.026980654589872454e-15
6.462176649609520609e+03 9.956161721330419178e-16
6.464975939407658188e+03 1.142506970091508708e-15
6.467775229205793948e+03 1.022309156275403682e-15
6.470574519003929709e+03 1.021899691352311272e-15
6.473373808802065469e+03 1.071955766322777489e-15
6.476173098600203048e+03 9.986653274373971503e-16
6.478972388398338808e+03 1.110201253896992738e-15
6.481771678196474568e+03 9.936127053153273204e-16
6.484570967994611237e+03 1.115677403586489735e-15
6.487370257792747907e+03 1.087440635605729074e-15
6.490169547590883667e+03 1.108601947372500704e-15
6.492968837389019427e+03 1.124431261745793538e-15
6.495768127187166101e+03 9.935960164136572221e-16
6.498567416985302771e+03 9.455699692975259759e-16
6.501366706783438531e+03 9.961627472407411572e-16
6.504165996581575200e+03 9.458373703683387623e-16
6.506965286379710960e+03 9.229770897171365605e-16
6.509764576177847630e+03 1.009572723159684003e-15
6.512563865975983390e+03 1.051041799479263536e-15
6.515363155774120060e+03 1.075276442530637623e-15
6.518162445572255820e+03 9.914785045069244272e-16
6.520961735370392489e+03 1.006701741418517503e-15
6.523761025168529159e+03 1.065496358878732557e-15
6.526560314966664919e+03 1.056921361249266533e-15
6.529359604764800679e+03 9.735748971107064785e-16
6.532158894562937348e+03 1.017891184835152174e-15
6.534958184361074018e+03 9.507450645990575186e-16
6.537757474159209778e+03 9.533784524265156396e-16
6.540556763957355543e+03 1.078861089451662926e-15
6.543356053755492212e+03 1.016155051085197128e-15
6.546155343553628882e+03 9.774982604648632336e-16
6.548954633351764642e+03 9.773682999280981430e-16
6.551753923149900402e+03 1.043079177915922308e-15
6.554553212948037071e+03 1.139909786363716525e-15
6.557352502746173741e+03 9.694530642107474705e-16
6.560151792544309501e+03 1.046083787901402542e-15
6.562951082342446171e+03 1.210060292066341004e-15
6.565750372140581931e+03 1.048937094792181272e-15
6.568549661938718600e+03 1.097443994995731682e-15
6.571348951736854360e+03 1.133689656268842880e-15
6.574148241534991030e+03 1.020071044241631366e-15
6.576947531333126790e+03 9.830814269639022885e-16
6.579746821131263459e+03 9.847780739761756430e-16
6.582546110929410133e+03 1.119945873418796294e-15
6.585345400727535889e+03 1.119034517420567167e-15
6.588144690525681654e+03 9.536081282496451212e-16
6.590943980323817414e+03 1.078955078590367668e-15
6.593743270121954993e+03 9.603127442946902302e-16
6.596542559920090753e+03 9.545467140798250123e-16
6.599341849718226513e+03 1.116642846993621327e-15
6.602141139516363182e+03 1.008653936682575243e-15
6.604940429314499852e+03 9.230333970516723143e-16
6.607739719112635612e+03 9.965631263554338192e-16
6.610539008910771372e+03 1.076612896623956974e-15
6.613338298708908042e+03 1.031473978984368651e-15
6.616137588507044711e+03 1.083688351793463401e-15
6.618936878305180471e+03 1.029657561262287590e-15
6.621736168103317141e+03 1.004749423318000946e-15
6.624535457901452901e+03 1.025692341468606058e-15
6.627334747699589570e+03 8.904618646840775144e-16
6.630134037497735335e+03 9.393205996008812852e-16
6.632933327295872004e+03 1.058102688693148654e-15
6.635732617094007765e+03 9.089024766282804834e-16
6.638531906892144434e+03 9.031437217976290540e-16
6.641331196690281104e+03 9.281315857828778558e-16
6.644130486488416864e+03 9.063962648931302308e-16
6.646929776286552624e+03 9.155270194274000393e-16
6.649729066084689293e+03 9.825920976378036216e-16
6.652528355882825963e+03 1.009513700055513359e-15
6.655327645680961723e+03 1.081348308231956245e-15
6.658126935479097483e+03 9.348130824853180519e-16
6.660926225277235062e+03 1.094321839044136911e-15
6.663725515075370822e+03 9.636647983529833535e-16
6.666524804873516587e+03 9.387559866986695963e-16
6.669324094671652347e+03 1.032152566999385270e-15
6.672123384469789016e+03 9.065562546517151166e-16
6.674922674267925686e+03 9.843254610683925753e-16
6.677721964066061446e+03 8.996768861192337090e-16
6.680521253864198115e+03 9.511224142789510774e-16
6.683320543662333876e+03 1.086783709937456941e-15
6.686119833460470545e+03 1.029397831223509380e-15
6.688919123258606305e+03 1.041835987260358766e-15
6.691718413056742975e+03 9.345010027015919414e-16
6.694517702854878735e+03 8.808276545005205745e-16
6.697316992653015404e+03 9.242747030364383038e-16
6.700116282451152074e+03 1.006132495357532456e-15
6.702915572249287834e+03 9.730066214607420461e-16
6.705714862047423594e+03 9.402152777021726096e-16
6.708514151845560264e+03 1.028502907992404135e-15
6.711313441643696933e+03 9.305461340078622712e-16
6.714112731441842698e+03 9.291361266839250247e-16
6.716912021239968453e+03 8.615327403679094605e-16
6.719711311038116037e+03 9.270058965121538609e-16
6.722510600836251797e+03 9.072428965811748495e-16
6.725309890634387557e+03 8.607399317609727913e-16
6.728109180432523317e+03 8.919272939672524649e-16
6.730908470230660896e+03 9.115261888120872372e-16
6.733707760028796656e+03 9.503807968895063904e-16
6.736507049826932416e+03 1.084698733283665749e-15
6.739306339625069086e+03 8.059567162028295542e-16
6.742105629423205755e+03 9.054804426861650525e-16
6.744904919221341515e+03 1.011735407885987656e-15
6.747704209019477275e+03 1.047036333807034860e-15
6.750503498817613945e+03 9.750032059182704618e-16
6.753302788615750615e+03 9.176081708753278201e-16
6.756102078413896379e+03 7.522653984524766078e-16
6.758901368212033049e+03 9.643930588457463353e-16
6.761700658010168809e+03 8.773143085349619055e-16
6.764499947808304569e+03 7.358086977359308995e-16
6.767299237606441238e+03 7.475618685820813142e-16
6.770098527404577908e+03 7.213529452611988856e-16
6.772897817202713668e+03 8.607630289611435076e-16
6.775697107000849428e+03 9.193739669083068550e-16
6.778496396798987007e+03 9.435978509597397952e-16
6.781295686597122767e+03 8.120538270846782947e-16
6.784094976395258527e+03 8.363917434727851570e-16
6.786894266193394287e+03 8.269966962893731632e-16
6.789693555991531866e+03 8.369930320047994347e-16
6.792492845789667626e+03 7.471259170582762704e-16
6.795292135587803386e+03 8.470708667484399077e-16
6.798091425385950060e+03 8.699942230926242524e-16
6.800890715184076726e+03 9.283709479888886213e-16
6.803690004982222490e+03 8.353739523065096588e-16
6.806489294780358250e+03 9.503837393355233201e-16
6.809288584578494920e+03 8.906023237226615241e-16
6.812087874376630680e+03 9.544258366417540153e-16
6.814887164174767349e+03 8.291796821768773015e-16
6.817686453972904019e+03 8.698240796011683510e-16
6.820485743771039779e+03 7.642920550689514380e-16
6.823285033569175539e+03 7.475610469874093971e-16
6.826084323367312209e+03 7.374099216110873729e-16
6.828883613165448878e+03 8.237291235735514740e-16
6.831682902963584638e+03 9.658380151776598519e-16
6.834482192761720398e+03 1.041854542161555922e-15
6.837281482559857977e+03 9.382205804862530562e-16
6.840080772357993737e+03 9.106941742843961212e-16
6.842880062156129497e+03 9.073399644526796997e-16
6.845679351954275262e+03 7.651535056831513536e-16
6.848478641752412841e+03 7.732984340069219872e-16
6.851277931550548601e+03 8.704113025049945146e-16
6.854077221348684361e+03 9.088385390352235657e-16
6.856876511146821031e+03 8.902491808729968355e-16
6.859675800944957700e+03 8.810568443209152417e-16
6.862475090743093460e+03 9.375586700557042657e-16
6.865274380541229220e+03 9.179977015780227091e-16
6.868073670339365890e+03 8.853003305851766728e-16
6.870872960137502560e+03 8.111263074995382232e-16
6.873672249935638320e+03 8.233229780797172064e-16
6.876471539733774989e+03 8.855389076121270996e-16
6.879270829531910749e+03 8.279545024690858738e-16
6.882070119330047419e+03 8.669945068759335085e-16
6.884869409128193183e+03 9.311976129162703241e-16
6.887668698926329853e+03 8.830655591772274245e-16
6.890467988724465613e+03 8.901766370845813262e-16
6.893267278522601373e+03 7.838354312041823344e-16
6.896066568320738952e+03 9.065160964420981806e-16
6.898865858118874712e+03 8.430490770251916527e-16
6.901665147917010472e+03 8.883300451027260315e-16
6.904464437715146232e+03 7.547316966516767606e-16
6.907263727513283811e+03 7.623887864520689601e-16
6.910063017311419571e+03 8.297635545516788582e-16
6.912862307109555331e+03 8.044437858338217575e-16
6.915661596907692001e+03 8.662069151701673467e-16
6.918460886705828671e+03 8.137535422128284135e-16
6.921260176503964431e+03 9.386441536212427593e-16
6.924059466302100191e+03 9.418817161187707399e-16
6.926858756100236860e+03 8.938039559324650721e-16
6.929658045898383534e+03 9.037087465184673866e-16
6.932457335696519294e+03 8.580788081738344834e-16
6.935256625494655964e+03 8.618073087286541013e-16
6.938055915292791724e+03 8.352485965608378900e-16
6.940855205090928393e+03 8.385571424100730953e-16
6.943654494889064154e+03 7.812073854775543087e-16
6.946453784687200823e+03 7.277400990567589663e-16
6.949253074485336583e+03 8.324555007965760078e-16
6.952052364283473253e+03 8.775845408570238364e-16
6.954851654081609922e+03 8.139138096498228205e-16
6.957650943879745682e+03 8.660059897745705491e-16
6.960450233677881442e+03 8.390279509122269401e-16
6.963249523476018112e+03 8.811781389580858209e-16
6.966048813274154782e+03 9.545075896966384539e-16
6.968848103072290542e+03 8.774185900295746165e-16
6.971647392870426302e+03 8.164597665645918135e-16
6.974446682668572976e+03 7.179787340464525621e-16
6.977245972466709645e+03 7.749053001329890919e-16
6.980045262264845405e+03 8.669529415857114721e-16
6.982844552062981165e+03 8.222612172216618203e-16
6.985643841861117835e+03 8.437536816747603616e-16
6.988443131659254504e+03 7.905136213031420482e-16
6.991242421457390265e+03 9.297626765860835950e-16
6.994041711255526934e+03 8.658528511548545372e-16
6.996841001053662694e+03 8.137343257608578435e-16
6.999640290851799364e+03 7.960929098385792912e-16
7.002439580649935124e+03 7.561576438102662859e-16
7.005238870448071793e+03 7.207364770915775177e-16
7.008038160246207553e+03 8.448037146579756116e-16
7.010837450044344223e+03 7.885784377164220883e-16
7.013636739842480893e+03 7.699226824029071039e-16
7.016436029640626657e+03 8.240601722902870397e-16
7.019235319438762417e+03 7.629756401793661844e-16
7.022034609236898177e+03 7.452653198372231213e-16
7.024833899035035756e+03 7.832237904761415946e-16
7.027633188833171516e+03 7.971766971670643823e-16
7.030432478631307276e+03 7.892905035723697845e-16
7.033231768429443946e+03 8.375226325889383169e-16
7.036031058227580615e+03 7.466422407629607585e-16
7.038830348025716376e+03 7.619805106607361043e-16
7.041629637823852136e+03 7.678802794512542679e-16
7.044428927621988805e+03 7.435297393660603542e-16
7.047228217420125475e+03 9.171734484007857156e-16
7.050027507218271239e+03 7.954314461972983976e-16
7.052826797016407909e+03 7.636422409671350003e-16
7.055626086814543669e+03 8.771489042653782758e-16
7.058425376612680338e+03 8.405300204988111168e-16
7.061224666410816099e+03 7.926125312501492062e-16
7.064023956208952768e+03 8.386095011888068017e-16
7.066823246007088528e+03 7.951660927134895006e-16
7.069622535805225198e+03 7.120758194270335508e-16
7.072421825603361867e+03 6.845336087572752138e-16
7.075221115401497627e+03 8.145893538032486115e-16
7.078020405199633387e+03 8.094924271348138263e-16
7.080819694997770057e+03 8.065811700050218588e-16
7.083618984795906727e+03 8.194894489943250439e-16
7.086418274594042487e+03 9.008740296293898409e-16
7.089217564392178247e+03 9.543864441399741404e-16
7.092016854190315826e+03 8.568914865294510521e-16
7.094816143988451586e+03 8.806718615583661524e-16
7.097615433786597350e+03 8.135011230643599668e-16
7.100414723584723106e+03 7.075328657594858532e-16
7.103214013382869780e+03 7.995656020452110354e-16
7.106013303181006449e+03 8.099629649935740473e-16
7.108812592979142210e+03 7.788054859324231891e-16
7.111611882777278879e+03 7.866094207209649115e-16
7.114411172575414639e+03 7.237417363705040109e-16
7.117210462373551309e+03 8.579975857040589296e-16
7.120009752171687069e+03 7.003455908336843133e-16
7.122809041969823738e+03 8.711710202584204074e-16
7.125608331767959498e+03 7.028226985757449223e-16
7.128407621566096168e+03 6.603403002037422051e-16
7.131206911364232838e+03 7.310355229465376344e-16
7.134006201162368598e+03 8.015992003849555384e-16
7.136805490960504358e+03 9.041443783087795799e-16
7.139604780758651032e+03 8.069634208716588360e-16
7.142404070556787701e+03 7.186542901228563782e-16
7.145203360354923461e+03 7.554339894791659292e-16
7.148002650153059221e+03 7.757379197279070225e-16
7.150801939951196800e+03 7.649485712240979458e-16
7.153601229749332560e+03 7.621267778442641345e-16
7.156400519547468321e+03 8.009926062082680250e-16
7.159199809345604081e+03 7.451477371425504614e-16
7.161999099143741660e+03 7.889887211925355862e-16
7.164798388941877420e+03 8.186497253762744743e-16
7.167597678740013180e+03 7.270597075853233715e-16
7.170396968538149849e+03 8.589889476704659128e-16
7.173196258336286519e+03 7.903344359030404906e-16
7.175995548134432283e+03 8.584354875609268102e-16
7.178794837932558039e+03 8.164038499713911806e-16
7.181594127730704713e+03 7.938876442826288238e-16
7.184393417528831378e+03 8.261058394802422163e-16
7.187192707326977143e+03 7.667295505708240098e-16
7.189991997125113812e+03 7.501512982023649050e-16
7.192791286923249572e+03 8.561636361069974926e-16
7.195590576721385332e+03 8.034820866832101758e-16
7.198389866519522002e+03 6.296631059902378591e-16
7.201189156317658671e+03 6.764358018989933715e-16
7.203988446115794432e+03 6.472696870718262404e-16
7.206787735913930192e+03 7.135626419186792483e-16
7.209587025712067771e+03 6.737229360556871843e-16
7.212386315510203531e+03 6.553202068276574290e-16
7.215185605308339291e+03 8.348392289120160693e-16
7.217984895106475051e+03 7.497425017410781153e-16
7.220784184904612630e+03 7.696902674527920398e-16
7.223583474702748390e+03 7.539369523247084375e-16
7.226382764500884150e+03 6.857688885769758851e-16
7.229182054299030824e+03 6.815298184519787885e-16
7.231981344097166584e+03 7.227264546043662968e-16
7.234780633895303254e+03 6.450268021278329131e-16
7.237579923693439014e+03 6.073911960770447873e-16
7.240379213491575683e+03 6.483707995849647730e-16
7.243178503289712353e+03 7.190669285766915270e-16
7.245977793087848113e+03 7.000820639216007665e-16
7.248777082885984782e+03 6.834000112793127100e-16
7.251576372684120543e+03 7.370399348579504611e-16
7.254375662482257212e+03 7.612187516178111302e-16
7.257174952280392972e+03 8.721296818844734225e-16
7.259974242078529642e+03 6.546690497812346908e-16
7.262773531876665402e+03 6.759313014461402879e-16
7.265572821674802071e+03 7.924936242282812626e-16
7.268372111472948745e+03 6.543612432251993571e-16
7.271171401271084505e+03 6.743463721732393816e-16
7.273970691069220265e+03 8.459728611809909373e-16
7.276769980867356026e+03 8.487882908831516203e-16
7.279569270665493605e+03 7.496931379656571841e-16
7.282368560463629365e+03 7.831910554467423036e-16
7.285167850261765125e+03 7.082166570808523746e-16
7.287967140059901794e+03 7.566509006572985433e-16
7.290766429858038464e+03 8.423713631657995610e-16
7.293565719656174224e+03 7.454947931171239493e-16
7.296365009454309984e+03 6.863751218292005240e-16
7.299164299252446654e+03 7.976400091121645413e-16
7.301963589050583323e+03 7.841419672789388875e-16
7.304762878848719083e+03 6.421626340222741435e-16
7.307562168646855753e+03 6.679828308111593828e-16
7.310361458444991513e+03 7.968336584373033319e-16
7.313160748243137277e+03 7.654608410276259920e-16
7.315960038041273947e+03 6.872698677821832841e-16
7.318759327839410616e+03 7.104991717103165685e-16
7.321558617637546376e+03 8.420776795779160205e-16
7.324357907435682137e+03 6.537058023850500414e-16
7.327157197233819716e+03 7.376182157735344906e-16
7.329956487031955476e+03 8.144268334608810789e-16
7.332755776830091236e+03 7.438283163854112352e-16
7.335555066628226996e+03 6.656733068353150936e-16
7.338354356426364575e+03 6.671028066518095765e-16
7.341153646224500335e+03 6.776389144967974623e-16
7.343952936022636095e+03 6.600260833551071896e-16
7.346752225820772765e+03 7.426640461976888420e-16
7.349551515618909434e+03 7.258281150595798509e-16
7.352350805417045194e+03 7.314271588517803662e-16
7.355150095215180954e+03 7.387207414294893895e-16
7.357949385013327628e+03 7.122380494914356418e-16
7.360748674811464298e+03 7.139494939468693971e-16
7.363547964609600058e+03 6.509234326791041708e-16
7.366347254407736727e+03 6.633993399242645337e-16
7.369146544205872488e+03 5.861216402772359425e-16
7.371945834004009157e+03 6.276722291440284238e-16
7.374745123802144917e+03 6.857970554468810834e-16
7.377544413600281587e+03 7.310172493284929978e-16
7.380343703398417347e+03 7.174589666538589336e-16
7.383142993196554016e+03 7.072917780925569876e-16
7.385942282994690686e+03 7.138643481624458799e-16
7.388741572792826446e+03 6.718252024002051402e-16
7.391540862590962206e+03 6.710712746885334016e-16
7.394340152389098876e+03 7.497174893824774556e-16
7.397139442187235545e+03 6.587499985631661888e-16
7.399938731985381310e+03 8.086364899359626406e-16
7.402738021783517070e+03 6.964307511955291754e-16
7.405537311581653739e+03 7.077366671456668021e-16
7.408336601379790409e+03 7.512655207011918307e-16
7.411135891177926169e+03 6.659897746022733333e-16
7.413935180976061929e+03 7.284811042382277448e-16
7.416734470774198599e+03 7.319983383322110464e-16
7.419533760572335268e+03 6.700338244333132539e-16
7.422333050370471028e+03 6.539676125243738205e-16
7.425132340168607698e+03 7.768842968017402918e-16
7.427931629966743458e+03 7.499092695346829254e-16
7.430730919764880127e+03 6.539469604384646302e-16
7.433530209563015887e+03 8.165832012303373104e-16
7.436329499361152557e+03 7.868844383379657893e-16
7.439128789159288317e+03 6.268423700330509180e-16
7.441928078957434991e+03 7.330673284391529948e-16
7.444727368755571661e+03 6.752267695654369576e-16
7.447526658553707421e+03 7.304156103326769872e-16
7.450325948351843181e+03 7.514366901294903769e-16
7.453125238149979850e+03 6.149903743310703990e-16
7.455924527948116520e+03 7.527419968059265657e-16
7.458723817746252280e+03 7.775036665810222498e-16
7.461523107544388040e+03 6.754014461923957257e-16
7.464322397342525619e+03 5.995162669799098318e-16
7.467121687140661379e+03 6.163350116343823205e-16
7.469920976938797139e+03 7.467190362165136523e-16
7.472720266736932899e+03 7.798531187288944915e-16
7.475519556535070478e+03 6.446088827349598939e-16
7.478318846333206238e+03 6.664186432034659605e-16
7.481118136131341998e+03 7.759429303886003836e-16
7.483917425929488672e+03 6.788890156940145347e-16
7.486716715727624432e+03 5.446871470849673628e-16
7.489516005525761102e+03 5.681042654762226307e-16
7.492315295323896862e+03 5.604707016080403837e-16
7.495114585122033532e+03 6.155385973654950696e-16
7.497913874920169292e+03 5.770778351691721055e-16
7.500713164718305961e+03 5.244699077499266532e-16
7.503512454516442631e+03 7.144665874967199900e-16
7.506311744314578391e+03 8.245224165586626294e-16
7.509111034112714151e+03 6.933978805896726130e-16
7.511910323910850821e+03 6.054257115668133847e-16
7.514709613708987490e+03 5.884586687007545141e-16
7.517508903507123250e+03 5.668769912278723558e-16
7.520308193305259010e+03 5.871041500023035300e-16
7.523107483103396589e+03 6.379315868015615902e-16
7.525906772901542354e+03 6.440983646227352125e-16
7.528706062699678114e+03 7.814441225455978174e-16
7.531505352497813874e+03 7.144901359867479208e-16
7.534304642295950543e+03 7.286471631555940328e-16
7.537103932094087213e+03 5.972332545479886664e-16
7.539903221892222973e+03 7.717221366451711486e-16
7.542702511690359643e+03 8.048967252790585806e-16
7.545501801488495403e+03 7.346528356385952273e-16
7.548301091286632072e+03 8.076462207277441129e-16
7.551100381084767832e+03 8.136175416310702495e-16
7.553899670882904502e+03 6.589181775914009733e-16
7.556698960681040262e+03 7.154110253253108900e-16
7.559498250479176932e+03 7.623154008932619819e-16
7.562297540277313601e+03 6.954020175118320764e-16
7.565096830075449361e+03 9.161998796309470053e-16
7.567896119873585121e+03 6.834831941892714086e-16
7.570695409671731795e+03 6.054128836776475354e-16
7.573494699469868465e+03 7.640143426849642866e-16
7.576293989268004225e+03 7.098631171931098290e-16
7.579093279066139985e+03 8.383890835220151249e-16
7.581892568864277564e+03 7.316253847975548833e-16
7.584691858662413324e+03 6.674206485243694989e-16
7.587491148460549084e+03 6.806051385045126169e-16
7.590290438258684844e+03 7.084824809418578884e-16
7.593089728056822423e+03 7.235806308867829989e-16
7.595889017854958183e+03 6.777675376323345885e-16
7.598688307653093943e+03 7.499472126163836048e-16
7.601487597451230613e+03 7.390055968031124428e-16
7.604286887249367282e+03 7.310826360135327886e-16
7.607086177047503043e+03 7.388063917396437231e-16
7.609885466845638803e+03 5.296705197489579260e-16
7.612684756643775472e+03 5.737219884053465907e-16
7.615484046441921237e+03 7.300227211641013117e-16
7.618283336240057906e+03 6.456283212025605752e-16
7.621082626038194576e+03 6.767116964007446094e-16
7.623881915836330336e+03 6.310303751703019074e-16
7.626681205634466096e+03 5.986801850709946847e-16
7.629480495432602766e+03 6.820437713034440904e-16
7.632279785230739435e+03 7.200999825437576308e-16
7.635079075028875195e+03 7.364153250059072832e-16
7.637878364827010955e+03 6.135474167541676628e-16
7.640677654625148534e+03 5.518622072861815738e-16
7.643476944423284294e+03 5.999343737913996861e-16
7.646276234221420054e+03 7.444480525772928412e-16
7.649075524019555814e+03 6.893010123584424545e-16
7.651874813817703398e+03 6.173577674358247306e-16
7.654674103615829154e+03 6.670714180409815327e-16
7.657473393413974918e+03 7.588602113561954005e-16
7.660272683212101583e+03 7.269265716330924378e-16
7.663071973010248257e+03 5.505356690520521378e-16
7.665871262808384017e+03 4.995187621885569311e-16
7.668670552606519777e+03 6.511238616675797856e-16
7.671469842404656447e+03 6.910268059483703480e-16
7.674269132202793116e+03 6.145676056814714782e-16
7.677068422000928877e+03 6.959300058739246140e-16
7.679867711799065546e+03 7.662642016414926202e-16
7.682667001597201306e+03 6.859232425582975300e-16
7.685466291395337976e+03 5.951447418243633906e-16
7.688265581193473736e+03 6.202454918350142126e-16
7.691064870991610405e+03 5.838605943311812190e-16
7.693864160789746165e+03 5.698424902109384988e-16
7.696663450587882835e+03 5.912967155109333396e-16
7.699462740386019505e+03 6.159475772808268525e-16
7.702262030184165269e+03 6.334819843986947475e-16
7.705061319982301029e+03 6.108423275924022922e-16
7.707860609780436789e+03 5.906201996004640240e-16
7.710659899578574368e+03 5.967126847947709298e-16
7.713459189376710128e+03 6.008114347837233626e-16
7.716258479174845888e+03 6.540353131684762244e-16
7.719057768972982558e+03 6.545676688342408095e-16
7.721857058771119227e+03 6.313093098508104513e-16
7.724656348569254988e+03 5.754014742228622311e-16
7.727455638367390748e+03 5.839149027972925475e-16
7.730254928165527417e+03 6.352452454321578105e-16
7.733054217963664087e+03 6.866747751508234028e-16
7.735853507761799847e+03 6.600791780955841848e-16
7.738652797559936516e+03 7.308861826275651461e-16
7.741452087358082281e+03 7.396503447358163358e-16
7.744251377156218041e+03 7.371043230434490360e-16
7.747050666954354710e+03 6.317537739028548871e-16
7.749849956752491380e+03 6.060058113612721095e-16
7.752649246550627140e+03 7.147615403288364920e-16
7.755448536348762900e+03 5.962809699889905792e-16
7.758247826146900479e+03 6.275534497378253138e-16
7.761047115945036239e+03 7.120835666803996257e-16
7.763846405743171999e+03 7.827214454253146159e-16
7.766645695541307759e+03 7.322604921514310616e-16
7.769444985339445338e+03 5.256591433053863607e-16
7.772244275137581099e+03 5.617793160824921456e-16
7.775043564935716859e+03 6.446926632216717914e-16
7.777842854733853528e+03 6.926932591039823253e-16
7.780642144531990198e+03 7.703682954304909058e-16
7.783441434330125958e+03 6.059881790610796505e-16
7.786240724128261718e+03 6.449404237941493958e-16
7.789040013926408392e+03 6.848819820245213233e-16
7.791839303724545061e+03 6.960515732895654102e-16
7.794638593522680821e+03 7.562444017298797025e-16
7.797437883320817491e+03 6.414570133425651948e-16
7.800237173118953251e+03 6.398059817790487487e-16
7.803036462917089921e+03 7.156012153270771243e-16
7.805835752715225681e+03 5.978734362215896308e-16
7.808635042513362350e+03 5.383148475232496829e-16
7.811434332311498110e+03 6.608576148633515316e-16
7.814233622109634780e+03 6.255536403193557571e-16
7.817032911907771449e+03 5.613610166374744043e-16
7.819832201705907210e+03 6.503522152858846737e-16
7.822631491504042970e+03 6.327973482837610497e-16
7.825430781302179639e+03 6.482781376819599333e-16
7.828230071100316309e+03 6.454367922678155339e-16
7.831029360898462073e+03 5.596850428400888168e-16
7.833828650696597833e+03 6.489316133131857085e-16
7.836627940494734503e+03 6.338065449009629204e-16
7.839427230292871172e+03 6.123850669607740080e-16
7.842226520091006932e+03 6.045603364961882487e-16
7.845025809889142693e+03 6.639934848914592786e-16
7.847825099687279362e+03 6.896434393457085814e-16
7.850624389485416032e+03 6.086620435783679675e-16
7.853423679283551792e+03 5.204975116914913616e-16
7.856222969081688461e+03 5.745981561561259914e-16
7.859022258879824221e+03 6.504987274012132679e-16
7.861821548677960891e+03 5.893565864956030660e-16
7.864620838476096651e+03 5.479617915290016691e-16
7.867420128274243325e+03 6.327269190268081275e-16
7.870219418072369081e+03 6.092910536072083802e-16
7.873018707870515755e+03 5.756478321370268470e-16
7.875817997668652424e+03 5.686701609492460892e-16
7.878617287466788184e+03 6.186382544115874173e-16
7.881416577264923944e+03 7.070885081866535132e-16
7.884215867063060614e+03 6.411350908543082549e-16
7.887015156861197283e+03 5.227337988259578609e-16
7.889814446659333043e+03 5.719861041754254514e-16
7.892613736457468804e+03 5.653645119601170629e-16
7.895413026255606383e+03 6.710811347453708295e-16
7.898212316053742143e+03 6.483487202059335274e-16
7.901011605851877903e+03 6.667578188591112070e-16
7.903810895650013663e+03 6.885841559706214395e-16
7.906610185448151242e+03 5.966226085704362694e-16
7.909409475246287002e+03 5.853034224938777887e-16
7.912208765044422762e+03 5.424956716092633590e-16
7.915008054842559432e+03 5.908630430030324849e-16
7.917807344640705196e+03 5.342158845944113886e-16
7.920606634438841866e+03 5.027295989471262425e-16
7.923405924236977626e+03 7.611494667161426917e-16
7.926205214035114295e+03 6.066791734118302002e-16
7.929004503833250055e+03 6.246327656696704815e-16
7.931803793631386725e+03 4.986145678389656390e-16
7.934603083429523394e+03 6.113385027403352149e-16
7.937402373227659155e+03 6.803786624380523979e-16
7.940201663025794915e+03 6.475986781070503112e-16
7.943000952823931584e+03 6.049930711828428263e-16
7.945800242622068254e+03 5.900621682429377342e-16
7.948599532420204014e+03 6.970993812238044343e-16
7.951398822218339774e+03 6.290929367233901010e-16
7.954198112016477353e+03 4.986963537012357385e-16
7.956997401814613113e+03 5.990274675446043213e-16
7.959796691612758877e+03 5.061857576884717110e-16
7.962595981410894638e+03 4.915575645065773536e-16
7.965395271209031307e+03 5.953723709006181554e-16
7.968194561007167977e+03 5.653204515239778033e-16
7.970993850805303737e+03 4.693353124955117818e-16
7.973793140603440406e+03 4.586533275464971977e-16
7.976592430401576166e+03 5.480401606378293413e-16
7.979391720199712836e+03 5.383590597914587103e-16
7.982191009997848596e+03 5.295893392340033540e-16
7.984990299795985266e+03 6.639792346053148767e-16
7.987789589594121026e+03 5.862565081239504427e-16
7.990588879392257695e+03 4.551469135752667906e-16
7.993388169190394365e+03 5.739726290812220421e-16
7.996187458988530125e+03 5.550579497652437362e-16
7.998986748786665885e+03 6.005630827539959332e-16
8.001786038584812559e+03 4.847028508411796858e-16
8.004585328382949228e+03 4.816197594565765681e-16
8.007384618181084988e+03 5.254487336527759700e-16
8.010183907979220749e+03 5.901180423039814460e-16
8.012983197777358328e+03 5.834022721523645385e-16
8.015782487575494088e+03 5.490367664767886690e-16
8.018581777373629848e+03 5.940550963263865145e-16
8.021381067171765608e+03 6.442140454190444228e-16
8.024180356969903187e+03 6.064285782043270981e-16
8.026979646768038947e+03 5.938918429163373528e-16
8.029778936566174707e+03 5.275223591067276446e-16
8.032578226364311377e+03 5.294701819626340352e-16
8.035377516162448046e+03 5.616760269090750571e-16
8.038176805960583806e+03 5.289486010596096056e-16
8.040976095758719566e+03 6.036424687150011333e-16
8.043775385556856236e+03 5.806476973394595077e-16
8.046574675355002000e+03 6.156306600036077433e-16
8.049373965153138670e+03 7.375616207157149634e-16
8.052173254951275339e+03 4.893664694418995925e-16
8.054972544749411099e+03 5.066046300959938634e-16
8.057771834547546860e+03 5.329319224922883059e-16
8.060571124345683529e+03 6.282844934010420585e-16
8.063370414143820199e+03 6.424128979044519356e-16
8.066169703941955959e+03 6.053435796948145034e-16
8.068968993740091719e+03 5.209842698027265533e-16
8.071768283538229298e+03 5.514040804404467814e-16
8.074567573336365058e+03 6.412927240914212839e-16
8.077366863134500818e+03 5.849824617498553449e-16
8.080166152932636578e+03 5.682294512325358679e-16
8.082965442730774157e+03 5.768258657293470716e-16
8.085764732528909008e+03 4.885653441657452960e-16
8.088564022327045677e+03 5.967639036057143281e-16
8.091363312125191442e+03 5.644847842521714781e-16
8.094162601923329021e+03 5.768907743806769893e-16
8.096961891721465690e+03 6.452995274389903259e-16
8.099761181519600541e+03 5.340419811668144544e-16
8.102560471317737210e+03 4.919355809494498814e-16
8.105359761115872971e+03 5.302154587045691007e-16
8.108159050914009640e+03 5.437337384840561345e-16
8.110958340712146310e+03 5.736286989772592427e-16
8.113757630510281160e+03 5.089691064381878259e-16
8.116556920308418739e+03 6.741056848796338384e-16
8.119356210106555409e+03 5.825961851671373771e-16
8.122155499904690259e+03 5.852814185921230559e-16
8.124954789702826929e+03 3.979648371927335781e-16
8.127754079500972693e+03 4.949963583537080544e-16
8.130553369299099359e+03 6.216909143019577750e-16
8.133352659097245123e+03 5.895102293289583764e-16
8.136151948895381793e+03 5.759873678217179858e-16
8.138951238693518462e+03 6.367478575213547941e-16
8.141750528491654222e+03 6.753489888315614172e-16
8.144549818289790892e+03 5.213201043728594651e-16
8.147349108087927561e+03 6.011347410631750601e-16
8.150148397886062412e+03 4.411784025332710407e-16
8.152947687684199991e+03 4.991084324376839574e-16
8.155746977482336661e+03 5.359504095117131320e-16
8.158546267280471511e+03 5.822852331809622973e-16
8.161345557078608181e+03 6.383551351126889496e-16
8.164144846876743941e+03 4.683562404042779695e-16
8.166944136674880610e+03 4.243873802960580756e-16
8.169743426473017280e+03 4.937810420126821802e-16
8.172542716271163044e+03 5.133938413412276663e-16
8.175342006069299714e+03 4.963946956066854192e-16
8.178141295867435474e+03 6.460307734295824758e-16
8.180940585665572144e+03 4.956189425631709442e-16
8.183739875463706994e+03 4.369610363770753504e-16
8.186539165261843664e+03 4.064270624719642442e-16
8.189338455059981243e+03 4.426282342025986680e-16
8.192137744858117003e+03 6.618059392358757426e-16
8.194937034656253672e+03 5.764328841975634436e-16
8.197736324454390342e+03 4.239958881752552594e-16
8.200535614252525193e+03 5.533344009845277522e-16
8.203334904050661862e+03 4.867715687630063767e-16
8.206134193848798532e+03 5.688260219889287138e-16
8.208933483646933382e+03 6.439693699110529795e-16
8.211732773445070052e+03 5.380635661477526412e-16
8.214532063243206721e+03 4.938925943133550079e-16
8.217331353041343391e+03 4.405764464511110663e-16
8.220130642839480061e+03 4.811136625587806622e-16
8.222929932637625825e+03 6.755284387857972644e-16
8.225729222435762495e+03 6.046972797841006439e-16
8.228528512233897345e+03 5.732419777989737089e-16
8.231327802032034015e+03 6.866885261983984299e-16
8.234127091830170684e+03 5.233487487974426299e-16
8.236926381628305535e+03 4.827000842324889435e-16
8.239725671426444023e+03 6.678521312859678233e-16
8.242524961224578874e+03 7.199814955018259205e-16
8.245324251022715544e+03 6.387850890169571067e-16
8.248123540820852213e+03 5.554897836742062633e-16
8.250922830618987064e+03 6.435234288672665662e-16
8.253722120417123733e+03 5.326469271255963083e-16
8.256521410215260403e+03 5.015565541350728251e-16
8.259320700013406167e+03 5.034294099292425153e-16
8.262119989811533742e+03 4.899012316030744277e-16
8.264919279609679506e+03 6.122136516086192991e-16
8.267718569407816176e+03 6.347637393592732703e-16
8.270517859205951027e+03 5.452317839930062955e-16
8.273317149004087696e+03 6.103444467078277147e-16
8.276116438802224366e+03 5.385011538171431694e-16
8.278915728600359216e+03 4.336760596423340627e-16
8.281715018398495886e+03 5.215663572359173517e-16
8.284514308196632555e+03 5.259802531674085443e-16
8.287313597994769225e+03 5.211071633186598492e-16
8.290112887792905894e+03 7.826902596143145205e-16
8.292912177591042564e+03 5.432623783355050102e-16
8.295711467389177415e+03 4.286571074614075203e-16
8.298510757187314084e+03 4.508245484262184179e-16
8.301310046985459849e+03 3.532870593699864485e-16
8.304109336783596518e+03 4.262430155771446893e-16
8.306908626581731369e+03 5.426400709790115521e-16
8.309707916379869857e+03 4.455079778227089790e-16
8.312507206178006527e+03 5.096527974269100627e-16
8.315306495976141377e+03 6.695529326228229489e-16
8.318105785774278047e+03 5.736828135469586137e-16
8.320905075572412898e+03 5.695606204598521828e-16
8.323704365370549567e+03 5.964660983208947910e-16
8.326503655168686237e+03 6.272987885583577588e-16
8.329302944966821087e+03 6.484008920561792441e-16
8.332102234764959576e+03 5.348926762479341820e-16
8.334901524563105340e+03 5.447415072268763150e-16
8.337700814361231096e+03 5.104696043026945498e-16
8.340500104159376860e+03 6.120212782345741602e-16
8.343299393957513530e+03 5.322851113437129384e-16
8.346098683755650200e+03 5.713269303730243346e-16
8.348897973553785050e+03 5.401257210781450188e-16
8.351697263351921720e+03 5.295527541138665235e-16
8.354496553150058389e+03 5.261118992155020249e-16
8.357295842948195059e+03 5.229988264470564017e-16
8.360095132746331728e+03 5.810154271652014733e-16
8.362894422544468398e+03 4.869868773267962414e-16
8.365693712342603249e+03 4.495877770559001832e-16
8.368493002140739918e+03 5.768743209632288022e-16
8.371292291938876588e+03 5.561629079525637998e-16
8.374091581737011438e+03 5.138030340379826792e-16
8.376890871535157203e+03 4.669028543638837989e-16
8.379690161333295691e+03 3.958540011099460121e-16
8.382489451131432361e+03 3.992694313283554646e-16
8.385288740929567211e+03 3.760608823645864345e-16
8.388088030727703881e+03 3.346834244078546978e-16
8.390887320525840551e+03 4.551707525393701952e-16
8.393686610323975401e+03 4.672531129407718710e-16
8.396485900122112071e+03 4.900094232881868770e-16
8.399285189920246921e+03 4.931499039270328650e-16
8.402084479718385410e+03 5.424727357347391483e-16
8.404883769516522079e+03 5.089545322395902007e-16
8.407683059314656930e+03 5.189890545495528805e-16
8.410482349112793599e+03 5.704884570615744874e-16
8.413281638910930269e+03 4.409827313735542252e-16
8.416080928709065120e+03 3.377923691347071798e-16
8.418880218507201789e+03 5.430388959369730372e-16
8.421679508305338459e+03 5.653280432063454780e-16
8.424478798103475128e+03 5.181709431972080128e-16
8.427278087901620893e+03 6.009841122419581790e-16
8.430077377699757562e+03 5.750318079748414781e-16
8.432876667497894232e+03 4.951598757027191348e-16
8.435675957296029082e+03 4.661900829694824555e-16
8.438475247094165752e+03 4.120330511118298337e-16
8.441274536892302422e+03 4.584554052298371864e-16
8.444073826690437272e+03 4.063374645360047604e-16
8.446873116488573942e+03 4.442668037249218186e-16
8.449672406286712430e+03 5.869991881088836913e-16
8.452471696084847281e+03 4.577434851323914518e-16
8.455270985882983950e+03 4.650655942266675121e-16
8.458070275681118801e+03 4.965597915625848171e-16
8.460869565479255471e+03 4.112752004446662745e-16
8.463668855277392140e+03 5.294724327779180230e-16
8.466468145075537905e+03 3.874529805775540304e-16
8.469267434873663660e+03 4.757482537769654436e-16
8.472066724671809425e+03 4.140196057862059866e-16
8.474866014469947913e+03 4.490494421217977687e-16
8.477665304268082764e+03 4.597039016313305722e-16
8.480464594066219433e+03 5.043654500858337662e-16
8.483263883864356103e+03 5.125955830244596712e-16
8.486063173662490954e+03 4.361782282612694531e-16
8.488862463460627623e+03 4.881120388851068122e-16
8.491661753258764293e+03 5.398313238158093366e-16
8.494461043056899143e+03 5.573284036920525632e-16
8.497260332855037632e+03 4.044512541421565275e-16
8.500059622653174301e+03 3.564976053573693354e-16
8.502858912451309152e+03 4.163492243324437078e-16
8.505658202249445822e+03 4.395142311836446633e-16
8.508457492047591586e+03 3.888153023426300226e-16
8.511256781845728256e+03 4.327537796825136507e-16
8.514056071643863106e+03 4.116014962840568504e-16
8.516855361441999776e+03 3.086728142545904217e-16
8.519654651240138264e+03 3.215150610617473656e-16
8.522453941038273115e+03 3.028124250332714819e-16
8.525253230836409784e+03 2.968582203789619068e-16
8.528052520634546454e+03 3.424499706014408944e-16
8.530851810432681305e+03 4.813011546556023999e-16
8.533651100230817974e+03 4.750643801905234895e-16
8.536450390028952825e+03 3.629201873255292155e-16
8.539249679827089494e+03 4.300299552736491098e-16
8.542048969625227983e+03 3.949388232713967368e-16
8.544848259423362833e+03 4.656204850691009339e-16
8.547647549221499503e+03 4.742962134701845556e-16
8.550446839019636172e+03 5.248907251708342417e-16
8.553246128817771023e+03 5.644715890015968218e-16
8.556045418615916788e+03 3.399879490852826511e-16
8.558844708414053457e+03 3.036213531550117637e-16
8.561643998212190127e+03 4.853324932495508664e-16
8.564443288010324977e+03 3.500989230488480085e-16
8.567242577808463466e+03 3.871006820625655291e-16
8.570041867606600135e+03 4.051480499262199028e-16
8.572841157404734986e+03 5.308790943978434649e-16
8.575640447202871655e+03 4.714177208341599536e-16
8.578439737001008325e+03 3.848498131201703135e-16
8.581239026799143176e+03 4.248779921972933434e-16
8.584038316597279845e+03 3.490710980413852009e-16
8.586837606395416515e+03 3.456695314366304778e-16
8.589636896193553184e+03 3.229065091709756641e-16
8.592436185991689854e+03 3.873883610434315644e-16
8.595235475789824704e+03 3.827726084801729666e-16
8.598034765587972288e+03 3.984614076787309957e-16
8.600834055386107138e+03 2.971391568090536802e-16
8.603633345184243808e+03 2.851069680164865775e-16
8.606432634982380478e+03 3.595815979514980564e-16
8.609231924780515328e+03 2.900834086511104675e-16
8.612031214578653817e+03 4.305819680051824100e-16
8.614830504376788667e+03 3.871660356039945687e-16
8.617629794174925337e+03 3.721812459596091458e-16
8.620429083973062006e+03 3.699384134000414249e-16
8.623228373771196857e+03 3.583414652273745162e-16
8.626027663569333527e+03 3.182322301876732524e-16
8.628826953367470196e+03 3.727966854182836032e-16
8.631626243165605047e+03 4.220875230084335974e-16
8.634425532963743535e+03 4.238979092190124462e-16
8.637224822761880205e+03 3.801891615616991821e-16
8.640024112560025969e+03 6.839194757620027296e-16
8.642823402358160820e+03 5.469564550389322228e-16
8.645622692156297489e+03 4.044828083365238365e-16
8.648421981954434159e+03 5.523059402633475429e-16
8.651221271752569010e+03 4.385992205744536980e-16
8.654020561550705679e+03 2.845104955079750701e-16
8.656819851348842349e+03 4.365803897410522812e-16
8.659619141146979018e+03 2.693610431535508604e-16
8.662418430945115688e+03 3.726717616964378606e-16
8.665217720743252357e+03 3.248539843441156673e-16
8.668017010541387208e+03 2.807761292150650144e-16
8.670816300339523877e+03 2.810175070359472319e-16
8.673615590137658728e+03 3.066170418197490015e-16
8.676414879935795398e+03 4.341356445720528051e-16
8.679214169733932067e+03 4.105315895012648269e-16
8.682013459532077832e+03 3.294219952292001559e-16
8.684812749330216320e+03 3.148397892038075128e-16
8.687612039128351171e+03 4.754405225451444342e-16
8.690411328926487840e+03 5.148304918933586037e-16
8.693210618724622691e+03 3.003540221775225415e-16
8.696009908522759360e+03 2.514976018315034741e-16
8.698809198320896030e+03 4.021398954811508509e-16
8.701608488119030881e+03 4.912418804118538536e-16
8.704407777917167550e+03 4.341400874562961436e-16
8.707207067715306039e+03 4.029849044811607563e-16
8.710006357513440889e+03 4.805814060682366405e-16
8.712805647311577559e+03 4.394123858754829005e-16
8.715604937109714228e+03 3.942667842530859669e-16
8.718404226907849079e+03 4.664431121790864278e-16
8.721203516705985749e+03 5.352681471205360698e-16
8.724002806504122418e+03 4.243137495348561066e-16
8.726802096302268183e+03 2.887445774734599565e-16
8.729601386100404852e+03 4.841037599100901018e-16
8.732400675898541522e+03 4.733389182659418471e-16
8.735199965696678191e+03 4.748802218397267719e-16
8.737999255494813042e+03 3.142408798785289236e-16
8.740798545292949711e+03 2.462957061698530264e-16
8.743597835091086381e+03 3.039631703893482499e-16
8.746397124889221232e+03 3.906315498621100386e-16
8.749196414687357901e+03 4.051760077692918575e-16
8.751995704485494571e+03 4.816382565320189483e-16
8.754794994283631240e+03 5.664910059299915503e-16
8.757594284081767910e+03 3.007517316912564371e-16
8.760393573879902760e+03 2.032427159483593895e-16
8.763192863678039430e+03 2.996163081010812931e-16
8.765992153476176100e+03 2.907936504235826806e-16
8.768791443274321864e+03 3.458267148604296411e-16
8.771590733072456715e+03 3.667431581629807859e-16
8.774390022870593384e+03 3.605347737172467333e-16
8.777189312668731873e+03 3.466122870812806760e-16
8.779988602466866723e+03 3.229486612676159506e-16
8.782787892265003393e+03 4.268091116500453077e-16
8.785587182063140062e+03 4.140791329956796887e-16
8.788386471861274913e+03 3.411406618227055100e-16
8.791185761659411583e+03 5.851868487986828987e-16
8.793985051457548252e+03 5.895272682595160050e-16
8.796784341255683103e+03 6.857541101254398293e-16
8.799583631053821591e+03 6.180326076223838121e-16
8.802382920851958261e+03 5.085064166907225933e-16
8.805182210650093111e+03 4.582616369832898717e-16
8.807981500448229781e+03 4.182657661879215906e-16
8.810780790246375545e+03 5.646297960403645567e-16
8.813580080044512215e+03 5.994547565627290554e-16
8.816379369842647066e+03 6.067997685397068025e-16
8.819178659640783735e+03 6.142200585853475111e-16
8.821977949438922224e+03 6.216806432296373298e-16
8.824777239237057074e+03 6.291745353482564497e-16
8.827576529035193744e+03 6.366895616586421546e-16
8.830375818833328594e+03 6.442127325597304483e-16
