   0.000000000E+00   0.500000000E+04  -0.365605851E+01  -0.486414751E+01  -0.558984321E+01  -0.586488251E+01  -0.598806051E+01  -0.450989851E+01  -0.453786851E+01  -0.535088451E+01  -0.637697051E+01  -0.587167051E+01  -0.523958514E+00   0.480925149E+01  -0.230178514E+00  -0.133648851E+01   0.250191486E+00
   0.100004347E+05   0.500000000E+04  -0.415425943E+01  -0.536234843E+01  -0.608804413E+01  -0.636308343E+01  -0.648626143E+01  -0.500809943E+01  -0.503606943E+01  -0.584908543E+01  -0.687517143E+01  -0.636987143E+01  -0.102215943E+01   0.431105057E+01  -0.728379431E+00  -0.183468943E+01  -0.248009431E+00
   0.200007429E+05   0.500000000E+04  -0.409292161E+01  -0.530101061E+01  -0.602670631E+01  -0.630174561E+01  -0.642492361E+01  -0.494676161E+01  -0.497473161E+01  -0.578774761E+01  -0.681383361E+01  -0.630853361E+01  -0.960821614E+00   0.437238839E+01  -0.667041614E+00  -0.177335161E+01  -0.186671614E+00
   0.300011253E+05   0.500000000E+04  -0.405358332E+01  -0.526167232E+01  -0.598736802E+01  -0.626240732E+01  -0.638558532E+01  -0.490742332E+01  -0.493539332E+01  -0.574840932E+01  -0.677449532E+01  -0.626919532E+01  -0.921483320E+00   0.441172668E+01  -0.627703320E+00  -0.173401332E+01  -0.147333320E+00
   0.400028027E+05   0.500000000E+04  -0.403988694E+01  -0.524797594E+01  -0.597367164E+01  -0.624871094E+01  -0.637188894E+01  -0.489372694E+01  -0.492169694E+01  -0.573471294E+01  -0.676079894E+01  -0.625549894E+01  -0.907786943E+00   0.442542306E+01  -0.614006943E+00  -0.172031694E+01  -0.133636943E+00
   0.500062151E+05   0.500000000E+04  -0.403596836E+01  -0.524405736E+01  -0.596975306E+01  -0.624479236E+01  -0.636797036E+01  -0.488980836E+01  -0.491777836E+01  -0.573079436E+01  -0.675688036E+01  -0.625158036E+01  -0.903868359E+00   0.442934164E+01  -0.610088359E+00  -0.171639836E+01  -0.129718359E+00
   0.600081985E+05   0.500000000E+04  -0.403457529E+01  -0.524266429E+01  -0.596835999E+01  -0.624339929E+01  -0.636657729E+01  -0.488841529E+01  -0.491638529E+01  -0.572940129E+01  -0.675548729E+01  -0.625018729E+01  -0.902475295E+00   0.443073471E+01  -0.608695295E+00  -0.171500529E+01  -0.128325295E+00
   0.700039746E+05   0.500000000E+04  -0.403305018E+01  -0.524113918E+01  -0.596683488E+01  -0.624187418E+01  -0.636505218E+01  -0.488689018E+01  -0.491486018E+01  -0.572787618E+01  -0.675396218E+01  -0.624866218E+01  -0.900950183E+00   0.443225982E+01  -0.607170183E+00  -0.171348018E+01  -0.126800183E+00
   0.800004937E+05   0.500000000E+04  -0.403054669E+01  -0.523863569E+01  -0.596433139E+01  -0.623937069E+01  -0.636254869E+01  -0.488438669E+01  -0.491235669E+01  -0.572537269E+01  -0.675145869E+01  -0.624615869E+01  -0.898446686E+00   0.443476331E+01  -0.604666686E+00  -0.171097669E+01  -0.124296686E+00
   0.900033787E+05   0.517406766E+04  -0.865045335E+01  -0.979809944E+01  -0.104797273E+02  -0.107308668E+02  -0.108363825E+02  -0.950102401E+01  -0.948446506E+01  -0.102583353E+02  -0.112353901E+02  -0.107551945E+02  -0.563368884E+01  -0.492992449E+00  -0.535594221E+01  -0.641141923E+01  -0.485837258E+01
   0.100001661E+06   0.546519623E+04  -0.950020123E+01  -0.105467564E+02  -0.111546807E+02  -0.113658476E+02  -0.114418231E+02  -0.103453039E+02  -0.102542702E+02  -0.109626690E+02  -0.118577191E+02  -0.114195107E+02  -0.667633561E+01  -0.185761868E+01  -0.642540483E+01  -0.739586357E+01  -0.589906879E+01
   0.110014329E+06   0.684856438E+04  -0.114823751E+02  -0.121360059E+02  -0.124556770E+02  -0.125124967E+02  -0.124749164E+02  -0.123067259E+02  -0.119259511E+02  -0.123778766E+02  -0.129558414E+02  -0.126808223E+02  -0.943241657E+01  -0.587583095E+01  -0.928172832E+01  -0.994096712E+01  -0.870017234E+01
   0.120005677E+06   0.315810549E+05  -0.169136855E+02  -0.165247400E+02  -0.160642442E+02  -0.157213415E+02  -0.153972387E+02  -0.176899428E+02  -0.165330058E+02  -0.162839512E+02  -0.160422718E+02  -0.161998730E+02  -0.173816666E+02  -0.175045441E+02  -0.173927693E+02  -0.172896320E+02  -0.174531595E+02
   0.130006667E+06   0.693912780E+05  -0.182226243E+02  -0.177206891E+02  -0.171712339E+02  -0.167826704E+02  -0.164248778E+02  -0.189943847E+02  -0.177526408E+02  -0.174242926E+02  -0.170892778E+02  -0.172976548E+02  -0.190083859E+02  -0.195644258E+02  -0.190221898E+02  -0.188446820E+02  -0.192173089E+02
   0.140001978E+06   0.766414590E+05  -0.184547430E+02  -0.179446323E+02  -0.173886163E+02  -0.169966433E+02  -0.166363080E+02  -0.192261809E+02  -0.179783034E+02  -0.176441451E+02  -0.173021735E+02  -0.175143550E+02  -0.192632319E+02  -0.198492117E+02  -0.192770919E+02  -0.190949327E+02  -0.194819181E+02
   0.150011202E+06   0.544520931E+05  -0.181371951E+02  -0.176596012E+02  -0.171295771E+02  -0.167510483E+02  -0.164007390E+02  -0.189099044E+02  -0.176864201E+02  -0.173753365E+02  -0.170608317E+02  -0.172580003E+02  -0.188549015E+02  -0.193201901E+02  -0.188684150E+02  -0.187051709E+02  -0.190344633E+02
   0.160009114E+06   0.450847001E+05  -0.180278129E+02  -0.175745878E+02  -0.170638486E+02  -0.166952602E+02  -0.163522214E+02  -0.188014919E+02  -0.175963029E+02  -0.173023765E+02  -0.170081571E+02  -0.171942757E+02  -0.186770308E+02  -0.190495881E+02  -0.186900959E+02  -0.185423306E+02  -0.188269244E+02
   0.170005091E+06   0.394904365E+05  -0.179842649E+02  -0.175517759E+02  -0.170573329E+02  -0.166970994E+02  -0.163602765E+02  -0.187587616E+02  -0.175691373E+02  -0.172897509E+02  -0.170126145E+02  -0.171894413E+02  -0.185750343E+02  -0.188676358E+02  -0.185875932E+02  -0.184538260E+02  -0.186995893E+02
   0.180000197E+06   0.350368986E+05  -0.179415471E+02  -0.175308367E+02  -0.170534203E+02  -0.167018906E+02  -0.163714423E+02  -0.187169194E+02  -0.175436484E+02  -0.172794590E+02  -0.170201255E+02  -0.171872844E+02  -0.184708828E+02  -0.186788135E+02  -0.184827790E+02  -0.183639396E+02  -0.185688470E+02
   0.190000157E+06   0.330090011E+05  -0.179934877E+02  -0.175948920E+02  -0.171269087E+02  -0.167801867E+02  -0.164532705E+02  -0.187693454E+02  -0.176051736E+02  -0.173494150E+02  -0.170999298E+02  -0.172617543E+02  -0.184886546E+02  -0.186492621E+02  -0.185001266E+02  -0.183899266E+02  -0.185718523E+02
   0.200000120E+06   0.309653530E+05  -0.180294864E+02  -0.176449311E+02  -0.171878359E+02  -0.168466702E+02  -0.165238478E+02  -0.188059175E+02  -0.176522760E+02  -0.174062693E+02  -0.171681328E+02  -0.173238170E+02  -0.184851022E+02  -0.185907966E+02  -0.184960315E+02  -0.183961165E+02  -0.185512724E+02
   0.210001029E+06   0.289376781E+05  -0.180455552E+02  -0.176771499E+02  -0.172325574E+02  -0.168977449E+02  -0.165796457E+02  -0.188226477E+02  -0.176811240E+02  -0.174463173E+02  -0.172211822E+02  -0.173698323E+02  -0.184557384E+02  -0.184981665E+02  -0.184659829E+02  -0.183780748E+02  -0.185024122E+02
   0.220003292E+06   0.270625044E+05  -0.180494086E+02  -0.176983954E+02  -0.172672010E+02  -0.169391860E+02  -0.166261309E+02  -0.188272136E+02  -0.176987410E+02  -0.174759354E+02  -0.172647422E+02  -0.174058728E+02  -0.184108187E+02  -0.183851595E+02  -0.184202380E+02  -0.183456905E+02  -0.184366500E+02
   0.230005330E+06   0.254225623E+05  -0.180496779E+02  -0.177163637E+02  -0.172987579E+02  -0.169776532E+02  -0.166696406E+02  -0.188282111E+02  -0.177130237E+02  -0.175024197E+02  -0.173053501E+02  -0.174388549E+02  -0.183615872E+02  -0.182666768E+02  -0.183700849E+02  -0.183095327E+02  -0.183663887E+02
   0.240000955E+06   0.240151683E+05  -0.180497119E+02  -0.177335718E+02  -0.173291164E+02  -0.170147122E+02  -0.167113608E+02  -0.188289579E+02  -0.177266613E+02  -0.175278707E+02  -0.173444694E+02  -0.174706109E+02  -0.183137314E+02  -0.181517137E+02  -0.183212623E+02  -0.182746078E+02  -0.182983048E+02
   0.250004117E+06   0.227974815E+05  -0.180502845E+02  -0.177511968E+02  -0.173597640E+02  -0.170519648E+02  -0.167528281E+02  -0.188302423E+02  -0.177407348E+02  -0.175536571E+02  -0.173837554E+02  -0.175026351E+02  -0.182669685E+02  -0.180385636E+02  -0.182734600E+02  -0.182409763E+02  -0.182317002E+02
   0.260003171E+06   0.217445095E+05  -0.180520979E+02  -0.177694606E+02  -0.173905486E+02  -0.170891044E+02  -0.167939087E+02  -0.188327428E+02  -0.177555713E+02  -0.175797648E+02  -0.174228628E+02  -0.175347586E+02  -0.182233225E+02  -0.179310662E+02  -0.182287387E+02  -0.182101475E+02  -0.181691908E+02
   0.270013538E+06   0.208319448E+05  -0.180558476E+02  -0.177889404E+02  -0.174219802E+02  -0.171266069E+02  -0.168351248E+02  -0.188371500E+02  -0.177717716E+02  -0.176067328E+02  -0.174622217E+02  -0.175674656E+02  -0.181837676E+02  -0.178306618E+02  -0.181880957E+02  -0.181829215E+02  -0.181119701E+02
   0.280020972E+06   0.200372205E+05  -0.180615192E+02  -0.178095687E+02  -0.174539572E+02  -0.171643378E+02  -0.168764399E+02  -0.188434527E+02  -0.177892846E+02  -0.176344660E+02  -0.175017248E+02  -0.176006507E+02  -0.181484394E+02  -0.177376605E+02  -0.181516708E+02  -0.181593871E+02  -0.180599607E+02
   0.290022263E+06   0.193451663E+05  -0.180696189E+02  -0.178321794E+02  -0.174875702E+02  -0.172035178E+02  -0.169191864E+02  -0.188521654E+02  -0.178088812E+02  -0.176639708E+02  -0.175426118E+02  -0.176354399E+02  -0.181169660E+02  -0.176504903E+02  -0.181190721E+02  -0.181392708E+02  -0.180122519E+02
   0.300023335E+06   0.187267920E+05  -0.180782722E+02  -0.178546145E+02  -0.175204368E+02  -0.172416630E+02  -0.169609317E+02  -0.188614035E+02  -0.178284494E+02  -0.176929381E+02  -0.175823780E+02  -0.176694241E+02  -0.180881803E+02  -0.175689794E+02  -0.180891739E+02  -0.181213330E+02  -0.179681322E+02
   0.310012173E+06   0.181706701E+05  -0.180873135E+02  -0.178768915E+02  -0.175527129E+02  -0.172789998E+02  -0.170019499E+02  -0.188710092E+02  -0.178479681E+02  -0.177214715E+02  -0.176212719E+02  -0.177027735E+02  -0.180614129E+02  -0.174917495E+02  -0.180612943E+02  -0.181050541E+02  -0.179267333E+02
   0.320013864E+06   0.176680097E+05  -0.180967454E+02  -0.178993611E+02  -0.175850171E+02  -0.173162766E+02  -0.170437130E+02  -0.188810005E+02  -0.178677220E+02  -0.177500940E+02  -0.176600790E+02  -0.177361374E+02  -0.180357815E+02  -0.174166755E+02  -0.180345214E+02  -0.180899227E+02  -0.178869207E+02
   0.330028037E+06   0.171992550E+05  -0.181047582E+02  -0.179200471E+02  -0.176152563E+02  -0.173513440E+02  -0.170835195E+02  -0.188895585E+02  -0.178857689E+02  -0.177767566E+02  -0.176966323E+02  -0.177674080E+02  -0.180098030E+02  -0.173427528E+02  -0.180074132E+02  -0.180742249E+02  -0.178472592E+02
   0.340023468E+06   0.167560600E+05  -0.181100175E+02  -0.179382359E+02  -0.176431824E+02  -0.173841984E+02  -0.171201814E+02  -0.188953759E+02  -0.179012673E+02  -0.178010352E+02  -0.177309917E+02  -0.177963871E+02  -0.179805760E+02  -0.172648392E+02  -0.179769742E+02  -0.180551240E+02  -0.178042928E+02
   0.350002558E+06   0.163379936E+05  -0.181132731E+02  -0.179544177E+02  -0.176690926E+02  -0.174150377E+02  -0.171540934E+02  -0.188991909E+02  -0.179147610E+02  -0.178232999E+02  -0.177633276E+02  -0.178233509E+02  -0.179494913E+02  -0.171852421E+02  -0.179446353E+02  -0.180339040E+02  -0.177596293E+02
   0.360013710E+06   0.159412147E+05  -0.181149062E+02  -0.179685983E+02  -0.176927131E+02  -0.174434420E+02  -0.171854534E+02  -0.189013676E+02  -0.179263312E+02  -0.178433823E+02  -0.177931830E+02  -0.178479938E+02  -0.179178555E+02  -0.171065929E+02  -0.179117621E+02  -0.180117867E+02  -0.177148728E+02
   0.370029129E+06   0.155638889E+05  -0.181138703E+02  -0.179810227E+02  -0.177152457E+02  -0.174711025E+02  -0.172161401E+02  -0.189009180E+02  -0.179359502E+02  -0.178621228E+02  -0.178223905E+02  -0.178716226E+02  -0.178814800E+02  -0.170201991E+02  -0.178739528E+02  -0.179853164E+02  -0.176647438E+02
   0.380027557E+06   0.152041717E+05  -0.181113157E+02  -0.179913003E+02  -0.177351597E+02  -0.174959050E+02  -0.172438276E+02  -0.188989223E+02  -0.179435533E+02  -0.178784216E+02  -0.178486679E+02  -0.178925816E+02  -0.178452350E+02  -0.169362700E+02  -0.178363409E+02  -0.179585143E+02  -0.176153871E+02
   0.390031350E+06   0.148610942E+05  -0.181067096E+02  -0.179997470E+02  -0.177533982E+02  -0.175191129E+02  -0.172703231E+02  -0.188948872E+02  -0.179492793E+02  -0.178929847E+02  -0.178733759E+02  -0.179118882E+02  -0.178065660E+02  -0.168493376E+02  -0.177962265E+02  -0.179290562E+02  -0.175635503E+02
   0.400012275E+06   0.145320503E+05  -0.180994419E+02  -0.180061462E+02  -0.177700360E+02  -0.175409496E+02  -0.172960688E+02  -0.188882208E+02  -0.179528293E+02  -0.179057766E+02  -0.178967831E+02  -0.179296509E+02  -0.177639067E+02  -0.167564629E+02  -0.177519812E+02  -0.178955196E+02  -0.175073279E+02
   0.410039645E+06   0.142161691E+05  -0.180912837E+02  -0.180111081E+02  -0.177848268E+02  -0.175607313E+02  -0.173196032E+02  -0.188806397E+02  -0.179550559E+02  -0.179168753E+02  -0.179180725E+02  -0.179455217E+02  -0.177217726E+02  -0.166661221E+02  -0.177083245E+02  -0.178621433E+02  -0.174521731E+02
   0.420017000E+06   0.139150626E+05  -0.180814002E+02  -0.180143537E+02  -0.177979011E+02  -0.175787998E+02  -0.173414375E+02  -0.188713357E+02  -0.179555637E+02  -0.179262564E+02  -0.179376492E+02  -0.179596804E+02  -0.176780625E+02  -0.165743622E+02  -0.176630467E+02  -0.178266828E+02  -0.173955944E+02
   0.430036130E+06   0.136274114E+05  -0.180685472E+02  -0.180155568E+02  -0.178096110E+02  -0.175958563E+02  -0.173625498E+02  -0.188591075E+02  -0.179538339E+02  -0.179340151E+02  -0.179563187E+02  -0.179725595E+02  -0.176293935E+02  -0.164746898E+02  -0.176125972E+02  -0.177856549E+02  -0.173335209E+02
   0.440023311E+06   0.133575251E+05  -0.180553746E+02  -0.180155722E+02  -0.178194842E+02  -0.176107459E+02  -0.173812448E+02  -0.188465211E+02  -0.179510975E+02  -0.179401812E+02  -0.179727219E+02  -0.179835299E+02  -0.175826168E+02  -0.163800596E+02  -0.175641499E+02  -0.177460475E+02  -0.172741675E+02
   0.450014376E+06   0.131027937E+05  -0.180422999E+02  -0.180149449E+02  -0.178281613E+02  -0.176241576E+02  -0.173982483E+02  -0.188339997E+02  -0.179478730E+02  -0.179453592E+02  -0.179875622E+02  -0.179932424E+02  -0.175378250E+02  -0.162901013E+02  -0.175177813E+02  -0.177080224E+02  -0.172175052E+02
   0.460037228E+06   0.128600560E+05  -0.180270048E+02  -0.180128143E+02  -0.178358626E+02  -0.176368627E+02  -0.174147357E+02  -0.188192941E+02  -0.179429936E+02  -0.179493557E+02  -0.180017791E+02  -0.180020428E+02  -0.174893784E+02  -0.161943018E+02  -0.174675718E+02  -0.176663692E+02  -0.171568863E+02
   0.470020714E+06   0.126306704E+05  -0.180105665E+02  -0.180097210E+02  -0.178427305E+02  -0.176488007E+02  -0.174304978E+02  -0.188034560E+02  -0.179371125E+02  -0.179524654E+02  -0.180152503E+02  -0.180100274E+02  -0.174395798E+02  -0.160967612E+02  -0.174159267E+02  -0.176232301E+02  -0.170949876E+02
   0.480003381E+06   0.124128994E+05  -0.179945300E+02  -0.180063538E+02  -0.178488202E+02  -0.176597039E+02  -0.174450314E+02  -0.187879895E+02  -0.179310987E+02  -0.179549871E+02  -0.180276091E+02  -0.180171772E+02  -0.173918722E+02  -0.160037290E+02  -0.173664661E+02  -0.175818449E+02  -0.170357927E+02
   0.490034067E+06   0.122065776E+05  -0.179794021E+02  -0.180032291E+02  -0.178546552E+02  -0.176700993E+02  -0.174588664E+02  -0.187734015E+02  -0.179254666E+02  -0.179574418E+02  -0.180393835E+02  -0.180240166E+02  -0.173467383E+02  -0.159156533E+02  -0.173196713E+02  -0.175427010E+02  -0.169797753E+02
   0.500032557E+06   0.120089894E+05  -0.179644631E+02  -0.179997852E+02  -0.178597918E+02  -0.176796031E+02  -0.174716642E+02  -0.187589796E+02  -0.179196214E+02  -0.179593411E+02  -0.180502080E+02  -0.180301150E+02  -0.173030635E+02  -0.158308545E+02  -0.172744059E+02  -0.175047625E+02  -0.169256777E+02
   0.510025092E+06   0.118190727E+05  -0.179463249E+02  -0.179948728E+02  -0.178647396E+02  -0.176895767E+02  -0.174852268E+02  -0.187414448E+02  -0.179119420E+02  -0.179605551E+02  -0.180617040E+02  -0.180361791E+02  -0.172525741E+02  -0.157337381E+02  -0.172219172E+02  -0.174601826E+02  -0.168639833E+02
   0.520007612E+06   0.116358097E+05  -0.179284768E+02  -0.179898917E+02  -0.178693504E+02  -0.176990770E+02  -0.174982105E+02  -0.187241841E+02  -0.179042687E+02  -0.179615330E+02  -0.180726854E+02  -0.180418763E+02  -0.172032813E+02  -0.156391116E+02  -0.171706727E+02  -0.174166114E+02  -0.168038212E+02
   0.530018326E+06   0.114603893E+05  -0.179118017E+02  -0.179855328E+02  -0.178741730E+02  -0.177085798E+02  -0.175110478E+02  -0.187080712E+02  -0.178973329E+02  -0.179628783E+02  -0.180836060E+02  -0.180477388E+02  -0.171565072E+02  -0.155489437E+02  -0.171220304E+02  -0.173753139E+02  -0.167466429E+02
   0.540006718E+06   0.112920761E+05  -0.178959834E+02  -0.179815317E+02  -0.178789815E+02  -0.177178789E+02  -0.175235461E+02  -0.186927923E+02  -0.178908593E+02  -0.179643503E+02  -0.180942653E+02  -0.180535450E+02  -0.171118094E+02  -0.154626102E+02  -0.170755400E+02  -0.173358708E+02  -0.166919624E+02
   0.550019695E+06   0.111283339E+05  -0.178805088E+02  -0.179775535E+02  -0.178835735E+02  -0.177268395E+02  -0.175356192E+02  -0.186778425E+02  -0.178844757E+02  -0.179656965E+02  -0.181045493E+02  -0.180591077E+02  -0.170682396E+02  -0.153785356E+02  -0.170302264E+02  -0.172974130E+02  -0.166386811E+02
   0.560015362E+06   0.109706385E+05  -0.178647632E+02  -0.179733452E+02  -0.178879641E+02  -0.177356159E+02  -0.175475152E+02  -0.186626255E+02  -0.178778525E+02  -0.179668269E+02  -0.181146550E+02  -0.180644753E+02  -0.170244604E+02  -0.152942521E+02  -0.169846587E+02  -0.172589067E+02  -0.165853413E+02
   0.570041171E+06   0.108182199E+05  -0.178459067E+02  -0.179676066E+02  -0.178919944E+02  -0.177446392E+02  -0.175600702E+02  -0.186443777E+02  -0.178693644E+02  -0.179671396E+02  -0.181251945E+02  -0.180696278E+02  -0.169743855E+02  -0.151987123E+02  -0.169323951E+02  -0.172154056E+02  -0.165251489E+02
   0.580006276E+06   0.106735852E+05  -0.178285366E+02  -0.179626845E+02  -0.178963424E+02  -0.177537251E+02  -0.175725075E+02  -0.186275853E+02  -0.178618333E+02  -0.179679598E+02  -0.181357193E+02  -0.180750408E+02  -0.169273914E+02  -0.151085751E+02  -0.168833240E+02  -0.171746496E+02  -0.164685539E+02
   0.590046829E+06   0.105325349E+05  -0.178118300E+02  -0.179581174E+02  -0.179008156E+02  -0.177628188E+02  -0.175848695E+02  -0.186114420E+02  -0.178547218E+02  -0.179689927E+02  -0.181462162E+02  -0.180805525E+02  -0.168817948E+02  -0.150209046E+02  -0.168357020E+02  -0.171351365E+02  -0.164135944E+02
   0.600007634E+06   0.103994946E+05  -0.177955805E+02  -0.179533180E+02  -0.179045432E+02  -0.177709046E+02  -0.175960379E+02  -0.185957240E+02  -0.178475225E+02  -0.179694753E+02  -0.181556254E+02  -0.180852598E+02  -0.168382960E+02  -0.149377213E+02  -0.167902928E+02  -0.170973758E+02  -0.163612645E+02
   0.610034738E+06   0.102794510E+05  -0.177795097E+02  -0.179475788E+02  -0.179064979E+02  -0.177767917E+02  -0.176047065E+02  -0.185801326E+02  -0.178396178E+02  -0.179685020E+02  -0.181627067E+02  -0.180880983E+02  -0.167976379E+02  -0.148612553E+02  -0.167479108E+02  -0.170618952E+02  -0.163126378E+02
   0.620014685E+06   0.101726795E+05  -0.177639675E+02  -0.179412258E+02  -0.179069883E+02  -0.177807796E+02  -0.176111685E+02  -0.185650168E+02  -0.178313388E+02  -0.179663881E+02  -0.181677568E+02  -0.180893748E+02  -0.167602267E+02  -0.147919952E+02  -0.167089664E+02  -0.170290890E+02  -0.162681391E+02
   0.630027995E+06   0.100711601E+05  -0.177494368E+02  -0.179354325E+02  -0.179077016E+02  -0.177848185E+02  -0.176175597E+02  -0.185508916E+02  -0.178237141E+02  -0.179646253E+02  -0.181728056E+02  -0.180908356E+02  -0.167249029E+02  -0.147263892E+02  -0.166721847E+02  -0.169981437E+02  -0.162260765E+02
   0.640012456E+06   0.997380237E+04  -0.177346244E+02  -0.179295597E+02  -0.179084846E+02  -0.177890072E+02  -0.176241632E+02  -0.185364967E+02  -0.178159665E+02  -0.179628702E+02  -0.181780299E+02  -0.180923874E+02  -0.166890214E+02  -0.146596912E+02  -0.166347643E+02  -0.169667851E+02  -0.161835684E+02
   0.650013153E+06   0.987857434E+04  -0.177170576E+02  -0.179222263E+02  -0.179087662E+02  -0.177931951E+02  -0.176311354E+02  -0.185194141E+02  -0.178064844E+02  -0.179602352E+02  -0.181834090E+02  -0.180935586E+02  -0.166478490E+02  -0.145836587E+02  -0.165917120E+02  -0.169308969E+02  -0.161354786E+02
   0.660039683E+06   0.978582839E+04  -0.176999524E+02  -0.179150879E+02  -0.179090444E+02  -0.177972777E+02  -0.176379296E+02  -0.185027807E+02  -0.177972531E+02  -0.179576727E+02  -0.181886517E+02  -0.180947031E+02  -0.166077535E+02  -0.145096117E+02  -0.165497857E+02  -0.168959479E+02  -0.160886460E+02
   0.670010355E+06   0.969655771E+04  -0.176833874E+02  -0.179081162E+02  -0.179092113E+02  -0.178011065E+02  -0.176443685E+02  -0.184866697E+02  -0.177882670E+02  -0.179551054E+02  -0.181935972E+02  -0.180957040E+02  -0.165690596E+02  -0.144382385E+02  -0.165093296E+02  -0.168622076E+02  -0.160434675E+02
   0.680007117E+06   0.961045130E+04  -0.176674288E+02  -0.179014108E+02  -0.179093915E+02  -0.178048188E+02  -0.176505984E+02  -0.184711490E+02  -0.177796187E+02  -0.179526484E+02  -0.181983865E+02  -0.180966886E+02  -0.165317565E+02  -0.143694144E+02  -0.164703268E+02  -0.168296825E+02  -0.159999097E+02
   0.690025771E+06   0.952773302E+04  -0.176524935E+02  -0.178953647E+02  -0.179099600E+02  -0.178087804E+02  -0.176569786E+02  -0.184566344E+02  -0.177717060E+02  -0.179506834E+02  -0.182033829E+02  -0.180980299E+02  -0.164963166E+02  -0.143036938E+02  -0.164332540E+02  -0.167988327E+02  -0.159584611E+02
   0.700009097E+06   0.944766706E+04  -0.176381196E+02  -0.178895949E+02  -0.179105928E+02  -0.178126975E+02  -0.176632366E+02  -0.184426677E+02  -0.177641295E+02  -0.179488639E+02  -0.182083015E+02  -0.180994106E+02  -0.164620955E+02  -0.142401630E+02  -0.163974525E+02  -0.167690545E+02  -0.159184240E+02
   0.710041120E+06   0.936919843E+04  -0.176239612E+02  -0.178838691E+02  -0.179111417E+02  -0.178164652E+02  -0.176692986E+02  -0.184289085E+02  -0.177566330E+02  -0.179470095E+02  -0.182130508E+02  -0.181006926E+02  -0.164284860E+02  -0.141778285E+02  -0.163622940E+02  -0.167397992E+02  -0.158791146E+02
   0.720040089E+06   0.929333749E+04  -0.176102775E+02  -0.178783376E+02  -0.179116765E+02  -0.178201118E+02  -0.176751632E+02  -0.184156106E+02  -0.177493897E+02  -0.179452209E+02  -0.182176463E+02  -0.181019361E+02  -0.163959975E+02  -0.141175695E+02  -0.163283079E+02  -0.167115202E+02  -0.158411155E+02
   0.730030883E+06   0.921998459E+04  -0.175969699E+02  -0.178729127E+02  -0.179121174E+02  -0.178235616E+02  -0.176807577E+02  -0.184026760E+02  -0.177423096E+02  -0.179434151E+02  -0.182220137E+02  -0.181030622E+02  -0.163645068E+02  -0.140592265E+02  -0.162953693E+02  -0.166840998E+02  -0.158042964E+02
   0.740003495E+06   0.914951838E+04  -0.175843051E+02  -0.178678204E+02  -0.179126600E+02  -0.178269948E+02  -0.176862512E+02  -0.183903697E+02  -0.177356273E+02  -0.179417995E+02  -0.182263283E+02  -0.181042632E+02  -0.163343745E+02  -0.140032987E+02  -0.162638460E+02  -0.166578777E+02  -0.157690455E+02
   0.750009378E+06   0.908167193E+04  -0.175724037E+02  -0.178632100E+02  -0.179134750E+02  -0.178305928E+02  -0.176918329E+02  -0.183788133E+02  -0.177294859E+02  -0.179405365E+02  -0.182307750E+02  -0.181057120E+02  -0.163056550E+02  -0.139497426E+02  -0.162337872E+02  -0.166329230E+02  -0.157353976E+02
   0.760013796E+06   0.901581875E+04  -0.175608538E+02  -0.178587368E+02  -0.179142679E+02  -0.178340870E+02  -0.176972525E+02  -0.183675983E+02  -0.177235268E+02  -0.179393124E+02  -0.182350929E+02  -0.181071200E+02  -0.162777810E+02  -0.138977618E+02  -0.162046132E+02  -0.166087032E+02  -0.157027401E+02
   0.770042508E+06   0.895144351E+04  -0.175462580E+02  -0.178525016E+02  -0.179142510E+02  -0.178372713E+02  -0.177027332E+02  -0.183534057E+02  -0.177155340E+02  -0.179368966E+02  -0.182392586E+02  -0.181078408E+02  -0.162444549E+02  -0.138363483E+02  -0.161696236E+02  -0.165796262E+02  -0.156645139E+02
   0.780021315E+06   0.888911923E+04  -0.175310655E+02  -0.178458585E+02  -0.179139658E+02  -0.178402619E+02  -0.177080777E+02  -0.183386274E+02  -0.177070931E+02  -0.179341542E+02  -0.182432549E+02  -0.181083127E+02  -0.162102545E+02  -0.137735291E+02  -0.161336886E+02  -0.165497529E+02  -0.156254989E+02
   0.790033782E+06   0.882825048E+04  -0.175161374E+02  -0.178392800E+02  -0.179135966E+02  -0.178430921E+02  -0.177132070E+02  -0.183241038E+02  -0.176987588E+02  -0.179313852E+02  -0.182470673E+02  -0.181086830E+02  -0.161767622E+02  -0.137120865E+02  -0.160985024E+02  -0.165204868E+02  -0.155873045E+02
   0.800009022E+06   0.876953316E+04  -0.175018012E+02  -0.178329982E+02  -0.179133049E+02  -0.178458866E+02  -0.177182192E+02  -0.183101579E+02  -0.176907834E+02  -0.179287785E+02  -0.182508093E+02  -0.181091045E+02  -0.161445180E+02  -0.136528800E+02  -0.160646241E+02  -0.164923193E+02  -0.155505245E+02
   0.810026197E+06   0.871274162E+04  -0.174881328E+02  -0.178271202E+02  -0.179132202E+02  -0.178487871E+02  -0.177232646E+02  -0.182968669E+02  -0.176832672E+02  -0.179264548E+02  -0.182546262E+02  -0.181097098E+02  -0.161135290E+02  -0.135958128E+02  -0.160320546E+02  -0.164652733E+02  -0.155151483E+02
   0.820032178E+06   0.865767771E+04  -0.174748843E+02  -0.178214250E+02  -0.179131423E+02  -0.178516035E+02  -0.177281606E+02  -0.182839843E+02  -0.176759837E+02  -0.179242059E+02  -0.182583310E+02  -0.181103008E+02  -0.160834868E+02  -0.135404858E+02  -0.160004799E+02  -0.164390542E+02  -0.154808524E+02
   0.830024781E+06   0.860405051E+04  -0.174619027E+02  -0.178157996E+02  -0.179129876E+02  -0.178542675E+02  -0.177328501E+02  -0.182713591E+02  -0.176688115E+02  -0.179219369E+02  -0.182618604E+02  -0.181107976E+02  -0.160541496E+02  -0.134865236E+02  -0.159696503E+02  -0.164134404E+02  -0.154473725E+02
   0.840026381E+06   0.855185799E+04  -0.174492339E+02  -0.178102904E+02  -0.179128027E+02  -0.178568259E+02  -0.177373798E+02  -0.182590373E+02  -0.176617967E+02  -0.179196942E+02  -0.182652610E+02  -0.181112466E+02  -0.160255629E+02  -0.134339706E+02  -0.159396111E+02  -0.163884774E+02  -0.154147539E+02
   0.850005675E+06   0.850122972E+04  -0.174368996E+02  -0.178049009E+02  -0.179125780E+02  -0.178592623E+02  -0.177417284E+02  -0.182470394E+02  -0.176549469E+02  -0.179174735E+02  -0.182685144E+02  -0.181116370E+02  -0.159977877E+02  -0.133829473E+02  -0.159104269E+02  -0.163642173E+02  -0.153830676E+02
   0.860024547E+06   0.845199903E+04  -0.174249342E+02  -0.177996887E+02  -0.179123879E+02  -0.178616599E+02  -0.177459854E+02  -0.182354012E+02  -0.176483146E+02  -0.179153424E+02  -0.182717064E+02  -0.181120450E+02  -0.159708076E+02  -0.133333610E+02  -0.158820767E+02  -0.163406553E+02  -0.153522845E+02
   0.870003143E+06   0.840485583E+04  -0.174136218E+02  -0.177948431E+02  -0.179123515E+02  -0.178641015E+02  -0.177502075E+02  -0.182244021E+02  -0.176421091E+02  -0.179134474E+02  -0.182749086E+02  -0.181125813E+02  -0.159451171E+02  -0.132860229E+02  -0.158550743E+02  -0.163182380E+02  -0.153229522E+02
   0.880011705E+06   0.835911068E+04  -0.174026816E+02  -0.177901779E+02  -0.179123530E+02  -0.178665074E+02  -0.177543411E+02  -0.182137659E+02  -0.176361245E+02  -0.179116453E+02  -0.182780527E+02  -0.181131384E+02  -0.159202253E+02  -0.132401253E+02  -0.158289093E+02  -0.162965222E+02  -0.152945266E+02
   0.890021449E+06   0.831452611E+04  -0.173919423E+02  -0.177855545E+02  -0.179122777E+02  -0.178687756E+02  -0.177582933E+02  -0.182033230E+02  -0.176302150E+02  -0.179098123E+02  -0.182810404E+02  -0.181136048E+02  -0.158958884E+02  -0.131953156E+02  -0.158033316E+02  -0.162752808E+02  -0.152667455E+02
   0.900029346E+06   0.827112419E+04  -0.173814203E+02  -0.177809861E+02  -0.179121369E+02  -0.178709161E+02  -0.177620730E+02  -0.181930894E+02  -0.176243947E+02  -0.179079603E+02  -0.182838812E+02  -0.181139913E+02  -0.158721294E+02  -0.131516269E+02  -0.157783648E+02  -0.162545353E+02  -0.152396338E+02
   0.910034027E+06   0.822899768E+04  -0.173711276E+02  -0.177764721E+02  -0.179119203E+02  -0.178729138E+02  -0.177656618E+02  -0.181830767E+02  -0.176186655E+02  -0.179060828E+02  -0.182865586E+02  -0.181142865E+02  -0.158489887E+02  -0.131091421E+02  -0.157540517E+02  -0.162343194E+02  -0.152132388E+02
   0.920020668E+06   0.818809034E+04  -0.173610869E+02  -0.177720428E+02  -0.179116641E+02  -0.178748077E+02  -0.177691007E+02  -0.181733078E+02  -0.176130562E+02  -0.179042137E+02  -0.182891126E+02  -0.181145272E+02  -0.158264718E+02  -0.130678410E+02  -0.157303963E+02  -0.162146427E+02  -0.151875618E+02
   0.930014177E+06   0.814873002E+04  -0.173514369E+02  -0.177677920E+02  -0.179114286E+02  -0.178766410E+02  -0.177724206E+02  -0.181639194E+02  -0.176076701E+02  -0.179024264E+02  -0.182915811E+02  -0.181147698E+02  -0.158048174E+02  -0.130281128E+02  -0.157076466E+02  -0.161957211E+02  -0.151628668E+02
   0.940019041E+06   0.811083395E+04  -0.173421518E+02  -0.177637052E+02  -0.179112077E+02  -0.178784121E+02  -0.177756230E+02  -0.181548861E+02  -0.176024902E+02  -0.179007115E+02  -0.182939636E+02  -0.181150093E+02  -0.157839746E+02  -0.129898684E+02  -0.156857491E+02  -0.161775094E+02  -0.151390965E+02
   0.950031574E+06   0.807404761E+04  -0.173330550E+02  -0.177596546E+02  -0.179109098E+02  -0.178800477E+02  -0.177786480E+02  -0.181460339E+02  -0.175973785E+02  -0.178989632E+02  -0.182961928E+02  -0.181151582E+02  -0.157636585E+02  -0.129526604E+02  -0.156644092E+02  -0.161597473E+02  -0.151159386E+02
   0.960035478E+06   0.803835848E+04  -0.173241282E+02  -0.177556234E+02  -0.179105193E+02  -0.178815331E+02  -0.177814813E+02  -0.181373442E+02  -0.175923178E+02  -0.178971656E+02  -0.182982541E+02  -0.181152013E+02  -0.157438470E+02  -0.129164608E+02  -0.156436045E+02  -0.161424137E+02  -0.150933701E+02
   0.970021871E+06   0.800380173E+04  -0.173154020E+02  -0.177516375E+02  -0.179100587E+02  -0.178828889E+02  -0.177841423E+02  -0.181288477E+02  -0.175873352E+02  -0.178953426E+02  -0.183001675E+02  -0.181151605E+02  -0.157245815E+02  -0.128813272E+02  -0.156233773E+02  -0.161255475E+02  -0.150714352E+02
   0.980022611E+06   0.797023940E+04  -0.173037727E+02  -0.177458835E+02  -0.179086680E+02  -0.178837618E+02  -0.177866600E+02  -0.181175107E+02  -0.175803446E+02  -0.178922489E+02  -0.183017414E+02  -0.181143041E+02  -0.157003913E+02  -0.128377760E+02  -0.155978825E+02  -0.161042625E+02  -0.150448642E+02
   0.990026333E+06   0.793802280E+04  -0.172921719E+02  -0.177400782E+02  -0.179071663E+02  -0.178844943E+02  -0.177890176E+02  -0.181061988E+02  -0.175733194E+02  -0.178890660E+02  -0.183031664E+02  -0.181133308E+02  -0.156764481E+02  -0.127947638E+02  -0.155726417E+02  -0.160831786E+02  -0.150186617E+02
   0.100004033E+07   0.790735318E+04  -0.172810934E+02  -0.177345169E+02  -0.179057019E+02  -0.178851569E+02  -0.177912271E+02  -0.180953953E+02  -0.175665968E+02  -0.178860012E+02  -0.183044880E+02  -0.181123695E+02  -0.156536199E+02  -0.127537822E+02  -0.155485781E+02  -0.160630723E+02  -0.149936826E+02
   0.101004380E+07   0.787814900E+04  -0.172704560E+02  -0.177291331E+02  -0.179042193E+02  -0.178856996E+02  -0.177932430E+02  -0.180850199E+02  -0.175601073E+02  -0.178829947E+02  -0.183056584E+02  -0.181113660E+02  -0.156317943E+02  -0.127146707E+02  -0.155255761E+02  -0.160438386E+02  -0.149698089E+02
   0.102001980E+07   0.785055575E+04  -0.172602365E+02  -0.177238775E+02  -0.179026496E+02  -0.178860434E+02  -0.177949787E+02  -0.180750479E+02  -0.175538068E+02  -0.178799850E+02  -0.183065953E+02  -0.181102489E+02  -0.156110037E+02  -0.126775476E+02  -0.155036740E+02  -0.160254968E+02  -0.149470831E+02
   0.103000018E+07   0.782482552E+04  -0.172504773E+02  -0.177187469E+02  -0.179009562E+02  -0.178861344E+02  -0.177963675E+02  -0.180655194E+02  -0.175477020E+02  -0.178769489E+02  -0.183072393E+02  -0.181089775E+02  -0.155913871E+02  -0.126427013E+02  -0.154830210E+02  -0.160081638E+02  -0.149256621E+02
   0.104002044E+07   0.780124179E+04  -0.172412229E+02  -0.177137351E+02  -0.178990947E+02  -0.178859084E+02  -0.177973311E+02  -0.180564765E+02  -0.175417971E+02  -0.178738567E+02  -0.183075202E+02  -0.181075028E+02  -0.155730976E+02  -0.126104526E+02  -0.154637816E+02  -0.159919674E+02  -0.149057187E+02
   0.105000250E+07   0.778116840E+04  -0.172328026E+02  -0.177089259E+02  -0.178969670E+02  -0.178851728E+02  -0.177976080E+02  -0.180482363E+02  -0.175362278E+02  -0.178706815E+02  -0.183072160E+02  -0.181057044E+02  -0.155569871E+02  -0.125824607E+02  -0.154468626E+02  -0.159776385E+02  -0.148882005E+02
   0.106001182E+07   0.776659496E+04  -0.172256558E+02  -0.177044007E+02  -0.178943886E+02  -0.178836050E+02  -0.177967754E+02  -0.180412202E+02  -0.175311508E+02  -0.178673426E+02  -0.183059614E+02  -0.181033650E+02  -0.155442572E+02  -0.125611047E+02  -0.154335456E+02  -0.159662018E+02  -0.148744485E+02
   0.107001746E+07   0.775918407E+04  -0.172201211E+02  -0.177001992E+02  -0.178911771E+02  -0.178809074E+02  -0.177944516E+02  -0.180357520E+02  -0.175266687E+02  -0.178637443E+02  -0.183034231E+02  -0.181002750E+02  -0.155358833E+02  -0.125483444E+02  -0.154248733E+02  -0.159584858E+02  -0.148655549E+02
   0.108003054E+07   0.774313177E+04  -0.172127315E+02  -0.176956973E+02  -0.178888194E+02  -0.178796630E+02  -0.177940169E+02  -0.180285064E+02  -0.175215590E+02  -0.178605490E+02  -0.183025237E+02  -0.180981807E+02  -0.155223440E+02  -0.125253037E+02  -0.154106873E+02  -0.159463711E+02  -0.148508898E+02
   0.109000196E+07   0.771293129E+04  -0.172024244E+02  -0.176908230E+02  -0.178879795E+02  -0.178809174E+02  -0.177967946E+02  -0.180184701E+02  -0.175155412E+02  -0.178581331E+02  -0.183044272E+02  -0.180978360E+02  -0.155004669E+02  -0.124855510E+02  -0.153875938E+02  -0.159271743E+02  -0.148268948E+02
   0.110003001E+07   0.767913669E+04  -0.171913775E+02  -0.176858556E+02  -0.178875264E+02  -0.178828079E+02  -0.178003898E+02  -0.180077263E+02  -0.175092941E+02  -0.178559164E+02  -0.183070440E+02  -0.180979373E+02  -0.154764732E+02  -0.124415542E+02  -0.153622388E+02  -0.159061798E+02  -0.148005310E+02
   0.111000956E+07   0.764456296E+04  -0.171802387E+02  -0.176809363E+02  -0.178872255E+02  -0.178849047E+02  -0.178042306E+02  -0.179968976E+02  -0.175030657E+02  -0.178538114E+02  -0.183098839E+02  -0.180982035E+02  -0.154520890E+02  -0.123967058E+02  -0.153364619E+02  -0.158848640E+02  -0.147737222E+02
   0.112003146E+07   0.760968131E+04  -0.171690828E+02  -0.176760554E+02  -0.178870042E+02  -0.178871024E+02  -0.178081878E+02  -0.179860546E+02  -0.174968640E+02  -0.178517698E+02  -0.183128313E+02  -0.180985543E+02  -0.154275698E+02  -0.123515401E+02  -0.153105377E+02  -0.158634405E+02  -0.147467567E+02
   0.113000417E+07   0.757515489E+04  -0.171580984E+02  -0.176712821E+02  -0.178868430E+02  -0.178893356E+02  -0.178121625E+02  -0.179753798E+02  -0.174907833E+02  -0.178498069E+02  -0.183158065E+02  -0.180989595E+02  -0.154033581E+02  -0.123068923E+02  -0.152849354E+02  -0.158422931E+02  -0.147201237E+02
   0.114001008E+07   0.754076617E+04  -0.171472026E+02  -0.176665725E+02  -0.178867272E+02  -0.178916046E+02  -0.178161662E+02  -0.179647924E+02  -0.174847716E+02  -0.178478965E+02  -0.183188146E+02  -0.180994077E+02  -0.153792878E+02  -0.122624673E+02  -0.152594798E+02  -0.158212748E+02  -0.146936417E+02
   0.115003636E+07   0.750657038E+04  -0.171363962E+02  -0.176619177E+02  -0.178866404E+02  -0.178938892E+02  -0.178201757E+02  -0.179542928E+02  -0.174788220E+02  -0.178460253E+02  -0.183218342E+02  -0.180998818E+02  -0.153553808E+02  -0.122183198E+02  -0.152341955E+02  -0.158004027E+02  -0.146673366E+02
   0.116003089E+07   0.747277269E+04  -0.171257385E+02  -0.176573400E+02  -0.178865774E+02  -0.178961701E+02  -0.178241614E+02  -0.179439382E+02  -0.174729645E+02  -0.178441986E+02  -0.183248414E+02  -0.181003731E+02  -0.153317750E+02  -0.121747092E+02  -0.152092283E+02  -0.157797965E+02  -0.146413606E+02
   0.117002025E+07   0.743930538E+04  -0.171152088E+02  -0.176528308E+02  -0.178865389E+02  -0.178984525E+02  -0.178281320E+02  -0.179337086E+02  -0.174671881E+02  -0.178424136E+02  -0.183278431E+02  -0.181008836E+02  -0.153084239E+02  -0.121315487E+02  -0.151845291E+02  -0.157594155E+02  -0.146156624E+02
   0.118001076E+07   0.740617172E+04  -0.171048074E+02  -0.176483899E+02  -0.178865241E+02  -0.179007355E+02  -0.178320863E+02  -0.179236044E+02  -0.174614926E+02  -0.178406698E+02  -0.183308382E+02  -0.181014123E+02  -0.152853288E+02  -0.120888418E+02  -0.151600994E+02  -0.157392610E+02  -0.145902436E+02
   0.119003921E+07   0.737329958E+04  -0.170945118E+02  -0.176440078E+02  -0.178865331E+02  -0.179030242E+02  -0.178360330E+02  -0.179136036E+02  -0.174558658E+02  -0.178389634E+02  -0.183338334E+02  -0.181019604E+02  -0.152624397E+02  -0.120464957E+02  -0.151358862E+02  -0.157192894E+02  -0.145650492E+02
   0.120003490E+07   0.734094611E+04  -0.170844075E+02  -0.176397237E+02  -0.178865709E+02  -0.179053056E+02  -0.178399465E+02  -0.179037896E+02  -0.174503566E+02  -0.178373128E+02  -0.183368102E+02  -0.181025289E+02  -0.152399407E+02  -0.120048467E+02  -0.151120840E+02  -0.156996617E+02  -0.145402812E+02
   0.121001565E+07   0.730904661E+04  -0.170744737E+02  -0.176355284E+02  -0.178866368E+02  -0.179075837E+02  -0.178438336E+02  -0.178941418E+02  -0.174449534E+02  -0.178357141E+02  -0.183397739E+02  -0.181031180E+02  -0.152177860E+02  -0.119638107E+02  -0.150886444E+02  -0.156803381E+02  -0.145158894E+02
   0.122003400E+07   0.727743833E+04  -0.170646589E+02  -0.176313997E+02  -0.178867304E+02  -0.179098694E+02  -0.178477137E+02  -0.178846106E+02  -0.174396279E+02  -0.178341583E+02  -0.183427389E+02  -0.181037301E+02  -0.151958619E+02  -0.119231777E+02  -0.150654472E+02  -0.156612193E+02  -0.144917487E+02
   0.123002449E+07   0.724637564E+04  -0.170550428E+02  -0.176273716E+02  -0.178868518E+02  -0.179121449E+02  -0.178515560E+02  -0.178752731E+02  -0.174344236E+02  -0.178326586E+02  -0.183456820E+02  -0.181043609E+02  -0.151743456E+02  -0.118832753E+02  -0.150426796E+02  -0.156424597E+02  -0.144680539E+02
   0.124001098E+07   0.721575711E+04  -0.170456043E+02  -0.176234411E+02  -0.178870114E+02  -0.179144279E+02  -0.178553835E+02  -0.178661092E+02  -0.174293338E+02  -0.178312205E+02  -0.183486231E+02  -0.181050228E+02  -0.151531770E+02  -0.118439836E+02  -0.150202777E+02  -0.156240085E+02  -0.144447380E+02
   0.125003316E+07   0.718547191E+04  -0.170363063E+02  -0.176195912E+02  -0.178872071E+02  -0.179167238E+02  -0.178592071E+02  -0.178570828E+02  -0.174243371E+02  -0.178298358E+02  -0.183515699E+02  -0.181057152E+02  -0.151322766E+02  -0.118051574E+02  -0.149981574E+02  -0.156057959E+02  -0.144217137E+02
   0.126001191E+07   0.715576367E+04  -0.170272174E+02  -0.176158466E+02  -0.178874310E+02  -0.179190079E+02  -0.178629897E+02  -0.178482604E+02  -0.174194676E+02  -0.178285094E+02  -0.183544925E+02  -0.181064264E+02  -0.151118063E+02  -0.117671028E+02  -0.149764904E+02  -0.155879622E+02  -0.143991600E+02
   0.127001407E+07   0.712642541E+04  -0.170182767E+02  -0.176121837E+02  -0.178876871E+02  -0.179212987E+02  -0.178667603E+02  -0.178395828E+02  -0.174146938E+02  -0.178272345E+02  -0.183574138E+02  -0.181071638E+02  -0.150916259E+02  -0.117295571E+02  -0.149551284E+02  -0.155703857E+02  -0.143769222E+02
   0.128002950E+07   0.709749002E+04  -0.170094939E+02  -0.176086061E+02  -0.178879748E+02  -0.179235930E+02  -0.178705142E+02  -0.178310595E+02  -0.174100206E+02  -0.178260122E+02  -0.183603300E+02  -0.181079261E+02  -0.150717578E+02  -0.116925621E+02  -0.149340947E+02  -0.155530856E+02  -0.143550248E+02
   0.129002173E+07   0.706906250E+04  -0.170009019E+02  -0.176051280E+02  -0.178882942E+02  -0.179258838E+02  -0.178742389E+02  -0.178227225E+02  -0.174054661E+02  -0.178248481E+02  -0.183632317E+02  -0.181087117E+02  -0.150522751E+02  -0.116562532E+02  -0.149134669E+02  -0.155361258E+02  -0.143335484E+02
   0.130001067E+07   0.704108335E+04  -0.169924859E+02  -0.176017453E+02  -0.178886489E+02  -0.179281789E+02  -0.178779453E+02  -0.178145574E+02  -0.174010239E+02  -0.178237428E+02  -0.183661282E+02  -0.181095254E+02  -0.150331401E+02  -0.116205574E+02  -0.148932050E+02  -0.155194740E+02  -0.143124513E+02
   0.131003195E+07   0.701345596E+04  -0.169842200E+02  -0.175984494E+02  -0.178890436E+02  -0.179304894E+02  -0.178816495E+02  -0.178065393E+02  -0.173966819E+02  -0.178226958E+02  -0.183690325E+02  -0.181103732E+02  -0.150142901E+02  -0.115853546E+02  -0.148732421E+02  -0.155030758E+02  -0.142916637E+02
   0.132002052E+07   0.698637569E+04  -0.169738745E+02  -0.175938516E+02  -0.178886976E+02  -0.179323758E+02  -0.178851665E+02  -0.177964864E+02  -0.173908749E+02  -0.178206804E+02  -0.183716140E+02  -0.181105713E+02  -0.149920533E+02  -0.115443855E+02  -0.148496448E+02  -0.154837041E+02  -0.142677029E+02
   0.133002383E+07   0.695971490E+04  -0.169615129E+02  -0.175880006E+02  -0.178876492E+02  -0.179338697E+02  -0.178885233E+02  -0.177844612E+02  -0.173836545E+02  -0.178177394E+02  -0.183739024E+02  -0.181101558E+02  -0.149665100E+02  -0.114977710E+02  -0.148224996E+02  -0.154614301E+02  -0.142406324E+02
   0.134001250E+07   0.693355563E+04  -0.169494354E+02  -0.175823112E+02  -0.178866721E+02  -0.179353871E+02  -0.178918685E+02  -0.177727138E+02  -0.173766216E+02  -0.178149052E+02  -0.183761993E+02  -0.181097997E+02  -0.149414986E+02  -0.114520850E+02  -0.147959167E+02  -0.154396267E+02  -0.142141227E+02
   0.135000989E+07   0.690783421E+04  -0.169376132E+02  -0.175767701E+02  -0.178857645E+02  -0.179369323E+02  -0.178952108E+02  -0.177612161E+02  -0.173697595E+02  -0.178121716E+02  -0.183785109E+02  -0.181095027E+02  -0.149169591E+02  -0.114072168E+02  -0.147698318E+02  -0.154182414E+02  -0.141881098E+02
   0.136001992E+07   0.688253855E+04  -0.169260436E+02  -0.175713778E+02  -0.178849289E+02  -0.179385088E+02  -0.178985547E+02  -0.177499657E+02  -0.173630680E+02  -0.178095403E+02  -0.183808412E+02  -0.181092676E+02  -0.148928827E+02  -0.113631482E+02  -0.147442356E+02  -0.153972670E+02  -0.141625845E+02
   0.137001428E+07   0.685775838E+04  -0.169147735E+02  -0.175661590E+02  -0.178841740E+02  -0.179401169E+02  -0.179018943E+02  -0.177390083E+02  -0.173565765E+02  -0.178070262E+02  -0.183831877E+02  -0.181091010E+02  -0.148693607E+02  -0.113200414E+02  -0.147192248E+02  -0.153767838E+02  -0.141376431E+02
   0.138000020E+07   0.683349095E+04  -0.169038099E+02  -0.175611215E+02  -0.178835080E+02  -0.179417650E+02  -0.179052380E+02  -0.177283509E+02  -0.173502926E+02  -0.178046375E+02  -0.183855589E+02  -0.181090111E+02  -0.148463986E+02  -0.112778999E+02  -0.146948048E+02  -0.153567976E+02  -0.141132910E+02
   0.139003070E+07   0.680963065E+04  -0.168931106E+02  -0.175562489E+02  -0.178829336E+02  -0.179434659E+02  -0.179086060E+02  -0.177179526E+02  -0.173441946E+02  -0.178023693E+02  -0.183879708E+02  -0.181090031E+02  -0.148239022E+02  -0.112365457E+02  -0.146708748E+02  -0.153372272E+02  -0.140894278E+02
   0.140001809E+07   0.678640408E+04  -0.168827794E+02  -0.175515897E+02  -0.178824583E+02  -0.179452055E+02  -0.179119685E+02  -0.177079145E+02  -0.173383424E+02  -0.178002452E+02  -0.183904025E+02  -0.181090792E+02  -0.148020872E+02  -0.111963738E+02  -0.146476644E+02  -0.153182605E+02  -0.140662824E+02
   0.141000936E+07   0.676368074E+04  -0.168727609E+02  -0.175471203E+02  -0.178820823E+02  -0.179469963E+02  -0.179153470E+02  -0.176981828E+02  -0.173327060E+02  -0.177982560E+02  -0.183928704E+02  -0.181092426E+02  -0.147808338E+02  -0.111571612E+02  -0.146250457E+02  -0.152997936E+02  -0.140437274E+02
   0.142000020E+07   0.674147735E+04  -0.168630601E+02  -0.175428416E+02  -0.178818033E+02  -0.179488346E+02  -0.179187367E+02  -0.176887622E+02  -0.173272869E+02  -0.177964008E+02  -0.183953703E+02  -0.181094907E+02  -0.147601551E+02  -0.111189343E+02  -0.146030330E+02  -0.152818377E+02  -0.140217769E+02
   0.143000390E+07   0.671976098E+04  -0.168536613E+02  -0.175387460E+02  -0.178816196E+02  -0.179507218E+02  -0.179221412E+02  -0.176796374E+02  -0.173220759E+02  -0.177946755E+02  -0.183979045E+02  -0.181098225E+02  -0.147400191E+02  -0.110816350E+02  -0.145815924E+02  -0.152643649E+02  -0.140003970E+02
   0.144000363E+07   0.669856809E+04  -0.168445784E+02  -0.175348383E+02  -0.178815296E+02  -0.179526527E+02  -0.179255529E+02  -0.176708218E+02  -0.173170798E+02  -0.177930810E+02  -0.184004670E+02  -0.181102357E+02  -0.147204579E+02  -0.110453242E+02  -0.145607579E+02  -0.152474025E+02  -0.139796219E+02
   0.145003740E+07   0.667782007E+04  -0.168357752E+02  -0.175311018E+02  -0.178815307E+02  -0.179546322E+02  -0.179289821E+02  -0.176622804E+02  -0.173122777E+02  -0.177916092E+02  -0.184030648E+02  -0.181107292E+02  -0.147013964E+02  -0.110098647E+02  -0.145404498E+02  -0.152308853E+02  -0.139593719E+02
   0.146002670E+07   0.665767290E+04  -0.168273129E+02  -0.175275595E+02  -0.178816177E+02  -0.179566404E+02  -0.179323980E+02  -0.176540724E+02  -0.173077006E+02  -0.177902659E+02  -0.184056733E+02  -0.181112945E+02  -0.146829728E+02  -0.109755180E+02  -0.145208158E+02  -0.152149324E+02  -0.139397943E+02
   0.147001034E+07   0.663803087E+04  -0.168191432E+02  -0.175241864E+02  -0.178817828E+02  -0.179586786E+02  -0.179358086E+02  -0.176461505E+02  -0.173033187E+02  -0.177890367E+02  -0.184082968E+02  -0.181119260E+02  -0.146650916E+02  -0.109421129E+02  -0.145017545E+02  -0.151994599E+02  -0.139207880E+02
   0.148001110E+07   0.661882610E+04  -0.168112281E+02  -0.175209612E+02  -0.178820171E+02  -0.179607443E+02  -0.179392161E+02  -0.176384778E+02  -0.172991071E+02  -0.177879076E+02  -0.184109347E+02  -0.181126162E+02  -0.146476812E+02  -0.109095243E+02  -0.144831903E+02  -0.151844046E+02  -0.139022776E+02
   0.149001462E+07   0.660006381E+04  -0.168035607E+02  -0.175178755E+02  -0.178823113E+02  -0.179628276E+02  -0.179426104E+02  -0.176310471E+02  -0.172950578E+02  -0.177868699E+02  -0.184135771E+02  -0.181133557E+02  -0.146307373E+02  -0.108777517E+02  -0.144651191E+02  -0.151697614E+02  -0.138842589E+02
   0.150003070E+07   0.658171428E+04  -0.167961216E+02  -0.175149174E+02  -0.178826586E+02  -0.179649247E+02  -0.179459896E+02  -0.176238395E+02  -0.172911572E+02  -0.177859145E+02  -0.184162209E+02  -0.181141386E+02  -0.146142257E+02  -0.108467377E+02  -0.144475051E+02  -0.151555001E+02  -0.138666963E+02
   0.151001933E+07   0.656384545E+04  -0.167889325E+02  -0.175120919E+02  -0.178830520E+02  -0.179670220E+02  -0.179493354E+02  -0.176168759E+02  -0.172874140E+02  -0.177850394E+02  -0.184188507E+02  -0.181149562E+02  -0.145982018E+02  -0.108165914E+02  -0.144304077E+02  -0.151416675E+02  -0.138496489E+02
   0.152000783E+07   0.654640288E+04  -0.167819657E+02  -0.175093846E+02  -0.178834868E+02  -0.179691201E+02  -0.179526523E+02  -0.176101292E+02  -0.172838109E+02  -0.177842360E+02  -0.184214685E+02  -0.181158051E+02  -0.145826110E+02  -0.107872150E+02  -0.144137689E+02  -0.151282156E+02  -0.138330589E+02
   0.153000374E+07   0.652936417E+04  -0.167752060E+02  -0.175067858E+02  -0.178839573E+02  -0.179712154E+02  -0.179559381E+02  -0.176035845E+02  -0.172803369E+02  -0.177834969E+02  -0.184240715E+02  -0.181166801E+02  -0.145674269E+02  -0.107585646E+02  -0.143975611E+02  -0.151151210E+02  -0.138168989E+02
   0.154000190E+07   0.651271590E+04  -0.167686431E+02  -0.175042884E+02  -0.178844589E+02  -0.179733046E+02  -0.179591905E+02  -0.175972317E+02  -0.172769845E+02  -0.177828167E+02  -0.184266568E+02  -0.181175769E+02  -0.145526327E+02  -0.107306126E+02  -0.143817667E+02  -0.151023683E+02  -0.138011511E+02
   0.155002177E+07   0.649640587E+04  -0.167622515E+02  -0.175018797E+02  -0.178849883E+02  -0.179753892E+02  -0.179624147E+02  -0.175910459E+02  -0.172737381E+02  -0.177821882E+02  -0.184292275E+02  -0.181184935E+02  -0.145381770E+02  -0.107032664E+02  -0.143663310E+02  -0.150899127E+02  -0.137857611E+02
   0.156002302E+07   0.648048082E+04  -0.167560468E+02  -0.174995639E+02  -0.178855412E+02  -0.179774607E+02  -0.179655989E+02  -0.175850420E+02  -0.172706044E+02  -0.177816106E+02  -0.184317735E+02  -0.181194244E+02  -0.145240985E+02  -0.106766017E+02  -0.143512958E+02  -0.150777871E+02  -0.137707704E+02
   0.157001787E+07   0.646490611E+04  -0.167500146E+02  -0.174973351E+02  -0.178861180E+02  -0.179795227E+02  -0.179687491E+02  -0.175792064E+02  -0.172675756E+02  -0.177810817E+02  -0.184342995E+02  -0.181203709E+02  -0.145103658E+02  -0.106505597E+02  -0.143366274E+02  -0.150659644E+02  -0.137561456E+02
   0.158002623E+07   0.644965139E+04  -0.167441406E+02  -0.174951862E+02  -0.178867171E+02  -0.179815765E+02  -0.179718688E+02  -0.175735249E+02  -0.172646433E+02  -0.177805979E+02  -0.184368079E+02  -0.181213322E+02  -0.144969494E+02  -0.106250869E+02  -0.143222945E+02  -0.150544187E+02  -0.137418555E+02
   0.159000839E+07   0.643476794E+04  -0.167384439E+02  -0.174931241E+02  -0.178873361E+02  -0.179836147E+02  -0.179749470E+02  -0.175680160E+02  -0.172618168E+02  -0.177801603E+02  -0.184392896E+02  -0.181223045E+02  -0.144838940E+02  -0.106002685E+02  -0.143083449E+02  -0.150431884E+02  -0.137279475E+02
   0.160001877E+07   0.642016401E+04  -0.167328891E+02  -0.174911356E+02  -0.178879784E+02  -0.179856496E+02  -0.179780022E+02  -0.175626455E+02  -0.172590783E+02  -0.177797659E+02  -0.184417597E+02  -0.181232935E+02  -0.144711187E+02  -0.105759511E+02  -0.142946922E+02  -0.150322040E+02  -0.137143357E+02
   0.161000953E+07   0.640589144E+04  -0.167274986E+02  -0.174892305E+02  -0.178886442E+02  -0.179876765E+02  -0.179810263E+02  -0.175574350E+02  -0.172564400E+02  -0.177794185E+02  -0.184442118E+02  -0.181242981E+02  -0.144586714E+02  -0.105522237E+02  -0.142813874E+02  -0.150215070E+02  -0.137010709E+02
   0.162000197E+07   0.639190648E+04  -0.167222591E+02  -0.174874062E+02  -0.178893392E+02  -0.179897050E+02  -0.179840320E+02  -0.175523721E+02  -0.172538975E+02  -0.177791207E+02  -0.184466571E+02  -0.181253251E+02  -0.144465175E+02  -0.105290169E+02  -0.142683932E+02  -0.150110680E+02  -0.136881159E+02
   0.163002068E+07   0.637816758E+04  -0.167171605E+02  -0.174856626E+02  -0.178900705E+02  -0.179917465E+02  -0.179870334E+02  -0.175474468E+02  -0.172514483E+02  -0.177788767E+02  -0.184491080E+02  -0.181263826E+02  -0.144346260E+02  -0.105062670E+02  -0.142556763E+02  -0.150008613E+02  -0.136754375E+02
   0.164002554E+07   0.636473172E+04  -0.167122280E+02  -0.174840111E+02  -0.178908393E+02  -0.179937965E+02  -0.179900223E+02  -0.175426838E+02  -0.172491067E+02  -0.177786917E+02  -0.184515584E+02  -0.181274703E+02  -0.144230505E+02  -0.104840725E+02  -0.142432935E+02  -0.149909334E+02  -0.136630923E+02
   0.165002811E+07   0.635157748E+04  -0.167074592E+02  -0.174824546E+02  -0.178916524E+02  -0.179958640E+02  -0.179930088E+02  -0.175380810E+02  -0.172468746E+02  -0.177785710E+02  -0.184540178E+02  -0.181285957E+02  -0.144117779E+02  -0.104624036E+02  -0.142312306E+02  -0.149812739E+02  -0.136510662E+02
   0.166002458E+07   0.633870900E+04  -0.167028588E+02  -0.174809967E+02  -0.178925126E+02  -0.179979513E+02  -0.179959953E+02  -0.175336429E+02  -0.172447558E+02  -0.177785177E+02  -0.184564885E+02  -0.181297614E+02  -0.144008150E+02  -0.104412702E+02  -0.142194946E+02  -0.149718891E+02  -0.136393662E+02
   0.167001779E+07   0.632610719E+04  -0.166984278E+02  -0.174796431E+02  -0.178934291E+02  -0.180000694E+02  -0.179989939E+02  -0.175293709E+02  -0.172427549E+02  -0.177785395E+02  -0.184589822E+02  -0.181309770E+02  -0.143901533E+02  -0.104206489E+02  -0.142080758E+02  -0.149627728E+02  -0.136279827E+02
   0.168002291E+07   0.631375755E+04  -0.166941648E+02  -0.174783959E+02  -0.178944066E+02  -0.180022246E+02  -0.180020120E+02  -0.175252639E+02  -0.172408735E+02  -0.177786403E+02  -0.184615053E+02  -0.181322477E+02  -0.143797844E+02  -0.104005196E+02  -0.141969650E+02  -0.149539183E+02  -0.136169065E+02
   0.169001200E+07   0.630168678E+04  -0.166900872E+02  -0.174772660E+02  -0.178954511E+02  -0.180044201E+02  -0.180050509E+02  -0.175213385E+02  -0.172391236E+02  -0.177788279E+02  -0.184640605E+02  -0.181335787E+02  -0.143697387E+02  -0.103809338E+02  -0.141861940E+02  -0.149453528E+02  -0.136061693E+02
   0.170003002E+07   0.628984438E+04  -0.166861825E+02  -0.174762532E+02  -0.178965716E+02  -0.180066699E+02  -0.180081281E+02  -0.175175833E+02  -0.172375026E+02  -0.177791077E+02  -0.184666632E+02  -0.181349803E+02  -0.143599788E+02  -0.103618144E+02  -0.141757227E+02  -0.149370452E+02  -0.135957311E+02
   0.171002033E+07   0.627829770E+04  -0.166824765E+02  -0.174753670E+02  -0.178977653E+02  -0.180089647E+02  -0.180112297E+02  -0.175140230E+02  -0.172360233E+02  -0.177794818E+02  -0.184693021E+02  -0.181364482E+02  -0.143505639E+02  -0.103432737E+02  -0.141656140E+02  -0.149290462E+02  -0.135856548E+02
   0.172000713E+07   0.626700783E+04  -0.166789591E+02  -0.174746066E+02  -0.178990387E+02  -0.180113146E+02  -0.180143685E+02  -0.175106480E+02  -0.172346831E+02  -0.177799536E+02  -0.184719884E+02  -0.181379895E+02  -0.143414645E+02  -0.103252515E+02  -0.141558363E+02  -0.149213313E+02  -0.135759087E+02
   0.173002197E+07   0.625594588E+04  -0.166756221E+02  -0.174739709E+02  -0.179003957E+02  -0.180137265E+02  -0.180175532E+02  -0.175074506E+02  -0.172334793E+02  -0.177805253E+02  -0.184747299E+02  -0.181396091E+02  -0.143326582E+02  -0.103077024E+02  -0.141463654E+02  -0.149138815E+02  -0.135664687E+02
   0.174000710E+07   0.624516556E+04  -0.166724852E+02  -0.174734665E+02  -0.179018332E+02  -0.180161920E+02  -0.180207720E+02  -0.175044497E+02  -0.172324212E+02  -0.177811976E+02  -0.184775167E+02  -0.181413026E+02  -0.143241912E+02  -0.102907153E+02  -0.141372507E+02  -0.149067365E+02  -0.135573842E+02
   0.175000498E+07   0.623461812E+04  -0.166695363E+02  -0.174730933E+02  -0.179033600E+02  -0.180187246E+02  -0.180240416E+02  -0.175016339E+02  -0.172315063E+02  -0.177819757E+02  -0.184803636E+02  -0.181430798E+02  -0.143160273E+02  -0.102742154E+02  -0.141284532E+02  -0.148998661E+02  -0.135486163E+02
   0.176002998E+07   0.622429207E+04  -0.166667718E+02  -0.174728504E+02  -0.179049773E+02  -0.180213266E+02  -0.180273650E+02  -0.174989997E+02  -0.172307331E+02  -0.177828599E+02  -0.184832732E+02  -0.181449422E+02  -0.143081574E+02  -0.102581844E+02  -0.141199629E+02  -0.148932625E+02  -0.135401548E+02
   0.177001956E+07   0.621424206E+04  -0.166642038E+02  -0.174727367E+02  -0.179066740E+02  -0.180239816E+02  -0.180307223E+02  -0.174965585E+02  -0.172301032E+02  -0.177838431E+02  -0.184862277E+02  -0.181468775E+02  -0.143006205E+02  -0.102427045E+02  -0.141118221E+02  -0.148869580E+02  -0.135320423E+02
   0.178000507E+07   0.620442711E+04  -0.166618063E+02  -0.174727360E+02  -0.179084413E+02  -0.180266849E+02  -0.180341113E+02  -0.174942848E+02  -0.172295984E+02  -0.177849137E+02  -0.184892234E+02  -0.181488778E+02  -0.142933702E+02  -0.102276971E+02  -0.141039822E+02  -0.148809113E+02  -0.135242298E+02
   0.179002860E+07   0.619481428E+04  -0.166595726E+02  -0.174728498E+02  -0.179102867E+02  -0.180294470E+02  -0.180375450E+02  -0.174921724E+02  -0.172292184E+02  -0.177860767E+02  -0.184922719E+02  -0.181509514E+02  -0.142863837E+02  -0.102131132E+02  -0.140964181E+02  -0.148751036E+02  -0.135166926E+02
   0.180000696E+07   0.618550232E+04  -0.166575395E+02  -0.174730907E+02  -0.179122051E+02  -0.180322533E+02  -0.180410020E+02  -0.174902569E+02  -0.172289811E+02  -0.177873340E+02  -0.184953557E+02  -0.181530908E+02  -0.142797465E+02  -0.101991164E+02  -0.140892215E+02  -0.148696084E+02  -0.135095221E+02
   0.181002719E+07   0.617637666E+04  -0.166556609E+02  -0.174734406E+02  -0.179141989E+02  -0.180351173E+02  -0.180445036E+02  -0.174884934E+02  -0.172288623E+02  -0.177886799E+02  -0.184984916E+02  -0.181553012E+02  -0.142733559E+02  -0.101855135E+02  -0.140822827E+02  -0.148643369E+02  -0.135026088E+02
   0.182001691E+07   0.616745794E+04  -0.166538931E+02  -0.174738507E+02  -0.179162156E+02  -0.180379845E+02  -0.180479940E+02  -0.174868381E+02  -0.172288143E+02  -0.177900635E+02  -0.185016246E+02  -0.181575297E+02  -0.142671785E+02  -0.101722872E+02  -0.140755694E+02  -0.148592531E+02  -0.134959205E+02
   0.183000443E+07   0.615873704E+04  -0.166522514E+02  -0.174743386E+02  -0.179182745E+02  -0.180408750E+02  -0.180514939E+02  -0.174853064E+02  -0.172288544E+02  -0.177915033E+02  -0.185047750E+02  -0.181597956E+02  -0.142612249E+02  -0.101594412E+02  -0.140690919E+02  -0.148543690E+02  -0.134894674E+02
   0.184000995E+07   0.615020163E+04  -0.166507274E+02  -0.174748990E+02  -0.179203725E+02  -0.180437869E+02  -0.180550021E+02  -0.174838902E+02  -0.172289764E+02  -0.177929954E+02  -0.185079412E+02  -0.181620962E+02  -0.142554808E+02  -0.101469512E+02  -0.140628350E+02  -0.148496716E+02  -0.134832344E+02
   0.185000197E+07   0.614187347E+04  -0.166493170E+02  -0.174755224E+02  -0.179224960E+02  -0.180467046E+02  -0.180585017E+02  -0.174825848E+02  -0.172291720E+02  -0.177945277E+02  -0.185111071E+02  -0.181644175E+02  -0.142499528E+02  -0.101348411E+02  -0.140568065E+02  -0.148451648E+02  -0.134772293E+02
   0.186000083E+07   0.613371882E+04  -0.166480112E+02  -0.174762079E+02  -0.179246506E+02  -0.180496368E+02  -0.180620037E+02  -0.174813819E+02  -0.172294387E+02  -0.177961034E+02  -0.185142822E+02  -0.181667656E+02  -0.142446151E+02  -0.101230585E+02  -0.140509790E+02  -0.148408272E+02  -0.134714245E+02
   0.187002610E+07   0.612573239E+04  -0.166468110E+02  -0.174769580E+02  -0.179268393E+02  -0.180525871E+02  -0.180655120E+02  -0.174802825E+02  -0.172297786E+02  -0.177977251E+02  -0.185174705E+02  -0.181691439E+02  -0.142394662E+02  -0.101115975E+02  -0.140453502E+02  -0.148366576E+02  -0.134658182E+02
   0.188000906E+07   0.611796547E+04  -0.166457298E+02  -0.174777735E+02  -0.179290539E+02  -0.180555423E+02  -0.180690099E+02  -0.174792993E+02  -0.172301952E+02  -0.177993884E+02  -0.185206572E+02  -0.181715429E+02  -0.142345449E+02  -0.101005377E+02  -0.140399622E+02  -0.148326888E+02  -0.134604519E+02
   0.189002319E+07   0.611035377E+04  -0.166447620E+02  -0.174786645E+02  -0.179313161E+02  -0.180585304E+02  -0.180725298E+02  -0.174784276E+02  -0.172306953E+02  -0.178011102E+02  -0.185238721E+02  -0.181739858E+02  -0.142298137E+02  -0.100897907E+02  -0.140347737E+02  -0.148288910E+02  -0.134552848E+02
   0.190001920E+07   0.610293685E+04  -0.166439121E+02  -0.174796258E+02  -0.179336135E+02  -0.180615350E+02  -0.180760527E+02  -0.174776713E+02  -0.172312757E+02  -0.178028811E+02  -0.185270977E+02  -0.181764593E+02  -0.142252967E+02  -0.100794118E+02  -0.140298111E+02  -0.148252835E+02  -0.134503429E+02
   0.191002410E+07   0.609567292E+04  -0.166431776E+02  -0.174806652E+02  -0.179359614E+02  -0.180645755E+02  -0.180796008E+02  -0.174770284E+02  -0.172319419E+02  -0.178047133E+02  -0.185303547E+02  -0.181789796E+02  -0.142209707E+02  -0.100693448E+02  -0.140250487E+02  -0.148218483E+02  -0.134456008E+02
   0.192002113E+07   0.608858731E+04  -0.166425660E+02  -0.174817839E+02  -0.179383564E+02  -0.180676463E+02  -0.180831666E+02  -0.174765062E+02  -0.172326967E+02  -0.178066054E+02  -0.185336366E+02  -0.181815429E+02  -0.142168558E+02  -0.100596299E+02  -0.140205081E+02  -0.148186023E+02  -0.134410800E+02
   0.193002181E+07   0.608165355E+04  -0.166420790E+02  -0.174829901E+02  -0.179408117E+02  -0.180707628E+02  -0.180867675E+02  -0.174761067E+02  -0.172335468E+02  -0.178085684E+02  -0.185369597E+02  -0.181841627E+02  -0.142129405E+02  -0.100502346E+02  -0.140161763E+02  -0.148155374E+02  -0.134367677E+02
   0.194002549E+07   0.607488396E+04  -0.166417213E+02  -0.174842855E+02  -0.179433266E+02  -0.180739232E+02  -0.180904010E+02  -0.174758344E+02  -0.172344946E+02  -0.178106027E+02  -0.185403218E+02  -0.181868383E+02  -0.142092358E+02  -0.100411796E+02  -0.140120648E+02  -0.148126628E+02  -0.134326751E+02
   0.195002084E+07   0.606826848E+04  -0.166414891E+02  -0.174856689E+02  -0.179459017E+02  -0.180771291E+02  -0.180940691E+02  -0.174756857E+02  -0.172355382E+02  -0.178127082E+02  -0.185437249E+02  -0.181895705E+02  -0.142057328E+02  -0.100324481E+02  -0.140081644E+02  -0.148099710E+02  -0.134287932E+02
   0.196001208E+07   0.606180563E+04  -0.166413674E+02  -0.174871254E+02  -0.179485224E+02  -0.180803661E+02  -0.180977577E+02  -0.174756455E+02  -0.172366627E+02  -0.178148701E+02  -0.185471545E+02  -0.181923446E+02  -0.142024157E+02  -0.100240231E+02  -0.140044589E+02  -0.148074464E+02  -0.134251059E+02
   0.197001196E+07   0.605546014E+04  -0.166413433E+02  -0.174886508E+02  -0.179511909E+02  -0.180836397E+02  -0.181014746E+02  -0.174757015E+02  -0.172378623E+02  -0.178170881E+02  -0.185506171E+02  -0.181951637E+02  -0.141992541E+02  -0.100158465E+02  -0.140009162E+02  -0.148050631E+02  -0.134215809E+02
   0.198001968E+07   0.604923587E+04  -0.166413990E+02  -0.174902265E+02  -0.179538878E+02  -0.180869302E+02  -0.181052000E+02  -0.174758357E+02  -0.172391183E+02  -0.178193432E+02  -0.185540931E+02  -0.181980084E+02  -0.141962324E+02  -0.100079055E+02  -0.139975205E+02  -0.148028046E+02  -0.134182026E+02
