   0.000000000E+00   0.500000000E+04  -0.284154845E+01  -0.404963745E+01  -0.477533315E+01  -0.505037245E+01  -0.517355045E+01  -0.369538845E+01  -0.372335845E+01  -0.453637445E+01  -0.556246045E+01  -0.505716045E+01   0.290551547E+00   0.562376155E+01   0.584331547E+00  -0.521978453E+00   0.106470155E+01
   0.100000296E+05   0.500000000E+04  -0.388976004E+01  -0.509784904E+01  -0.582354474E+01  -0.609858404E+01  -0.622176204E+01  -0.474360004E+01  -0.477157004E+01  -0.558458604E+01  -0.661067204E+01  -0.610537204E+01  -0.757660041E+00   0.457554996E+01  -0.463880041E+00  -0.157019004E+01   0.164899592E-01
   0.200000592E+05   0.500000000E+04  -0.397184827E+01  -0.517993727E+01  -0.590563297E+01  -0.618067227E+01  -0.630385027E+01  -0.482568827E+01  -0.485365827E+01  -0.566667427E+01  -0.669276027E+01  -0.618746027E+01  -0.839748273E+00   0.449346173E+01  -0.545968273E+00  -0.165227827E+01  -0.655982731E-01
   0.300000009E+05   0.500000000E+04  -0.395354088E+01  -0.516162988E+01  -0.588732558E+01  -0.616236488E+01  -0.628554288E+01  -0.480738088E+01  -0.483535088E+01  -0.564836688E+01  -0.667445288E+01  -0.616915288E+01  -0.821440882E+00   0.451176912E+01  -0.527660882E+00  -0.163397088E+01  -0.472908822E-01
   0.400001848E+05   0.500000000E+04  -0.393174499E+01  -0.513983399E+01  -0.586552969E+01  -0.614056899E+01  -0.626374699E+01  -0.478558499E+01  -0.481355499E+01  -0.562657099E+01  -0.665265699E+01  -0.614735699E+01  -0.799644987E+00   0.453356501E+01  -0.505864987E+00  -0.161217499E+01  -0.254949870E-01
   0.500001006E+05   0.500000000E+04  -0.391176365E+01  -0.511985265E+01  -0.584554835E+01  -0.612058765E+01  -0.624376565E+01  -0.476560365E+01  -0.479357365E+01  -0.560658965E+01  -0.663267565E+01  -0.612737565E+01  -0.779663651E+00   0.455354635E+01  -0.485883651E+00  -0.159219365E+01  -0.551365095E-02
   0.600000189E+05   0.500000000E+04  -0.389201940E+01  -0.510010840E+01  -0.582580410E+01  -0.610084340E+01  -0.622402140E+01  -0.474585940E+01  -0.477382940E+01  -0.558684540E+01  -0.661293140E+01  -0.610763140E+01  -0.759919399E+00   0.457329060E+01  -0.466139399E+00  -0.157244940E+01   0.142306006E-01
   0.700001315E+05   0.500000000E+04  -0.387300712E+01  -0.508109612E+01  -0.580679182E+01  -0.608183112E+01  -0.620500912E+01  -0.472684712E+01  -0.475481712E+01  -0.556783312E+01  -0.659391912E+01  -0.608861912E+01  -0.740907117E+00   0.459230288E+01  -0.447127117E+00  -0.155343712E+01   0.332428829E-01
   0.800002631E+05   0.500000000E+04  -0.384998347E+01  -0.505807247E+01  -0.578376817E+01  -0.605880747E+01  -0.618198547E+01  -0.470382347E+01  -0.473179347E+01  -0.554480947E+01  -0.657089547E+01  -0.606559547E+01  -0.717883474E+00   0.461532653E+01  -0.424103474E+00  -0.153041347E+01   0.562665259E-01
   0.900001075E+05   0.500000000E+04  -0.382034837E+01  -0.502843737E+01  -0.575413307E+01  -0.602917237E+01  -0.615235037E+01  -0.467418837E+01  -0.470215837E+01  -0.551517437E+01  -0.654126037E+01  -0.603596037E+01  -0.688248374E+00   0.464496163E+01  -0.394468374E+00  -0.150077837E+01   0.859016262E-01
   0.100000071E+06   0.500000000E+04  -0.361098271E+01  -0.481907171E+01  -0.554476741E+01  -0.581980671E+01  -0.594298471E+01  -0.446482271E+01  -0.449279271E+01  -0.530580871E+01  -0.633189471E+01  -0.582659471E+01  -0.478882710E+00   0.485432729E+01  -0.185102710E+00  -0.129141271E+01   0.295267290E+00
   0.110000083E+06   0.500000000E+04  -0.355901948E+01  -0.476710848E+01  -0.549280418E+01  -0.576784348E+01  -0.589102148E+01  -0.441285948E+01  -0.444082948E+01  -0.525384548E+01  -0.627993148E+01  -0.577463148E+01  -0.426919481E+00   0.490629052E+01  -0.133139481E+00  -0.123944948E+01   0.347230519E+00
   0.120000165E+06   0.500000000E+04  -0.395290321E+01  -0.516099221E+01  -0.588668791E+01  -0.616172721E+01  -0.628490521E+01  -0.480674321E+01  -0.483471321E+01  -0.564772921E+01  -0.667381521E+01  -0.616851521E+01  -0.820803209E+00   0.451240679E+01  -0.527023209E+00  -0.163333321E+01  -0.466532094E-01
   0.130000142E+06   0.500000000E+04  -0.400855623E+01  -0.521664523E+01  -0.594234093E+01  -0.621738023E+01  -0.634055823E+01  -0.486239623E+01  -0.489036623E+01  -0.570338223E+01  -0.672946823E+01  -0.622416823E+01  -0.876456235E+00   0.445675377E+01  -0.582676235E+00  -0.168898623E+01  -0.102306235E+00
   0.140000129E+06   0.500000000E+04  -0.399303528E+01  -0.520112428E+01  -0.592681998E+01  -0.620185928E+01  -0.632503728E+01  -0.484687528E+01  -0.487484528E+01  -0.568786128E+01  -0.671394728E+01  -0.620864728E+01  -0.860935276E+00   0.447227472E+01  -0.567155276E+00  -0.167346528E+01  -0.867852765E-01
   0.150000109E+06   0.500000000E+04  -0.397981143E+01  -0.518790043E+01  -0.591359613E+01  -0.618863543E+01  -0.631181343E+01  -0.483365143E+01  -0.486162143E+01  -0.567463743E+01  -0.670072343E+01  -0.619542343E+01  -0.847711429E+00   0.448549857E+01  -0.553931429E+00  -0.166024143E+01  -0.735614293E-01
   0.160000001E+06   0.500000000E+04  -0.397245277E+01  -0.518054177E+01  -0.590623747E+01  -0.618127677E+01  -0.630445477E+01  -0.482629277E+01  -0.485426277E+01  -0.566727877E+01  -0.669336477E+01  -0.618806477E+01  -0.840352774E+00   0.449285723E+01  -0.546572774E+00  -0.165288277E+01  -0.662027744E-01
   0.170000129E+06   0.500000000E+04  -0.396470632E+01  -0.517279532E+01  -0.589849102E+01  -0.617353032E+01  -0.629670832E+01  -0.481854632E+01  -0.484651632E+01  -0.565953232E+01  -0.668561832E+01  -0.618031832E+01  -0.832606323E+00   0.450060368E+01  -0.538826323E+00  -0.164513632E+01  -0.584563226E-01
   0.180000165E+06   0.500000000E+04  -0.394974312E+01  -0.515783212E+01  -0.588352782E+01  -0.615856712E+01  -0.628174512E+01  -0.480358312E+01  -0.483155312E+01  -0.564456912E+01  -0.667065512E+01  -0.616535512E+01  -0.817643123E+00   0.451556688E+01  -0.523863123E+00  -0.163017312E+01  -0.434931230E-01
   0.190000150E+06   0.500000000E+04  -0.393119887E+01  -0.513928787E+01  -0.586498357E+01  -0.614002287E+01  -0.626320087E+01  -0.478503887E+01  -0.481300887E+01  -0.562602487E+01  -0.665211087E+01  -0.614681087E+01  -0.799098873E+00   0.453411113E+01  -0.505318873E+00  -0.161162887E+01  -0.249488733E-01
   0.200000013E+06   0.500000000E+04  -0.390976291E+01  -0.511785191E+01  -0.584354761E+01  -0.611858691E+01  -0.624176491E+01  -0.476360291E+01  -0.479157291E+01  -0.560458891E+01  -0.663067491E+01  -0.612537491E+01  -0.777662910E+00   0.455554709E+01  -0.483882910E+00  -0.159019291E+01  -0.351290967E-02
   0.210000251E+06   0.500000000E+04  -0.389350576E+01  -0.510159476E+01  -0.582729046E+01  -0.610232976E+01  -0.622550776E+01  -0.474734576E+01  -0.477531576E+01  -0.558833176E+01  -0.661441776E+01  -0.610911776E+01  -0.761405764E+00   0.457180424E+01  -0.467625764E+00  -0.157393576E+01   0.127442361E-01
   0.220000196E+06   0.500000000E+04  -0.384233073E+01  -0.505041973E+01  -0.577611543E+01  -0.605115473E+01  -0.617433273E+01  -0.469617073E+01  -0.472414073E+01  -0.553715673E+01  -0.656324273E+01  -0.605794273E+01  -0.710230733E+00   0.462297927E+01  -0.416450733E+00  -0.152276073E+01   0.639192666E-01
   0.230000108E+06   0.500000000E+04  -0.378885448E+01  -0.499694348E+01  -0.572263918E+01  -0.599767848E+01  -0.612085648E+01  -0.464269448E+01  -0.467066448E+01  -0.548368048E+01  -0.650976648E+01  -0.600446648E+01  -0.656754481E+00   0.467645552E+01  -0.362974481E+00  -0.146928448E+01   0.117395519E+00
   0.240000205E+06   0.500000000E+04  -0.374913705E+01  -0.495722605E+01  -0.568292175E+01  -0.595796105E+01  -0.608113905E+01  -0.460297705E+01  -0.463094705E+01  -0.544396305E+01  -0.647004905E+01  -0.596474905E+01  -0.617037053E+00   0.471617295E+01  -0.323257053E+00  -0.142956705E+01   0.157112947E+00
   0.250000228E+06   0.500000000E+04  -0.371775125E+01  -0.492584025E+01  -0.565153595E+01  -0.592657525E+01  -0.604975325E+01  -0.457159125E+01  -0.459956125E+01  -0.541257725E+01  -0.643866325E+01  -0.593336325E+01  -0.585651249E+00   0.474755875E+01  -0.291871249E+00  -0.139818125E+01   0.188498751E+00
   0.260000064E+06   0.500000000E+04  -0.370335106E+01  -0.491144006E+01  -0.563713576E+01  -0.591217506E+01  -0.603535306E+01  -0.455719106E+01  -0.458516106E+01  -0.539817706E+01  -0.642426306E+01  -0.591896306E+01  -0.571251059E+00   0.476195894E+01  -0.277471059E+00  -0.138378106E+01   0.202898941E+00
   0.270000248E+06   0.500000000E+04  -0.383109244E+01  -0.503918144E+01  -0.576487714E+01  -0.603991644E+01  -0.616309444E+01  -0.468493244E+01  -0.471290244E+01  -0.552591844E+01  -0.655200444E+01  -0.604670444E+01  -0.698992436E+00   0.463421756E+01  -0.405212436E+00  -0.151152244E+01   0.751575639E-01
   0.280000222E+06   0.500000000E+04  -0.453281466E+01  -0.574090366E+01  -0.646659936E+01  -0.674163866E+01  -0.686481666E+01  -0.538665466E+01  -0.541462466E+01  -0.622764066E+01  -0.725372666E+01  -0.674842666E+01  -0.140071466E+01   0.393249534E+01  -0.110693466E+01  -0.221324466E+01  -0.626564656E+00
   0.290000125E+06   0.500000000E+04  -0.562974252E+01  -0.683783152E+01  -0.756352722E+01  -0.783856652E+01  -0.796174452E+01  -0.648358252E+01  -0.651155252E+01  -0.732456852E+01  -0.835065452E+01  -0.784535452E+01  -0.249764252E+01   0.283556748E+01  -0.220386252E+01  -0.331017252E+01  -0.172349252E+01
   0.300000046E+06   0.500000000E+04  -0.751564230E+01  -0.872373130E+01  -0.944942700E+01  -0.972446630E+01  -0.984764430E+01  -0.836948230E+01  -0.839745230E+01  -0.921046830E+01  -0.102365543E+02  -0.973125430E+01  -0.438354230E+01   0.949667699E+00  -0.408976230E+01  -0.519607230E+01  -0.360939230E+01
   0.310000029E+06   0.500000000E+04  -0.769995815E+01  -0.890804715E+01  -0.963374285E+01  -0.990878215E+01  -0.100319601E+02  -0.855379815E+01  -0.858176815E+01  -0.939478415E+01  -0.104208701E+02  -0.991557015E+01  -0.456785815E+01   0.765351852E+00  -0.427407815E+01  -0.538038815E+01  -0.379370815E+01
   0.320000220E+06   0.500000000E+04  -0.783093021E+01  -0.903901921E+01  -0.976471491E+01  -0.100397542E+02  -0.101629322E+02  -0.868477021E+01  -0.871274021E+01  -0.952575621E+01  -0.105518422E+02  -0.100465422E+02  -0.469883021E+01   0.634379785E+00  -0.440505021E+01  -0.551136021E+01  -0.392468021E+01
   0.330000234E+06   0.500000000E+04  -0.796407202E+01  -0.917216102E+01  -0.989785672E+01  -0.101728960E+02  -0.102960740E+02  -0.881791202E+01  -0.884588202E+01  -0.965889802E+01  -0.106849840E+02  -0.101796840E+02  -0.483197202E+01   0.501237982E+00  -0.453819202E+01  -0.564450202E+01  -0.405782202E+01
   0.340000081E+06   0.500000000E+04  -0.810241859E+01  -0.931050759E+01  -0.100362033E+02  -0.103112426E+02  -0.104344206E+02  -0.895625859E+01  -0.898422859E+01  -0.979724459E+01  -0.108233306E+02  -0.103180306E+02  -0.497031859E+01   0.362891410E+00  -0.467653859E+01  -0.578284859E+01  -0.419616859E+01
   0.350000070E+06   0.500000000E+04  -0.824523035E+01  -0.945331935E+01  -0.101790150E+02  -0.104540543E+02  -0.105772323E+02  -0.909907035E+01  -0.912704035E+01  -0.994005635E+01  -0.109661423E+02  -0.104608423E+02  -0.511313035E+01   0.220079652E+00  -0.481935035E+01  -0.592566035E+01  -0.433898035E+01
   0.360000007E+06   0.500000000E+04  -0.839148630E+01  -0.959957530E+01  -0.103252710E+02  -0.106003103E+02  -0.107234883E+02  -0.924532630E+01  -0.927329630E+01  -0.100863123E+02  -0.111123983E+02  -0.106070983E+02  -0.525938630E+01   0.738236979E-01  -0.496560630E+01  -0.607191630E+01  -0.448523630E+01
   0.370000108E+06   0.500000000E+04  -0.854019472E+01  -0.974828372E+01  -0.104739794E+02  -0.107490187E+02  -0.108721967E+02  -0.939403472E+01  -0.942200472E+01  -0.102350207E+02  -0.112611067E+02  -0.107558067E+02  -0.540809472E+01  -0.748847170E-01  -0.511431472E+01  -0.622062472E+01  -0.463394472E+01
   0.380000182E+06   0.500000000E+04  -0.869222939E+01  -0.990031839E+01  -0.106260141E+02  -0.109010534E+02  -0.110242314E+02  -0.954606939E+01  -0.957403939E+01  -0.103870554E+02  -0.114131414E+02  -0.109078414E+02  -0.556012939E+01  -0.226919394E+00  -0.526634939E+01  -0.637265939E+01  -0.478597939E+01
   0.390000096E+06   0.500000000E+04  -0.884865020E+01  -0.100567392E+02  -0.107824349E+02  -0.110574742E+02  -0.111806522E+02  -0.970249020E+01  -0.973046020E+01  -0.105434762E+02  -0.115695622E+02  -0.110642622E+02  -0.571655020E+01  -0.383340197E+00  -0.542277020E+01  -0.652908020E+01  -0.494240020E+01
   0.400000135E+06   0.500000000E+04  -0.901064570E+01  -0.102187347E+02  -0.109444304E+02  -0.112194697E+02  -0.113426477E+02  -0.986448570E+01  -0.989245570E+01  -0.107054717E+02  -0.117315577E+02  -0.112262577E+02  -0.587854570E+01  -0.545335703E+00  -0.558476570E+01  -0.669107570E+01  -0.510439570E+01
   0.410000101E+06   0.500000000E+04  -0.917951006E+01  -0.103875991E+02  -0.111132948E+02  -0.113883341E+02  -0.115115121E+02  -0.100333501E+02  -0.100613201E+02  -0.108743361E+02  -0.119004221E+02  -0.113951221E+02  -0.604741006E+01  -0.714200065E+00  -0.575363006E+01  -0.685994006E+01  -0.527326006E+01
   0.420000279E+06   0.500000000E+04  -0.935705375E+01  -0.105651427E+02  -0.112908384E+02  -0.115658777E+02  -0.116890557E+02  -0.102108937E+02  -0.102388637E+02  -0.110518797E+02  -0.120779657E+02  -0.115726657E+02  -0.622495375E+01  -0.891743748E+00  -0.593117375E+01  -0.703748375E+01  -0.545080375E+01
   0.430000104E+06   0.500000000E+04  -0.954571346E+01  -0.107538025E+02  -0.114794982E+02  -0.117545375E+02  -0.118777155E+02  -0.103995535E+02  -0.104275235E+02  -0.112405395E+02  -0.122666255E+02  -0.117613255E+02  -0.641361346E+01  -0.108040346E+01  -0.611983346E+01  -0.722614346E+01  -0.563946346E+01
   0.440000209E+06   0.500000000E+04  -0.974855131E+01  -0.109566403E+02  -0.116823360E+02  -0.119573753E+02  -0.120805533E+02  -0.106023913E+02  -0.106303613E+02  -0.114433773E+02  -0.124694633E+02  -0.119641633E+02  -0.661645131E+01  -0.128324131E+01  -0.632267131E+01  -0.742898131E+01  -0.584230131E+01
   0.450000019E+06   0.500000000E+04  -0.997052651E+01  -0.111786155E+02  -0.119043112E+02  -0.121793505E+02  -0.123025285E+02  -0.108243665E+02  -0.108523365E+02  -0.116653525E+02  -0.126914385E+02  -0.121861385E+02  -0.683842651E+01  -0.150521651E+01  -0.654464651E+01  -0.765095651E+01  -0.606427651E+01
   0.460000067E+06   0.521380074E+04  -0.103619310E+02  -0.114957803E+02  -0.121673491E+02  -0.124130331E+02  -0.125145172E+02  -0.112117554E+02  -0.111850322E+02  -0.119499669E+02  -0.129158298E+02  -0.124413646E+02  -0.737149324E+01  -0.227474044E+01  -0.709740643E+01  -0.814128020E+01  -0.659591077E+01
   0.470000061E+06   0.551413146E+04  -0.108531132E+02  -0.118826762E+02  -0.124782118E+02  -0.126826598E+02  -0.127536700E+02  -0.116972968E+02  -0.115937448E+02  -0.122911386E+02  -0.131724047E+02  -0.127412538E+02  -0.806167156E+01  -0.329707553E+01  -0.781524821E+01  -0.877141640E+01  -0.728407688E+01
   0.480000227E+06   0.593592015E+04  -0.115009022E+02  -0.123840041E+02  -0.128727575E+02  -0.130192932E+02  -0.130475053E+02  -0.123371637E+02  -0.121257122E+02  -0.127282508E+02  -0.134907080E+02  -0.131203883E+02  -0.898893351E+01  -0.469082313E+01  -0.878136112E+01  -0.961435436E+01  -0.820851285E+01
   0.490000128E+06   0.759503443E+04  -0.131469682E+02  -0.136565756E+02  -0.138694810E+02  -0.138705950E+02  -0.137924192E+02  -0.139640713E+02  -0.134768296E+02  -0.138334823E+02  -0.142966386E+02  -0.140812714E+02  -0.113998438E+02  -0.831514470E+01  -0.112822218E+02  -0.118370145E+02  -0.107180036E+02
   0.500000248E+06   0.978530047E+04  -0.144679324E+02  -0.146831246E+02  -0.146771233E+02  -0.145653783E+02  -0.144060457E+02  -0.152707634E+02  -0.145652780E+02  -0.147257355E+02  -0.149567589E+02  -0.148627870E+02  -0.133756026E+02  -0.112772675E+02  -0.133176244E+02  -0.136638263E+02  -0.128564568E+02
   0.510000212E+06   0.117430939E+05  -0.152397237E+02  -0.152936061E+02  -0.151674496E+02  -0.149943138E+02  -0.147914081E+02  -0.160350871E+02  -0.152095592E+02  -0.152617589E+02  -0.153670551E+02  -0.153393395E+02  -0.145329363E+02  -0.129953054E+02  -0.145014702E+02  -0.147429169E+02  -0.141398392E+02
   0.520000139E+06   0.137729105E+05  -0.158199124E+02  -0.157598121E+02  -0.155485518E+02  -0.153320927E+02  -0.150967346E+02  -0.166101566E+02  -0.156995727E+02  -0.156749545E+02  -0.156917392E+02  -0.157109089E+02  -0.153988750E+02  -0.142699697E+02  -0.153829793E+02  -0.155512714E+02  -0.151097826E+02
   0.530000210E+06   0.159156428E+05  -0.162834788E+02  -0.161380831E+02  -0.158628829E+02  -0.156139594E+02  -0.153561759E+02  -0.170699799E+02  -0.160956259E+02  -0.160132952E+02  -0.159638052E+02  -0.160182380E+02  -0.160840331E+02  -0.152693807E+02  -0.160778425E+02  -0.161786356E+02  -0.158801183E+02
   0.540000103E+06   0.181591269E+05  -0.166635339E+02  -0.164533866E+02  -0.161294155E+02  -0.158558075E+02  -0.155788341E+02  -0.174472413E+02  -0.164244059E+02  -0.162980965E+02  -0.161981119E+02  -0.162794984E+02  -0.166368900E+02  -0.160661792E+02  -0.166367483E+02  -0.166807489E+02  -0.165019067E+02
   0.550000038E+06   0.204768775E+05  -0.169781565E+02  -0.167179317E+02  -0.163560419E+02  -0.160632393E+02  -0.157733586E+02  -0.177597409E+02  -0.166993711E+02  -0.165388984E+02  -0.163996459E+02  -0.165020670E+02  -0.170877587E+02  -0.167088857E+02  -0.170915967E+02  -0.170921818E+02  -0.170085083E+02
   0.560000085E+06   0.227869273E+05  -0.172378913E+02  -0.169389642E+02  -0.165476538E+02  -0.162399166E+02  -0.159408186E+02  -0.180178558E+02  -0.169284688E+02  -0.167415012E+02  -0.165717265E+02  -0.166905380E+02  -0.174541309E+02  -0.172251019E+02  -0.174606121E+02  -0.174282637E+02  -0.174186772E+02
   0.570000141E+06   0.250595614E+05  -0.174549575E+02  -0.171257961E+02  -0.167113737E+02  -0.163918881E+02  -0.160850116E+02  -0.182336606E+02  -0.171215884E+02  -0.169138485E+02  -0.167200859E+02  -0.168518083E+02  -0.177552616E+02  -0.176441070E+02  -0.177635380E+02  -0.177063036E+02  -0.177551481E+02
   0.580000059E+06   0.272472249E+05  -0.176371436E+02  -0.172843479E+02  -0.168517810E+02  -0.165230714E+02  -0.162094992E+02  -0.184148747E+02  -0.172850648E+02  -0.170610307E+02  -0.168484097E+02  -0.169903106E+02  -0.180035485E+02  -0.179848662E+02  -0.180130547E+02  -0.179371255E+02  -0.180315115E+02
   0.590000221E+06   0.292975574E+05  -0.177895041E+02  -0.174180982E+02  -0.169711827E+02  -0.166351916E+02  -0.163162175E+02  -0.185664759E+02  -0.174227000E+02  -0.171858109E+02  -0.169582641E+02  -0.171082164E+02  -0.182081296E+02  -0.182623228E+02  -0.182185067E+02  -0.181283467E+02  -0.182584214E+02
   0.600000188E+06   0.311435623E+05  -0.179151636E+02  -0.175293243E+02  -0.170712347E+02  -0.167295613E+02  -0.164063642E+02  -0.186915434E+02  -0.175369382E+02  -0.172900405E+02  -0.170508679E+02  -0.172071129E+02  -0.183743949E+02  -0.184851145E+02  -0.183853751E+02  -0.182845171E+02  -0.184421209E+02
   0.610000087E+06   0.327194747E+05  -0.180165864E+02  -0.176199035E+02  -0.171534054E+02  -0.168074404E+02  -0.164810818E+02  -0.187925250E+02  -0.176297864E+02  -0.173753568E+02  -0.171274204E+02  -0.172884069E+02  -0.185063646E+02  -0.186594974E+02  -0.185177645E+02  -0.184089622E+02  -0.185872420E+02
   0.620000066E+06   0.339382905E+05  -0.180937562E+02  -0.176894175E+02  -0.172169550E+02  -0.168679655E+02  -0.165393766E+02  -0.188693816E+02  -0.177008885E+02  -0.174411433E+02  -0.171869930E+02  -0.173513452E+02  -0.186051206E+02  -0.187881890E+02  -0.186168064E+02  -0.185024710E+02  -0.186953159E+02
   0.630000087E+06   0.347090609E+05  -0.181461905E+02  -0.177373650E+02  -0.172614142E+02  -0.169106363E+02  -0.165807380E+02  -0.189216374E+02  -0.177497800E+02  -0.174869054E+02  -0.172291058E+02  -0.173954339E+02  -0.186702094E+02  -0.188707871E+02  -0.186820441E+02  -0.185645341E+02  -0.187658754E+02
   0.640000119E+06   0.349444637E+05  -0.181715765E+02  -0.177613881E+02  -0.172843780E+02  -0.169330563E+02  -0.166027601E+02  -0.189469693E+02  -0.177740903E+02  -0.175102647E+02  -0.172513563E+02  -0.174182847E+02  -0.186994396E+02  -0.189053351E+02  -0.187113191E+02  -0.185928462E+02  -0.187967675E+02
   0.650000131E+06   0.345906869E+05  -0.181683079E+02  -0.177601678E+02  -0.172847497E+02  -0.169342452E+02  -0.166045470E+02  -0.189437820E+02  -0.177724384E+02  -0.175100421E+02  -0.172527999E+02  -0.174188262E+02  -0.186903938E+02  -0.188882974E+02  -0.187022060E+02  -0.185851801E+02  -0.187852240E+02
   0.660000285E+06   0.336570007E+05  -0.181349862E+02  -0.177323859E+02  -0.172612791E+02  -0.169129761E+02  -0.165848935E+02  -0.189106819E+02  -0.177434969E+02  -0.174849583E+02  -0.172322202E+02  -0.173958072E+02  -0.186414477E+02  -0.188177174E+02  -0.186530688E+02  -0.185399851E+02  -0.187295249E+02
   0.670000198E+06   0.322592789E+05  -0.180739576E+02  -0.176803211E+02  -0.172161884E+02  -0.168714291E+02  -0.165459587E+02  -0.188500250E+02  -0.176895689E+02  -0.174372563E+02  -0.171917865E+02  -0.173514384E+02  -0.185551531E+02  -0.186963807E+02  -0.185664379E+02  -0.184598630E+02  -0.186323351E+02
   0.680000226E+06   0.305741792E+05  -0.179907583E+02  -0.176091916E+02  -0.171544082E+02  -0.168144199E+02  -0.164924738E+02  -0.187673146E+02  -0.176159145E+02  -0.173719771E+02  -0.171362502E+02  -0.172906280E+02  -0.184379717E+02  -0.185319739E+02  -0.184487797E+02  -0.183510671E+02  -0.185005314E+02
   0.690000204E+06   0.288173853E+05  -0.178944204E+02  -0.175270857E+02  -0.170833184E+02  -0.167489257E+02  -0.164311369E+02  -0.186715561E+02  -0.175308360E+02  -0.172967691E+02  -0.170724929E+02  -0.172206799E+02  -0.183015987E+02  -0.183398345E+02  -0.183117938E+02  -0.182247001E+02  -0.183469865E+02
   0.700000220E+06   0.271608036E+05  -0.177948533E+02  -0.174428916E+02  -0.170109668E+02  -0.166825822E+02  -0.163692519E+02  -0.185726190E+02  -0.174434348E+02  -0.172199755E+02  -0.170080224E+02  -0.171495630E+02  -0.181589215E+02  -0.181369750E+02  -0.181683870E+02  -0.180931042E+02  -0.181858871E+02
   0.710000189E+06   0.256465260E+05  -0.176955146E+02  -0.173596384E+02  -0.169400684E+02  -0.166179648E+02  -0.163092512E+02  -0.184739431E+02  -0.173568336E+02  -0.171444625E+02  -0.169453526E+02  -0.170799571E+02  -0.180145841E+02  -0.179296961E+02  -0.180232185E+02  -0.179606192E+02  -0.180224180E+02
   0.720000276E+06   0.239606806E+05  -0.175679022E+02  -0.172524940E+02  -0.168485981E+02  -0.165344780E+02  -0.162313125E+02  -0.183471788E+02  -0.172454312E+02  -0.170471435E+02  -0.168643225E+02  -0.169901517E+02  -0.178298871E+02  -0.176650168E+02  -0.178373744E+02  -0.177913235E+02  -0.178136056E+02
   0.730000086E+06   0.226390079E+05  -0.174607065E+02  -0.171640308E+02  -0.167744347E+02  -0.164675673E+02  -0.161690121E+02  -0.182407651E+02  -0.171530664E+02  -0.169676416E+02  -0.167996479E+02  -0.169175023E+02  -0.176707187E+02  -0.174329432E+02  -0.176770549E+02  -0.176466028E+02  -0.176326661E+02
   0.740000077E+06   0.216230203E+05  -0.173750866E+02  -0.170945000E+02  -0.167171467E+02  -0.164164946E+02  -0.161217812E+02  -0.181558170E+02  -0.170801831E+02  -0.169057810E+02  -0.167504948E+02  -0.168615231E+02  -0.175406595E+02  -0.172404639E+02  -0.175459360E+02  -0.175290894E+02  -0.174842207E+02
   0.750000225E+06   0.208411256E+05  -0.173087647E+02  -0.170416847E+02  -0.166745935E+02  -0.163791537E+02  -0.160876302E+02  -0.180900599E+02  -0.170245520E+02  -0.168593951E+02  -0.167147480E+02  -0.168200650E+02  -0.174371584E+02  -0.170847189E+02  -0.174414992E+02  -0.174361761E+02  -0.173655536E+02
   0.760000101E+06   0.202309496E+05  -0.172581521E+02  -0.170025556E+02  -0.166441776E+02  -0.163531556E+02  -0.160643840E+02  -0.180399317E+02  -0.169830309E+02  -0.168257209E+02  -0.166901105E+02  -0.167905766E+02  -0.173550668E+02  -0.169583468E+02  -0.173585655E+02  -0.173631395E+02  -0.172706544E+02
   0.770000040E+06   0.197337965E+05  -0.172182323E+02  -0.169725966E+02  -0.166217731E+02  -0.163345767E+02  -0.160482283E+02  -0.180004325E+02  -0.169510006E+02  -0.168004939E+02  -0.166727069E+02  -0.167689784E+02  -0.172879256E+02  -0.168529018E+02  -0.172906690E+02  -0.173038180E+02  -0.171923832E+02
   0.780000185E+06   0.193379518E+05  -0.171893828E+02  -0.169520954E+02  -0.166076015E+02  -0.163236075E+02  -0.160393135E+02  -0.179719357E+02  -0.169287656E+02  -0.167839591E+02  -0.166627194E+02  -0.167554836E+02  -0.172363150E+02  -0.167692554E+02  -0.172384092E+02  -0.172587388E+02  -0.171314307E+02
   0.790000220E+06   0.189980107E+05  -0.171663074E+02  -0.169361948E+02  -0.165971405E+02  -0.163158987E+02  -0.160333718E+02  -0.179491635E+02  -0.169113749E+02  -0.167714672E+02  -0.166558542E+02  -0.167456044E+02  -0.171936793E+02  -0.166990888E+02  -0.171952154E+02  -0.172217169E+02  -0.170807670E+02
   0.800000036E+06   0.186475661E+05  -0.171400929E+02  -0.169183209E+02  -0.165855676E+02  -0.163075148E+02  -0.160273079E+02  -0.179233047E+02  -0.168917628E+02  -0.167575357E+02  -0.166484516E+02  -0.167347078E+02  -0.171448997E+02  -0.166185099E+02  -0.171457348E+02  -0.171795466E+02  -0.170227672E+02
   0.810000032E+06   0.182872675E+05  -0.171106817E+02  -0.168974847E+02  -0.165712096E+02  -0.162964355E+02  -0.160186138E+02  -0.178942591E+02  -0.168691395E+02  -0.167407529E+02  -0.166383811E+02  -0.167210452E+02  -0.170922888E+02  -0.165332055E+02  -0.170924034E+02  -0.171337310E+02  -0.169606768E+02
   0.820000030E+06   0.179915584E+05  -0.170893766E+02  -0.168832448E+02  -0.165623069E+02  -0.162902338E+02  -0.160143992E+02  -0.178732554E+02  -0.168534273E+02  -0.167298524E+02  -0.166330106E+02  -0.167127154E+02  -0.170518745E+02  -0.164658611E+02  -0.170513941E+02  -0.170989196E+02  -0.169124581E+02
   0.830000144E+06   0.177864310E+05  -0.170806318E+02  -0.168800458E+02  -0.165632883E+02  -0.162933281E+02  -0.160195673E+02  -0.178647491E+02  -0.168490734E+02  -0.167292688E+02  -0.166367551E+02  -0.167141482E+02  -0.170282550E+02  -0.164212612E+02  -0.170272803E+02  -0.170797990E+02  -0.168828509E+02
   0.840000061E+06   0.176082031E+05  -0.170753951E+02  -0.168796278E+02  -0.165665026E+02  -0.162983781E+02  -0.160264191E+02  -0.178597198E+02  -0.168476519E+02  -0.167311232E+02  -0.166423701E+02  -0.167177545E+02  -0.170100944E+02  -0.163848714E+02  -0.170086901E+02  -0.170655473E+02  -0.168594878E+02
   0.850000135E+06   0.173877914E+05  -0.170637526E+02  -0.168739442E+02  -0.165653110E+02  -0.162994568E+02  -0.160297262E+02  -0.178483336E+02  -0.168407275E+02  -0.167282499E+02  -0.166441475E+02  -0.167170479E+02  -0.169824689E+02  -0.163347022E+02  -0.169805334E+02  -0.170427558E+02  -0.168254285E+02
   0.860000307E+06   0.171391750E+05  -0.170509489E+02  -0.168678621E+02  -0.165642957E+02  -0.163010022E+02  -0.160337852E+02  -0.178358190E+02  -0.168332457E+02  -0.167253376E+02  -0.166464811E+02  -0.167165796E+02  -0.169516370E+02  -0.162784418E+02  -0.169491024E+02  -0.170173766E+02  -0.167873395E+02
   0.870000022E+06   0.168990347E+05  -0.170391638E+02  -0.168629615E+02  -0.165645810E+02  -0.163039114E+02  -0.160388435E+02  -0.178243309E+02  -0.168269123E+02  -0.167236806E+02  -0.166501928E+02  -0.167174254E+02  -0.169214664E+02  -0.162223204E+02  -0.169182935E+02  -0.169926408E+02  -0.167498270E+02
   0.880000277E+06   0.166617741E+05  -0.170265102E+02  -0.168576439E+02  -0.165647844E+02  -0.163069121E+02  -0.160435880E+02  -0.178119948E+02  -0.168200691E+02  -0.167218150E+02  -0.166540429E+02  -0.167182267E+02  -0.168893240E+02  -0.161626463E+02  -0.168854394E+02  -0.169660968E+02  -0.167099785E+02
   0.890000119E+06   0.164233971E+05  -0.170125802E+02  -0.168510842E+02  -0.165637717E+02  -0.163087098E+02  -0.160471379E+02  -0.177983837E+02  -0.168119766E+02  -0.167187237E+02  -0.166566941E+02  -0.167178147E+02  -0.168558134E+02  -0.161014744E+02  -0.168512136E+02  -0.169382109E+02  -0.166687254E+02
   0.900000076E+06   0.161741039E+05  -0.169955372E+02  -0.168417491E+02  -0.165602377E+02  -0.163081150E+02  -0.160483754E+02  -0.177816743E+02  -0.168010386E+02  -0.167130159E+02  -0.166569918E+02  -0.167149090E+02  -0.168182933E+02  -0.160350263E+02  -0.168129456E+02  -0.169065732E+02  -0.166231082E+02
   0.910000184E+06   0.159506509E+05  -0.169818863E+02  -0.168352418E+02  -0.165591038E+02  -0.163097044E+02  -0.160516402E+02  -0.177683330E+02  -0.167930449E+02  -0.167098678E+02  -0.166594068E+02  -0.167143571E+02  -0.167857194E+02  -0.159757077E+02  -0.167796619E+02  -0.168794029E+02  -0.165830806E+02
   0.920000015E+06   0.157200738E+05  -0.169650916E+02  -0.168266724E+02  -0.165567114E+02  -0.163104456E+02  -0.160542306E+02  -0.177518966E+02  -0.167827612E+02  -0.167051581E+02  -0.166610933E+02  -0.167126346E+02  -0.167473293E+02  -0.159067523E+02  -0.167403956E+02  -0.168470656E+02  -0.165362860E+02
   0.930000006E+06   0.154929565E+05  -0.169478182E+02  -0.168175010E+02  -0.165536242E+02  -0.163104449E+02  -0.160560514E+02  -0.177349761E+02  -0.167719011E+02  -0.166997884E+02  -0.166620238E+02  -0.167102071E+02  -0.167087846E+02  -0.158381009E+02  -0.167009878E+02  -0.168144830E+02  -0.164894628E+02
   0.940000008E+06   0.152806872E+05  -0.169323838E+02  -0.168096389E+02  -0.165514486E+02  -0.163111540E+02  -0.160584629E+02  -0.177198716E+02  -0.167624608E+02  -0.166954795E+02  -0.166636032E+02  -0.167086482E+02  -0.166734695E+02  -0.157746474E+02  -0.166648661E+02  -0.167847401E+02  -0.164464105E+02
   0.950000009E+06   0.150692005E+05  -0.169160486E+02  -0.168008480E+02  -0.165483232E+02  -0.163109028E+02  -0.160599078E+02  -0.177038649E+02  -0.167520975E+02  -0.166902287E+02  -0.166642190E+02  -0.167061372E+02  -0.166373268E+02  -0.157104700E+02  -0.166279198E+02  -0.167541492E+02  -0.164025591E+02
   0.960000122E+06   0.148633335E+05  -0.168989672E+02  -0.167919117E+02  -0.165454932E+02  -0.163111725E+02  -0.160623561E+02  -0.176871408E+02  -0.167414633E+02  -0.166851058E+02  -0.166654248E+02  -0.167039754E+02  -0.165990645E+02  -0.156421778E+02  -0.165887358E+02  -0.167214926E+02  -0.163561411E+02
   0.970000056E+06   0.146625526E+05  -0.168815108E+02  -0.167827946E+02  -0.165426236E+02  -0.163114753E+02  -0.160650442E+02  -0.176700512E+02  -0.167306077E+02  -0.166798896E+02  -0.166666860E+02  -0.167017924E+02  -0.165600123E+02  -0.155724844E+02  -0.165487158E+02  -0.166880070E+02  -0.163088127E+02
   0.980000045E+06   0.144668227E+05  -0.168641437E+02  -0.167735573E+02  -0.165394766E+02  -0.163114208E+02  -0.160673150E+02  -0.176530418E+02  -0.167196755E+02  -0.166744548E+02  -0.166675657E+02  -0.166993145E+02  -0.165215927E+02  -0.155041945E+02  -0.165093528E+02  -0.166550141E+02  -0.162623252E+02
   0.990000036E+06   0.142808223E+05  -0.168479319E+02  -0.167650709E+02  -0.165367779E+02  -0.163116609E+02  -0.160697647E+02  -0.176371698E+02  -0.167095786E+02  -0.166695821E+02  -0.166686935E+02  -0.166972517E+02  -0.164853749E+02  -0.154395912E+02  -0.164722384E+02  -0.166239531E+02  -0.162184404E+02
   0.100000005E+07   0.140975658E+05  -0.168313707E+02  -0.167561213E+02  -0.165335304E+02  -0.163113089E+02  -0.160715898E+02  -0.176209434E+02  -0.166990421E+02  -0.166641928E+02  -0.166692162E+02  -0.166946309E+02  -0.164491028E+02  -0.153753523E+02  -0.164350831E+02  -0.165927618E+02  -0.161746144E+02
   0.101000015E+07   0.139186719E+05  -0.168141270E+02  -0.167469041E+02  -0.165303197E+02  -0.163111514E+02  -0.160737381E+02  -0.176040547E+02  -0.166881509E+02  -0.166587246E+02  -0.166699805E+02  -0.166920843E+02  -0.164112387E+02  -0.153081784E+02  -0.163962453E+02  -0.165597631E+02  -0.161289388E+02
   0.102000002E+07   0.137445380E+05  -0.167962216E+02  -0.167375077E+02  -0.165272837E+02  -0.163113520E+02  -0.160763940E+02  -0.175865274E+02  -0.166769790E+02  -0.166532967E+02  -0.166711576E+02  -0.166897562E+02  -0.163716515E+02  -0.152377155E+02  -0.163555802E+02  -0.165248016E+02  -0.160812370E+02
   0.103000012E+07   0.135751919E+05  -0.167785880E+02  -0.167281493E+02  -0.165241108E+02  -0.163113267E+02  -0.160787565E+02  -0.175692617E+02  -0.166658939E+02  -0.166477977E+02  -0.166720821E+02  -0.166872717E+02  -0.163329323E+02  -0.151689696E+02  -0.163158128E+02  -0.164905809E+02  -0.160346263E+02
   0.104000020E+07   0.134101445E+05  -0.167611479E+02  -0.167187741E+02  -0.165207642E+02  -0.163110478E+02  -0.160808048E+02  -0.175521800E+02  -0.166548360E+02  -0.166421840E+02  -0.166727288E+02  -0.166845960E+02  -0.162949418E+02  -0.151017145E+02  -0.162768006E+02  -0.164569747E+02  -0.159889445E+02
   0.105000033E+07   0.132492823E+05  -0.167439111E+02  -0.167093979E+02  -0.165172636E+02  -0.163105372E+02  -0.160825623E+02  -0.175352927E+02  -0.166438196E+02  -0.166364738E+02  -0.166731203E+02  -0.166817493E+02  -0.162576758E+02  -0.150359260E+02  -0.162385388E+02  -0.164239818E+02  -0.159441823E+02
   0.106000020E+07   0.130929120E+05  -0.167269772E+02  -0.167001051E+02  -0.165136824E+02  -0.163098624E+02  -0.160840923E+02  -0.175186984E+02  -0.166329324E+02  -0.166307446E+02  -0.166733223E+02  -0.166788037E+02  -0.162212719E+02  -0.149717961E+02  -0.162011670E+02  -0.163917317E+02  -0.159004916E+02
   0.107000005E+07   0.129409389E+05  -0.167095660E+02  -0.166906700E+02  -0.165102057E+02  -0.163094182E+02  -0.160859428E+02  -0.175016435E+02  -0.166218322E+02  -0.166250241E+02  -0.166737939E+02  -0.166759923E+02  -0.161837025E+02  -0.149054601E+02  -0.161625471E+02  -0.163583452E+02  -0.158554771E+02
   0.108000023E+07   0.127926429E+05  -0.166911396E+02  -0.166808710E+02  -0.165068467E+02  -0.163093369E+02  -0.160883337E+02  -0.174836052E+02  -0.166102310E+02  -0.166192353E+02  -0.166747039E+02  -0.166733551E+02  -0.161437090E+02  -0.148346018E+02  -0.161213598E+02  -0.163226570E+02  -0.158076609E+02
   0.109000030E+07   0.126479367E+05  -0.166729559E+02  -0.166711059E+02  -0.165033656E+02  -0.163090543E+02  -0.160904635E+02  -0.174658003E+02  -0.165987073E+02  -0.166133834E+02  -0.166753885E+02  -0.166705785E+02  -0.161044803E+02  -0.147652554E+02  -0.160809662E+02  -0.162876294E+02  -0.157607990E+02
   0.110000025E+07   0.125069991E+05  -0.166550773E+02  -0.166614266E+02  -0.164998066E+02  -0.163086104E+02  -0.160923693E+02  -0.174482905E+02  -0.165873151E+02  -0.166075153E+02  -0.166758867E+02  -0.166677056E+02  -0.160661047E+02  -0.146975464E+02  -0.160414560E+02  -0.162533455E+02  -0.157149889E+02
   0.111000026E+07   0.123699407E+05  -0.166375630E+02  -0.166518860E+02  -0.164962180E+02  -0.163080512E+02  -0.160940949E+02  -0.174311349E+02  -0.165761089E+02  -0.166016811E+02  -0.166762435E+02  -0.166647841E+02  -0.160286576E+02  -0.146315734E+02  -0.160029057E+02  -0.162198775E+02  -0.156703120E+02
   0.112000012E+07   0.122362805E+05  -0.166203201E+02  -0.166424190E+02  -0.164925553E+02  -0.163073428E+02  -0.160956147E+02  -0.174142417E+02  -0.165650175E+02  -0.165958285E+02  -0.166764285E+02  -0.166617721E+02  -0.159919761E+02  -0.145670731E+02  -0.159651481E+02  -0.161870764E+02  -0.156265799E+02
   0.113000030E+07   0.121057609E+05  -0.166033089E+02  -0.166330010E+02  -0.164888053E+02  -0.163064776E+02  -0.160969255E+02  -0.173975721E+02  -0.165540133E+02  -0.165899400E+02  -0.166764357E+02  -0.166586574E+02  -0.159559830E+02  -0.145039150E+02  -0.159281044E+02  -0.161548726E+02  -0.155837019E+02
   0.114000027E+07   0.119782892E+05  -0.165860859E+02  -0.166234552E+02  -0.164849885E+02  -0.163055778E+02  -0.160982014E+02  -0.173806955E+02  -0.165428633E+02  -0.165839602E+02  -0.166764182E+02  -0.166554842E+02  -0.159196537E+02  -0.144402031E+02  -0.158906925E+02  -0.161222915E+02  -0.155405060E+02
   0.115000021E+07   0.118537103E+05  -0.165670226E+02  -0.166131386E+02  -0.164811924E+02  -0.163051055E+02  -0.161000971E+02  -0.173620315E+02  -0.165307166E+02  -0.165776945E+02  -0.166769528E+02  -0.166524266E+02  -0.158792150E+02  -0.143689473E+02  -0.158489270E+02  -0.160857421E+02  -0.154926785E+02
   0.116000027E+07   0.117320369E+05  -0.165482321E+02  -0.166028908E+02  -0.164773130E+02  -0.163044723E+02  -0.161017767E+02  -0.173436309E+02  -0.165186814E+02  -0.165714032E+02  -0.166773029E+02  -0.166492685E+02  -0.158395475E+02  -0.142991814E+02  -0.158079637E+02  -0.160498733E+02  -0.154457946E+02
   0.117000021E+07   0.116129070E+05  -0.165296361E+02  -0.165926589E+02  -0.164733163E+02  -0.163036540E+02  -0.161032228E+02  -0.173254167E+02  -0.165066995E+02  -0.165650450E+02  -0.166774474E+02  -0.166459780E+02  -0.158005109E+02  -0.142306757E+02  -0.157676584E+02  -0.160145559E+02  -0.153996924E+02
   0.118000033E+07   0.114959830E+05  -0.165111524E+02  -0.165823844E+02  -0.164691616E+02  -0.163026188E+02  -0.161044102E+02  -0.173073077E+02  -0.164947074E+02  -0.165585725E+02  -0.166773573E+02  -0.166425165E+02  -0.157619651E+02  -0.141632064E+02  -0.157278673E+02  -0.159796605E+02  -0.153542118E+02
   0.119000011E+07   0.113812032E+05  -0.164927777E+02  -0.165720684E+02  -0.164648533E+02  -0.163013728E+02  -0.161053458E+02  -0.172893010E+02  -0.164827053E+02  -0.165519888E+02  -0.166770389E+02  -0.166388885E+02  -0.157238963E+02  -0.140967445E+02  -0.156885761E+02  -0.159451752E+02  -0.153093355E+02
   0.120000029E+07   0.112686229E+05  -0.164745423E+02  -0.165617373E+02  -0.164604146E+02  -0.162999377E+02  -0.161060507E+02  -0.172714263E+02  -0.164707203E+02  -0.165453185E+02  -0.166765137E+02  -0.166351172E+02  -0.156863441E+02  -0.140313434E+02  -0.156498250E+02  -0.159111377E+02  -0.152651062E+02
   0.121000018E+07   0.111584161E+05  -0.164565147E+02  -0.165514473E+02  -0.164558928E+02  -0.162983563E+02  -0.161065641E+02  -0.172537520E+02  -0.164588114E+02  -0.165386121E+02  -0.166758229E+02  -0.166312487E+02  -0.156494070E+02  -0.139671444E+02  -0.156117142E+02  -0.158776413E+02  -0.152216327E+02
   0.122000014E+07   0.110505676E+05  -0.164387132E+02  -0.165412178E+02  -0.164513081E+02  -0.162966490E+02  -0.161069068E+02  -0.172362961E+02  -0.164469977E+02  -0.165318895E+02  -0.166749873E+02  -0.166273033E+02  -0.156131007E+02  -0.139041596E+02  -0.155742592E+02  -0.158447019E+02  -0.151789298E+02
   0.123000015E+07   0.109447141E+05  -0.164194337E+02  -0.165302469E+02  -0.164465274E+02  -0.162950284E+02  -0.161075284E+02  -0.172173995E+02  -0.164342866E+02  -0.165247579E+02  -0.166743254E+02  -0.166232294E+02  -0.155738211E+02  -0.138358798E+02  -0.155336472E+02  -0.158093855E+02  -0.151329812E+02
   0.124000014E+07   0.108405902E+05  -0.163987887E+02  -0.165185633E+02  -0.164415174E+02  -0.162934293E+02  -0.161083420E+02  -0.171971704E+02  -0.164207247E+02  -0.165172082E+02  -0.166737621E+02  -0.166189861E+02  -0.155318494E+02  -0.137628490E+02  -0.154901803E+02  -0.157719047E+02  -0.150840978E+02
   0.125000031E+07   0.107381689E+05  -0.163782480E+02  -0.165068375E+02  -0.164363561E+02  -0.162916231E+02  -0.161089090E+02  -0.171770388E+02  -0.164071513E+02  -0.165095487E+02  -0.166729748E+02  -0.166145789E+02  -0.154903308E+02  -0.136907792E+02  -0.154471909E+02  -0.157348036E+02  -0.150357804E+02
   0.126000028E+07   0.106375158E+05  -0.163578505E+02  -0.164951026E+02  -0.164310723E+02  -0.162896366E+02  -0.161092547E+02  -0.171570432E+02  -0.163936008E+02  -0.165018100E+02  -0.166719896E+02  -0.166100363E+02  -0.154493174E+02  -0.136197420E+02  -0.154047322E+02  -0.156981314E+02  -0.149880857E+02
   0.127000028E+07   0.105387993E+05  -0.163376746E+02  -0.164834228E+02  -0.164257196E+02  -0.162875176E+02  -0.161094231E+02  -0.171372616E+02  -0.163801402E+02  -0.164940494E+02  -0.166708526E+02  -0.166054104E+02  -0.154089225E+02  -0.135499009E+02  -0.153629196E+02  -0.156619941E+02  -0.149411380E+02
   0.128000020E+07   0.104421208E+05  -0.163177816E+02  -0.164718504E+02  -0.164203436E+02  -0.162853086E+02  -0.161094542E+02  -0.171177547E+02  -0.163668239E+02  -0.164863154E+02  -0.166696054E+02  -0.166007463E+02  -0.153692277E+02  -0.134813679E+02  -0.153218366E+02  -0.156264691E+02  -0.148950257E+02
   0.129000001E+07   0.103472983E+05  -0.162981213E+02  -0.164603511E+02  -0.164149217E+02  -0.162829929E+02  -0.161093356E+02  -0.170984732E+02  -0.163536140E+02  -0.164785806E+02  -0.166682330E+02  -0.165960225E+02  -0.153301459E+02  -0.134140015E+02  -0.152813931E+02  -0.155914769E+02  -0.148496496E+02
   0.130000032E+07   0.102540646E+05  -0.162786026E+02  -0.164488565E+02  -0.164094027E+02  -0.162805281E+02  -0.161090312E+02  -0.170793268E+02  -0.163404376E+02  -0.164707876E+02  -0.166666957E+02  -0.165911901E+02  -0.152915311E+02  -0.133475760E+02  -0.152414394E+02  -0.155568833E+02  -0.148048459E+02
   0.131000025E+07   0.101623700E+05  -0.162592141E+02  -0.164373598E+02  -0.164037830E+02  -0.162779121E+02  -0.161085398E+02  -0.170603046E+02  -0.163272868E+02  -0.164629314E+02  -0.166649918E+02  -0.165862455E+02  -0.152533618E+02  -0.132820551E+02  -0.152019534E+02  -0.155226688E+02  -0.147605899E+02
   0.132000003E+07   0.100722385E+05  -0.162399766E+02  -0.164258794E+02  -0.163980794E+02  -0.162751610E+02  -0.161078772E+02  -0.170414271E+02  -0.163141805E+02  -0.164550294E+02  -0.166631374E+02  -0.165812055E+02  -0.152156635E+02  -0.132174715E+02  -0.151629608E+02  -0.154888578E+02  -0.147169087E+02
   0.133000031E+07   0.998373295E+04  -0.162202270E+02  -0.164140951E+02  -0.163922259E+02  -0.162723411E+02  -0.161072068E+02  -0.170220487E+02  -0.163007260E+02  -0.164469156E+02  -0.166612396E+02  -0.165760358E+02  -0.151770856E+02  -0.131513907E+02  -0.151230245E+02  -0.154542983E+02  -0.146723540E+02
   0.134000002E+07   0.989699732E+04  -0.161976872E+02  -0.164008762E+02  -0.163859429E+02  -0.162696161E+02  -0.161070177E+02  -0.169999501E+02  -0.162855499E+02  -0.164379761E+02  -0.166595995E+02  -0.165705632E+02  -0.151330454E+02  -0.130755992E+02  -0.150772721E+02  -0.154150710E+02  -0.146220133E+02
   0.135000025E+07   0.981204364E+04  -0.161755192E+02  -0.163878376E+02  -0.163796977E+02  -0.162668557E+02  -0.161067412E+02  -0.169782142E+02  -0.162705944E+02  -0.164291290E+02  -0.166579018E+02  -0.165651116E+02  -0.150898187E+02  -0.130012735E+02  -0.150323684E+02  -0.153765584E+02  -0.145726155E+02
   0.136000023E+07   0.972863926E+04  -0.161536280E+02  -0.163749093E+02  -0.163734389E+02  -0.162640181E+02  -0.161063422E+02  -0.169567472E+02  -0.162557840E+02  -0.164203157E+02  -0.166561075E+02  -0.165596319E+02  -0.150472528E+02  -0.129281757E+02  -0.149881561E+02  -0.153386206E+02  -0.145239911E+02
   0.137000019E+07   0.964652945E+04  -0.161319030E+02  -0.163620080E+02  -0.163671036E+02  -0.162610510E+02  -0.161057757E+02  -0.169354397E+02  -0.162410299E+02  -0.164114655E+02  -0.166541675E+02  -0.165540637E+02  -0.150051739E+02  -0.128560390E+02  -0.149444564E+02  -0.153010980E+02  -0.144759478E+02
   0.138000001E+07   0.956565897E+04  -0.161103264E+02  -0.163491220E+02  -0.163606845E+02  -0.162579491E+02  -0.161050384E+02  -0.169142744E+02  -0.162263191E+02  -0.164025695E+02  -0.166520772E+02  -0.165484000E+02  -0.149635507E+02  -0.127848115E+02  -0.149012369E+02  -0.152639623E+02  -0.144284502E+02
   0.139000020E+07   0.948604543E+04  -0.160889156E+02  -0.163362667E+02  -0.163541956E+02  -0.162547260E+02  -0.161041430E+02  -0.168932686E+02  -0.162116673E+02  -0.163936422E+02  -0.166498499E+02  -0.165426549E+02  -0.149224050E+02  -0.127145216E+02  -0.148585195E+02  -0.152272343E+02  -0.143815213E+02
   0.140000022E+07   0.940774880E+04  -0.160677120E+02  -0.163234771E+02  -0.163476671E+02  -0.162514092E+02  -0.161031155E+02  -0.168724632E+02  -0.161971110E+02  -0.163847156E+02  -0.166475126E+02  -0.165368578E+02  -0.148817928E+02  -0.126452474E+02  -0.148163618E+02  -0.151909669E+02  -0.143352217E+02
   0.141000009E+07   0.933089369E+04  -0.160467900E+02  -0.163108141E+02  -0.163411499E+02  -0.162480446E+02  -0.161019980E+02  -0.168519320E+02  -0.161827138E+02  -0.163758445E+02  -0.166451094E+02  -0.165310586E+02  -0.148418196E+02  -0.125771398E+02  -0.147748714E+02  -0.151552583E+02  -0.142896657E+02
   0.142000002E+07   0.925557830E+04  -0.160262157E+02  -0.162983335E+02  -0.163346919E+02  -0.162446761E+02  -0.161008315E+02  -0.168317408E+02  -0.161685336E+02  -0.163670798E+02  -0.166426829E+02  -0.165253042E+02  -0.148025757E+02  -0.125103253E+02  -0.147341409E+02  -0.151201937E+02  -0.142449510E+02
   0.143000033E+07   0.918169133E+04  -0.160059512E+02  -0.162860092E+02  -0.163282760E+02  -0.162412910E+02  -0.160996068E+02  -0.168118522E+02  -0.161545420E+02  -0.163584009E+02  -0.166402221E+02  -0.165195786E+02  -0.147639958E+02  -0.124446975E+02  -0.146941024E+02  -0.150857138E+02  -0.142010039E+02
   0.144000006E+07   0.910901117E+04  -0.159858917E+02  -0.162737600E+02  -0.163218388E+02  -0.162378352E+02  -0.160982759E+02  -0.167921623E+02  -0.161406529E+02  -0.163497376E+02  -0.166376754E+02  -0.165138204E+02  -0.147259199E+02  -0.123800156E+02  -0.146545918E+02  -0.150516709E+02  -0.141576485E+02
   0.145000027E+07   0.903743764E+04  -0.159659965E+02  -0.162615564E+02  -0.163153586E+02  -0.162342909E+02  -0.160968243E+02  -0.167726311E+02  -0.161268342E+02  -0.163410653E+02  -0.166350264E+02  -0.165080088E+02  -0.146882828E+02  -0.123161776E+02  -0.146155418E+02  -0.150180053E+02  -0.141148122E+02
   0.146000022E+07   0.896699016E+04  -0.159441059E+02  -0.162482170E+02  -0.163083804E+02  -0.162305835E+02  -0.160954582E+02  -0.167511503E+02  -0.161116978E+02  -0.163316390E+02  -0.166323200E+02  -0.165017813E+02  -0.146470444E+02  -0.122460766E+02  -0.145726457E+02  -0.149811362E+02  -0.140683044E+02
   0.147000033E+07   0.889770053E+04  -0.159200314E+02  -0.162336473E+02  -0.163008791E+02  -0.162267242E+02  -0.160942159E+02  -0.167275363E+02  -0.160951294E+02  -0.163214059E+02  -0.166295787E+02  -0.164951218E+02  -0.146018375E+02  -0.121690526E+02  -0.145255105E+02  -0.149407402E+02  -0.140177449E+02
   0.148000026E+07   0.882962555E+04  -0.158962882E+02  -0.162192421E+02  -0.162934185E+02  -0.162228417E+02  -0.160929046E+02  -0.167042455E+02  -0.160787606E+02  -0.163112613E+02  -0.166267947E+02  -0.164884881E+02  -0.145573323E+02  -0.120932881E+02  -0.144791108E+02  -0.149009614E+02  -0.139679809E+02
   0.149000015E+07   0.876287357E+04  -0.158729524E+02  -0.162050630E+02  -0.162860489E+02  -0.162189808E+02  -0.160915648E+02  -0.166813533E+02  -0.160626561E+02  -0.163012600E+02  -0.166240109E+02  -0.164819295E+02  -0.145136381E+02  -0.120189421E+02  -0.144335589E+02  -0.148619018E+02  -0.139191301E+02
   0.150000015E+07   0.869750841E+04  -0.158500794E+02  -0.161911564E+02  -0.162788105E+02  -0.162151780E+02  -0.160902308E+02  -0.166589148E+02  -0.160468640E+02  -0.162914444E+02  -0.166212629E+02  -0.164754851E+02  -0.144708297E+02  -0.119461186E+02  -0.143889314E+02  -0.148236317E+02  -0.138712722E+02
   0.151000013E+07   0.863341825E+04  -0.158276141E+02  -0.161774826E+02  -0.162716747E+02  -0.162114110E+02  -0.160888844E+02  -0.166368754E+02  -0.160313415E+02  -0.162817818E+02  -0.166185300E+02  -0.164691279E+02  -0.144288178E+02  -0.118746771E+02  -0.143451358E+02  -0.147860696E+02  -0.138243094E+02
   0.152000014E+07   0.857039469E+04  -0.158054398E+02  -0.161639535E+02  -0.162645748E+02  -0.162076237E+02  -0.160874775E+02  -0.166151199E+02  -0.160159945E+02  -0.162721972E+02  -0.166157597E+02  -0.164627936E+02  -0.143874222E+02  -0.118043417E+02  -0.143019863E+02  -0.147490497E+02  -0.137780452E+02
   0.153000018E+07   0.850835034E+04  -0.157835111E+02  -0.161505356E+02  -0.162574863E+02  -0.162037964E+02  -0.160859935E+02  -0.165936036E+02  -0.160007870E+02  -0.162626625E+02  -0.166129335E+02  -0.164564588E+02  -0.143465708E+02  -0.117350002E+02  -0.142594082E+02  -0.147125060E+02  -0.137324009E+02
   0.154000025E+07   0.844729209E+04  -0.157618391E+02  -0.161372392E+02  -0.162504186E+02  -0.161999380E+02  -0.160844413E+02  -0.165723374E+02  -0.159857294E+02  -0.162531876E+02  -0.166100605E+02  -0.164501329E+02  -0.143062769E+02  -0.116666689E+02  -0.142174150E+02  -0.146764514E+02  -0.136873902E+02
   0.155000015E+07   0.838722666E+04  -0.157404391E+02  -0.161240787E+02  -0.162433855E+02  -0.161960621E+02  -0.160828339E+02  -0.165513366E+02  -0.159708362E+02  -0.162437863E+02  -0.166071537E+02  -0.164438294E+02  -0.142665578E+02  -0.115993684E+02  -0.141760243E+02  -0.146409027E+02  -0.136430311E+02
   0.156000001E+07   0.832818230E+04  -0.157193370E+02  -0.161110759E+02  -0.162364060E+02  -0.161921861E+02  -0.160811880E+02  -0.165306269E+02  -0.159561303E+02  -0.162344789E+02  -0.166042305E+02  -0.164375672E+02  -0.142274480E+02  -0.115331460E+02  -0.141352713E+02  -0.146058923E+02  -0.135993600E+02
   0.157000005E+07   0.827022787E+04  -0.156985888E+02  -0.160982776E+02  -0.162295198E+02  -0.161883461E+02  -0.160795369E+02  -0.165102639E+02  -0.159416603E+02  -0.162253078E+02  -0.166013257E+02  -0.164313851E+02  -0.141890245E+02  -0.114681105E+02  -0.140952350E+02  -0.145714926E+02  -0.135564596E+02
   0.158000000E+07   0.821347671E+04  -0.156782741E+02  -0.160857476E+02  -0.162227792E+02  -0.161845885E+02  -0.160779227E+02  -0.164903263E+02  -0.159274934E+02  -0.162163298E+02  -0.165984838E+02  -0.164253339E+02  -0.141514015E+02  -0.114044279E+02  -0.140560326E+02  -0.145378098E+02  -0.135144526E+02
   0.159000010E+07   0.815795263E+04  -0.156584209E+02  -0.160735109E+02  -0.162162067E+02  -0.161809344E+02  -0.160763657E+02  -0.164708421E+02  -0.159136550E+02  -0.162075681E+02  -0.165957256E+02  -0.164194359E+02  -0.141146142E+02  -0.113421445E+02  -0.140177001E+02  -0.145048776E+02  -0.134733761E+02
   0.160000011E+07   0.810352608E+04  -0.156389528E+02  -0.160615088E+02  -0.162097568E+02  -0.161773452E+02  -0.160748321E+02  -0.164517358E+02  -0.159000830E+02  -0.161989724E+02  -0.165930147E+02  -0.164136471E+02  -0.140785469E+02  -0.112810850E+02  -0.139801180E+02  -0.144725890E+02  -0.134331042E+02
   0.161000016E+07   0.805001552E+04  -0.156197663E+02  -0.160496625E+02  -0.162033693E+02  -0.161737704E+02  -0.160732783E+02  -0.164329049E+02  -0.158866932E+02  -0.161904752E+02  -0.165903033E+02  -0.164079097E+02  -0.140430404E+02  -0.112210070E+02  -0.139431223E+02  -0.144407978E+02  -0.133934641E+02
   0.162000022E+07   0.799736198E+04  -0.156005580E+02  -0.160377896E+02  -0.161969510E+02  -0.161701639E+02  -0.160716940E+02  -0.164140527E+02  -0.158732777E+02  -0.161819473E+02  -0.165875606E+02  -0.164021423E+02  -0.140075674E+02  -0.111610060E+02  -0.139061511E+02  -0.144090315E+02  -0.133539424E+02
   0.163000031E+07   0.794555688E+04  -0.155765313E+02  -0.160230822E+02  -0.161891639E+02  -0.161659694E+02  -0.160701126E+02  -0.163904906E+02  -0.158566087E+02  -0.161714568E+02  -0.165844795E+02  -0.163952049E+02  -0.139636938E+02  -0.110864690E+02  -0.138601909E+02  -0.143697557E+02  -0.133064357E+02
   0.164000017E+07   0.789459521E+04  -0.155528548E+02  -0.160085734E+02  -0.161814626E+02  -0.161618023E+02  -0.160685161E+02  -0.163672711E+02  -0.158401702E+02  -0.161610962E+02  -0.165814077E+02  -0.163883395E+02  -0.139204937E+02  -0.110131046E+02  -0.138149380E+02  -0.143310783E+02  -0.132596616E+02
   0.165000007E+07   0.784448973E+04  -0.155295472E+02  -0.159942794E+02  -0.161738619E+02  -0.161576764E+02  -0.160669176E+02  -0.163444130E+02  -0.158239790E+02  -0.161508807E+02  -0.165783586E+02  -0.163815606E+02  -0.138779904E+02  -0.109409439E+02  -0.137704165E+02  -0.142930220E+02  -0.132136445E+02
   0.166000016E+07   0.779530497E+04  -0.155066679E+02  -0.159802481E+02  -0.161664008E+02  -0.161536262E+02  -0.160653484E+02  -0.163219748E+02  -0.158080853E+02  -0.161408530E+02  -0.165753656E+02  -0.163749063E+02  -0.138362682E+02  -0.108701092E+02  -0.137267131E+02  -0.142556649E+02  -0.131684730E+02
   0.167000034E+07   0.774717467E+04  -0.154843242E+02  -0.159665627E+02  -0.161591448E+02  -0.161497079E+02  -0.160638579E+02  -0.163000627E+02  -0.157925774E+02  -0.161310853E+02  -0.165724817E+02  -0.163684397E+02  -0.137954855E+02  -0.108008382E+02  -0.136839917E+02  -0.142191538E+02  -0.131243149E+02
   0.168000025E+07   0.770020618E+04  -0.154625996E+02  -0.159532874E+02  -0.161521437E+02  -0.161459641E+02  -0.160624832E+02  -0.162787595E+02  -0.157775237E+02  -0.161216332E+02  -0.165697473E+02  -0.163622090E+02  -0.137557671E+02  -0.107333191E+02  -0.136423814E+02  -0.141836038E+02  -0.130813026E+02
   0.169000013E+07   0.765433331E+04  -0.154414469E+02  -0.159403869E+02  -0.161453710E+02  -0.161423726E+02  -0.160612056E+02  -0.162580181E+02  -0.157628862E+02  -0.161124667E+02  -0.165671418E+02  -0.163561887E+02  -0.137170402E+02  -0.106674401E+02  -0.136018068E+02  -0.141489481E+02  -0.130393586E+02
   0.170000006E+07   0.760935538E+04  -0.154207164E+02  -0.159277476E+02  -0.161387400E+02  -0.161388608E+02  -0.160599626E+02  -0.162376911E+02  -0.157485439E+02  -0.161034886E+02  -0.165645967E+02  -0.163502955E+02  -0.136790785E+02  -0.106028559E+02  -0.135620333E+02  -0.141149782E+02  -0.129982426E+02
   0.171000006E+07   0.756510983E+04  -0.154002941E+02  -0.159152848E+02  -0.161321876E+02  -0.161353768E+02  -0.160587105E+02  -0.162176657E+02  -0.157344057E+02  -0.160946273E+02  -0.165620636E+02  -0.163444688E+02  -0.136417055E+02  -0.105392941E+02  -0.135228782E+02  -0.140815321E+02  -0.129577667E+02
   0.172000028E+07   0.752153948E+04  -0.153801473E+02  -0.159029760E+02  -0.161256990E+02  -0.161319098E+02  -0.160574412E+02  -0.161979096E+02  -0.157204471E+02  -0.160858651E+02  -0.165595330E+02  -0.163386949E+02  -0.136048667E+02  -0.104766659E+02  -0.134842843E+02  -0.140485600E+02  -0.129178722E+02
   0.173000004E+07   0.747863050E+04  -0.153602719E+02  -0.158908196E+02  -0.161192746E+02  -0.161284610E+02  -0.160561568E+02  -0.161784191E+02  -0.157066660E+02  -0.160772014E+02  -0.165570064E+02  -0.163329742E+02  -0.135685526E+02  -0.104149540E+02  -0.134462419E+02  -0.140160542E+02  -0.128785490E+02
   0.174000034E+07   0.743636133E+04  -0.153406614E+02  -0.158788131E+02  -0.161129144E+02  -0.161250322E+02  -0.160548602E+02  -0.161591877E+02  -0.156930589E+02  -0.160686355E+02  -0.165544861E+02  -0.163273074E+02  -0.135327486E+02  -0.103541309E+02  -0.134087353E+02  -0.139840015E+02  -0.128397806E+02
   0.175000028E+07   0.739475458E+04  -0.153213414E+02  -0.158669779E+02  -0.161066372E+02  -0.161216403E+02  -0.160535670E+02  -0.161402409E+02  -0.156796482E+02  -0.160601871E+02  -0.165519885E+02  -0.163217126E+02  -0.134974889E+02  -0.102942441E+02  -0.133717996E+02  -0.139524344E+02  -0.128016030E+02
   0.176000006E+07   0.735393257E+04  -0.153024146E+02  -0.158553947E+02  -0.161005071E+02  -0.161183412E+02  -0.160523270E+02  -0.161216802E+02  -0.156665193E+02  -0.160519267E+02  -0.165495667E+02  -0.163162521E+02  -0.134629230E+02  -0.102355157E+02  -0.133355894E+02  -0.139214915E+02  -0.127641743E+02
   0.177000022E+07   0.731413797E+04  -0.152840716E+02  -0.158442104E+02  -0.160946387E+02  -0.161152325E+02  -0.160512256E+02  -0.161036941E+02  -0.156538282E+02  -0.160439817E+02  -0.165473133E+02  -0.163110364E+02  -0.134293344E+02  -0.101783727E+02  -0.133003979E+02  -0.138914347E+02  -0.127277949E+02
   0.178000035E+07   0.727560800E+04  -0.152664893E+02  -0.158335594E+02  -0.160891346E+02  -0.161124005E+02  -0.160503371E+02  -0.160864574E+02  -0.156417183E+02  -0.160364670E+02  -0.165453093E+02  -0.163061643E+02  -0.133969911E+02  -0.101232235E+02  -0.132665026E+02  -0.138625109E+02  -0.126927495E+02
   0.179000031E+07   0.723833249E+04  -0.152496581E+02  -0.158234337E+02  -0.160839883E+02  -0.161098392E+02  -0.160496561E+02  -0.160699605E+02  -0.156301812E+02  -0.160293755E+02  -0.165435492E+02  -0.163016295E+02  -0.133658795E+02  -0.100700485E+02  -0.132338895E+02  -0.138347075E+02  -0.126590237E+02
   0.180000000E+07   0.720204892E+04  -0.152333773E+02  -0.158136801E+02  -0.160790816E+02  -0.161074487E+02  -0.160490957E+02  -0.160540051E+02  -0.156190537E+02  -0.160225753E+02  -0.165419385E+02  -0.162973178E+02  -0.133356982E+02  -0.100183910E+02  -0.132022468E+02  -0.138077464E+02  -0.126262979E+02
   0.181000002E+07   0.716643857E+04  -0.152174184E+02  -0.158041273E+02  -0.160742856E+02  -0.161051223E+02  -0.160485656E+02  -0.160383656E+02  -0.156081525E+02  -0.160159211E+02  -0.165403774E+02  -0.162931060E+02  -0.133060968E+02  -0.996771183E+01  -0.131712110E+02  -0.137813054E+02  -0.125941992E+02
   0.182000026E+07   0.713132188E+04  -0.152016614E+02  -0.157946876E+02  -0.160695369E+02  -0.161028089E+02  -0.160480236E+02  -0.160229236E+02  -0.155973831E+02  -0.160093398E+02  -0.165388188E+02  -0.162889332E+02  -0.132768865E+02  -0.991771594E+01  -0.131405862E+02  -0.137552117E+02  -0.125625261E+02
   0.183000026E+07   0.709666390E+04  -0.151860861E+02  -0.157853469E+02  -0.160648260E+02  -0.161005015E+02  -0.160474643E+02  -0.160076591E+02  -0.155867301E+02  -0.160028203E+02  -0.165372562E+02  -0.162847908E+02  -0.132480335E+02  -0.986834889E+01  -0.131103371E+02  -0.137294346E+02  -0.125312426E+02
   0.184000030E+07   0.706243787E+04  -0.151706690E+02  -0.157760868E+02  -0.160601379E+02  -0.160981869E+02  -0.160468762E+02  -0.159925490E+02  -0.155761741E+02  -0.159963462E+02  -0.165356773E+02  -0.162806641E+02  -0.132195042E+02  -0.981956122E+01  -0.130804292E+02  -0.137039429E+02  -0.125003130E+02
   0.185000020E+07   0.702864383E+04  -0.151554123E+02  -0.157669094E+02  -0.160554748E+02  -0.160958674E+02  -0.160462613E+02  -0.159775954E+02  -0.155657170E+02  -0.159899196E+02  -0.165340841E+02  -0.162765553E+02  -0.131913009E+02  -0.977135514E+01  -0.130508646E+02  -0.136787387E+02  -0.124697397E+02
   0.186000024E+07   0.699535642E+04  -0.151396128E+02  -0.157573967E+02  -0.160506249E+02  -0.160934467E+02  -0.160456099E+02  -0.159621113E+02  -0.155548812E+02  -0.159832453E+02  -0.165324174E+02  -0.162722854E+02  -0.131622318E+02  -0.972166184E+01  -0.130203629E+02  -0.136527813E+02  -0.124383959E+02
   0.187000020E+07   0.696288288E+04  -0.151196230E+02  -0.157453371E+02  -0.160444150E+02  -0.160903334E+02  -0.160447656E+02  -0.159425314E+02  -0.155411537E+02  -0.159747301E+02  -0.165302717E+02  -0.162668464E+02  -0.131261864E+02  -0.965995124E+01  -0.129823664E+02  -0.136207181E+02  -0.124004903E+02
   0.188000021E+07   0.693168102E+04  -0.151007019E+02  -0.157340354E+02  -0.160387340E+02  -0.160876278E+02  -0.160442401E+02  -0.159240039E+02  -0.155282496E+02  -0.159668341E+02  -0.165284959E+02  -0.162619062E+02  -0.130918383E+02  -0.960094304E+01  -0.129461437E+02  -0.135901962E+02  -0.123643550E+02
   0.189000012E+07   0.690210208E+04  -0.150831948E+02  -0.157237515E+02  -0.160337785E+02  -0.160854929E+02  -0.160441719E+02  -0.159068701E+02  -0.155164465E+02  -0.159597787E+02  -0.165272423E+02  -0.162576528E+02  -0.130597066E+02  -0.954543396E+01  -0.129122349E+02  -0.135616918E+02  -0.123305290E+02
   0.190000036E+07   0.687404539E+04  -0.150670004E+02  -0.157144086E+02  -0.160294896E+02  -0.160838794E+02  -0.160445188E+02  -0.158910296E+02  -0.155056626E+02  -0.159534981E+02  -0.165264649E+02  -0.162540300E+02  -0.130296402E+02  -0.949319328E+01  -0.128804829E+02  -0.135350661E+02  -0.122988556E+02
   0.191000037E+07   0.684704755E+04  -0.150516312E+02  -0.157056323E+02  -0.160255767E+02  -0.160825410E+02  -0.160450667E+02  -0.158760011E+02  -0.154954997E+02  -0.159476686E+02  -0.165259309E+02  -0.162507579E+02  -0.130009226E+02  -0.944313820E+01  -0.128501433E+02  -0.135096592E+02  -0.122685915E+02
   0.192000007E+07   0.682056670E+04  -0.150365713E+02  -0.156970391E+02  -0.160217537E+02  -0.160812432E+02  -0.160456192E+02  -0.158612754E+02  -0.154855464E+02  -0.159419658E+02  -0.165254222E+02  -0.162475636E+02  -0.129727700E+02  -0.939405668E+01  -0.128203996E+02  -0.134847539E+02  -0.122389221E+02
   0.193000036E+07   0.679427210E+04  -0.150215371E+02  -0.156884261E+02  -0.160178774E+02  -0.160798743E+02  -0.160460875E+02  -0.158465730E+02  -0.154755829E+02  -0.159362228E+02  -0.165248368E+02  -0.162443115E+02  -0.129447351E+02  -0.934524014E+01  -0.127907850E+02  -0.134599435E+02  -0.122093810E+02
   0.194000010E+07   0.676806084E+04  -0.150064751E+02  -0.156797649E+02  -0.160139378E+02  -0.160784342E+02  -0.160464788E+02  -0.158318417E+02  -0.154655755E+02  -0.159304225E+02  -0.165241777E+02  -0.162409942E+02  -0.129167136E+02  -0.929650277E+01  -0.127611887E+02  -0.134351363E+02  -0.121798581E+02
   0.195000001E+07   0.674200456E+04  -0.149914240E+02  -0.156710767E+02  -0.160099434E+02  -0.160769245E+02  -0.160467897E+02  -0.158171194E+02  -0.154555491E+02  -0.159245784E+02  -0.165234445E+02  -0.162376183E+02  -0.128887796E+02  -0.924797547E+01  -0.127316892E+02  -0.134103976E+02  -0.121504316E+02
   0.196000037E+07   0.671609090E+04  -0.149763704E+02  -0.156623512E+02  -0.160058860E+02  -0.160753381E+02  -0.160470140E+02  -0.158023927E+02  -0.154454927E+02  -0.159186813E+02  -0.165226303E+02  -0.162341761E+02  -0.128609136E+02  -0.919962887E+01  -0.127022663E+02  -0.133857094E+02  -0.121210813E+02
   0.197000029E+07   0.669034565E+04  -0.149613736E+02  -0.156536415E+02  -0.160018140E+02  -0.160737211E+02  -0.160471958E+02  -0.157877208E+02  -0.154354606E+02  -0.159127817E+02  -0.165217804E+02  -0.162307152E+02  -0.128331877E+02  -0.915155552E+01  -0.126729937E+02  -0.133611407E+02  -0.120918807E+02
   0.198000027E+07   0.666508821E+04  -0.149467670E+02  -0.156452028E+02  -0.159979251E+02  -0.160722408E+02  -0.160474802E+02  -0.157734329E+02  -0.154257247E+02  -0.159070997E+02  -0.165210527E+02  -0.162274259E+02  -0.128060932E+02  -0.910449902E+01  -0.126443817E+02  -0.133371434E+02  -0.120633395E+02
