3.449999999999999091e+03 1.205835706664527937e-16
3.451997338891028448e+03 1.212958194959752535e-16
3.453994677782057806e+03 1.554031495992763559e-16
3.455992016673087164e+03 1.699652870889130840e-16
3.457989355564116522e+03 1.936679556357179797e-16
3.459986694455145880e+03 2.468955457458476156e-16
3.461984033346175238e+03 2.615231959399985434e-16
3.463981372237204596e+03 2.484300518089171874e-16
3.465978711128233954e+03 3.074066265856291707e-16
3.467976050019263312e+03 3.416777913897749760e-16
3.469973388910292670e+03 2.967953154597825164e-16
3.471970727801322028e+03 2.360818731549459886e-16
3.473968066692351385e+03 2.439547797018786933e-16
3.475965405583380743e+03 2.979850261737603846e-16
3.477962744474410101e+03 3.112214247520461241e-16
3.479960083365439459e+03 3.038984808158978757e-16
3.481957422256468817e+03 2.748304805880576272e-16
3.483954761147498175e+03 2.948856002708588912e-16
3.485952100038527533e+03 3.584357029764908675e-16
3.487949438929556891e+03 3.755502419037804211e-16
3.489946777820586249e+03 3.359418430896464643e-16
3.491944116711615607e+03 2.781749372407320287e-16
3.493941455602644965e+03 2.439323333287764543e-16
3.495938794493674322e+03 2.422749016092366021e-16
3.497936133384703680e+03 2.991189385923378758e-16
3.499933472275733038e+03 3.309878650185112819e-16
3.501930811166762396e+03 3.259787239266861633e-16
3.503928150057791754e+03 3.468782031090019563e-16
3.505925488948821112e+03 3.593250081617690777e-16
3.507922827839850470e+03 2.902526212169534870e-16
3.509920166730879828e+03 2.388358684340453376e-16
3.511917505621909186e+03 2.428998001660734622e-16
3.513914844512938544e+03 2.394630698617075453e-16
3.515912183403967902e+03 1.720115863405814651e-16
3.517909522294997259e+03 1.372612126465265394e-16
3.519906861186026617e+03 1.237434403110747620e-16
3.521904200077055975e+03 1.116086610202524435e-16
3.523901538968085333e+03 1.120941035432577635e-16
3.525898877859114691e+03 9.590148718716061112e-17
3.527896216750144049e+03 1.283335118522458155e-16
3.529893555641173407e+03 1.588195378780183687e-16
3.531890894532202765e+03 1.570621695055923099e-16
3.533888233423232123e+03 1.806474048751942774e-16
3.535885572314261481e+03 1.939136481299809302e-16
3.537882911205290839e+03 1.678916974944753534e-16
3.539880250096320196e+03 1.501983571315252948e-16
3.541877588987349554e+03 1.912286860360828066e-16
3.543874927878378912e+03 2.150513950333813977e-16
3.545872266769408270e+03 1.689372008491831769e-16
3.547869605660437628e+03 1.463008144340734369e-16
3.549866944551466986e+03 1.154845249682105116e-16
3.551864283442496344e+03 1.045085992457953832e-16
3.553861622333525702e+03 1.109230606413439920e-16
3.555858961224555060e+03 1.079292822462777713e-16
3.557856300115584418e+03 1.086699066795332501e-16
3.559853639006613776e+03 1.070107941289886902e-16
3.561850977897643133e+03 1.232005848361133614e-16
3.563848316788672491e+03 1.365892111168884597e-16
3.565845655679701849e+03 1.356424268052051647e-16
3.567842994570731207e+03 1.333962145430949678e-16
3.569840333461760565e+03 1.312004139762362027e-16
3.571837672352789923e+03 1.298842306553214267e-16
3.573835011243819281e+03 1.176633716412343899e-16
3.575832350134848639e+03 1.082707026984702585e-16
3.577829689025877997e+03 1.314008828520496540e-16
3.579827027916907355e+03 1.516842514443563503e-16
3.581824366807936713e+03 1.602435855508100595e-16
3.583821705698966070e+03 1.782253935718594107e-16
3.585819044589995428e+03 1.846587146853742286e-16
3.587816383481024786e+03 1.721726020098985873e-16
3.589813722372054144e+03 1.626464194988234968e-16
3.591811061263083502e+03 1.587995796641986893e-16
3.593808400154112860e+03 1.711484465324395322e-16
3.595805739045142218e+03 1.767994136051567961e-16
3.597803077936171576e+03 1.762256546625104144e-16
3.599800416827200934e+03 1.756039854187849613e-16
3.601797755718230292e+03 1.744101851238586309e-16
3.603795094609259650e+03 1.511594086544139045e-16
3.605792433500289007e+03 1.363292249416405929e-16
3.607789772391318365e+03 1.489644021809431902e-16
3.609787111282347723e+03 1.522004650861486430e-16
3.611784450173377081e+03 1.743102220011928227e-16
3.613781789064406439e+03 1.864000026666922565e-16
3.615779127955435797e+03 1.824314680203486475e-16
3.617776466846465155e+03 1.721048790787876458e-16
3.619773805737494513e+03 1.564929765999272210e-16
3.621771144628523871e+03 1.589067955064753625e-16
3.623768483519553229e+03 1.565572584596899419e-16
3.625765822410582587e+03 1.546918536818195572e-16
3.627763161301611945e+03 1.553011350686914161e-16
3.629760500192641302e+03 1.533632295644919838e-16
3.631757839083670660e+03 1.461011396516480364e-16
3.633755177974700018e+03 1.298216958010124178e-16
3.635752516865729376e+03 1.203623891881010145e-16
3.637749855756758734e+03 1.510737127429534108e-16
3.639747194647788092e+03 1.862133245460512892e-16
3.641744533538817450e+03 1.973337024731977780e-16
3.643741872429846808e+03 1.982894203354966457e-16
3.645739211320876166e+03 1.963757876191919694e-16
3.647736550211905524e+03 1.960774467333012438e-16
3.649733889102934882e+03 1.626868123824956863e-16
3.651731227993964239e+03 1.423500939494017699e-16
3.653728566884993597e+03 1.582233987367187523e-16
3.655725905776022955e+03 1.858588809622947671e-16
3.657723244667052313e+03 2.197038823148532525e-16
3.659720583558081671e+03 2.294733485702475390e-16
3.661717922449111029e+03 2.234077456349594943e-16
3.663715261340140387e+03 2.192296894481786536e-16
3.665712600231169745e+03 1.764171238132592888e-16
3.667709939122199103e+03 1.516863293220550835e-16
3.669707278013228461e+03 1.760718917128041572e-16
3.671704616904257819e+03 1.915491291879409491e-16
3.673701955795287176e+03 1.891719047516921535e-16
3.675699294686316534e+03 1.866625299407818862e-16
3.677696633577345892e+03 1.804815849408794473e-16
3.679693972468375250e+03 1.760707932169506868e-16
3.681691311359404608e+03 1.755602044033237547e-16
3.683688650250433966e+03 1.584920008252269715e-16
3.685685989141463324e+03 1.460408150239357692e-16
3.687683328032492682e+03 1.804842054490600153e-16
3.689680666923522040e+03 1.983114961316844609e-16
3.691678005814551398e+03 1.833531060414103305e-16
3.693675344705580756e+03 1.668289093736876217e-16
3.695672683596610113e+03 1.573072928995938240e-16
3.697670022487639471e+03 1.537104601333070435e-16
3.699667361378668829e+03 1.630041982748098328e-16
3.701664700269698187e+03 1.658743429468014278e-16
3.703662039160727545e+03 1.830698661647823730e-16
3.705659378051756903e+03 1.848772359508760372e-16
3.707656716942786261e+03 2.070297283250871565e-16
3.709654055833815619e+03 1.982033406122319275e-16
3.711651394724844977e+03 1.818561870653751683e-16
3.713648733615874335e+03 1.816809041848527315e-16
3.715646072506903693e+03 1.762724002932870111e-16
3.717643411397933050e+03 2.216458774000011470e-16
3.719640750288962408e+03 2.452908947668335470e-16
3.721638089179991766e+03 2.389066221549206734e-16
3.723635428071021124e+03 2.331340661496030149e-16
3.725632766962050937e+03 2.888515493128560692e-16
3.727630105853080295e+03 3.583091244904355530e-16
3.729627444744109653e+03 3.726214931397506692e-16
3.731624783635139011e+03 3.659229713044064502e-16
3.733622122526168368e+03 3.811197482297734628e-16
3.735619461417197726e+03 3.855057113004358316e-16
3.737616800308227084e+03 3.819133651617915388e-16
3.739614139199256442e+03 4.170909081590586489e-16
3.741611478090285800e+03 4.324130989001785013e-16
3.743608816981315158e+03 4.232776632755836602e-16
3.745606155872344516e+03 4.554937673310129227e-16
3.747603494763373874e+03 4.728869536281695395e-16
3.749600833654403232e+03 4.647977360423317678e-16
3.751598172545432590e+03 4.913989645695306802e-16
3.753595511436461948e+03 5.072306985679831976e-16
3.755592850327491306e+03 5.072651622210246070e-16
3.757590189218520663e+03 5.052300596861277436e-16
3.759587528109550021e+03 5.029299946574178944e-16
3.761584867000579379e+03 4.956435525473403859e-16
3.763582205891608737e+03 5.039135587278577473e-16
3.765579544782638095e+03 5.048504301070802069e-16
3.767576883673667453e+03 5.003746550742292805e-16
3.769574222564696811e+03 4.959867597096559878e-16
3.771571561455726169e+03 4.771027424857725990e-16
3.773568900346755527e+03 4.513445234993285291e-16
3.775566239237784885e+03 4.392389139056272805e-16
3.777563578128814243e+03 4.359446704248572980e-16
3.779560917019843600e+03 4.524801829233597323e-16
3.781558255910872958e+03 4.586184718734340367e-16
3.783555594801902316e+03 4.575527985466697201e-16
3.785552933692931674e+03 4.361000480311192588e-16
3.787550272583961032e+03 4.249423477147343774e-16
3.789547611474990390e+03 4.241657508510001924e-16
3.791544950366019748e+03 4.270107492323701754e-16
3.793542289257049106e+03 4.428898111967505269e-16
3.795539628148078464e+03 4.595199796271086292e-16
3.797536967039107822e+03 4.619264002302580965e-16
3.799534305930137180e+03 4.442984799275936317e-16
3.801531644821166537e+03 4.323665120880795147e-16
3.803528983712195895e+03 4.540368706617355261e-16
3.805526322603225253e+03 4.627858739739251943e-16
3.807523661494254611e+03 4.798607347015918043e-16
3.809521000385283969e+03 5.155309861763649002e-16
3.811518339276313327e+03 5.265244679801008541e-16
3.813515678167342685e+03 5.283963578539736545e-16
3.815513017058372043e+03 5.275692831205390336e-16
3.817510355949401401e+03 5.224509277180773136e-16
3.819507694840430759e+03 5.255320100637148311e-16
3.821505033731460117e+03 5.309079693612602652e-16
3.823502372622489474e+03 5.299456869936201766e-16
3.825499711513518832e+03 5.110475878469886851e-16
3.827497050404548190e+03 4.924137629799005354e-16
3.829494389295577548e+03 4.882972887353630425e-16
3.831491728186606906e+03 4.490138064658399149e-16
3.833489067077636264e+03 4.111830386404171159e-16
3.835486405968665622e+03 3.783415595721181628e-16
3.837483744859694980e+03 3.568944206498432612e-16
3.839481083750724338e+03 3.495103844623742963e-16
3.841478422641753696e+03 3.156163081384342648e-16
3.843475761532783054e+03 2.926829175613036849e-16
3.845473100423812411e+03 2.532340785786087569e-16
3.847470439314841769e+03 2.184572880445113377e-16
3.849467778205871127e+03 2.082877046006578010e-16
3.851465117096900485e+03 1.778184736500425245e-16
3.853462455987929843e+03 1.624597281432927287e-16
3.855459794878959201e+03 1.685204474042442603e-16
3.857457133769988559e+03 1.735589964212068642e-16
3.859454472661017917e+03 1.737684782569746933e-16
3.861451811552047275e+03 1.728346906070758315e-16
3.863449150443076633e+03 1.618146993190687781e-16
3.865446489334105991e+03 1.555545170339286596e-16
3.867443828225135348e+03 1.551960368087828787e-16
3.869441167116164706e+03 1.541253209890044388e-16
3.871438506007194064e+03 1.536236921957726811e-16
3.873435844898223422e+03 1.437602052832331672e-16
3.875433183789252780e+03 1.287704617390208269e-16
3.877430522680282138e+03 1.238575382960478764e-16
3.879427861571311496e+03 1.236190058771671849e-16
3.881425200462340854e+03 1.229567716962021314e-16
3.883422539353370212e+03 1.216872943013945496e-16
3.885419878244399570e+03 1.303537383710065252e-16
3.887417217135428928e+03 1.396525190055234377e-16
3.889414556026458285e+03 1.406340449029339600e-16
3.891411894917487643e+03 1.382367696086368790e-16
3.893409233808517001e+03 1.573245644307839312e-16
3.895406572699546359e+03 1.660977875913091520e-16
3.897403911590575717e+03 1.708428264571583400e-16
3.899401250481605075e+03 1.730616424973807806e-16
3.901398589372634433e+03 1.717460282767274411e-16
3.903395928263663791e+03 1.694003293479842665e-16
3.905393267154693149e+03 1.864056804344168205e-16
3.907390606045722507e+03 2.197043984755554856e-16
3.909387944936751865e+03 2.289754255461600189e-16
3.911385283827781222e+03 2.286561470646043511e-16
3.913382622718810580e+03 2.430004647378987154e-16
3.915379961609839938e+03 2.482461927198038008e-16
3.917377300500869296e+03 2.442208274566553487e-16
3.919374639391898654e+03 2.680144064615022723e-16
3.921371978282928012e+03 2.924784914534397798e-16
3.923369317173957370e+03 3.043584461760365624e-16
3.925366656064986728e+03 3.356670073680420455e-16
3.927363994956016086e+03 3.508645254472379056e-16
3.929361333847045444e+03 3.711686463467523322e-16
3.931358672738074802e+03 3.966330243098379650e-16
3.933356011629104160e+03 4.277967163980833610e-16
3.935353350520133517e+03 4.629750270189589203e-16
3.937350689411162875e+03 5.310422240834000718e-16
3.939348028302192233e+03 5.666787001194014024e-16
3.941345367193221591e+03 5.838475285646540364e-16
3.943342706084250949e+03 6.288838468536915582e-16
3.945340044975280307e+03 6.600947874985259832e-16
3.947337383866309665e+03 7.018233362494170555e-16
3.949334722757339023e+03 7.330394649710534130e-16
3.951332061648368381e+03 7.516989655243552088e-16
3.953329400539397739e+03 7.843840081952081333e-16
3.955326739430427097e+03 8.081815047274361081e-16
3.957324078321456454e+03 8.077927166046463842e-16
3.959321417212485812e+03 8.571021043543450377e-16
3.961318756103515170e+03 8.788821801644500827e-16
3.963316094994544528e+03 8.759009947670293693e-16
3.965313433885573886e+03 8.602147916168269813e-16
3.967310772776603244e+03 8.629439317728803370e-16
3.969308111667632602e+03 8.661292521105893368e-16
3.971305450558661960e+03 8.598778842620565833e-16
3.973302789449691318e+03 8.542721672775684203e-16
3.975300128340720676e+03 8.664557833117558696e-16
3.977297467231750034e+03 8.708752835931735884e-16
3.979294806122779391e+03 8.507595216453048368e-16
3.981292145013808749e+03 8.227976405674602978e-16
3.983289483904838107e+03 8.110531581768649998e-16
3.985286822795867465e+03 8.147678741066079373e-16
3.987284161686896823e+03 8.133298768599661523e-16
3.989281500577926181e+03 8.153342215109658439e-16
3.991278839468955539e+03 8.172205638845011708e-16
3.993276178359984897e+03 8.345598047708295292e-16
3.995273517251014255e+03 8.401457752997348264e-16
3.997270856142043613e+03 8.503837037145199444e-16
3.999268195033072971e+03 8.538596092926963727e-16
4.001265533924102328e+03 8.522071009521624361e-16
4.003262872815131686e+03 8.517160336009917555e-16
4.005260211706161044e+03 8.481662773377265929e-16
4.007257550597190402e+03 8.608768537442246238e-16
4.009254889488220215e+03 8.652798898227300872e-16
4.011252228379249573e+03 8.464512473777734483e-16
4.013249567270278931e+03 8.319596783205548442e-16
4.015246906161308289e+03 8.200063493689021578e-16
4.017244245052337646e+03 8.118203053292813789e-16
4.019241583943367004e+03 8.072001641184827977e-16
4.021238922834396362e+03 8.030665903963226087e-16
4.023236261725425720e+03 7.957451552376116569e-16
4.025233600616455078e+03 7.836286136249349075e-16
4.027230939507484436e+03 7.737478154765358839e-16
4.029228278398513794e+03 7.706503748071045178e-16
4.031225617289543152e+03 7.334198357039297973e-16
4.033222956180572510e+03 7.017210570210360987e-16
4.035220295071601868e+03 6.909205399105965151e-16
4.037217633962631226e+03 6.816094772983444152e-16
4.039214972853660583e+03 6.685019600769393378e-16
4.041212311744689941e+03 6.466802737733004253e-16
4.043209650635719299e+03 6.504454940425234005e-16
4.045206989526748657e+03 6.538558075068468239e-16
4.047204328417778015e+03 6.501111807261539689e-16
4.049201667308807373e+03 6.470090813755127040e-16
4.051199006199836731e+03 6.396983400077608378e-16
4.053196345090866089e+03 6.268546735494254750e-16
4.055193683981895447e+03 6.011800990665227672e-16
4.057191022872924805e+03 5.892055942911887233e-16
4.059188361763954163e+03 5.872211549144495078e-16
4.061185700654983521e+03 6.044952801429576920e-16
4.063183039546012878e+03 6.120139151597012855e-16
4.065180378437042236e+03 5.936791988021123106e-16
4.067177717328071594e+03 5.824208074441225742e-16
4.069175056219100952e+03 6.199445258261656894e-16
4.071172395110130310e+03 6.595018114958887696e-16
4.073169734001159668e+03 6.987680354691115907e-16
4.075167072892189026e+03 7.178261179636557382e-16
4.077164411783218384e+03 7.141808057960284499e-16
4.079161750674247742e+03 7.463964863349840852e-16
4.081159089565277100e+03 7.710762735608958206e-16
4.083156428456306458e+03 7.865707825672227198e-16
4.085153767347335815e+03 8.084679606822856718e-16
4.087151106238365173e+03 8.286540263647765303e-16
4.089148445129394531e+03 8.391645405698999229e-16
4.091145784020423889e+03 8.424538342018843880e-16
4.093143122911453247e+03 8.503712629181071469e-16
4.095140461802482605e+03 8.521658080959837889e-16
4.097137800693511963e+03 8.480623040434511276e-16
4.099135139584541321e+03 8.522643815552205081e-16
4.101132478475570679e+03 8.470274944797023895e-16
4.103129817366600037e+03 8.455008764109541233e-16
4.105127156257629395e+03 8.445052421210158967e-16
4.107124495148658752e+03 8.479603424524253912e-16
4.109121834039688110e+03 8.479148144315104725e-16
4.111119172930717468e+03 8.470964217857852082e-16
4.113116511821746826e+03 8.350552131658548882e-16
4.115113850712776184e+03 8.193397873789722268e-16
4.117111189603805542e+03 7.920987842788003008e-16
4.119108528494834900e+03 7.694139184623500528e-16
4.121105867385864258e+03 7.529164695069148587e-16
4.123103206276893616e+03 7.181421141925407956e-16
4.125100545167922974e+03 6.921087683169166883e-16
4.127097884058952332e+03 6.710624347973706810e-16
4.129095222949981689e+03 6.397875431650185563e-16
4.131092561841011047e+03 6.181012233142627217e-16
4.133089900732040405e+03 6.095422730196132372e-16
4.135087239623069763e+03 6.063419178470904735e-16
4.137084578514099121e+03 6.046666984356582810e-16
4.139081917405128479e+03 5.931001988431047929e-16
4.141079256296157837e+03 5.858222270624998274e-16
4.143076595187187195e+03 5.995497724012950527e-16
4.145073934078216553e+03 6.079027878106433355e-16
4.147071272969245911e+03 6.124325611938817235e-16
4.149068611860275269e+03 6.255123380862642225e-16
4.151065950751304626e+03 6.499799435588887557e-16
4.153063289642333984e+03 6.637780043905429014e-16
4.155060628533363342e+03 6.889734229230956922e-16
4.157057967424392700e+03 7.015900845515669025e-16
4.159055306315422058e+03 7.299269894668082830e-16
4.161052645206451416e+03 7.412762251083910431e-16
4.163049984097480774e+03 7.384946747887263276e-16
4.165047322988510132e+03 7.244583330010977065e-16
4.167044661879539490e+03 6.916339534104214495e-16
4.169042000770568848e+03 6.791021009557940760e-16
4.171039339661598206e+03 6.789462998330584882e-16
4.173036678552627563e+03 6.646978821712610716e-16
4.175034017443656921e+03 6.540200789590549547e-16
4.177031356334686279e+03 6.423365829406619664e-16
4.179028695225715637e+03 6.370715320196476423e-16
4.181026034116744995e+03 6.358897622395502831e-16
4.183023373007774353e+03 6.160754381417856557e-16
4.185020711898803711e+03 6.038580996083856445e-16
4.187018050789833069e+03 5.805151950710372120e-16
4.189015389680862427e+03 5.482351929676494533e-16
4.191012728571891785e+03 5.331025787880369540e-16
4.193010067462921143e+03 5.302776180298254555e-16
4.195007406353950500e+03 5.241942803422042739e-16
4.197004745244979858e+03 5.128396978051419711e-16
4.199002084136009216e+03 4.966625861224465126e-16
4.200999423027038574e+03 4.900128480909082210e-16
4.202996761918067932e+03 4.986416786037061854e-16
4.204994100809097290e+03 5.060239413159418366e-16
4.206991439700126648e+03 5.062084886193248673e-16
4.208988778591156006e+03 4.974121044016481617e-16
4.210986117482185364e+03 4.918376746966492043e-16
4.212983456373214722e+03 5.109277856245114050e-16
4.214980795264244080e+03 5.443562055856983849e-16
4.216978134155273438e+03 5.875151812262651568e-16
4.218975473046302795e+03 5.995879418234806996e-16
4.220972811937332153e+03 5.955427242256309747e-16
4.222970150828361511e+03 5.949701828928462711e-16
4.224967489719390869e+03 5.935307033385467911e-16
4.226964828610420227e+03 6.065361001502485219e-16
4.228962167501449585e+03 6.211864349455181039e-16
4.230959506392478943e+03 6.134519124063430705e-16
4.232956845283508301e+03 6.029168871853085067e-16
4.234954184174537659e+03 5.971152408922085833e-16
4.236951523065567017e+03 5.810974243431561367e-16
4.238948861956596375e+03 5.585160553649485236e-16
4.240946200847625732e+03 5.353756446415530723e-16
4.242943539738655090e+03 5.279249310792674330e-16
4.244940878629684448e+03 5.059442672793407290e-16
4.246938217520713806e+03 4.622629899476732741e-16
4.248935556411743164e+03 4.487284093021744191e-16
4.250932895302772522e+03 4.325666236218683432e-16
4.252930234193801880e+03 4.156523550470452282e-16
4.254927573084831238e+03 4.039855349898013089e-16
4.256924911975860596e+03 3.687548936146531949e-16
4.258922250866889954e+03 3.522893142738584438e-16
4.260919589757919312e+03 3.520251194036539072e-16
4.262916928648948669e+03 3.424800639397228069e-16
4.264914267539978027e+03 3.237440921931517088e-16
4.266911606431007385e+03 3.170045686692044614e-16
4.268908945322036743e+03 3.231017500515573305e-16
4.270906284213066101e+03 3.249419820690265014e-16
4.272903623104095459e+03 3.212622327181374055e-16
4.274900961995124817e+03 3.110340451822457119e-16
4.276898300886154175e+03 3.055440011346169642e-16
4.278895639777183533e+03 3.042791956559090820e-16
4.280892978668212891e+03 3.164523825969334627e-16
4.282890317559242249e+03 3.213543210813717089e-16
4.284887656450271606e+03 3.207017880746306773e-16
4.286884995341300964e+03 3.345525767072514032e-16
4.288882334232330322e+03 3.406650840919936548e-16
4.290879673123359680e+03 3.169986659083532830e-16
4.292877012014389038e+03 3.055096698304735634e-16
4.294874350905418396e+03 3.339970289729709890e-16
4.296871689796447754e+03 3.448143014538984467e-16
4.298869028687477112e+03 3.539618337677712633e-16
4.300866367578506470e+03 3.747895004380276526e-16
4.302863706469535828e+03 3.949697162992265361e-16
4.304861045360565186e+03 4.138950528490681737e-16
4.306858384251594543e+03 4.269275017755228387e-16
4.308855723142623901e+03 4.383940779500799211e-16
4.310853062033653259e+03 4.436688168104284662e-16
4.312850400924682617e+03 4.689276039953477193e-16
4.314847739815711975e+03 4.933081238930826697e-16
4.316845078706741333e+03 5.076552738327944157e-16
4.318842417597770691e+03 5.376752861537892943e-16
4.320839756488800049e+03 5.577696075801806715e-16
4.322837095379829407e+03 5.643529064649187039e-16
4.324834434270858765e+03 5.774720174497893245e-16
4.326831773161888123e+03 5.837201030456514676e-16
4.328829112052917480e+03 5.832691638803569594e-16
4.330826450943946838e+03 5.906139983242358112e-16
4.332823789834976196e+03 5.936623640222856314e-16
4.334821128726005554e+03 5.713158878682634764e-16
4.336818467617034912e+03 5.537004613015710126e-16
4.338815806508064270e+03 5.438837200198080955e-16
4.340813145399093628e+03 5.372572753943192971e-16
4.342810484290122986e+03 5.343490407094808603e-16
4.344807823181152344e+03 5.268802747575068637e-16
4.346805162072181702e+03 5.113581842408349964e-16
4.348802500963211060e+03 4.983419348194965699e-16
4.350799839854240417e+03 4.906646928833796086e-16
4.352797178745269775e+03 4.797779372309976965e-16
4.354794517636299133e+03 4.838242136200314892e-16
4.356791856527328491e+03 4.784416898171448343e-16
4.358789195418357849e+03 4.831396521799724043e-16
4.360786534309387207e+03 4.991498454324995622e-16
4.362783873200416565e+03 5.022861966779454228e-16
4.364781212091445923e+03 5.060179591457518531e-16
4.366778550982475281e+03 5.183186245453380060e-16
4.368775889873504639e+03 5.232592089079947297e-16
4.370773228764533997e+03 5.254410069614441972e-16
4.372770567655563354e+03 5.253802852870379046e-16
4.374767906546592712e+03 5.332393216694593201e-16
4.376765245437622070e+03 5.355467982364576444e-16
4.378762584328651428e+03 5.490420447894683777e-16
4.380759923219680786e+03 5.735434786404238795e-16
4.382757262110710144e+03 5.808183269870358448e-16
4.384754601001739502e+03 5.804922193023429391e-16
4.386751939892768860e+03 5.875737323787441103e-16
4.388749278783798218e+03 5.921045645531665663e-16
4.390746617674827576e+03 6.137254511087470062e-16
4.392743956565856934e+03 6.243122512186824891e-16
4.394741295456886292e+03 6.244504234682033469e-16
4.396738634347915649e+03 6.283991851891844883e-16
4.398735973238945007e+03 6.291010049255438795e-16
4.400733312129974365e+03 6.228548780933722620e-16
4.402730651021003723e+03 6.195297443798070992e-16
4.404727989912033081e+03 6.219392884169495667e-16
4.406725328803062439e+03 6.227853684521382060e-16
4.408722667694091797e+03 6.026744769437161666e-16
4.410720006585121155e+03 5.797117313810073048e-16
4.412717345476150513e+03 5.734852451253001464e-16
4.414714684367179871e+03 5.923813325686819089e-16
4.416712023258209229e+03 5.989164564545448530e-16
4.418709362149238586e+03 6.099680129547269299e-16
4.420706701040267944e+03 5.950581684402423115e-16
4.422704039931297302e+03 5.864496667181784504e-16
4.424701378822326660e+03 5.858875015389976119e-16
4.426698717713356018e+03 5.853975988581294060e-16
4.428696056604385376e+03 5.855498530303983665e-16
4.430693395495414734e+03 5.920005383193318975e-16
4.432690734386444092e+03 5.934293240826722920e-16
4.434688073277473450e+03 6.093299324476484247e-16
4.436685412168502808e+03 6.177024296147835564e-16
4.438682751059532166e+03 6.244503705286441435e-16
4.440680089950561523e+03 6.443257868777294874e-16
4.442677428841590881e+03 6.371400358092568338e-16
4.444674767732620239e+03 6.296298181824265799e-16
4.446672106623649597e+03 6.298732872152029878e-16
4.448669445514678955e+03 6.177069824168750483e-16
4.450666784405708313e+03 6.123577575967273281e-16
4.452664123296737671e+03 6.021889153067026389e-16
4.454661462187767029e+03 5.916672308545873303e-16
4.456658801078796387e+03 5.931590146933797634e-16
4.458656139969825745e+03 5.907874812597453326e-16
4.460653478860855103e+03 5.694294925551689462e-16
4.462650817751884460e+03 5.611119995900461406e-16
4.464648156642913818e+03 5.578410759851052531e-16
4.466645495533943176e+03 5.623444854678603510e-16
4.468642834424972534e+03 5.584828622613279957e-16
4.470640173316001892e+03 5.293279882168349781e-16
4.472637512207031250e+03 5.182184099597659816e-16
4.474634851098060608e+03 5.093517220074671691e-16
4.476632189989089966e+03 4.949106043501693992e-16
4.478629528880119324e+03 4.900312181179517987e-16
4.480626867771148682e+03 4.897349154050904037e-16
4.482624206662178040e+03 4.789745264805269926e-16
4.484621545553207397e+03 4.745898074895059035e-16
4.486618884444236755e+03 4.574107617093270146e-16
4.488616223335266113e+03 4.459579233503832129e-16
4.490613562226295471e+03 4.428046049762126646e-16
4.492610901117324829e+03 4.373017230854770940e-16
4.494608240008354187e+03 4.392768450997965122e-16
4.496605578899383545e+03 4.308163359154857383e-16
4.498602917790412903e+03 4.231257267406699201e-16
4.500600256681442261e+03 4.218639123470570296e-16
4.502597595572471619e+03 4.263024973395675718e-16
4.504594934463500977e+03 4.279132893074492341e-16
4.506592273354530334e+03 4.197935255959511043e-16
4.508589612245559692e+03 4.041001756052562581e-16
4.510586951136589050e+03 3.987640533260113779e-16
4.512584290027618408e+03 4.080913683829389196e-16
4.514581628918647766e+03 4.142028434462767051e-16
4.516578967809677124e+03 4.142999610676353309e-16
4.518576306700706482e+03 4.097626702669900610e-16
4.520573645591735840e+03 4.073969601848680035e-16
4.522570984482765198e+03 4.141484215794156163e-16
4.524568323373794556e+03 4.219620622898201216e-16
4.526565662264823914e+03 4.249141044598993668e-16
4.528563001155853271e+03 4.363484669126811840e-16
4.530560340046882629e+03 4.434392179421633474e-16
4.532557678937911987e+03 4.482387713191022301e-16
4.534555017828941345e+03 4.608838614908656629e-16
4.536552356719970703e+03 4.671074360708166347e-16
4.538549695611000061e+03 4.739203867633789893e-16
4.540547034502029419e+03 5.079946164072881697e-16
4.542544373393058777e+03 5.225192197494496916e-16
4.544541712284088135e+03 5.307278689808503196e-16
4.546539051175117493e+03 5.332500683999776090e-16
4.548536390066146851e+03 5.549556582502834789e-16
4.550533728957176208e+03 5.979887436190645805e-16
4.552531067848205566e+03 6.246374589308689371e-16
4.554528406739234924e+03 6.549497505582257528e-16
4.556525745630264282e+03 7.016738349342266715e-16
4.558523084521293640e+03 7.328357006076795504e-16
4.560520423412322998e+03 7.473173699673271199e-16
4.562517762303352356e+03 7.758055761427717998e-16
4.564515101194381714e+03 8.131180127440341705e-16
4.566512440085411072e+03 8.386956548940354642e-16
4.568509778976440430e+03 8.760276261926438872e-16
4.570507117867469788e+03 8.917534281331304137e-16
4.572504456758499146e+03 1.065857027034752390e-15
4.574501795649528503e+03 1.155920346250407637e-15
4.576499134540557861e+03 1.156103305367014566e-15
4.578496473431587219e+03 9.796792597063894333e-16
4.580493812322616577e+03 8.977301984880751637e-16
4.582491151213645935e+03 8.988573875826338239e-16
4.584488490104675293e+03 8.635927590104771311e-16
4.586485828995704651e+03 8.536467393251395263e-16
4.588483167886734009e+03 8.555049178531786477e-16
4.590480506777763367e+03 8.652873543005777657e-16
4.592477845668792725e+03 8.762037031665543749e-16
4.594475184559822083e+03 8.773647735790032071e-16
4.596472523450851440e+03 8.703420763528770063e-16
4.598469862341880798e+03 8.669309158556063287e-16
4.600467201232910156e+03 8.677256445183676760e-16
4.602464540123939514e+03 8.992727513641436514e-16
4.604461879014968872e+03 9.134646825162710468e-16
4.606459217905998230e+03 9.124892181983893132e-16
4.608456556797027588e+03 9.117928512366278715e-16
4.610453895688056946e+03 9.103197550622342364e-16
4.612451234579086304e+03 9.187627677222282886e-16
4.614448573470115662e+03 9.213542650243528205e-16
4.616445912361145020e+03 9.193075157864312105e-16
4.618443251252174377e+03 9.265123780357762892e-16
4.620440590143203735e+03 9.290738056682732934e-16
4.622437929034233093e+03 9.075569453465275223e-16
4.624435267925262451e+03 8.986786636307631665e-16
4.626432606816291809e+03 8.988986804388124710e-16
4.628429945707321167e+03 8.954846082657856067e-16
4.630427284598350525e+03 8.905845226659194792e-16
4.632424623489379883e+03 8.884999745827266461e-16
4.634421962380409241e+03 8.850588502949468476e-16
4.636419301271438599e+03 9.001635123872999550e-16
4.638416640162467957e+03 9.336664183082861099e-16
4.640413979053497314e+03 9.424396679385909324e-16
4.642411317944526672e+03 9.394670058102019654e-16
4.644408656835556030e+03 9.649443804350720313e-16
4.646405995726585388e+03 9.740266912120062667e-16
4.648403334617614746e+03 9.708988102960329492e-16
4.650400673508644104e+03 9.802891234284125295e-16
4.652398012399673462e+03 9.832380686342783761e-16
4.654395351290702820e+03 9.769427080120476024e-16
4.656392690181732178e+03 9.698675476827508385e-16
4.658390029072761536e+03 9.559947361935015007e-16
4.660387367963790894e+03 9.507834718646378247e-16
4.662384706854820251e+03 9.503255446775284686e-16
4.664382045745849609e+03 9.346716346584401508e-16
4.666379384636878967e+03 9.272740724135947188e-16
4.668376723527908325e+03 9.268745904998459094e-16
4.670374062418937683e+03 9.251485491115784589e-16
4.672371401309967041e+03 9.106755089000810426e-16
4.674368740200996399e+03 9.046166822283710322e-16
4.676366079092025757e+03 9.050953617226881187e-16
4.678363417983055115e+03 9.041320735034231657e-16
4.680360756874084473e+03 9.100293286404444182e-16
4.682358095765113831e+03 8.936322530892588586e-16
4.684355434656143188e+03 8.840221878466259908e-16
4.686352773547172546e+03 8.838470108452219608e-16
4.688350112438201904e+03 8.818851766602625944e-16
4.690347451329231262e+03 8.522323531219024549e-16
4.692344790220260620e+03 8.279352130299128497e-16
4.694342129111289978e+03 8.366326002718792090e-16
4.696339468002319336e+03 8.299457516093393383e-16
4.698336806893348694e+03 8.239266296070318733e-16
4.700334145784378052e+03 8.231265011092317799e-16
4.702331484675407410e+03 8.149326749544081021e-16
4.704328823566436768e+03 8.081926220348688208e-16
4.706326162457466125e+03 8.100912463861393350e-16
4.708323501348495483e+03 7.924370151225507836e-16
4.710320840239524841e+03 7.838126844722851077e-16
4.712318179130554199e+03 7.820329094314262125e-16
4.714315518021583557e+03 7.679829092375231158e-16
4.716312856912612915e+03 7.626643364221541606e-16
4.718310195803642273e+03 7.584270011639553197e-16
4.720307534694671631e+03 7.559569472106433732e-16
4.722304873585700989e+03 7.529325631329126904e-16
4.724302212476730347e+03 7.511610996028487280e-16
4.726299551367759705e+03 7.505954933523196690e-16
4.728296890258789062e+03 7.448622449697105304e-16
4.730294229149818420e+03 7.404136808702901484e-16
4.732291568040847778e+03 7.322310779020175901e-16
4.734288906931877136e+03 7.359335118540253403e-16
4.736286245822906494e+03 7.313257055605211499e-16
4.738283584713935852e+03 7.265491279522765401e-16
4.740280923604965210e+03 7.210405021193674012e-16
4.742278262495994568e+03 7.183275614684302840e-16
4.744275601387023926e+03 7.217643976519146076e-16
4.746272940278053284e+03 7.327581441534465785e-16
4.748270279169082642e+03 7.255017187734373943e-16
4.750267618060112000e+03 7.169558445499111480e-16
4.752264956951141357e+03 7.113711975099859357e-16
4.754262295842170715e+03 6.920854219713079916e-16
4.756259634733200073e+03 6.784169571805837538e-16
4.758256973624229431e+03 6.698336017491415047e-16
4.760254312515258789e+03 6.622758973377058066e-16
4.762251651406288147e+03 6.367071490336506830e-16
4.764248990297317505e+03 6.041821426502696178e-16
4.766246329188346863e+03 5.943971121644695335e-16
4.768243668079376221e+03 5.946426987796140772e-16
4.770241006970405579e+03 5.735904889689964932e-16
4.772238345861434937e+03 5.649944809829046330e-16
4.774235684752464294e+03 5.424162354386900201e-16
4.776233023643493652e+03 5.174331574781020418e-16
4.778230362534523010e+03 5.117382373363561603e-16
4.780227701425552368e+03 5.029526527887569470e-16
4.782225040316581726e+03 4.937841564094395865e-16
4.784222379207611084e+03 4.639717201000812148e-16
4.786219718098640442e+03 4.460530027987125081e-16
4.788217056989669800e+03 4.320554392382003729e-16
4.790214395880699158e+03 4.158906889425789070e-16
4.792211734771728516e+03 4.032850916819812059e-16
4.794209073662757874e+03 3.933497922573822884e-16
4.796206412553787231e+03 3.734458150161067136e-16
4.798203751444816589e+03 3.649620124257464465e-16
4.800201090335845947e+03 3.604758612392916549e-16
4.802198429226875305e+03 3.585317088671062221e-16
4.804195768117904663e+03 3.585437261470453925e-16
4.806193107008934021e+03 3.520191901730231271e-16
4.808190445899963379e+03 3.452109511012298746e-16
4.810187784790992737e+03 3.437949237716574980e-16
4.812185123682022095e+03 3.409056679187934778e-16
4.814182462573051453e+03 3.390673946650148325e-16
4.816179801464080811e+03 3.629840316752300450e-16
4.818177140355110168e+03 4.009279842782297000e-16
4.820174479246139526e+03 4.176313416491864942e-16
4.822171818137168884e+03 4.442195470448213716e-16
4.824169157028198242e+03 5.111527787511258285e-16
4.826166495919227600e+03 5.355135521932779131e-16
4.828163834810256958e+03 5.824726352725826967e-16
4.830161173701286316e+03 6.372130924009575172e-16
4.832158512592315674e+03 6.631678759707237882e-16
4.834155851483345032e+03 7.086795385618485828e-16
4.836153190374374390e+03 7.603863471896321266e-16
4.838150529265403748e+03 7.722034626554544808e-16
4.840147868156433105e+03 7.942449010693466808e-16
4.842145207047462463e+03 8.375472370362362431e-16
4.844142545938491821e+03 8.627950657324003937e-16
4.846139884829521179e+03 8.762579132751786501e-16
4.848137223720550537e+03 9.181135169681578674e-16
4.850134562611579895e+03 9.415816235630223262e-16
4.852131901502609253e+03 9.577603763720530898e-16
4.854129240393638611e+03 9.691713924792262104e-16
4.856126579284667969e+03 9.638739425479794093e-16
4.858123918175697327e+03 9.705227276674520398e-16
4.860121257066726685e+03 9.707979074961912806e-16
4.862118595957756042e+03 9.682691965112819737e-16
4.864115934848785400e+03 9.623300132433716333e-16
4.866113273739814758e+03 9.509908890575967215e-16
4.868110612630844116e+03 9.271834398882385087e-16
4.870107951521873474e+03 9.067037714104056283e-16
4.872105290412902832e+03 8.886850512817017107e-16
4.874102629303932190e+03 8.524599932264770481e-16
4.876099968194961548e+03 8.404764357865192239e-16
4.878097307085990906e+03 8.269664720360499471e-16
4.880094645977020264e+03 8.169683598244562028e-16
4.882091984868049622e+03 8.156496354046996640e-16
4.884089323759078979e+03 8.137883863822267458e-16
4.886086662650108337e+03 8.131525822761939866e-16
4.888084001541137695e+03 8.124084638320310837e-16
4.890081340432167053e+03 8.403966029312405061e-16
4.892078679323196411e+03 8.529938357414840709e-16
4.894076018214225769e+03 8.607269289125606127e-16
4.896073357105255127e+03 8.846901792046544134e-16
4.898070695996284485e+03 9.176338845617751198e-16
4.900068034887313843e+03 9.424498323339579840e-16
4.902065373778343201e+03 9.551216569831191307e-16
4.904062712669372559e+03 9.893397763489431354e-16
4.906060051560401917e+03 1.009471102527217685e-15
4.908057390451431274e+03 1.024540453933582129e-15
4.910054729342460632e+03 1.053388066776458649e-15
4.912052068233489990e+03 1.069027047839851609e-15
4.914049407124519348e+03 1.083639107333817138e-15
4.916046746015548706e+03 1.093800220448198132e-15
4.918044084906578973e+03 1.105559155338455956e-15
4.920041423797608331e+03 1.108089560389259771e-15
4.922038762688637689e+03 1.106284321420424044e-15
4.924036101579667047e+03 1.120150991920805788e-15
4.926033440470696405e+03 1.124304629735904063e-15
4.928030779361725763e+03 1.121760778037062586e-15
4.930028118252755121e+03 1.120612307239704161e-15
4.932025457143784479e+03 1.119615561219022663e-15
4.934022796034813837e+03 1.118223462570210221e-15
4.936020134925843195e+03 1.114701287817290026e-15
4.938017473816872553e+03 1.115433971316664996e-15
4.940014812707901910e+03 1.093749398471362873e-15
4.942012151598931268e+03 1.083945627381604788e-15
4.944009490489960626e+03 1.064166243392914400e-15
4.946006829380989984e+03 1.056328859290207173e-15
4.948004168272019342e+03 1.027591678367828932e-15
4.950001507163048700e+03 1.008967329681838190e-15
4.951998846054078058e+03 9.810754876408197406e-16
4.953996184945107416e+03 9.482146326938523453e-16
4.955993523836136774e+03 9.303304849246434548e-16
4.957990862727166132e+03 9.059868638996732698e-16
4.959988201618195490e+03 8.527389317639197299e-16
4.961985540509224847e+03 8.342622844481064562e-16
4.963982879400254205e+03 7.985526988808452388e-16
4.965980218291283563e+03 7.693894603859980849e-16
4.967977557182312921e+03 7.485945897726681980e-16
4.969974896073342279e+03 7.019513970431300650e-16
4.971972234964371637e+03 6.873226086484562642e-16
4.973969573855400995e+03 6.676600093273685633e-16
4.975966912746430353e+03 6.529689110715123680e-16
4.977964251637459711e+03 6.512778627318783608e-16
4.979961590528489069e+03 6.520226693903109078e-16
4.981958929419518427e+03 6.673781591141696948e-16
4.983956268310547784e+03 6.984460041304773464e-16
4.985953607201577142e+03 7.146335978458950768e-16
4.987950946092606500e+03 7.210412962127554521e-16
4.989948284983635858e+03 7.572296671534521628e-16
4.991945623874665216e+03 7.901527790220427491e-16
4.993942962765694574e+03 8.216012594690228019e-16
4.995940301656723932e+03 8.627046449652809972e-16
4.997937640547753290e+03 8.887900833671612440e-16
4.999934979438782648e+03 8.987624140134229354e-16
5.001932318329812006e+03 9.278335376752561842e-16
5.003929657220841364e+03 9.619859061085495738e-16
5.005926996111870722e+03 9.754972462875581389e-16
5.007924335002900079e+03 9.907565448323443595e-16
5.009921673893928528e+03 1.021389914886269758e-15
5.011919012784957886e+03 1.053298598921404913e-15
5.013916351675987244e+03 1.059043599886157205e-15
5.015913690567016602e+03 1.056663437304372621e-15
5.017911029458045959e+03 1.076111207894212950e-15
5.019908368349075317e+03 1.082003592591787491e-15
5.021905707240104675e+03 1.068391243733818850e-15
5.023903046131134033e+03 1.063595449065583409e-15
5.025900385022163391e+03 1.088291012280137755e-15
5.027897723913192749e+03 1.098051796447822685e-15
5.029895062804222107e+03 1.093865653743373526e-15
5.031892401695251465e+03 1.097238644818458557e-15
5.033889740586280823e+03 1.099272688562171352e-15
5.035887079477310181e+03 1.106677132949713226e-15
5.037884418368339539e+03 1.108387080711982844e-15
5.039881757259368896e+03 1.107545129962412070e-15
5.041879096150398254e+03 1.106833834044955271e-15
5.043876435041427612e+03 1.105738196927681834e-15
5.045873773932456970e+03 1.094654029659030466e-15
5.047871112823486328e+03 1.090216635806602000e-15
5.049868451714515686e+03 1.093571415673321064e-15
5.051865790605545044e+03 1.093695400120975412e-15
5.053863129496574402e+03 1.085094521695436839e-15
5.055860468387603760e+03 1.079730367919593762e-15
5.057857807278633118e+03 1.066835350088831107e-15
5.059855146169662476e+03 1.057601949809930386e-15
5.061852485060691833e+03 1.047814695862643759e-15
5.063849823951721191e+03 1.037602125496717067e-15
5.065847162842750549e+03 1.027649170729123818e-15
5.067844501733779907e+03 1.020862848634840770e-15
5.069841840624809265e+03 1.016842830267171861e-15
5.071839179515838623e+03 1.011185285454223575e-15
5.073836518406867981e+03 9.886986782869900368e-16
5.075833857297897339e+03 9.813131862616429786e-16
5.077831196188926697e+03 9.611764602483296831e-16
5.079828535079956055e+03 9.348806400381751494e-16
5.081825873970985413e+03 9.175552163767988767e-16
5.083823212862014771e+03 9.054372453960236357e-16
5.085820551753044128e+03 8.947790298207227745e-16
5.087817890644073486e+03 8.741859648070762247e-16
5.089815229535102844e+03 8.670235071446530644e-16
5.091812568426132202e+03 8.488086459491005729e-16
5.093809907317161560e+03 8.411956196982973283e-16
5.095807246208190918e+03 8.165325084335346619e-16
5.097804585099220276e+03 8.070127580789027838e-16
5.099801923990249634e+03 7.889378690778840655e-16
5.101799262881278992e+03 7.716230862679076749e-16
5.103796601772308350e+03 7.277064396560219313e-16
5.105793940663337708e+03 6.851938030937693939e-16
5.107791279554367065e+03 6.730274982954414544e-16
5.109788618445396423e+03 6.507374027719709138e-16
5.111785957336425781e+03 6.189147984601004772e-16
5.113783296227455139e+03 5.962923483839510305e-16
5.115780635118484497e+03 5.805698816356943178e-16
5.117777974009513855e+03 5.611452456332258719e-16
5.119775312900543213e+03 5.437715410938561041e-16
5.121772651791572571e+03 5.373064033052600465e-16
5.123769990682601929e+03 5.342263797508065969e-16
5.125767329573631287e+03 5.307457625518610667e-16
5.127764668464660645e+03 5.290726077832378065e-16
5.129762007355690002e+03 5.284532149405580994e-16
5.131759346246719360e+03 5.353139171155219152e-16
5.133756685137748718e+03 5.484432454353187908e-16
5.135754024028778076e+03 5.730801516182757772e-16
5.137751362919807434e+03 5.839024798271071591e-16
5.139748701810836792e+03 5.981703792466914246e-16
5.141746040701866150e+03 6.208222107781987548e-16
5.143743379592895508e+03 6.405297557850501370e-16
5.145740718483924866e+03 6.533485406505599048e-16
5.147738057374954224e+03 6.679172426455378536e-16
5.149735396265983582e+03 6.832112166016022971e-16
5.151732735157012939e+03 6.878749800091844748e-16
5.153730074048042297e+03 7.243184666856823401e-16
5.155727412939071655e+03 7.562681788792001251e-16
5.157724751830101013e+03 7.657354131911022366e-16
5.159722090721130371e+03 8.016082114193875171e-16
5.161719429612159729e+03 8.273313844176389403e-16
5.163716768503189087e+03 8.324252817437486924e-16
5.165714107394218445e+03 8.629380554818087603e-16
5.167711446285247803e+03 8.788151057429393828e-16
5.169708785176277161e+03 8.880048308854973042e-16
5.171706124067306519e+03 9.070953123902739286e-16
5.173703462958335876e+03 9.287201694127946230e-16
5.175700801849365234e+03 9.325309706424917203e-16
5.177698140740394592e+03 9.305680776663482860e-16
5.179695479631423950e+03 9.297203035652651382e-16
5.181692818522453308e+03 9.281340226132946472e-16
5.183690157413482666e+03 9.278614897625155761e-16
5.185687496304512024e+03 9.267030663280269136e-16
5.187684835195541382e+03 9.255124556415425877e-16
5.189682174086570740e+03 9.244571584683821362e-16
5.191679512977600098e+03 9.199385553321356643e-16
5.193676851868629456e+03 9.233222401981797806e-16
5.195674190759658813e+03 9.241257568277688912e-16
5.197671529650688171e+03 9.229815211951467382e-16
5.199668868541717529e+03 9.389544449979947069e-16
5.201666207432746887e+03 9.613545489254898997e-16
5.203663546323776245e+03 9.659297973900840030e-16
5.205660885214805603e+03 9.782078575978903068e-16
5.207658224105834961e+03 9.816178004852993064e-16
5.209655562996864319e+03 9.816029774087223561e-16
5.211652901887893677e+03 9.811080984092890311e-16
5.213650240778923035e+03 9.800261196982900692e-16
5.215647579669952393e+03 9.842872248185712339e-16
5.217644918560981750e+03 9.696868120276304522e-16
5.219642257452011108e+03 9.477044012222500362e-16
5.221639596343040466e+03 9.405595724330416060e-16
5.223636935234069824e+03 9.391470391143766534e-16
5.225634274125099182e+03 9.378631489245759477e-16
5.227631613016128540e+03 9.353829305758969495e-16
5.229628951907157898e+03 9.280811889332096602e-16
5.231626290798187256e+03 9.218638612212446889e-16
5.233623629689216614e+03 9.046511988209716450e-16
5.235620968580245972e+03 8.988641638462118583e-16
5.237618307471275330e+03 8.969128116939747639e-16
5.239615646362304688e+03 9.059373124722588932e-16
5.241612985253334045e+03 9.150900328629336423e-16
5.243610324144363403e+03 9.192877163912891413e-16
5.245607663035392761e+03 9.197971008299441961e-16
5.247605001926422119e+03 9.261126843637906662e-16
5.249602340817451477e+03 9.365355306588732387e-16
5.251599679708480835e+03 9.379542049664057850e-16
5.253597018599510193e+03 9.372988132234677701e-16
5.255594357490539551e+03 9.351757251411748663e-16
5.257591696381568909e+03 9.335122583118858272e-16
5.259589035272599176e+03 9.139397621205623025e-16
5.261586374163628534e+03 8.966355142828673873e-16
5.263583713054657892e+03 8.941915065926835104e-16
5.265581051945687250e+03 8.890871801734106898e-16
5.267578390836716608e+03 8.566913992540451089e-16
5.269575729727745966e+03 8.466736464659869055e-16
5.271573068618775324e+03 8.369987302633298803e-16
5.273570407509804681e+03 8.326347635795165215e-16
5.275567746400834039e+03 8.322272348527687963e-16
5.277565085291863397e+03 8.384199986092633929e-16
5.279562424182892755e+03 8.514910404743773319e-16
5.281559763073922113e+03 8.602996537302300215e-16
5.283557101964951471e+03 8.607821978123689557e-16
5.285554440855980829e+03 8.612696123339546022e-16
5.287551779747010187e+03 8.627549375465242212e-16
5.289549118638039545e+03 8.851511239466383629e-16
5.291546457529068903e+03 8.917523693419463458e-16
5.293543796420098261e+03 8.908259270558869548e-16
5.295541135311127618e+03 9.130154374168710472e-16
5.297538474202156976e+03 9.191135452415099757e-16
5.299535813093186334e+03 9.355435491985200462e-16
5.301533151984215692e+03 9.552996397811609405e-16
5.303530490875245050e+03 9.645961440146321071e-16
5.305527829766274408e+03 9.671720770863508412e-16
5.307525168657303766e+03 9.775986291505776513e-16
5.309522507548333124e+03 9.848845948046223292e-16
5.311519846439362482e+03 9.990730319458423006e-16
5.313517185330391840e+03 1.001972955119885805e-15
5.315514524221421198e+03 9.930276519221699523e-16
5.317511863112450555e+03 9.899335464449683999e-16
5.319509202003479913e+03 9.922197942487261633e-16
5.321506540894509271e+03 9.919531906285778723e-16
5.323503879785538629e+03 9.993231184235191328e-16
5.325501218676567987e+03 1.012442176468830550e-15
5.327498557567597345e+03 1.014204322636474715e-15
5.329495896458626703e+03 1.012604489157348155e-15
5.331493235349656061e+03 1.022233347943498228e-15
5.333490574240685419e+03 1.024324354652913875e-15
5.335487913131714777e+03 1.023980247518091816e-15
5.337485252022744135e+03 1.023428723190310859e-15
5.339482590913773493e+03 1.029988569850321788e-15
5.341479929804802850e+03 1.032175926557487612e-15
5.343477268695832208e+03 1.040627938942546241e-15
5.345474607586861566e+03 1.045383076029313477e-15
5.347471946477890924e+03 1.059859292614363097e-15
5.349469285368920282e+03 1.063268600227061655e-15
5.351466624259949640e+03 1.060988069895697859e-15
5.353463963150978998e+03 1.045836344535212934e-15
5.355461302042008356e+03 1.045451368060685855e-15
5.357458640933037714e+03 1.044599994069576876e-15
5.359455979824067072e+03 1.044348001767768722e-15
5.361453318715096430e+03 1.045181482187866953e-15
5.363450657606125787e+03 1.043929038096233063e-15
5.365447996497155145e+03 1.024068550702843076e-15
5.367445335388184503e+03 1.017447823549748245e-15
5.369442674279213861e+03 1.016635201315976150e-15
5.371440013170243219e+03 1.011792078681812874e-15
5.373437352061272577e+03 1.005170716254007602e-15
5.375434690952301935e+03 9.844491139906152120e-16
5.377432029843331293e+03 9.782576207835414969e-16
5.379429368734360651e+03 9.880692269280616849e-16
5.381426707625390009e+03 9.910368068587671261e-16
5.383424046516419367e+03 9.884439331281033060e-16
5.385421385407448724e+03 9.876791682558510796e-16
5.387418724298478082e+03 9.860365596128881777e-16
5.389416063189507440e+03 9.854515774836906765e-16
5.391413402080536798e+03 9.868133947046387779e-16
5.393410740971566156e+03 9.873758245816156333e-16
5.395408079862595514e+03 9.869656488769077383e-16
5.397405418753624872e+03 9.878175522636087509e-16
5.399402757644654230e+03 9.871261616204124283e-16
5.401400096535683588e+03 9.789673285142221938e-16
5.403397435426712946e+03 9.762646581377705350e-16
5.405394774317742304e+03 9.955071291170201030e-16
5.407392113208771661e+03 1.000228702523252387e-15
5.409389452099801019e+03 1.003814087109861433e-15
5.411386790990830377e+03 1.004521253741700367e-15
5.413384129881859735e+03 1.003013640974706119e-15
5.415381468772889093e+03 9.981978351530917948e-16
5.417378807663918451e+03 9.959882438310605456e-16
5.419376146554947809e+03 9.972528640213112160e-16
5.421373485445977167e+03 1.000527916911869968e-15
5.423370824337006525e+03 9.963745967341269133e-16
5.425368163228035883e+03 9.812976220312371808e-16
5.427365502119065241e+03 9.767224794457614843e-16
5.429362841010094598e+03 9.764629697265464481e-16
5.431360179901123956e+03 9.790310677435030799e-16
5.433357518792153314e+03 9.762722814342958237e-16
5.435354857683182672e+03 9.742648133493031319e-16
5.437352196574212030e+03 9.731849522206723058e-16
5.439349535465241388e+03 9.659402794228062750e-16
5.441346874356270746e+03 9.628141984518458728e-16
5.443344213247300104e+03 9.487601219118841148e-16
5.445341552138329462e+03 9.434480606622971770e-16
5.447338891029358820e+03 9.427499996346412267e-16
5.449336229920388178e+03 9.325720517404335538e-16
5.451333568811417535e+03 9.289420920449752497e-16
5.453330907702446893e+03 9.281794447550911591e-16
5.455328246593476251e+03 9.270379619795475826e-16
5.457325585484505609e+03 9.238582002955549391e-16
5.459322924375534967e+03 9.158310808126627484e-16
5.461320263266564325e+03 9.082145605509520797e-16
5.463317602157593683e+03 9.037520733474612052e-16
5.465314941048623041e+03 9.019126354233800852e-16
5.467312279939652399e+03 8.893323962116408098e-16
5.469309618830681757e+03 8.824389244495300932e-16
5.471306957721711115e+03 8.799123310469889221e-16
5.473304296612740472e+03 8.747126604815907893e-16
5.475301635503769830e+03 8.725948134156590215e-16
5.477298974394799188e+03 8.656891655549315244e-16
5.479296313285828546e+03 8.574367353080696898e-16
5.481293652176857904e+03 8.500189501516085613e-16
5.483290991067887262e+03 8.397254881392190833e-16
5.485288329958916620e+03 8.238724724379668015e-16
5.487285668849945978e+03 8.201225517013536071e-16
5.489283007740975336e+03 8.355405101050723989e-16
5.491280346632004694e+03 8.399287760465601153e-16
5.493277685523034052e+03 8.479491722054334751e-16
5.495275024414063409e+03 8.529299906330847780e-16
5.497272363305092767e+03 8.618398243261343565e-16
5.499269702196122125e+03 8.696539679623512941e-16
5.501267041087151483e+03 8.782757045742160037e-16
5.503264379978180841e+03 8.932613585374798819e-16
5.505261718869210199e+03 9.027151991409035348e-16
5.507259057760239557e+03 9.089005513591096562e-16
5.509256396651268915e+03 9.207280959180950790e-16
5.511253735542298273e+03 9.229784507007129414e-16
5.513251074433327631e+03 9.212137634342270134e-16
5.515248413324356989e+03 9.179200758188286666e-16
5.517245752215386347e+03 9.166914545288363039e-16
5.519243091106415704e+03 9.307259434318928062e-16
5.521240429997445062e+03 9.357262965568901615e-16
5.523237768888474420e+03 9.344302302684726752e-16
5.525235107779503778e+03 9.335019880374003688e-16
5.527232446670533136e+03 9.399125451404577274e-16
5.529229785561562494e+03 9.499774141362069511e-16
5.531227124452591852e+03 9.508126945013180981e-16
5.533224463343621210e+03 9.391851555970030969e-16
5.535221802234650568e+03 9.353953184327505437e-16
5.537219141125679926e+03 9.350523759682309588e-16
5.539216480016709284e+03 9.373351297610812982e-16
5.541213818907738641e+03 9.332048912311509230e-16
5.543211157798767999e+03 9.320897723560906366e-16
5.545208496689797357e+03 9.301919950377673767e-16
5.547205835580826715e+03 9.118379557410691630e-16
5.549203174471856073e+03 9.061992574111972856e-16
5.551200513362885431e+03 9.067192297616930192e-16
5.553197852253914789e+03 9.146199295772075057e-16
5.555195191144944147e+03 9.161553885523427386e-16
5.557192530035973505e+03 9.172838481963222802e-16
5.559189868927002863e+03 9.120192207917815833e-16
5.561187207818032221e+03 8.972261080053404482e-16
5.563184546709061578e+03 8.930584941466124770e-16
5.565181885600090936e+03 8.930412358503121706e-16
5.567179224491120294e+03 9.000134816765175370e-16
5.569176563382149652e+03 8.946657391640275118e-16
5.571173902273179010e+03 8.964273559360796430e-16
5.573171241164208368e+03 8.921771563649943775e-16
5.575168580055237726e+03 8.865359169362807372e-16
5.577165918946267084e+03 8.822267956358020944e-16
5.579163257837296442e+03 8.796211105318110530e-16
5.581160596728325800e+03 8.672599881556146244e-16
5.583157935619355158e+03 8.592096282062321438e-16
5.585155274510384515e+03 8.469675139591249444e-16
5.587152613401413873e+03 8.415080689767157583e-16
5.589149952292443231e+03 8.404235491668750335e-16
5.591147291183472589e+03 8.321634426839287068e-16
5.593144630074501947e+03 8.290545670697094076e-16
5.595141968965531305e+03 8.177319070868467512e-16
5.597139307856560663e+03 8.074627443321316309e-16
5.599136646747590021e+03 7.986122029453898534e-16
5.601133985638619379e+03 7.960193821542852367e-16
5.603131324529648737e+03 7.945234160903157355e-16
5.605128663420678095e+03 7.819364006149984257e-16
5.607126002311707452e+03 7.728856418153494130e-16
5.609123341202736810e+03 7.656583331929020953e-16
5.611120680093766168e+03 7.536051602325918083e-16
5.613118018984795526e+03 7.503872820659727213e-16
5.615115357875824884e+03 7.502016759714056227e-16
5.617112696766854242e+03 7.524786064127435888e-16
5.619110035657883600e+03 7.525602921525944254e-16
5.621107374548912958e+03 7.505346657987949695e-16
5.623104713439942316e+03 7.499668890263385714e-16
5.625102052330971674e+03 7.626350079063554804e-16
5.627099391222001032e+03 7.669367706081048515e-16
5.629096730113030389e+03 7.710631974897725824e-16
5.631094069004059747e+03 7.715955047575627068e-16
5.633091407895089105e+03 7.708227460118707679e-16
5.635088746786118463e+03 7.795622202034038252e-16
5.637086085677147821e+03 7.883686629373291756e-16
5.639083424568177179e+03 7.938031733873535632e-16
5.641080763459206537e+03 7.999555442601759703e-16
5.643078102350235895e+03 8.015934942219289736e-16
5.645075441241265253e+03 8.068433514894519237e-16
5.647072780132294611e+03 8.088392258109790723e-16
5.649070119023323969e+03 8.095571391733362952e-16
5.651067457914353326e+03 8.095552333492049731e-16
5.653064796805382684e+03 8.118714978830310607e-16
5.655062135696412042e+03 8.117885415937593427e-16
5.657059474587441400e+03 8.117171790679531679e-16
5.659056813478470758e+03 8.218861272370962638e-16
5.661054152369500116e+03 8.236799312611440584e-16
5.663051491260529474e+03 8.152465536009250238e-16
5.665048830151558832e+03 8.130834432118743543e-16
5.667046169042588190e+03 8.229821878708433285e-16
5.669043507933617548e+03 8.248325313441203475e-16
5.671040846824646906e+03 8.226775736471870007e-16
5.673038185715676263e+03 8.210892280524075774e-16
5.675035524606705621e+03 8.202082608477039016e-16
5.677032863497734979e+03 8.195232229516119862e-16
5.679030202388764337e+03 8.194728244912503554e-16
5.681027541279793695e+03 8.190184971941668300e-16
5.683024880170823053e+03 8.167431020000457623e-16
5.685022219061852411e+03 8.054055660010469523e-16
5.687019557952881769e+03 8.021826585763035429e-16
5.689016896843911127e+03 8.059413143401852973e-16
5.691014235734940485e+03 8.109309736742235670e-16
5.693011574625969843e+03 8.111641724325145165e-16
5.695008913516999201e+03 8.068457867091752798e-16
5.697006252408028558e+03 8.036463844487181773e-16
5.699003591299057916e+03 8.026328036482100001e-16
5.701000930190087274e+03 8.021615886317405922e-16
5.702998269081116632e+03 8.042734535274823765e-16
5.704995607972145990e+03 7.993670681200710452e-16
5.706992946863175348e+03 7.934874947958237262e-16
5.708990285754204706e+03 7.921210188936657261e-16
5.710987624645234064e+03 7.923770346019733384e-16
5.712984963536264331e+03 7.918456802462488751e-16
5.714982302427293689e+03 7.912524395458156445e-16
5.716979641318323047e+03 7.935154998226423215e-16
5.718976980209352405e+03 7.937324990758170325e-16
5.720974319100381763e+03 7.925659758887702508e-16
5.722971657991411121e+03 7.834405193710852495e-16
5.724968996882440479e+03 7.849412499953830561e-16
5.726966335773469837e+03 7.861246609018157205e-16
5.728963674664499194e+03 7.940268430249879019e-16
5.730961013555528552e+03 7.980836014467439666e-16
5.732958352446557910e+03 7.986520664334700089e-16
5.734955691337587268e+03 7.971385773754041844e-16
5.736953030228616626e+03 7.952018365415072267e-16
5.738950369119645984e+03 7.943583505447195537e-16
5.740947708010675342e+03 7.938175729474568863e-16
5.742945046901704700e+03 7.942078963174635086e-16
5.744942385792734058e+03 7.938992057477485195e-16
5.746939724683763416e+03 7.952153890686632955e-16
5.748937063574792774e+03 7.948173894625721811e-16
5.750934402465822131e+03 7.869149955811631861e-16
5.752931741356851489e+03 7.846902635451997662e-16
5.754929080247880847e+03 7.885928090309963449e-16
5.756926419138910205e+03 7.888394544373249564e-16
5.758923758029939563e+03 7.846288536565238295e-16
5.760921096920968921e+03 7.831017591317427327e-16
5.762918435811998279e+03 7.824019510986330705e-16
5.764915774703027637e+03 7.879041712448785987e-16
5.766913113594056995e+03 7.890394600919953781e-16
5.768910452485086353e+03 7.877824631982699964e-16
5.770907791376115711e+03 7.767837933177321099e-16
5.772905130267145069e+03 7.740632823098289074e-16
5.774902469158174426e+03 7.840643061971788383e-16
5.776899808049203784e+03 7.859546719772136231e-16
5.778897146940233142e+03 7.847946074163896554e-16
5.780894485831262500e+03 7.826436201863965630e-16
5.782891824722291858e+03 7.846538940680270347e-16
5.784889163613321216e+03 7.816224160893630972e-16
5.786886502504350574e+03 7.732132318077000136e-16
5.788883841395379932e+03 7.711781292728031503e-16
5.790881180286409290e+03 7.721246885913598309e-16
5.792878519177438648e+03 7.720324149396683155e-16
5.794875858068468006e+03 7.715382241545046347e-16
5.796873196959497363e+03 7.603240902680089355e-16
5.798870535850526721e+03 7.596599634978023607e-16
5.800867874741556079e+03 7.557261307325165763e-16
5.802865213632585437e+03 7.477484038583611520e-16
5.804862552523614795e+03 7.446142231348426305e-16
5.806859891414644153e+03 7.450798794975956822e-16
5.808857230305673511e+03 7.331376678533757085e-16
5.810854569196702869e+03 7.295337014814862707e-16
5.812851908087732227e+03 7.250824904041057190e-16
5.814849246978761585e+03 7.194312453987026373e-16
5.816846585869790943e+03 7.147334418545526775e-16
5.818843924760820300e+03 7.076776044643651523e-16
5.820841263651849658e+03 7.060101142285766553e-16
5.822838602542879016e+03 7.055986150348886755e-16
5.824835941433908374e+03 6.948930185541007769e-16
5.826833280324937732e+03 6.786424267632310079e-16
5.828830619215967090e+03 6.755332335116564883e-16
5.830827958106996448e+03 6.753415923073402029e-16
5.832825296998025806e+03 6.657225802792019614e-16
5.834822635889055164e+03 6.591570161467970659e-16
5.836819974780084522e+03 6.569215373803153572e-16
5.838817313671113880e+03 6.470321630233253837e-16
5.840814652562143237e+03 6.384766538000241198e-16
5.842811991453172595e+03 6.372800080037906070e-16
5.844809330344201953e+03 6.416087169411745054e-16
5.846806669235231311e+03 6.422779788486238095e-16
5.848804008126260669e+03 6.415936821063607416e-16
5.850801347017290027e+03 6.426472322740674811e-16
5.852798685908319385e+03 6.555158862043468457e-16
5.854796024799348743e+03 6.748888531970327793e-16
5.856793363690378101e+03 6.934693149884439082e-16
5.858790702581407459e+03 7.029256437511501206e-16
5.860788041472436817e+03 7.056753244561743930e-16
5.862785380363466174e+03 7.164762650830876038e-16
5.864782719254495532e+03 7.265498691061053876e-16
5.866780058145524890e+03 7.348314690500882922e-16
5.868777397036554248e+03 7.406008222120741454e-16
5.870774735927583606e+03 7.520443961481573531e-16
5.872772074818612964e+03 7.726584252272484469e-16
5.874769413709642322e+03 7.793232510331597057e-16
5.876766752600671680e+03 7.795176450945545676e-16
5.878764091491701038e+03 7.796557114649570186e-16
5.880761430382730396e+03 7.858460400017282591e-16
5.882758769273759754e+03 8.000668761531807074e-16
5.884756108164789111e+03 8.022764145356527533e-16
5.886753447055818469e+03 8.018906439677376229e-16
5.888750785946847827e+03 8.145448397436840394e-16
5.890748124837877185e+03 8.171803827590657949e-16
5.892745463728906543e+03 8.160250298190109292e-16
5.894742802619935901e+03 8.160793458067536112e-16
5.896740141510965259e+03 8.241297057561360918e-16
5.898737480401994617e+03 8.265544434467699333e-16
5.900734819293023975e+03 8.313907898173551747e-16
5.902732158184053333e+03 8.362151718475604491e-16
5.904729497075082691e+03 8.365628259328491360e-16
5.906726835966112048e+03 8.357682560887653989e-16
5.908724174857141406e+03 8.307040049158095473e-16
5.910721513748170764e+03 8.292093623408201310e-16
5.912718852639200122e+03 8.279469126724967997e-16
5.914716191530229480e+03 8.236659552175143624e-16
5.916713530421258838e+03 8.200030671162315474e-16
5.918710869312288196e+03 8.143335050233440914e-16
5.920708208203317554e+03 8.135532288602452707e-16
5.922705547094346912e+03 8.261756079611104475e-16
5.924702885985376270e+03 8.287843106199760824e-16
5.926700224876405628e+03 8.248570423600315189e-16
5.928697563767434985e+03 8.146932822676903555e-16
5.930694902658464343e+03 8.216384230395835844e-16
5.932692241549493701e+03 8.158310592740896944e-16
5.934689580440523059e+03 8.127414536594204306e-16
5.936686919331552417e+03 8.058991215115001924e-16
5.938684258222581775e+03 8.012461048344363037e-16
5.940681597113611133e+03 7.934994061966444898e-16
5.942678936004640491e+03 7.923366946578603524e-16
5.944676274895669849e+03 8.068530923683453482e-16
5.946673613786699207e+03 8.095288694487216830e-16
5.948670952677728565e+03 8.039653452929186248e-16
5.950668291568757923e+03 8.016563334787034020e-16
5.952665630459787280e+03 7.957615665009647090e-16
5.954662969350816638e+03 7.941927556035313380e-16
5.956660308241845996e+03 7.958867685584807353e-16
5.958657647132875354e+03 7.987769508536308148e-16
5.960654986023904712e+03 7.989479456298577767e-16
5.962652324914934070e+03 7.974723612961815821e-16
5.964649663805963428e+03 7.966655624139218610e-16
5.966647002696992786e+03 7.916832616786128630e-16
5.968644341588022144e+03 7.903829072858999018e-16
5.970641680479051502e+03 7.900017424596354667e-16
5.972639019370080860e+03 7.839042169701477755e-16
5.974636358261110217e+03 7.806590219909797373e-16
5.976633697152139575e+03 7.803576900199940200e-16
5.978631036043168933e+03 7.824921601075156535e-16
5.980628374934198291e+03 7.827092123002495679e-16
5.982625713825227649e+03 7.823123244249017248e-16
5.984623052716257007e+03 7.833050999786429682e-16
5.986620391607286365e+03 7.857264495374877925e-16
5.988617730498315723e+03 7.830477607813552711e-16
5.990615069389345081e+03 7.742384593112329374e-16
5.992612408280374439e+03 7.723116181749070143e-16
5.994609747171403797e+03 7.727019415449136366e-16
5.996607086062433154e+03 7.734026495505297565e-16
5.998604424953462512e+03 7.721711695243404106e-16
6.000601763844491870e+03 7.680463308294487815e-16
6.002599102735521228e+03 7.669527054154250730e-16
6.004596441626550586e+03 7.673043299676540144e-16
6.006593780517579944e+03 7.717923340386809248e-16
6.008591119408609302e+03 7.724547138034337877e-16
6.010588458299638660e+03 7.699146737528549545e-16
6.012585797190668018e+03 7.686302541674622148e-16
6.014583136081697376e+03 7.682886881314819182e-16
6.016580474972726734e+03 7.663791052914563015e-16
6.018577813863756091e+03 7.625505693094260674e-16
6.020575152754785449e+03 7.620199031679712482e-16
6.022572491645814807e+03 7.690160776749365486e-16
6.024569830536844165e+03 7.727221115169701296e-16
6.026567169427873523e+03 7.722297206768193641e-16
6.028564508318902881e+03 7.640288006210624316e-16
6.030561847209932239e+03 7.621446817090136473e-16
6.032559186100961597e+03 7.606408276507228405e-16
6.034556524991990955e+03 7.515664048681099108e-16
6.036553863883020313e+03 7.496563985116106669e-16
6.038551202774049671e+03 7.596211058613470696e-16
6.040548541665079028e+03 7.827694045790638266e-16
6.042545880556108386e+03 7.862570097998242049e-16
6.044543219447137744e+03 7.709400600750654885e-16
6.046540558338167102e+03 7.557116252932948464e-16
6.048537897229196460e+03 7.522892416094730493e-16
6.050535236120225818e+03 7.523884503434202092e-16
6.052532575011255176e+03 7.516967420628686662e-16
6.054529913902284534e+03 7.453922228968957054e-16
6.056527252793313892e+03 7.472776652979245746e-16
6.058524591684343250e+03 7.428122664186775134e-16
6.060521930575372608e+03 7.469090471471913437e-16
6.062519269466401965e+03 7.490878805853254212e-16
6.064516608357431323e+03 7.488346177340963854e-16
6.066513947248460681e+03 7.480381950054405295e-16
6.068511286139490039e+03 7.442803333349468260e-16
6.070508625030519397e+03 7.412393262356262776e-16
6.072505963921548755e+03 7.359695636938428515e-16
6.074503302812578113e+03 7.349294072346145706e-16
6.076500641703607471e+03 7.370899765248234772e-16
6.078497980594636829e+03 7.374841644826519473e-16
6.080495319485666187e+03 7.370865354534752566e-16
6.082492658376695545e+03 7.356833194972301013e-16
6.084489997267724902e+03 7.323070991090336636e-16
6.086487336158754260e+03 7.303522000063299418e-16
6.088484675049783618e+03 7.225752199406737866e-16
6.090482013940812976e+03 7.207215942147261571e-16
6.092479352831842334e+03 7.200351798900949535e-16
6.094476691722871692e+03 7.193359012525773252e-16
6.096474030613901050e+03 7.130382642293008055e-16
6.098471369504930408e+03 7.079271086068907471e-16
6.100468708395959766e+03 7.070790698080115823e-16
6.102466047286989124e+03 7.076453642728102855e-16
6.104463386178018482e+03 7.139345839061734655e-16
6.106460725069047839e+03 7.073065510939085653e-16
6.108458063960077197e+03 7.119146750247679761e-16
6.110455402851106555e+03 7.138569745123812902e-16
6.112452741742135913e+03 7.171926431982279283e-16
6.114450080633165271e+03 7.194980021828581169e-16
6.116447419524194629e+03 7.277399503969976795e-16
6.118444758415223987e+03 7.331937308465721025e-16
6.120442097306253345e+03 7.375983551118536676e-16
6.122439436197282703e+03 7.492185354174393970e-16
6.124436775088312061e+03 7.513309826483324187e-16
6.126434113979341419e+03 7.506394331864584858e-16
6.128431452870370777e+03 7.491037095135272359e-16
6.130428791761400134e+03 7.485148627965078870e-16
6.132426130652429492e+03 7.461158537316468949e-16
6.134423469543458850e+03 7.456349507758432658e-16
6.136420808434488208e+03 7.479444390460913191e-16
6.138418147325517566e+03 7.486228594972828103e-16
6.140415486216546924e+03 7.484512294463454077e-16
6.142412825107576282e+03 7.483646732670478589e-16
6.144410163998605640e+03 7.497549719708473861e-16
6.146407502889634998e+03 7.544760159814876358e-16
6.148404841780664356e+03 7.639953957592050902e-16
6.150402180671693714e+03 7.654346106157085532e-16
6.152399519562723071e+03 7.628442250443272926e-16
6.154396858453752429e+03 7.614712905159464786e-16
6.156394197344781787e+03 7.616582200994936620e-16
6.158391536235811145e+03 7.618412321556597942e-16
6.160388875126840503e+03 7.610580972563639902e-16
6.162386214017869861e+03 7.506640500814880639e-16
6.164383552908899219e+03 7.470204849193144876e-16
6.166380891799928577e+03 7.441614310849760036e-16
6.168378230690957935e+03 7.394387459480004487e-16
6.170375569581987293e+03 7.382729109752233111e-16
6.172372908473016651e+03 7.336435053415641359e-16
6.174370247364046008e+03 7.325673499820775474e-16
6.176367586255075366e+03 7.326796347871479455e-16
6.178364925146104724e+03 7.307464938432768186e-16
6.180362264037134082e+03 7.225894606820994995e-16
6.182359602928163440e+03 7.137863002008447595e-16
6.184356941819192798e+03 7.091205250900128529e-16
6.186354280710222156e+03 6.988270630776233748e-16
6.188351619601251514e+03 6.942051748613710816e-16
6.190348958492280872e+03 6.941360887366106527e-16
6.192346297383310230e+03 6.966831168090043339e-16
6.194343636274339588e+03 6.969380207865686749e-16
6.196340975165368945e+03 6.933347955685080846e-16
6.198338314056398303e+03 6.896968419996100681e-16
6.200335652947427661e+03 6.895068948611882912e-16
6.202332991838457019e+03 6.965051869505217274e-16
6.204330330729486377e+03 7.046564496997458765e-16
6.206327669620515735e+03 7.077623077590905823e-16
6.208325008511545093e+03 7.076202179821886734e-16
6.210322347402574451e+03 7.083642305472331695e-16
6.212319686293603809e+03 7.217565096575933020e-16
6.214317025184633167e+03 7.268541127528472916e-16
6.216314364075662525e+03 7.267296518491601128e-16
6.218311702966691882e+03 7.278892399539512500e-16
6.220309041857721240e+03 7.345896940832063928e-16
6.222306380748750598e+03 7.426713413120780791e-16
6.224303719639779956e+03 7.438387644716313186e-16
6.226301058530809314e+03 7.432801991824763109e-16
6.228298397421838672e+03 7.396245638008043608e-16
6.230295736312868030e+03 7.388033653584413166e-16
6.232293075203897388e+03 7.390429698033958768e-16
6.234290414094926746e+03 7.411236003592076588e-16
6.236287752985956104e+03 7.412184151097409371e-16
6.238285091876985462e+03 7.420732301721981363e-16
6.240282430768014819e+03 7.562430325885785131e-16
6.242279769659044177e+03 7.590480351329703321e-16
6.244277108550073535e+03 7.561783404472319659e-16
6.246274447441102893e+03 7.499246432580942631e-16
6.248271786332132251e+03 7.545696131221592360e-16
6.250269125223161609e+03 7.503075021502532069e-16
6.252266464114190967e+03 7.563373179435197574e-16
6.254263803005220325e+03 7.497776301021864386e-16
6.256261141896249683e+03 7.557342834246338990e-16
6.258258480787279041e+03 7.577880736239295603e-16
6.260255819678308399e+03 7.571203999032563581e-16
6.262253158569337756e+03 7.531516799684555372e-16
6.264250497460367114e+03 7.511271653453993526e-16
6.266247836351396472e+03 7.487686550433289567e-16
6.268245175242425830e+03 7.441048916357467791e-16
6.270242514133455188e+03 7.414759131257062444e-16
6.272239853024484546e+03 7.356753256237903889e-16
6.274237191915513904e+03 7.250115513947731714e-16
6.276234530806543262e+03 7.206142857282208779e-16
6.278231869697572620e+03 7.205385821585600249e-16
6.280229208588601978e+03 7.210323494272500786e-16
6.282226547479631336e+03 7.271521624711623985e-16
6.284223886370660694e+03 7.277424385562802391e-16
6.286221225261690051e+03 7.174959868724633746e-16
6.288218564152719409e+03 7.087495246591154693e-16
6.290215903043748767e+03 7.036295810698776475e-16
6.292213241934778125e+03 6.863158570510853249e-16
6.294210580825807483e+03 6.816019069413783299e-16
6.296207919716836841e+03 6.754909348038529767e-16
6.298205258607866199e+03 6.734572086974954016e-16
6.300202597498895557e+03 6.671569246962587123e-16
6.302199936389924915e+03 6.730513210970829815e-16
6.304197275280954273e+03 6.739289531095568435e-16
6.306194614171983631e+03 6.725667653116943184e-16
6.308191953063012988e+03 6.758191071313548147e-16
6.310189291954042346e+03 7.251125600737332467e-16
6.312186630845071704e+03 7.808010588283224428e-16
6.314183969736101062e+03 8.897706298827265034e-16
6.316181308627130420e+03 9.022684951403452981e-16
6.318178647518159778e+03 8.147347339425466128e-16
6.320175986409189136e+03 7.542593343656681451e-16
6.322173325300218494e+03 6.649743325494211939e-16
6.324170664191247852e+03 6.504563466521600962e-16
6.326168003082277210e+03 6.608596053103374130e-16
6.328165341973306568e+03 6.620532335516963324e-16
6.330162680864335925e+03 6.638029389229276999e-16
6.332160019755365283e+03 6.607974013282734253e-16
6.334157358646394641e+03 6.568781798813277777e-16
6.336154697537423999e+03 6.547286220194331770e-16
6.338152036428453357e+03 6.528770079967352764e-16
6.340149375319482715e+03 6.527535000051137588e-16
6.342146714210512073e+03 6.543720740881983199e-16
6.344144053101541431e+03 6.547259750414730073e-16
6.346141391992570789e+03 6.545647211441394699e-16
6.348138730883600147e+03 6.513003620445398031e-16
6.350136069774629505e+03 6.448224658221757277e-16
6.352133408665658862e+03 6.388390780223305535e-16
6.354130747556688220e+03 6.318744025530912724e-16
6.356128086447717578e+03 6.148620634448438704e-16
6.358125425338746936e+03 6.117833104398113023e-16
6.360122764229776294e+03 6.110805907309454534e-16
6.362120103120805652e+03 5.986569996748890201e-16
6.364117442011835010e+03 5.928518593708816727e-16
6.366114780902864368e+03 5.868131497316689520e-16
6.368112119793893726e+03 5.778326417270828429e-16
6.370109458684923084e+03 5.764105792877612794e-16
6.372106797575952442e+03 5.754250035140716975e-16
6.374104136466981799e+03 5.738433283037519018e-16
6.376101475358011157e+03 5.651473704298840342e-16
6.378098814249040515e+03 5.637043968646771302e-16
6.380096153140069873e+03 5.638596156522614807e-16
6.382093492031099231e+03 5.578720456272392384e-16
6.384090830922128589e+03 5.610307903062281346e-16
6.386088169813157947e+03 6.145292853756913372e-16
6.388085508704187305e+03 6.203505193056965163e-16
6.390082847595216663e+03 5.668464655825169573e-16
6.392080186486246021e+03 5.451548517758407833e-16
6.394077525377275379e+03 5.396167386084553541e-16
6.396074864268304736e+03 5.310820346319210239e-16
6.398072203159334094e+03 5.270772628573026919e-16
6.400069542050363452e+03 5.192539606773435672e-16
6.402066880941392810e+03 5.052307479003973877e-16
6.404064219832422168e+03 5.001167864813495494e-16
6.406061558723451526e+03 4.989745096124179220e-16
6.408058897614480884e+03 4.866826321796595325e-16
6.410056236505510242e+03 4.834905885179317016e-16
6.412053575396539600e+03 4.797350561880429475e-16
6.414050914287568958e+03 4.728580486288444865e-16
6.416048253178598316e+03 4.592085891398742670e-16
6.418045592069627673e+03 4.428135252919384365e-16
6.420042930960657031e+03 4.404828082584498223e-16
6.422040269851686389e+03 4.332930867230369142e-16
6.424037608742715747e+03 4.116083550590571814e-16
6.426034947633745105e+03 4.063981495213775733e-16
6.428032286524774463e+03 4.018489473199115397e-16
6.430029625415803821e+03 3.988378775413205105e-16
6.432026964306833179e+03 3.779040141153021132e-16
6.434024303197862537e+03 3.634307621455678834e-16
6.436021642088891895e+03 3.611523758663518239e-16
6.438018980979921253e+03 3.550130281250934517e-16
6.440016319870950610e+03 3.486721659517273610e-16
6.442013658761979968e+03 3.371407652869257230e-16
6.444010997653009326e+03 3.273162683597395086e-16
6.446008336544038684e+03 3.166824314514518103e-16
6.448005675435068042e+03 3.136995784579161900e-16
6.450003014326097400e+03 3.135336394095931522e-16
6.452000353217126758e+03 3.117095274879014147e-16
6.453997692108156116e+03 3.068838219687160555e-16
6.455995030999185474e+03 3.061633410377374680e-16
6.457992369890214832e+03 3.063594026952472368e-16
6.459989708781244190e+03 3.056369630005781237e-16
6.461987047672273548e+03 3.037202068502804471e-16
6.463984386563302905e+03 3.061627851723658323e-16
6.465981725454332263e+03 3.196679578927272020e-16
6.467979064345361621e+03 3.280565222160805637e-16
6.469976403236390979e+03 3.298717932313853345e-16
6.471973742127420337e+03 3.351958982306910443e-16
6.473971081018449695e+03 3.398618321602005611e-16
6.475968419909479053e+03 3.430510964950702138e-16
6.477965758800508411e+03 3.601072695583380258e-16
6.479963097691537769e+03 3.802197757233157687e-16
6.481960436582567127e+03 3.863264597565456470e-16
6.483957775473596485e+03 3.991038458867583608e-16
6.485955114364625842e+03 4.295259606296826169e-16
6.487952453255655200e+03 4.483167512898088292e-16
6.489949792146684558e+03 4.747635021832522385e-16
6.491947131037713916e+03 5.072656386770574375e-16
6.493944469928743274e+03 5.356803647443278069e-16
6.495941808819772632e+03 5.678651815202678636e-16
6.497939147710801990e+03 5.906488325541916443e-16
6.499936486601831348e+03 6.308914737573618602e-16
6.501933825492860706e+03 6.704979402775848932e-16
6.503931164383890064e+03 7.048614316729814172e-16
6.505928503274919422e+03 7.576118907709006658e-16
6.507925842165948779e+03 8.127149838798187337e-16
6.509923181056978137e+03 8.628189414736011243e-16
6.511920519948007495e+03 9.092311059667756469e-16
6.513917858839036853e+03 9.638732013941505618e-16
6.515915197730066211e+03 1.010896341340091452e-15
6.517912536621095569e+03 1.058715056981740944e-15
6.519909875512124927e+03 1.101421399391118699e-15
6.521907214403154285e+03 1.153163148127976483e-15
6.523904553294183643e+03 1.184989352329872750e-15
6.525901892185213001e+03 1.234257658981629570e-15
6.527899231076242359e+03 1.268886271689516690e-15
6.529896569967271716e+03 1.291069641061633189e-15
6.531893908858301074e+03 1.324861385217633060e-15
6.533891247749330432e+03 1.354184712939511277e-15
6.535888586640359790e+03 1.383821019335399957e-15
6.537885925531389148e+03 1.404835165602950301e-15
6.539883264422418506e+03 1.430339751161250911e-15
6.541880603313447864e+03 1.456818954004486001e-15
6.543877942204477222e+03 1.478652392890268067e-15
6.545875281095506580e+03 1.488276910632563461e-15
6.547872619986535938e+03 1.497585696843769815e-15
6.549869958877565296e+03 1.519100333704029044e-15
6.551867297768594653e+03 1.524291163363040210e-15
6.553864636659624011e+03 1.541281903131132627e-15
6.555861975550653369e+03 1.546244775048213980e-15
6.557859314441682727e+03 1.551930801344013691e-15
6.559856653332712085e+03 1.561358913321664495e-15
6.561853992223741443e+03 1.566290127382342218e-15
6.563851331114770801e+03 1.574349328238111665e-15
6.565848670005800159e+03 1.587383153593105618e-15
6.567846008896829517e+03 1.589651190188497414e-15
6.569843347787858875e+03 1.589913770402146247e-15
6.571840686678888233e+03 1.585250112873682476e-15
6.573838025569917590e+03 1.590098211826410871e-15
6.575835364460946948e+03 1.591180402295646647e-15
6.577832703351976306e+03 1.590226007922327864e-15
6.579830042243005664e+03 1.580899963414821204e-15
6.581827381134035022e+03 1.577858056342994197e-15
6.583824720025064380e+03 1.577048398724537493e-15
6.585822058916093738e+03 1.577246180917721372e-15
6.587819397807123096e+03 1.564250260287117049e-15
6.589816736698152454e+03 1.562561382469410381e-15
6.591814075589181812e+03 1.554932050834372491e-15
6.593811414480211170e+03 1.553462025154412653e-15
6.595808753371240527e+03 1.552347647433181214e-15
6.597806092262269885e+03 1.546265950871895337e-15
6.599803431153299243e+03 1.520647015865715396e-15
6.601800770044328601e+03 1.497896346177175330e-15
6.603798108935357959e+03 1.488218571238321321e-15
6.605795447826387317e+03 1.484260280396683569e-15
6.607792786717416675e+03 1.466215514004851582e-15
6.609790125608446033e+03 1.459425062624950670e-15
6.611787464499475391e+03 1.444412144788697044e-15
6.613784803390504749e+03 1.438446915257658634e-15
6.615782142281534107e+03 1.427178200685624235e-15
6.617779481172563464e+03 1.413462619687208977e-15
6.619776820063592822e+03 1.390624070330391277e-15
6.621774158954622180e+03 1.372714511572764758e-15
6.623771497845651538e+03 1.367541469605645932e-15
6.625768836736680896e+03 1.351059902517971756e-15
6.627766175627710254e+03 1.327693757514133033e-15
6.629763514518739612e+03 1.323013582843197804e-15
6.631760853409768970e+03 1.307278251782054666e-15
6.633758192300798328e+03 1.297673215797546121e-15
6.635755531191827686e+03 1.284456007809471612e-15
6.637752870082857044e+03 1.269492641400632362e-15
6.639750208973886402e+03 1.254853159214999476e-15
6.641747547864915759e+03 1.246439157433448883e-15
6.643744886755945117e+03 1.229224165692570890e-15
6.645742225646974475e+03 1.204178883749918924e-15
6.647739564538003833e+03 1.200611392734320625e-15
6.649736903429033191e+03 1.195916289107690038e-15
6.651734242320062549e+03 1.187233036728030985e-15
6.653731581211091907e+03 1.168323767334407577e-15
6.655728920102121265e+03 1.160260966588612299e-15
6.657726258993150623e+03 1.141636088507029523e-15
6.659723597884179981e+03 1.125581955420363548e-15
6.661720936775209339e+03 1.122665726862085399e-15
6.663718275666238696e+03 1.109024578883910112e-15
6.665715614557268054e+03 1.083374303658681762e-15
6.667712953448297412e+03 1.071507266188530608e-15
6.669710292339326770e+03 1.069110586464274565e-15
6.671707631230356128e+03 1.061868454765250297e-15
6.673704970121385486e+03 1.052763591736095416e-15
6.675702309012414844e+03 1.049922854989241306e-15
6.677699647903444202e+03 1.043369361076334784e-15
6.679696986794473560e+03 1.034813904792592724e-15
6.681694325685502918e+03 1.012958760687537266e-15
6.683691664576532276e+03 1.003797781725626788e-15
6.685689003467561633e+03 9.979995235643158817e-16
6.687686342358590991e+03 9.897432816691914027e-16
6.689683681249620349e+03 9.861280391711916421e-16
6.691681020140649707e+03 9.841052186140299661e-16
6.693678359031679065e+03 9.784104043514024913e-16
6.695675697922708423e+03 9.679534649801929333e-16
6.697673036813737781e+03 9.555911249941348266e-16
6.699670375704767139e+03 9.508852216974267475e-16
6.701667714595796497e+03 9.400725284883703833e-16
6.703665053486825855e+03 9.412259756042939268e-16
6.705662392377855213e+03 9.346520470215348951e-16
6.707659731268884570e+03 9.289743851760893199e-16
6.709657070159913928e+03 9.275906509776310135e-16
6.711654409050943286e+03 9.230820004785147796e-16
6.713651747941972644e+03 9.133778616391774810e-16
6.715649086833002002e+03 9.075105702926653493e-16
6.717646425724031360e+03 8.962333853911584082e-16
6.719643764615060718e+03 8.841456428986883050e-16
6.721641103506090076e+03 8.785125032225327840e-16
6.723638442397119434e+03 8.783247795455975497e-16
6.725635781288148792e+03 8.590451449957871993e-16
6.727633120179178150e+03 7.895595912611687219e-16
6.729630459070207507e+03 7.743755727695697273e-16
6.731627797961236865e+03 7.716005869552462326e-16
6.733625136852266223e+03 7.756296050479797189e-16
6.735622475743295581e+03 8.193226349617903272e-16
6.737619814634324939e+03 8.259747023339335682e-16
6.739617153525354297e+03 8.222740153873795300e-16
6.741614492416383655e+03 8.152676764850471779e-16
6.743611831307413013e+03 8.140484784365930194e-16
6.745609170198442371e+03 8.148885763015916751e-16
6.747606509089471729e+03 8.208090189655440141e-16
6.749603847980501087e+03 8.141466283793561114e-16
6.751601186871530444e+03 8.011993062641005036e-16
6.753598525762559802e+03 7.997092164912025791e-16
6.755595864653589160e+03 7.998077370108800949e-16
6.757593203544618518e+03 7.972937432234293315e-16
6.759590542435647876e+03 7.957179972437403159e-16
6.761587881326677234e+03 7.927765694552813512e-16
6.763585220217706592e+03 7.889111875400455550e-16
6.765582559108735950e+03 7.818190865518037051e-16
6.767579897999765308e+03 7.779157999121782789e-16
6.769577236890794666e+03 7.774140917096077161e-16
6.771574575781824024e+03 7.746503290818353409e-16
6.773571914672853381e+03 7.712157163598375598e-16
6.775569253563882739e+03 7.690214775099752948e-16
6.777566592454912097e+03 7.688732996837649956e-16
6.779563931345941455e+03 7.685231044996345458e-16
6.781561270236970813e+03 7.655007850647127954e-16
6.783558609128000171e+03 7.645401438234080121e-16
6.785555948019029529e+03 7.604088465022935690e-16
6.787553286910058887e+03 7.598188351149717454e-16
6.789550625801088245e+03 7.595731955602679983e-16
6.791547964692117603e+03 7.542939038978279612e-16
6.793545303583146961e+03 7.467614516561322819e-16
6.795542642474176319e+03 7.466797129767222419e-16
6.797539981365205676e+03 7.543280499135141502e-16
6.799537320256235034e+03 7.551766710475445524e-16
6.801534659147264392e+03 7.490884629204766585e-16
6.803531998038293750e+03 7.355126423583583598e-16
6.805529336929323108e+03 7.340793567324856769e-16
6.807526675820352466e+03 7.378847581271440279e-16
6.809524014711381824e+03 7.381252096050458424e-16
6.811521353602411182e+03 7.353302655769026683e-16
6.813518692493440540e+03 7.299978225970224239e-16
6.815516031384469898e+03 7.266140318518599008e-16
6.817513370275499256e+03 7.263722039454187981e-16
6.819510709166528613e+03 7.259019947805742546e-16
6.821508048057557971e+03 7.231401909164924049e-16
6.823505386948587329e+03 7.266930176741913643e-16
6.825502725839616687e+03 7.289337903965934125e-16
6.827500064730646045e+03 7.286822216112588853e-16
6.829497403621675403e+03 7.248248865090220049e-16
6.831494742512704761e+03 7.189902059309791638e-16
6.833492081403734119e+03 7.155565990606062472e-16
6.835489420294763477e+03 7.151356236858208600e-16
6.837486759185792835e+03 7.137618950640519950e-16
6.839484098076822193e+03 7.110718772422499473e-16
6.841481436967851550e+03 7.106749364273429008e-16
6.843478775858880908e+03 7.109689097995993464e-16
6.845476114749910266e+03 7.108665246920999829e-16
6.847473453640939624e+03 7.108209437316258608e-16
6.849470792531968982e+03 7.123366033116190245e-16
6.851468131422998340e+03 7.151890926406162877e-16
6.853465470314027698e+03 7.168013139765964416e-16
6.855462809205057056e+03 7.167540389502278109e-16
6.857460148096086414e+03 7.150894074506362972e-16
6.859457486987115772e+03 7.101550699559655740e-16
6.861454825878145130e+03 7.065000169094448612e-16
6.863452164769174487e+03 6.913954077566509572e-16
6.865449503660203845e+03 6.169594229013639249e-16
6.867446842551233203e+03 5.551522228336056800e-16
6.869444181442262561e+03 5.296489607642851545e-16
6.871441520333291919e+03 5.314141774263631164e-16
6.873438859224321277e+03 5.667941612980240042e-16
6.875436198115350635e+03 5.906061632694737090e-16
6.877433537006379993e+03 6.044230705842042629e-16
6.879430875897409351e+03 6.326473201174608214e-16
6.881428214788438709e+03 6.454956452570060829e-16
6.883425553679468067e+03 6.454654167687009451e-16
6.885422892570497424e+03 6.380950654572860575e-16
6.887420231461526782e+03 6.266128456429843722e-16
6.889417570352556140e+03 6.255327727561167325e-16
6.891414909243585498e+03 6.286009378493086219e-16
6.893412248134614856e+03 6.291789848962504785e-16
6.895409587025644214e+03 6.319958459019038577e-16
6.897406925916673572e+03 6.324324913862134495e-16
6.899404264807702930e+03 6.354180707670480446e-16
6.901401603698732288e+03 6.404246707600314004e-16
6.903398942589761646e+03 6.415976525733009962e-16
6.905396281480791004e+03 6.498856582039475114e-16
6.907393620371820361e+03 6.583424351493344460e-16
6.909390959262849719e+03 6.626837437018087522e-16
6.911388298153879077e+03 6.627119075473049577e-16
6.913385637044908435e+03 6.623636711268650334e-16
6.915382975935937793e+03 6.633408824502004791e-16
6.917380314826967151e+03 6.701236046544576958e-16
6.919377653717996509e+03 6.705569678860966772e-16
6.921374992609025867e+03 6.673227843352429450e-16
6.923372331500055225e+03 6.679801348418714854e-16
6.925369670391084583e+03 6.778239282383873368e-16
6.927367009282113941e+03 6.789898161507236778e-16
6.929364348173143298e+03 6.777057142026861585e-16
6.931361687064172656e+03 6.747790036116857373e-16
6.933359025955202014e+03 6.769606428464575946e-16
6.935356364846231372e+03 6.757605559788758612e-16
6.937353703737260730e+03 6.767259617805089500e-16
6.939351042628290088e+03 6.767999712842752945e-16
6.941348381519319446e+03 6.761620495958743995e-16
6.943345720410348804e+03 6.726410924528158832e-16
6.945343059301378162e+03 6.702942817933294373e-16
6.947340398192407520e+03 6.717334437102736970e-16
6.949337737083436878e+03 6.727454892635649757e-16
6.951335075974466235e+03 6.742943948867378707e-16
6.953332414865495593e+03 6.726082169865505757e-16
6.955329753756524951e+03 6.751104052522989823e-16
6.957327092647554309e+03 6.756756409259136176e-16
6.959324431538583667e+03 6.785871049238634614e-16
6.961321770429613025e+03 6.780898436442659837e-16
6.963319109320642383e+03 6.726378102001452728e-16
6.965316448211671741e+03 6.717861715112402772e-16
6.967313787102701099e+03 6.730921904367880015e-16
6.969311125993730457e+03 6.763990600024279935e-16
6.971308464884759815e+03 6.835562237089308144e-16
6.973305803775789173e+03 6.837208657380533690e-16
6.975303142666818530e+03 6.800480779391995193e-16
6.977300481557847888e+03 6.797948150879704835e-16
6.979297820448877246e+03 6.851606099901488660e-16
6.981295159339906604e+03 6.898393552929856041e-16
6.983292498230935962e+03 6.866682756967023172e-16
6.985289837121965320e+03 6.864020426534684499e-16
6.987287176012994678e+03 6.845365584662592602e-16
6.989284514904024036e+03 6.739384292906542510e-16
6.991281853795053394e+03 6.731461358476162598e-16
6.993279192686082752e+03 6.802906469994694696e-16
6.995276531577112110e+03 6.800579776367705540e-16
6.997273870468141467e+03 6.736529262478703484e-16
6.999271209359170825e+03 6.728220398661730831e-16
7.001268548250200183e+03 6.747935090509074672e-16
7.003265887141229541e+03 6.747486163047029892e-16
7.005263226032258899e+03 6.737553113553697119e-16
7.007260564923288257e+03 6.720390637855548892e-16
7.009257903814317615e+03 6.793640458947324684e-16
7.011255242705346973e+03 6.819112857253629631e-16
7.013252581596376331e+03 6.792095153214177620e-16
7.015249920487405689e+03 6.616451754293565732e-16
