   0.000000000E+00   0.500000000E+04   0.151589748E+02   0.139508858E+02   0.132251901E+02   0.129501508E+02   0.128269728E+02   0.143051348E+02   0.142771648E+02   0.134641488E+02   0.124380628E+02   0.129433628E+02   0.182910748E+02   0.236242848E+02   0.185848548E+02   0.174785448E+02   0.190652248E+02
   0.100005666E+05   0.500000000E+04               NaN               NaN               NaN               NaN               NaN               NaN               NaN               NaN               NaN               NaN               NaN               NaN               NaN               NaN               NaN
   0.200035482E+05   0.500000000E+04  -0.341697111E+01  -0.462506011E+01  -0.535075581E+01  -0.562579511E+01  -0.574897311E+01  -0.427081111E+01  -0.429878111E+01  -0.511179711E+01  -0.613788311E+01  -0.563258311E+01  -0.284871111E+00   0.504833889E+01   0.890888915E-02  -0.109740111E+01   0.489278889E+00
   0.300052120E+05   0.500000000E+04  -0.411065209E+01  -0.531874109E+01  -0.604443679E+01  -0.631947609E+01  -0.644265409E+01  -0.496449209E+01  -0.499246209E+01  -0.580547809E+01  -0.683156409E+01  -0.632626409E+01  -0.978552092E+00   0.435465791E+01  -0.684772092E+00  -0.179108209E+01  -0.204402092E+00
   0.400090601E+05   0.500000000E+04  -0.411695809E+01  -0.532504709E+01  -0.605074279E+01  -0.632578209E+01  -0.644896009E+01  -0.497079809E+01  -0.499876809E+01  -0.581178409E+01  -0.683787009E+01  -0.633257009E+01  -0.984858087E+00   0.434835191E+01  -0.691078087E+00  -0.179738809E+01  -0.210708087E+00
   0.500181456E+05   0.500000000E+04  -0.401463486E+01  -0.522272386E+01  -0.594841956E+01  -0.622345886E+01  -0.634663686E+01  -0.486847486E+01  -0.489644486E+01  -0.570946086E+01  -0.673554686E+01  -0.623024686E+01  -0.882534862E+00   0.445067514E+01  -0.588754862E+00  -0.169506486E+01  -0.108384862E+00
   0.600180047E+05   0.500000000E+04  -0.383763687E+01  -0.504572587E+01  -0.577142157E+01  -0.604646087E+01  -0.616963887E+01  -0.469147687E+01  -0.471944687E+01  -0.553246287E+01  -0.655854887E+01  -0.605324887E+01  -0.705536868E+00   0.462767313E+01  -0.411756868E+00  -0.151806687E+01   0.686131325E-01
   0.700292287E+05   0.500000000E+04  -0.370471106E+01  -0.491280006E+01  -0.563849576E+01  -0.591353506E+01  -0.603671306E+01  -0.455855106E+01  -0.458652106E+01  -0.539953706E+01  -0.642562306E+01  -0.592032306E+01  -0.572611056E+00   0.476059894E+01  -0.278831056E+00  -0.138514106E+01   0.201538944E+00
   0.800203960E+05   0.500000000E+04  -0.358505671E+01  -0.479314571E+01  -0.551884141E+01  -0.579388071E+01  -0.591705871E+01  -0.443889671E+01  -0.446686671E+01  -0.527988271E+01  -0.630596871E+01  -0.580066871E+01  -0.452956706E+00   0.488025329E+01  -0.159176706E+00  -0.126548671E+01   0.321193294E+00
   0.900029178E+05   0.500000000E+04  -0.348013269E+01  -0.468822169E+01  -0.541391739E+01  -0.568895669E+01  -0.581213469E+01  -0.433397269E+01  -0.436194269E+01  -0.517495869E+01  -0.620104469E+01  -0.569574469E+01  -0.348032690E+00   0.498517731E+01  -0.542526900E-01  -0.116056269E+01   0.426117310E+00
   0.100002456E+06   0.500000000E+04  -0.339083382E+01  -0.459892282E+01  -0.532461852E+01  -0.559965782E+01  -0.572283582E+01  -0.424467382E+01  -0.427264382E+01  -0.508565982E+01  -0.611174582E+01  -0.560644582E+01  -0.258733817E+00   0.507447618E+01   0.350461831E-01  -0.107126382E+01   0.515416183E+00
   0.110019574E+06   0.500000000E+04  -0.331345449E+01  -0.452154349E+01  -0.524723919E+01  -0.552227849E+01  -0.564545649E+01  -0.416729449E+01  -0.419526449E+01  -0.500828049E+01  -0.603436649E+01  -0.552906649E+01  -0.181354487E+00   0.515185551E+01   0.112425513E+00  -0.993884487E+00   0.592795513E+00
   0.120016075E+06   0.500000000E+04  -0.324462516E+01  -0.445271416E+01  -0.517840986E+01  -0.545344916E+01  -0.557662716E+01  -0.409846516E+01  -0.412643516E+01  -0.493945116E+01  -0.596553716E+01  -0.546023716E+01  -0.112525165E+00   0.522068484E+01   0.181254835E+00  -0.925055165E+00   0.661624835E+00
   0.130001107E+06   0.500000000E+04  -0.318237304E+01  -0.439046204E+01  -0.511615774E+01  -0.539119704E+01  -0.551437504E+01  -0.403621304E+01  -0.406418304E+01  -0.487719904E+01  -0.590328504E+01  -0.539798504E+01  -0.502730441E-01   0.528293696E+01   0.243506956E+00  -0.862803044E+00   0.723876956E+00
   0.140019899E+06   0.500000000E+04  -0.312548237E+01  -0.433357137E+01  -0.505926707E+01  -0.533430637E+01  -0.545748437E+01  -0.397932237E+01  -0.400729237E+01  -0.482030837E+01  -0.584639437E+01  -0.534109437E+01   0.661762954E-02   0.533982763E+01   0.300397630E+00  -0.805912370E+00   0.780767630E+00
   0.150012323E+06   0.500000000E+04  -0.307320577E+01  -0.428129477E+01  -0.500699047E+01  -0.528202977E+01  -0.540520777E+01  -0.392704577E+01  -0.395501577E+01  -0.476803177E+01  -0.579411777E+01  -0.528881777E+01   0.588942273E-01   0.539210423E+01   0.352674227E+00  -0.753635773E+00   0.833044227E+00
   0.160015926E+06   0.500000000E+04  -0.302479628E+01  -0.423288528E+01  -0.495858098E+01  -0.523362028E+01  -0.535679828E+01  -0.387863628E+01  -0.390660628E+01  -0.471962228E+01  -0.574570828E+01  -0.524040828E+01   0.107303722E+00   0.544051372E+01   0.401083722E+00  -0.705226278E+00   0.881453722E+00
   0.170030761E+06   0.500000000E+04  -0.297978533E+01  -0.418787433E+01  -0.491357003E+01  -0.518860933E+01  -0.531178733E+01  -0.383362533E+01  -0.386159533E+01  -0.467461133E+01  -0.570069733E+01  -0.519539733E+01   0.152314673E+00   0.548552467E+01   0.446094673E+00  -0.660215327E+00   0.926464673E+00
   0.180056746E+06   0.500000000E+04  -0.293763237E+01  -0.414572137E+01  -0.487141707E+01  -0.514645637E+01  -0.526963437E+01  -0.379147237E+01  -0.381944237E+01  -0.463245837E+01  -0.565854437E+01  -0.515324437E+01   0.194467634E+00   0.552767763E+01   0.488247634E+00  -0.618062366E+00   0.968617634E+00
   0.190011880E+06   0.500000000E+04  -0.289823340E+01  -0.410632240E+01  -0.483201810E+01  -0.510705740E+01  -0.523023540E+01  -0.375207340E+01  -0.378004340E+01  -0.459305940E+01  -0.561914540E+01  -0.511384540E+01   0.233866603E+00   0.556707660E+01   0.527646603E+00  -0.578663397E+00   0.100801660E+01
   0.200024133E+06   0.500000000E+04  -0.286068847E+01  -0.406877747E+01  -0.479447317E+01  -0.506951247E+01  -0.519269047E+01  -0.371452847E+01  -0.374249847E+01  -0.455551447E+01  -0.558160047E+01  -0.507630047E+01   0.271411532E+00   0.560462153E+01   0.565191532E+00  -0.541118468E+00   0.104556153E+01
   0.210012608E+06   0.500000000E+04  -0.282494632E+01  -0.403303532E+01  -0.475873102E+01  -0.503377032E+01  -0.515694832E+01  -0.367878632E+01  -0.370675632E+01  -0.451977232E+01  -0.554585832E+01  -0.504055832E+01   0.307153679E+00   0.564036368E+01   0.600933679E+00  -0.505376321E+00   0.108130368E+01
   0.220025162E+06   0.500000000E+04  -0.279085177E+01  -0.399894077E+01  -0.472463647E+01  -0.499967577E+01  -0.512285377E+01  -0.364469177E+01  -0.367266177E+01  -0.448567777E+01  -0.551176377E+01  -0.500646377E+01   0.341248229E+00   0.567445823E+01   0.635028229E+00  -0.471281771E+00   0.111539823E+01
   0.230056999E+06   0.500000000E+04  -0.275822546E+01  -0.396631446E+01  -0.469201016E+01  -0.496704946E+01  -0.509022746E+01  -0.361206546E+01  -0.364003546E+01  -0.445305146E+01  -0.547913746E+01  -0.497383746E+01   0.373874537E+00   0.570708454E+01   0.667654537E+00  -0.438655463E+00   0.114802454E+01
   0.240042457E+06   0.500000000E+04  -0.272730170E+01  -0.393539070E+01  -0.466108640E+01  -0.493612570E+01  -0.505930370E+01  -0.358114170E+01  -0.360911170E+01  -0.442212770E+01  -0.544821370E+01  -0.494291370E+01   0.404798301E+00   0.573800830E+01   0.698578301E+00  -0.407731699E+00   0.117894830E+01
   0.250025911E+06   0.500000000E+04  -0.278882170E+01  -0.399691070E+01  -0.472260640E+01  -0.499764570E+01  -0.512082370E+01  -0.364266170E+01  -0.367063170E+01  -0.448364770E+01  -0.550973370E+01  -0.500443370E+01   0.343278302E+00   0.567648830E+01   0.637058302E+00  -0.469251698E+00   0.111742830E+01
   0.260041276E+06   0.500000000E+04  -0.647478733E+01  -0.768287633E+01  -0.840857203E+01  -0.868361133E+01  -0.880678933E+01  -0.732862733E+01  -0.735659733E+01  -0.816961333E+01  -0.919569933E+01  -0.869039933E+01  -0.334268733E+01   0.199052267E+01  -0.304890733E+01  -0.415521733E+01  -0.256853733E+01
   0.270004666E+06   0.500000000E+04  -0.775795097E+01  -0.896603997E+01  -0.969173567E+01  -0.996677497E+01  -0.100899530E+02  -0.861179097E+01  -0.863976097E+01  -0.945277697E+01  -0.104788630E+02  -0.997356297E+01  -0.462585097E+01   0.707359028E+00  -0.433207097E+01  -0.543838097E+01  -0.385170097E+01
   0.280018896E+06   0.500000000E+04  -0.858215875E+01  -0.979024775E+01  -0.105159434E+02  -0.107909827E+02  -0.109141607E+02  -0.943599875E+01  -0.946396875E+01  -0.102769847E+02  -0.113030707E+02  -0.107977707E+02  -0.545005875E+01  -0.116848747E+00  -0.515627875E+01  -0.626258875E+01  -0.467590875E+01
   0.290013891E+06   0.594595957E+04  -0.107857954E+02  -0.116654113E+02  -0.121516230E+02  -0.122967803E+02  -0.123239737E+02  -0.116218684E+02  -0.114078487E+02  -0.120081294E+02  -0.127677588E+02  -0.123988870E+02  -0.828047874E+01  -0.399347165E+01  -0.807383108E+01  -0.890389251E+01  -0.749999081E+01
   0.300009935E+06   0.415879523E+05  -0.176671624E+02  -0.172261847E+02  -0.167250791E+02  -0.163614336E+02  -0.160220775E+02  -0.184413283E+02  -0.172453250E+02  -0.169599934E+02  -0.166758814E+02  -0.168564968E+02  -0.182818841E+02  -0.186073275E+02  -0.182946687E+02  -0.181551242E+02  -0.184168216E+02
   0.310000096E+06   0.637878138E+05  -0.183685004E+02  -0.178742529E+02  -0.173309575E+02  -0.169455733E+02  -0.165901609E+02  -0.191405610E+02  -0.179045829E+02  -0.175817020E+02  -0.172531936E+02  -0.174580051E+02  -0.191328186E+02  -0.196604340E+02  -0.191465465E+02  -0.189734832E+02  -0.193325045E+02
   0.320004239E+06   0.445412626E+05  -0.179010397E+02  -0.174495936E+02  -0.169402517E+02  -0.165723818E+02  -0.162298714E+02  -0.186747894E+02  -0.174709325E+02  -0.171782567E+02  -0.168855045E+02  -0.170708210E+02  -0.185452573E+02  -0.189109988E+02  -0.185582851E+02  -0.184117044E+02  -0.186929831E+02
   0.330007569E+06   0.380239908E+05  -0.177310889E+02  -0.173051300E+02  -0.168157948E+02  -0.164581811E+02  -0.161232792E+02  -0.185058543E+02  -0.173211228E+02  -0.170462967E+02  -0.167745175E+02  -0.169484359E+02  -0.183034555E+02  -0.185707477E+02  -0.183158286E+02  -0.181864947E+02  -0.184200384E+02
   0.340014627E+06   0.344365940E+05  -0.176536251E+02  -0.172463772E+02  -0.167716525E+02  -0.164215040E+02  -0.160920661E+02  -0.184291346E+02  -0.172584598E+02  -0.169966860E+02  -0.167401696E+02  -0.169058029E+02  -0.181731946E+02  -0.183676173E+02  -0.181849776E+02  -0.180685819E+02  -0.182669370E+02
   0.350007936E+06   0.319948096E+05  -0.176146648E+02  -0.172227816E+02  -0.167600102E+02  -0.164159447E+02  -0.160909855E+02  -0.183908062E+02  -0.172316639E+02  -0.169805695E+02  -0.167365192E+02  -0.168954031E+02  -0.180909210E+02  -0.182252967E+02  -0.181021395E+02  -0.179968465E+02  -0.181659763E+02
   0.360030587E+06   0.301474535E+05  -0.175965868E+02  -0.172182803E+02  -0.167660188E+02  -0.164273150E+02  -0.161063247E+02  -0.183732797E+02  -0.172243247E+02  -0.169826447E+02  -0.167495464E+02  -0.169024989E+02  -0.180346341E+02  -0.181158815E+02  -0.180453099E+02  -0.179499997E+02  -0.180932551E+02
   0.370020652E+06   0.286783833E+05  -0.175911273E+02  -0.172250297E+02  -0.167822160E+02  -0.164483084E+02  -0.161308782E+02  -0.183683131E+02  -0.172285215E+02  -0.169953094E+02  -0.167720258E+02  -0.169196776E+02  -0.179948333E+02  -0.180282250E+02  -0.180049715E+02  -0.179188188E+02  -0.180387352E+02
   0.380007559E+06   0.274569441E+05  -0.175934575E+02  -0.172386380E+02  -0.168045129E+02  -0.164750148E+02  -0.161608554E+02  -0.183711048E+02  -0.172397765E+02  -0.170143478E+02  -0.168001056E+02  -0.169428811E+02  -0.179655333E+02  -0.179547721E+02  -0.179751381E+02  -0.178976401E+02  -0.179959164E+02
   0.390017835E+06   0.264192547E+05  -0.176012943E+02  -0.172569763E+02  -0.168309271E+02  -0.165055282E+02  -0.161944252E+02  -0.183793757E+02  -0.172559303E+02  -0.170377391E+02  -0.168318957E+02  -0.169701349E+02  -0.179439694E+02  -0.178921098E+02  -0.179530458E+02  -0.178837570E+02  -0.179618259E+02
   0.400057098E+06   0.255137513E+05  -0.176126860E+02  -0.172783287E+02  -0.168599231E+02  -0.165384117E+02  -0.162301137E+02  -0.183911765E+02  -0.172752065E+02  -0.170638830E+02  -0.168659828E+02  -0.169999353E+02  -0.179275106E+02  -0.178366810E+02  -0.179360640E+02  -0.178746783E+02  -0.179335468E+02
   0.410052407E+06   0.247244342E+05  -0.176269021E+02  -0.173018749E+02  -0.168906176E+02  -0.165727451E+02  -0.162669893E+02  -0.184057772E+02  -0.172968085E+02  -0.170919111E+02  -0.169014385E+02  -0.170313887E+02  -0.179156821E+02  -0.177883759E+02  -0.179237237E+02  -0.178698417E+02  -0.179107030E+02
   0.420044626E+06   0.240184126E+05  -0.176424973E+02  -0.173263166E+02  -0.169218300E+02  -0.166074099E+02  -0.163040475E+02  -0.184217416E+02  -0.173194144E+02  -0.171205959E+02  -0.169371623E+02  -0.170633212E+02  -0.179066300E+02  -0.177447712E+02  -0.179141633E+02  -0.178674757E+02  -0.178912513E+02
   0.430072451E+06   0.233791974E+05  -0.176595297E+02  -0.173521344E+02  -0.169543614E+02  -0.166433465E+02  -0.163421696E+02  -0.184391407E+02  -0.173434027E+02  -0.171506217E+02  -0.169741446E+02  -0.170965605E+02  -0.178992554E+02  -0.177031769E+02  -0.179062601E+02  -0.178668497E+02  -0.178736353E+02
   0.440002831E+06   0.228063209E+05  -0.176772026E+02  -0.173779804E+02  -0.169864452E+02  -0.166785940E+02  -0.163794248E+02  -0.184571548E+02  -0.173675465E+02  -0.171803765E+02  -0.170103684E+02  -0.171293053E+02  -0.178942588E+02  -0.176663765E+02  -0.179007589E+02  -0.178681619E+02  -0.178591458E+02
   0.450011212E+06   0.222709339E+05  -0.176948298E+02  -0.174037562E+02  -0.170184260E+02  -0.167137229E+02  -0.164165186E+02  -0.184751225E+02  -0.173916250E+02  -0.172100392E+02  -0.170464771E+02  -0.171619501E+02  -0.178893461E+02  -0.176298064E+02  -0.178953216E+02  -0.178695882E+02  -0.178448264E+02
   0.460015665E+06   0.217771956E+05  -0.177125287E+02  -0.174293396E+02  -0.170500082E+02  -0.167483509E+02  -0.164530254E+02  -0.184931505E+02  -0.174155653E+02  -0.172393810E+02  -0.170820443E+02  -0.171941734E+02  -0.178852738E+02  -0.175951536E+02  -0.178907276E+02  -0.178716671E+02  -0.178317628E+02
   0.470043459E+06   0.213199926E+05  -0.177303587E+02  -0.174548872E+02  -0.170814217E+02  -0.167827454E+02  -0.164892350E+02  -0.185113024E+02  -0.174395036E+02  -0.172686045E+02  -0.171173486E+02  -0.172262133E+02  -0.178818348E+02  -0.175618363E+02  -0.178867627E+02  -0.178742677E+02  -0.178196414E+02
   0.480041899E+06   0.208875617E+05  -0.177469805E+02  -0.174790265E+02  -0.171112722E+02  -0.168154962E+02  -0.165237633E+02  -0.185282387E+02  -0.174620758E+02  -0.172963217E+02  -0.171509870E+02  -0.172566731E+02  -0.178777698E+02  -0.175287001E+02  -0.178821746E+02  -0.178760983E+02  -0.178071397E+02
   0.490048202E+06   0.204809994E+05  -0.177632005E+02  -0.175028981E+02  -0.171409495E+02  -0.168481170E+02  -0.165582177E+02  -0.185447816E+02  -0.174843537E+02  -0.173238280E+02  -0.171845144E+02  -0.172869683E+02  -0.178730153E+02  -0.174944414E+02  -0.178768591E+02  -0.178773773E+02  -0.177938515E+02
   0.500003920E+06   0.201013185E+05  -0.177789889E+02  -0.175258321E+02  -0.171693052E+02  -0.168792217E+02  -0.165910347E+02  -0.185608714E+02  -0.175057992E+02  -0.173501563E+02  -0.172164657E+02  -0.173159012E+02  -0.178692159E+02  -0.174630886E+02  -0.178725357E+02  -0.178792123E+02  -0.177820826E+02
   0.510033161E+06   0.197320103E+05  -0.177933910E+02  -0.175477929E+02  -0.171969981E+02  -0.169098161E+02  -0.166234770E+02  -0.185755928E+02  -0.175261891E+02  -0.173757082E+02  -0.172479507E+02  -0.173442063E+02  -0.178629816E+02  -0.174278132E+02  -0.178657221E+02  -0.178789034E+02  -0.177673970E+02
   0.520027588E+06   0.193796641E+05  -0.178067561E+02  -0.175685890E+02  -0.172234281E+02  -0.169390966E+02  -0.166545862E+02  -0.185892718E+02  -0.175454419E+02  -0.174000347E+02  -0.172781051E+02  -0.173712389E+02  -0.178560868E+02  -0.173924030E+02  -0.178582494E+02  -0.178778223E+02  -0.177521868E+02
   0.530058944E+06   0.190459823E+05  -0.178198396E+02  -0.175887098E+02  -0.172488845E+02  -0.169672525E+02  -0.166844739E+02  -0.186026526E+02  -0.175641012E+02  -0.174234991E+02  -0.173070885E+02  -0.173972659E+02  -0.178499835E+02  -0.173592949E+02  -0.178515990E+02  -0.178772248E+02  -0.177382087E+02
   0.540009330E+06   0.187232093E+05  -0.178310037E+02  -0.176074314E+02  -0.172733181E+02  -0.169945769E+02  -0.167138692E+02  -0.186141387E+02  -0.175812485E+02  -0.174457953E+02  -0.173353019E+02  -0.174223123E+02  -0.178406812E+02  -0.173211552E+02  -0.178416676E+02  -0.178739015E+02  -0.177205388E+02
   0.550021776E+06   0.184079867E+05  -0.178409354E+02  -0.176248653E+02  -0.172964197E+02  -0.170205471E+02  -0.167419262E+02  -0.186243903E+02  -0.175971190E+02  -0.174667755E+02  -0.173621547E+02  -0.174460223E+02  -0.178303157E+02  -0.172821864E+02  -0.178306717E+02  -0.178694811E+02  -0.177018798E+02
   0.560023003E+06   0.181082126E+05  -0.178505444E+02  -0.176416089E+02  -0.173185533E+02  -0.170454085E+02  -0.167687722E+02  -0.186343036E+02  -0.176123757E+02  -0.174868915E+02  -0.173878555E+02  -0.174687344E+02  -0.178206222E+02  -0.172452914E+02  -0.178203786E+02  -0.178654413E+02  -0.176842993E+02
   0.570024881E+06   0.178158581E+05  -0.178585441E+02  -0.176571626E+02  -0.173398054E+02  -0.170695420E+02  -0.167954837E+02  -0.186426273E+02  -0.176263559E+02  -0.175060104E+02  -0.174128758E+02  -0.174906005E+02  -0.178083013E+02  -0.172043172E+02  -0.178073975E+02  -0.178591999E+02  -0.176637562E+02
   0.580023269E+06   0.175293652E+05  -0.178648833E+02  -0.176712473E+02  -0.173597289E+02  -0.170924164E+02  -0.168212545E+02  -0.186492996E+02  -0.176388277E+02  -0.175237479E+02  -0.174366583E+02  -0.175111543E+02  -0.177938656E+02  -0.171605791E+02  -0.177922714E+02  -0.178510476E+02  -0.176409578E+02
   0.590030772E+06   0.172551144E+05  -0.178709429E+02  -0.176847217E+02  -0.173787924E+02  -0.171143048E+02  -0.168459156E+02  -0.186556783E+02  -0.176507580E+02  -0.175407190E+02  -0.174594161E+02  -0.175308212E+02  -0.177800383E+02  -0.171187014E+02  -0.177777831E+02  -0.178432351E+02  -0.176191251E+02
   0.600066105E+06   0.169888189E+05  -0.178762247E+02  -0.176972464E+02  -0.173967766E+02  -0.171350484E+02  -0.168693206E+02  -0.186612716E+02  -0.176617745E+02  -0.175566591E+02  -0.174810084E+02  -0.175493947E+02  -0.177659022E+02  -0.170771748E+02  -0.177629987E+02  -0.178349581E+02  -0.175971791E+02
   0.610026653E+06   0.167281553E+05  -0.178793112E+02  -0.177083923E+02  -0.174139881E+02  -0.171553332E+02  -0.168915213E+02  -0.186647069E+02  -0.176712444E+02  -0.175715977E+02  -0.175022264E+02  -0.175672632E+02  -0.177475776E+02  -0.170286027E+02  -0.177438920E+02  -0.178227840E+02  -0.175703880E+02
   0.620067560E+06   0.164745197E+05  -0.178819284E+02  -0.177188518E+02  -0.174303497E+02  -0.171746851E+02  -0.169127374E+02  -0.186676635E+02  -0.176800729E+02  -0.175857475E+02  -0.175224863E+02  -0.175842639E+02  -0.177293610E+02  -0.169809542E+02  -0.177249145E+02  -0.178105522E+02  -0.175439334E+02
   0.630041982E+06   0.162332865E+05  -0.178844666E+02  -0.177288487E+02  -0.174459601E+02  -0.171931396E+02  -0.169329650E+02  -0.186705245E+02  -0.176885187E+02  -0.175992543E+02  -0.175418045E+02  -0.176004822E+02  -0.177120840E+02  -0.169356846E+02  -0.177069139E+02  -0.177989674E+02  -0.175188212E+02
   0.640039983E+06   0.159955140E+05  -0.178857829E+02  -0.177375379E+02  -0.174601981E+02  -0.172101890E+02  -0.169517650E+02  -0.186721598E+02  -0.176956745E+02  -0.176114130E+02  -0.175597074E+02  -0.176153211E+02  -0.176938177E+02  -0.168897530E+02  -0.176879307E+02  -0.177863235E+02  -0.174928142E+02
   0.650066816E+06   0.157622328E+05  -0.178852962E+02  -0.177453731E+02  -0.174742826E+02  -0.172274439E+02  -0.169708908E+02  -0.186720356E+02  -0.177017753E+02  -0.176231530E+02  -0.175779187E+02  -0.176300833E+02  -0.176714824E+02  -0.168364940E+02  -0.176647089E+02  -0.177701120E+02  -0.174619758E+02
   0.660001694E+06   0.155412630E+05  -0.178850159E+02  -0.177529754E+02  -0.174878045E+02  -0.172439687E+02  -0.169891878E+02  -0.186720987E+02  -0.177077347E+02  -0.176344542E+02  -0.175953495E+02  -0.176442471E+02  -0.176505065E+02  -0.167862263E+02  -0.176428933E+02  -0.177549368E+02  -0.174329455E+02
   0.670026990E+06   0.153260790E+05  -0.178844799E+02  -0.177601157E+02  -0.175007094E+02  -0.172597980E+02  -0.170067428E+02  -0.186718971E+02  -0.177132751E+02  -0.176451965E+02  -0.176120610E+02  -0.176577771E+02  -0.176298168E+02  -0.167370119E+02  -0.176213859E+02  -0.177398959E+02  -0.174044124E+02
   0.680053491E+06   0.151138914E+05  -0.178829109E+02  -0.177661160E+02  -0.175123940E+02  -0.172743662E+02  -0.170230128E+02  -0.186706577E+02  -0.177176978E+02  -0.176547486E+02  -0.176274992E+02  -0.176700781E+02  -0.176083747E+02  -0.166874421E+02  -0.175991375E+02  -0.177240239E+02  -0.173752360E+02
   0.690008123E+06   0.149100576E+05  -0.178805658E+02  -0.177715696E+02  -0.175236972E+02  -0.172886383E+02  -0.170392668E+02  -0.186686540E+02  -0.177215258E+02  -0.176638560E+02  -0.176426676E+02  -0.176820198E+02  -0.175856887E+02  -0.166359326E+02  -0.175755852E+02  -0.177068214E+02  -0.173446913E+02
   0.700043204E+06   0.147144496E+05  -0.178780317E+02  -0.177771600E+02  -0.175353742E+02  -0.173034059E+02  -0.170563583E+02  -0.186664773E+02  -0.177254225E+02  -0.176732467E+02  -0.176583688E+02  -0.176943655E+02  -0.175621152E+02  -0.165825073E+02  -0.175510688E+02  -0.176886711E+02  -0.173130548E+02
   0.710044855E+06   0.145242657E+05  -0.178750407E+02  -0.177820683E+02  -0.175462002E+02  -0.173172368E+02  -0.170724486E+02  -0.186638338E+02  -0.177286839E+02  -0.176818499E+02  -0.176731075E+02  -0.177058418E+02  -0.175386682E+02  -0.165300364E+02  -0.175267051E+02  -0.176704969E+02  -0.172817684E+02
   0.720014127E+06   0.143381887E+05  -0.178714161E+02  -0.177861724E+02  -0.175560943E+02  -0.173300710E+02  -0.170874933E+02  -0.186605492E+02  -0.177311768E+02  -0.176895691E+02  -0.176868298E+02  -0.177163721E+02  -0.175150293E+02  -0.164780003E+02  -0.175021694E+02  -0.176520170E+02  -0.172504595E+02
   0.730007818E+06   0.141583881E+05  -0.178678736E+02  -0.177900979E+02  -0.175656145E+02  -0.173424320E+02  -0.171019903E+02  -0.186573352E+02  -0.177335454E+02  -0.176969877E+02  -0.177000490E+02  -0.177265070E+02  -0.174921476E+02  -0.164276792E+02  -0.174784211E+02  -0.176341203E+02  -0.172201664E+02
   0.740014856E+06   0.139866473E+05  -0.178647172E+02  -0.177941727E+02  -0.175751055E+02  -0.173546736E+02  -0.171163019E+02  -0.186544973E+02  -0.177361126E+02  -0.177044440E+02  -0.177131215E+02  -0.177365937E+02  -0.174702927E+02  -0.163792851E+02  -0.174557200E+02  -0.176170114E+02  -0.171911604E+02
   0.750026354E+06   0.138182812E+05  -0.178596541E+02  -0.177973368E+02  -0.175844192E+02  -0.173671168E+02  -0.171311191E+02  -0.186497998E+02  -0.177375599E+02  -0.177114451E+02  -0.177265089E+02  -0.177465919E+02  -0.174442659E+02  -0.163234054E+02  -0.174286511E+02  -0.175954571E+02  -0.171572878E+02
   0.760008788E+06   0.136539864E+05  -0.178542666E+02  -0.177999775E+02  -0.175930610E+02  -0.173788124E+02  -0.171451312E+02  -0.186447691E+02  -0.177385256E+02  -0.177178302E+02  -0.177391258E+02  -0.177559016E+02  -0.174184217E+02  -0.162684300E+02  -0.174017899E+02  -0.175739772E+02  -0.171237875E+02
   0.770049529E+06   0.134942903E+05  -0.178489686E+02  -0.178024831E+02  -0.176013997E+02  -0.173901193E+02  -0.171586898E+02  -0.186398180E+02  -0.177394029E+02  -0.177239752E+02  -0.177513283E+02  -0.177648894E+02  -0.173932397E+02  -0.162149323E+02  -0.173756193E+02  -0.175530374E+02  -0.170911636E+02
   0.780060791E+06   0.133418525E+05  -0.178441851E+02  -0.178051485E+02  -0.176096330E+02  -0.174011860E+02  -0.171719059E+02  -0.186353656E+02  -0.177405141E+02  -0.177301147E+02  -0.177632499E+02  -0.177737424E+02  -0.173694759E+02  -0.161641398E+02  -0.173509120E+02  -0.175333229E+02  -0.170602962E+02
   0.790059101E+06   0.131924617E+05  -0.178390081E+02  -0.178072714E+02  -0.176172126E+02  -0.174115423E+02  -0.171843686E+02  -0.186305130E+02  -0.177411138E+02  -0.177356422E+02  -0.177744439E+02  -0.177819292E+02  -0.173456978E+02  -0.161138732E+02  -0.173262092E+02  -0.175135133E+02  -0.170295566E+02
   0.800052198E+06   0.130466322E+05  -0.178336835E+02  -0.178090728E+02  -0.176243405E+02  -0.174213808E+02  -0.171962632E+02  -0.186255052E+02  -0.177414283E+02  -0.177407670E+02  -0.177851002E+02  -0.177896499E+02  -0.173222158E+02  -0.160645341E+02  -0.173018244E+02  -0.174939050E+02  -0.169992788E+02
   0.810027857E+06   0.129049916E+05  -0.178270318E+02  -0.178102271E+02  -0.176313239E+02  -0.174313309E+02  -0.172084548E+02  -0.186192034E+02  -0.177409525E+02  -0.177455533E+02  -0.177959470E+02  -0.177972854E+02  -0.172959405E+02  -0.160102164E+02  -0.172744956E+02  -0.174716267E+02  -0.169658188E+02
   0.820010111E+06   0.127686652E+05  -0.178202108E+02  -0.178113371E+02  -0.176383541E+02  -0.174413743E+02  -0.172207709E+02  -0.186127392E+02  -0.177404057E+02  -0.177503499E+02  -0.178069015E+02  -0.178049792E+02  -0.172692931E+02  -0.159551954E+02  -0.172467508E+02  -0.174489372E+02  -0.169319802E+02
   0.830011745E+06   0.126346730E+05  -0.178131077E+02  -0.178120293E+02  -0.176448650E+02  -0.174508468E+02  -0.172324772E+02  -0.186059867E+02  -0.177394695E+02  -0.177546655E+02  -0.178172697E+02  -0.178121424E+02  -0.172427031E+02  -0.159007175E+02  -0.172190822E+02  -0.174262372E+02  -0.168983220E+02
   0.840034106E+06   0.125037132E+05  -0.178060164E+02  -0.178125569E+02  -0.176510797E+02  -0.174599561E+02  -0.172437697E+02  -0.185992382E+02  -0.177384055E+02  -0.177587345E+02  -0.178272543E+02  -0.178189946E+02  -0.172165659E+02  -0.158473238E+02  -0.171918908E+02  -0.174039021E+02  -0.168652768E+02
   0.850040986E+06   0.123759063E+05  -0.177988522E+02  -0.178128281E+02  -0.176569010E+02  -0.174686024E+02  -0.172545466E+02  -0.185924085E+02  -0.177371235E+02  -0.177624619E+02  -0.178367548E+02  -0.178254381E+02  -0.171908144E+02  -0.157949718E+02  -0.171651105E+02  -0.173818611E+02  -0.168327835E+02
   0.860008391E+06   0.122524820E+05  -0.177918581E+02  -0.178130144E+02  -0.176624471E+02  -0.174768765E+02  -0.172648784E+02  -0.185857373E+02  -0.177358098E+02  -0.177659858E+02  -0.178458539E+02  -0.178315850E+02  -0.171658703E+02  -0.157443394E+02  -0.171391728E+02  -0.173605002E+02  -0.168013287E+02
   0.870035574E+06   0.121310631E+05  -0.177847128E+02  -0.178129329E+02  -0.176676384E+02  -0.174847515E+02  -0.172747775E+02  -0.185789098E+02  -0.177342527E+02  -0.177691877E+02  -0.178545405E+02  -0.178373674E+02  -0.171410667E+02  -0.156942649E+02  -0.171133918E+02  -0.173392217E+02  -0.167701203E+02
   0.880057205E+06   0.120124621E+05  -0.177775185E+02  -0.178126385E+02  -0.176724944E+02  -0.174922289E+02  -0.172842322E+02  -0.185720259E+02  -0.177325170E+02  -0.177721005E+02  -0.178628106E+02  -0.178428007E+02  -0.171166239E+02  -0.156451377E+02  -0.170879943E+02  -0.173182221E+02  -0.167394213E+02
   0.890035574E+06   0.118979621E+05  -0.177685796E+02  -0.178115887E+02  -0.176773263E+02  -0.175000587E+02  -0.172942092E+02  -0.185634466E+02  -0.177298167E+02  -0.177747056E+02  -0.178715484E+02  -0.178482982E+02  -0.170883647E+02  -0.155890436E+02  -0.170585480E+02  -0.172935103E+02  -0.167044529E+02
   0.900049499E+06   0.117848886E+05  -0.177591307E+02  -0.178100787E+02  -0.176817346E+02  -0.175074838E+02  -0.173037836E+02  -0.185543601E+02  -0.177266457E+02  -0.177768724E+02  -0.178798873E+02  -0.178533768E+02  -0.170595144E+02  -0.155322223E+02  -0.170284935E+02  -0.172681902E+02  -0.166688962E+02
   0.910011198E+06   0.116750797E+05  -0.177498143E+02  -0.178084720E+02  -0.176858753E+02  -0.175145542E+02  -0.173129413E+02  -0.185453957E+02  -0.177234259E+02  -0.177788364E+02  -0.178878452E+02  -0.178581684E+02  -0.170313569E+02  -0.154769013E+02  -0.169991665E+02  -0.172434609E+02  -0.166342258E+02
   0.920057656E+06   0.115658896E+05  -0.177401496E+02  -0.178064735E+02  -0.176895918E+02  -0.175211839E+02  -0.173216464E+02  -0.185360809E+02  -0.177198234E+02  -0.177803884E+02  -0.178953573E+02  -0.178625322E+02  -0.170029571E+02  -0.154214912E+02  -0.169696038E+02  -0.172184700E+02  -0.165993500E+02
   0.930049234E+06   0.114610875E+05  -0.177310372E+02  -0.178047193E+02  -0.176933230E+02  -0.175277112E+02  -0.173301658E+02  -0.185273045E+02  -0.177165297E+02  -0.177820421E+02  -0.179027317E+02  -0.178668847E+02  -0.169758626E+02  -0.153684718E+02  -0.169413931E+02  -0.171946474E+02  -0.165660397E+02
   0.940006153E+06   0.113589303E+05  -0.177219541E+02  -0.178028086E+02  -0.176967592E+02  -0.175338729E+02  -0.173382694E+02  -0.185185487E+02  -0.177131183E+02  -0.177834533E+02  -0.179097191E+02  -0.178709265E+02  -0.169492511E+02  -0.153165897E+02  -0.169136937E+02  -0.171712253E+02  -0.165333692E+02
   0.950034950E+06   0.112571598E+05  -0.177125298E+02  -0.178005296E+02  -0.176998068E+02  -0.175396358E+02  -0.173459667E+02  -0.185094506E+02  -0.177093443E+02  -0.177844835E+02  -0.179163045E+02  -0.178745774E+02  -0.169223648E+02  -0.152645284E+02  -0.168857235E+02  -0.171475162E+02  -0.165004469E+02
   0.960004925E+06   0.111576030E+05  -0.177030248E+02  -0.177980145E+02  -0.177025025E+02  -0.175449877E+02  -0.173532110E+02  -0.185002647E+02  -0.177053667E+02  -0.177852057E+02  -0.179224609E+02  -0.178778633E+02  -0.168957776E+02  -0.152133139E+02  -0.168580761E+02  -0.171240373E+02  -0.164679551E+02
   0.970015148E+06   0.110593629E+05  -0.176933722E+02  -0.177952594E+02  -0.177048893E+02  -0.175499955E+02  -0.173600861E+02  -0.184909270E+02  -0.177011684E+02  -0.177856451E+02  -0.179282627E+02  -0.178808324E+02  -0.168692688E+02  -0.151625035E+02  -0.168305211E+02  -0.171005955E+02  -0.164356197E+02
   0.980057453E+06   0.109648453E+05  -0.176833454E+02  -0.177924260E+02  -0.177074162E+02  -0.175552578E+02  -0.173672913E+02  -0.184812308E+02  -0.176968288E+02  -0.177861377E+02  -0.179343545E+02  -0.178839700E+02  -0.168418560E+02  -0.151099197E+02  -0.168019712E+02  -0.170765522E+02  -0.164023524E+02
   0.990027688E+06   0.108722784E+05  -0.176715502E+02  -0.177885976E+02  -0.177095206E+02  -0.175603945E+02  -0.173745730E+02  -0.184698053E+02  -0.176913306E+02  -0.177859844E+02  -0.179404121E+02  -0.178867560E+02  -0.168111013E+02  -0.150515532E+02  -0.167698872E+02  -0.170497899E+02  -0.163654531E+02
   0.100002968E+07   0.107799603E+05  -0.176593967E+02  -0.177843894E+02  -0.177112294E+02  -0.175651275E+02  -0.173814450E+02  -0.184580206E+02  -0.176854571E+02  -0.177854414E+02  -0.179460635E+02  -0.178891446E+02  -0.167800392E+02  -0.149929536E+02  -0.167374994E+02  -0.170227095E+02  -0.163282630E+02
   0.101003927E+07   0.106886496E+05  -0.176470563E+02  -0.177799077E+02  -0.177126001E+02  -0.175694893E+02  -0.173879226E+02  -0.184460448E+02  -0.176793282E+02  -0.177845849E+02  -0.179513336E+02  -0.178911875E+02  -0.167489965E+02  -0.149346738E+02  -0.167051455E+02  -0.169956051E+02  -0.162911591E+02
   0.102005156E+07   0.105990523E+05  -0.176347201E+02  -0.177752827E+02  -0.177137176E+02  -0.175735419E+02  -0.173940512E+02  -0.184340665E+02  -0.176730870E+02  -0.177835171E+02  -0.179562775E+02  -0.178929648E+02  -0.167183090E+02  -0.148772603E+02  -0.166731714E+02  -0.169687819E+02  -0.162545241E+02
   0.103001424E+07   0.105135146E+05  -0.176232429E+02  -0.177711673E+02  -0.177150846E+02  -0.175777109E+02  -0.174002023E+02  -0.184229310E+02  -0.176674286E+02  -0.177827978E+02  -0.179612975E+02  -0.178949616E+02  -0.166893120E+02  -0.148227483E+02  -0.166429461E+02  -0.169434741E+02  -0.162198491E+02
   0.104002065E+07   0.104288881E+05  -0.176117096E+02  -0.177669174E+02  -0.177162586E+02  -0.175816571E+02  -0.174061094E+02  -0.184117356E+02  -0.176616521E+02  -0.177819077E+02  -0.179660855E+02  -0.178967587E+02  -0.166604455E+02  -0.147686385E+02  -0.166128643E+02  -0.169182575E+02  -0.161853651E+02
   0.105000793E+07   0.103444466E+05  -0.175997568E+02  -0.177622320E+02  -0.177169854E+02  -0.175851500E+02  -0.174115588E+02  -0.184001201E+02  -0.176554435E+02  -0.177805748E+02  -0.179704185E+02  -0.178981072E+02  -0.166311973E+02  -0.147142023E+02  -0.165824036E+02  -0.168926514E+02  -0.161505117E+02
   0.106001350E+07   0.102607537E+05  -0.175876205E+02  -0.177572987E+02  -0.177174163E+02  -0.175883225E+02  -0.174166706E+02  -0.183883181E+02  -0.176490005E+02  -0.177789643E+02  -0.179744235E+02  -0.178991543E+02  -0.166019191E+02  -0.146599593E+02  -0.165519235E+02  -0.168669828E+02  -0.161156779E+02
   0.107001206E+07   0.101782837E+05  -0.175753747E+02  -0.177521507E+02  -0.177175540E+02  -0.175911618E+02  -0.174214208E+02  -0.183764016E+02  -0.176423648E+02  -0.177770905E+02  -0.179780832E+02  -0.178998993E+02  -0.165727818E+02  -0.146062220E+02  -0.165216019E+02  -0.168414024E+02  -0.160810662E+02
   0.108003061E+07   0.100986050E+05  -0.175637487E+02  -0.177473822E+02  -0.177178924E+02  -0.175941103E+02  -0.174262155E+02  -0.183650939E+02  -0.176361590E+02  -0.177754854E+02  -0.179818243E+02  -0.179008243E+02  -0.165448360E+02  -0.145545088E+02  -0.164925119E+02  -0.168168931E+02  -0.160478313E+02
   0.109000407E+07   0.100214014E+05  -0.175525823E+02  -0.177428604E+02  -0.177183187E+02  -0.175970657E+02  -0.174309598E+02  -0.183542359E+02  -0.176302445E+02  -0.177740287E+02  -0.179855478E+02  -0.179018192E+02  -0.165178568E+02  -0.145045006E+02  -0.164644241E+02  -0.167932437E+02  -0.160157274E+02
   0.110003895E+07   0.994380028E+04  -0.175385132E+02  -0.177366726E+02  -0.177179967E+02  -0.175997500E+02  -0.174357832E+02  -0.183405381E+02  -0.176224025E+02  -0.177714634E+02  -0.179891480E+02  -0.179021797E+02  -0.164854732E+02  -0.144451601E+02  -0.164306238E+02  -0.167649017E+02  -0.159778408E+02
   0.111003106E+07   0.986688257E+04  -0.175232998E+02  -0.177297250E+02  -0.177171998E+02  -0.176021083E+02  -0.174403904E+02  -0.183257158E+02  -0.176137192E+02  -0.177683107E+02  -0.179924685E+02  -0.179021014E+02  -0.164511930E+02  -0.143827227E+02  -0.163948252E+02  -0.167348896E+02  -0.159379733E+02
   0.112000891E+07   0.979073401E+04  -0.175079260E+02  -0.177225344E+02  -0.177160985E+02  -0.176041306E+02  -0.174446391E+02  -0.183107293E+02  -0.176048103E+02  -0.177648771E+02  -0.179954433E+02  -0.179017115E+02  -0.164169431E+02  -0.143205971E+02  -0.163590722E+02  -0.167048653E+02  -0.158981920E+02
   0.113000419E+07   0.971613504E+04  -0.174927926E+02  -0.177154175E+02  -0.177149471E+02  -0.176060392E+02  -0.174487289E+02  -0.182959753E+02  -0.175960101E+02  -0.177614409E+02  -0.179982850E+02  -0.179012569E+02  -0.163833177E+02  -0.142596633E+02  -0.163239742E+02  -0.166753794E+02  -0.158591477E+02
   0.114006205E+07   0.964380536E+04  -0.174784221E+02  -0.177088198E+02  -0.177141333E+02  -0.176081924E+02  -0.174529968E+02  -0.182819727E+02  -0.175877803E+02  -0.177584118E+02  -0.180013430E+02  -0.179011188E+02  -0.163510178E+02  -0.142008856E+02  -0.162902465E+02  -0.166470930E+02  -0.158215938E+02
   0.115006515E+07   0.957289399E+04  -0.174642220E+02  -0.177022401E+02  -0.177132240E+02  -0.176101919E+02  -0.174570696E+02  -0.182681332E+02  -0.175796004E+02  -0.177553306E+02  -0.180042295E+02  -0.179008720E+02  -0.163192398E+02  -0.141431491E+02  -0.162570687E+02  -0.166192499E+02  -0.157846648E+02
   0.116003792E+07   0.950219992E+04  -0.174496590E+02  -0.176952741E+02  -0.177119112E+02  -0.176117790E+02  -0.174607236E+02  -0.182539298E+02  -0.175710393E+02  -0.177518526E+02  -0.180067008E+02  -0.179002196E+02  -0.162871529E+02  -0.140851832E+02  -0.162235863E+02  -0.165910858E+02  -0.157474427E+02
   0.117004284E+07   0.943161744E+04  -0.174347974E+02  -0.176879975E+02  -0.177102788E+02  -0.176130419E+02  -0.174640502E+02  -0.182394272E+02  -0.175621700E+02  -0.177480584E+02  -0.180088466E+02  -0.178992466E+02  -0.162547949E+02  -0.140269871E+02  -0.161898351E+02  -0.165626445E+02  -0.157099576E+02
   0.118002703E+07   0.936180788E+04  -0.174198229E+02  -0.176805249E+02  -0.177083886E+02  -0.176140153E+02  -0.174670647E+02  -0.182248078E+02  -0.175531221E+02  -0.177440301E+02  -0.180106933E+02  -0.178980085E+02  -0.162225157E+02  -0.139691527E+02  -0.161561777E+02  -0.165342389E+02  -0.156726074E+02
   0.119003207E+07   0.929358116E+04  -0.174052243E+02  -0.176732582E+02  -0.177065777E+02  -0.176150030E+02  -0.174700473E+02  -0.182105562E+02  -0.175443159E+02  -0.177401295E+02  -0.180125345E+02  -0.178968350E+02  -0.161910047E+02  -0.139126660E+02  -0.161233200E+02  -0.165065139E+02  -0.156361405E+02
   0.120004268E+07   0.922760229E+04  -0.173913817E+02  -0.176665059E+02  -0.177051014E+02  -0.176162332E+02  -0.174732065E+02  -0.181970491E+02  -0.175360747E+02  -0.177366324E+02  -0.180145899E+02  -0.178959751E+02  -0.161608069E+02  -0.138583153E+02  -0.160918198E+02  -0.164799772E+02  -0.156011499E+02
   0.121002084E+07   0.916258132E+04  -0.173775876E+02  -0.176596992E+02  -0.177034942E+02  -0.176172931E+02  -0.174761675E+02  -0.181835857E+02  -0.175278008E+02  -0.177330337E+02  -0.180164632E+02  -0.178949753E+02  -0.161308951E+02  -0.138046012E+02  -0.160606245E+02  -0.164536735E+02  -0.155665150E+02
   0.122002633E+07   0.909741839E+04  -0.173633772E+02  -0.176524914E+02  -0.177014972E+02  -0.176179691E+02  -0.174787488E+02  -0.181697068E+02  -0.175191226E+02  -0.177290409E+02  -0.180179543E+02  -0.178935870E+02  -0.161005318E+02  -0.137503838E+02  -0.160289748E+02  -0.164269261E+02  -0.155314183E+02
   0.123003463E+07   0.903252692E+04  -0.173489156E+02  -0.176450032E+02  -0.176991981E+02  -0.176183319E+02  -0.174810088E+02  -0.181555752E+02  -0.175101701E+02  -0.177247543E+02  -0.180191288E+02  -0.178918941E+02  -0.160699845E+02  -0.136960817E+02  -0.159971466E+02  -0.163999796E+02  -0.154961573E+02
   0.124000775E+07   0.896834380E+04  -0.173322734E+02  -0.176361988E+02  -0.176962241E+02  -0.176183560E+02  -0.174831796E+02  -0.181393087E+02  -0.174997186E+02  -0.177195360E+02  -0.180200706E+02  -0.178896086E+02  -0.160356247E+02  -0.136352784E+02  -0.159612637E+02  -0.163696225E+02  -0.154569892E+02
   0.125006258E+07   0.890505594E+04  -0.173137430E+02  -0.176263499E+02  -0.176928314E+02  -0.176182898E+02  -0.174855038E+02  -0.181211990E+02  -0.174880442E+02  -0.177136481E+02  -0.180210257E+02  -0.178869847E+02  -0.159977924E+02  -0.135683850E+02  -0.159216701E+02  -0.163361844E+02  -0.154142680E+02
   0.126002986E+07   0.884442528E+04  -0.172962614E+02  -0.176171852E+02  -0.176898518E+02  -0.176184971E+02  -0.174880010E+02  -0.181041203E+02  -0.174771306E+02  -0.177082781E+02  -0.180222113E+02  -0.178847417E+02  -0.159618193E+02  -0.135045709E+02  -0.158840096E+02  -0.163044208E+02  -0.153736111E+02
   0.127000826E+07   0.878464200E+04  -0.172789463E+02  -0.176080708E+02  -0.176868361E+02  -0.176186238E+02  -0.174903856E+02  -0.180872026E+02  -0.174662918E+02  -0.177029054E+02  -0.180233026E+02  -0.178824522E+02  -0.159262711E+02  -0.134415709E+02  -0.158467977E+02  -0.162730234E+02  -0.153334447E+02
   0.128002317E+07   0.872473797E+04  -0.172612480E+02  -0.175985898E+02  -0.176834661E+02  -0.176184024E+02  -0.174924268E+02  -0.180699024E+02  -0.174550829E+02  -0.176971736E+02  -0.180240479E+02  -0.178798099E+02  -0.158903029E+02  -0.133780954E+02  -0.158091624E+02  -0.162412144E+02  -0.152928489E+02
   0.129002549E+07   0.866513285E+04  -0.172433306E+02  -0.175888487E+02  -0.176798055E+02  -0.176178748E+02  -0.174941504E+02  -0.180523812E+02  -0.174436225E+02  -0.176911630E+02  -0.180244821E+02  -0.178768734E+02  -0.158542068E+02  -0.133146292E+02  -0.157714075E+02  -0.162092567E+02  -0.152521484E+02
   0.130000580E+07   0.860604287E+04  -0.172253117E+02  -0.175789353E+02  -0.176759201E+02  -0.176170953E+02  -0.174956026E+02  -0.180347549E+02  -0.174320046E+02  -0.176849479E+02  -0.180246560E+02  -0.178737058E+02  -0.158181663E+02  -0.132514551E+02  -0.157337224E+02  -0.161773187E+02  -0.152115431E+02
   0.131003996E+07   0.854755352E+04  -0.172073801E+02  -0.175690270E+02  -0.176719784E+02  -0.176162279E+02  -0.174969444E+02  -0.180172120E+02  -0.174204092E+02  -0.176787003E+02  -0.180247325E+02  -0.178704747E+02  -0.157823962E+02  -0.131888273E+02  -0.156963247E+02  -0.161456096E+02  -0.151712548E+02
   0.132002120E+07   0.849116242E+04  -0.171902946E+02  -0.175596769E+02  -0.176683809E+02  -0.176155945E+02  -0.174984407E+02  -0.180005013E+02  -0.174094325E+02  -0.176728795E+02  -0.180250090E+02  -0.178675622E+02  -0.157481123E+02  -0.131286491E+02  -0.156604713E+02  -0.161152409E+02  -0.151326146E+02
   0.133001515E+07   0.843605722E+04  -0.171736851E+02  -0.175506264E+02  -0.176649519E+02  -0.176150619E+02  -0.174999894E+02  -0.179842581E+02  -0.173987925E+02  -0.176672779E+02  -0.180253656E+02  -0.178648027E+02  -0.157146965E+02  -0.130699296E+02  -0.156255220E+02  -0.160856510E+02  -0.150949419E+02
   0.134003599E+07   0.838112774E+04  -0.171568808E+02  -0.175413570E+02  -0.176612860E+02  -0.176142831E+02  -0.175012853E+02  -0.179678188E+02  -0.173879386E+02  -0.176614463E+02  -0.180254732E+02  -0.178618040E+02  -0.156811394E+02  -0.130111494E+02  -0.155904362E+02  -0.160559077E+02  -0.150571415E+02
   0.135006021E+07   0.832632113E+04  -0.171398053E+02  -0.175317996E+02  -0.176573196E+02  -0.176131975E+02  -0.175022696E+02  -0.179511076E+02  -0.173768003E+02  -0.176553191E+02  -0.180252719E+02  -0.178585034E+02  -0.156473487E+02  -0.129521921E+02  -0.155551202E+02  -0.160259222E+02  -0.150191170E+02
   0.136005632E+07   0.827195735E+04  -0.171226165E+02  -0.175220681E+02  -0.176531339E+02  -0.176118693E+02  -0.175029947E+02  -0.179342801E+02  -0.173655007E+02  -0.176489901E+02  -0.180248209E+02  -0.178549781E+02  -0.156135797E+02  -0.128934598E+02  -0.155198383E+02  -0.159959277E+02  -0.149811484E+02
   0.137003485E+07   0.821815098E+04  -0.171054110E+02  -0.175122434E+02  -0.176487981E+02  -0.176103617E+02  -0.175035193E+02  -0.179174322E+02  -0.173541239E+02  -0.176425330E+02  -0.180241816E+02  -0.178512960E+02  -0.155799640E+02  -0.128351368E+02  -0.154847252E+02  -0.159660478E+02  -0.149433762E+02
   0.138005373E+07   0.816526327E+04  -0.170885232E+02  -0.175026104E+02  -0.176445604E+02  -0.176089038E+02  -0.175040590E+02  -0.179008959E+02  -0.173429654E+02  -0.176362101E+02  -0.180235771E+02  -0.178477008E+02  -0.155469462E+02  -0.127778334E+02  -0.154502355E+02  -0.159367020E+02  -0.149062728E+02
   0.139006438E+07   0.811404721E+04  -0.170723633E+02  -0.174934760E+02  -0.176406507E+02  -0.176076862E+02  -0.175047757E+02  -0.178850764E+02  -0.173323537E+02  -0.176302811E+02  -0.180231859E+02  -0.178444133E+02  -0.155151661E+02  -0.127225355E+02  -0.154170301E+02  -0.159084778E+02  -0.148705363E+02
   0.140002293E+07   0.806405091E+04  -0.170565715E+02  -0.174845423E+02  -0.176368173E+02  -0.176064807E+02  -0.175054585E+02  -0.178696168E+02  -0.173219779E+02  -0.176244766E+02  -0.180227871E+02  -0.178411872E+02  -0.154841261E+02  -0.126685376E+02  -0.153845986E+02  -0.158809090E+02  -0.148356340E+02
   0.141005185E+07   0.801397432E+04  -0.170405098E+02  -0.174753499E+02  -0.176327334E+02  -0.176050288E+02  -0.175058980E+02  -0.178538880E+02  -0.173113410E+02  -0.176184183E+02  -0.180221433E+02  -0.178377116E+02  -0.154527918E+02  -0.126142087E+02  -0.153518707E+02  -0.158530516E+02  -0.148004313E+02
   0.142005070E+07   0.796425527E+04  -0.170206166E+02  -0.174638038E+02  -0.176273877E+02  -0.176028966E+02  -0.175060966E+02  -0.178344082E+02  -0.172980384E+02  -0.176106564E+02  -0.180210048E+02  -0.178331220E+02  -0.154149426E+02  -0.125487853E+02  -0.153121928E+02  -0.158193450E+02  -0.147589959E+02
   0.143001434E+07   0.791500245E+04  -0.169992664E+02  -0.174513139E+02  -0.176214771E+02  -0.176004016E+02  -0.175060860E+02  -0.178134998E+02  -0.172836834E+02  -0.176021756E+02  -0.180195684E+02  -0.178280192E+02  -0.153747234E+02  -0.124794134E+02  -0.152699897E+02  -0.157834970E+02  -0.147153226E+02
   0.144000509E+07   0.786606341E+04  -0.169778925E+02  -0.174387437E+02  -0.176154444E+02  -0.175977627E+02  -0.175059157E+02  -0.177925648E+02  -0.172692602E+02  -0.175935890E+02  -0.180179813E+02  -0.178227892E+02  -0.153346007E+02  -0.124103236E+02  -0.152278957E+02  -0.157477176E+02  -0.146717677E+02
   0.145001151E+07   0.781811364E+04  -0.169569820E+02  -0.174264590E+02  -0.176095649E+02  -0.175952085E+02  -0.175057802E+02  -0.177720843E+02  -0.172551599E+02  -0.175852074E+02  -0.180164577E+02  -0.178176963E+02  -0.152953204E+02  -0.123426618E+02  -0.151866840E+02  -0.157126928E+02  -0.146291247E+02
   0.146003387E+07   0.777162203E+04  -0.169368798E+02  -0.174147204E+02  -0.176040368E+02  -0.175929045E+02  -0.175058213E+02  -0.177523991E+02  -0.172416609E+02  -0.175772531E+02  -0.180151529E+02  -0.178129307E+02  -0.152574071E+02  -0.122772302E+02  -0.151468980E+02  -0.156789056E+02  -0.145879509E+02
   0.147002769E+07   0.772630194E+04  -0.169172921E+02  -0.174032855E+02  -0.175986558E+02  -0.175906665E+02  -0.175058693E+02  -0.177332179E+02  -0.172285099E+02  -0.175695071E+02  -0.180138889E+02  -0.178082931E+02  -0.152204570E+02  -0.122134551E+02  -0.151081225E+02  -0.156459777E+02  -0.145478226E+02
   0.148004568E+07   0.768127671E+04  -0.168976394E+02  -0.173917325E+02  -0.175931174E+02  -0.175882505E+02  -0.175057245E+02  -0.177139690E+02  -0.172152520E+02  -0.175616191E+02  -0.180124406E+02  -0.178034932E+02  -0.151835549E+02  -0.121499026E+02  -0.150694067E+02  -0.156130716E+02  -0.145077628E+02
   0.149005321E+07   0.763651124E+04  -0.168778726E+02  -0.173800187E+02  -0.175873835E+02  -0.175856211E+02  -0.175053531E+02  -0.176946037E+02  -0.172018432E+02  -0.175535492E+02  -0.180107733E+02  -0.177984935E+02  -0.151466382E+02  -0.120864892E+02  -0.150306869E+02  -0.155801279E+02  -0.144677068E+02
   0.150005556E+07   0.759202096E+04  -0.168580324E+02  -0.173681820E+02  -0.175814900E+02  -0.175828129E+02  -0.175047891E+02  -0.176751626E+02  -0.171883219E+02  -0.175453340E+02  -0.180089213E+02  -0.177933298E+02  -0.151097536E+02  -0.120232708E+02  -0.149920102E+02  -0.155471918E+02  -0.144277021E+02
   0.151002071E+07   0.754802445E+04  -0.168382527E+02  -0.173563170E+02  -0.175755021E+02  -0.175798761E+02  -0.175040716E+02  -0.176557775E+02  -0.171747909E+02  -0.175370502E+02  -0.180069301E+02  -0.177880635E+02  -0.150731186E+02  -0.119605943E+02  -0.149536031E+02  -0.155144615E+02  -0.143879816E+02
   0.152001524E+07   0.750468828E+04  -0.168187398E+02  -0.173445999E+02  -0.175695740E+02  -0.175769534E+02  -0.175033348E+02  -0.176366533E+02  -0.171614330E+02  -0.175288607E+02  -0.180049388E+02  -0.177828463E+02  -0.150370034E+02  -0.118988284E+02  -0.149157423E+02  -0.154821923E+02  -0.143488272E+02
   0.153000386E+07   0.746285581E+04  -0.168000507E+02  -0.173334361E+02  -0.175639983E+02  -0.175742787E+02  -0.175027702E+02  -0.176183393E+02  -0.171486852E+02  -0.175211020E+02  -0.180031632E+02  -0.177779567E+02  -0.150022880E+02  -0.118393524E+02  -0.148793419E+02  -0.154511896E+02  -0.143111781E+02
   0.154004190E+07   0.742220990E+04  -0.167819979E+02  -0.173226953E+02  -0.175586871E+02  -0.175717862E+02  -0.175023280E+02  -0.176006511E+02  -0.171364053E+02  -0.175136697E+02  -0.180015443E+02  -0.177733121E+02  -0.149686636E+02  -0.117816697E+02  -0.148440802E+02  -0.154211725E+02  -0.142747032E+02
   0.155004023E+07   0.738244670E+04  -0.167642460E+02  -0.173120965E+02  -0.175533999E+02  -0.175692567E+02  -0.175018041E+02  -0.175832558E+02  -0.171243009E+02  -0.175063075E+02  -0.179998693E+02  -0.177686772E+02  -0.149356782E+02  -0.117251484E+02  -0.148094932E+02  -0.153917161E+02  -0.142389292E+02
   0.156000592E+07   0.734311635E+04  -0.167464961E+02  -0.173014219E+02  -0.175479792E+02  -0.175665634E+02  -0.175010948E+02  -0.175658587E+02  -0.171121370E+02  -0.174988344E+02  -0.179980214E+02  -0.177639016E+02  -0.149028607E+02  -0.116690513E+02  -0.147750914E+02  -0.153623891E+02  -0.142033535E+02
   0.157001995E+07   0.730384518E+04  -0.167285903E+02  -0.172905807E+02  -0.175423839E+02  -0.175636915E+02  -0.175002038E+02  -0.175483051E+02  -0.170998088E+02  -0.174911898E+02  -0.179959935E+02  -0.177589504E+02  -0.148699099E+02  -0.116128558E+02  -0.147405588E+02  -0.153329236E+02  -0.141676485E+02
   0.158004327E+07   0.726479227E+04  -0.167106263E+02  -0.172796420E+02  -0.175366621E+02  -0.175606780E+02  -0.174991602E+02  -0.175306914E+02  -0.170873914E+02  -0.174834300E+02  -0.179938193E+02  -0.177538692E+02  -0.148369845E+02  -0.115568151E+02  -0.147060604E+02  -0.153034642E+02  -0.141319844E+02
   0.159004793E+07   0.722620494E+04  -0.166927632E+02  -0.172687205E+02  -0.175308951E+02  -0.175575870E+02  -0.174980156E+02  -0.175131743E+02  -0.170750087E+02  -0.174756494E+02  -0.179915577E+02  -0.177487351E+02  -0.148043384E+02  -0.115013291E+02  -0.146718600E+02  -0.152742427E+02  -0.140966322E+02
   0.160002561E+07   0.718876731E+04  -0.166754677E+02  -0.172581598E+02  -0.175253354E+02  -0.175546236E+02  -0.174969406E+02  -0.174962147E+02  -0.170630305E+02  -0.174681361E+02  -0.179893989E+02  -0.177437895E+02  -0.147727004E+02  -0.114475318E+02  -0.146387140E+02  -0.152459273E+02  -0.140623687E+02
   0.161004508E+07   0.715312731E+04  -0.166591923E+02  -0.172482957E+02  -0.175202323E+02  -0.175519920E+02  -0.174961068E+02  -0.174802589E+02  -0.170518169E+02  -0.174611731E+02  -0.179875333E+02  -0.177392709E+02  -0.147427711E+02  -0.113965072E+02  -0.146073491E+02  -0.152191611E+02  -0.140299399E+02
   0.162004027E+07   0.711872381E+04  -0.166435428E+02  -0.172388352E+02  -0.175153675E+02  -0.175495131E+02  -0.174953632E+02  -0.174649180E+02  -0.170410537E+02  -0.174545130E+02  -0.179857938E+02  -0.177349704E+02  -0.147139415E+02  -0.113473141E+02  -0.145771337E+02  -0.151933848E+02  -0.139986976E+02
   0.163007519E+07   0.708474703E+04  -0.166279869E+02  -0.172293915E+02  -0.175104625E+02  -0.175469643E+02  -0.174945283E+02  -0.174496668E+02  -0.170303235E+02  -0.174478349E+02  -0.179839752E+02  -0.177306227E+02  -0.146853689E+02  -0.112986307E+02  -0.145471925E+02  -0.151678276E+02  -0.139677422E+02
   0.164001488E+07   0.705183115E+04  -0.166127685E+02  -0.172200945E+02  -0.175055624E+02  -0.175443470E+02  -0.174935713E+02  -0.174347437E+02  -0.170197801E+02  -0.174412172E+02  -0.179820653E+02  -0.177262626E+02  -0.146575403E+02  -0.112513192E+02  -0.145180381E+02  -0.151429203E+02  -0.139376052E+02
   0.165000720E+07   0.701898993E+04  -0.165974657E+02  -0.172106996E+02  -0.175005546E+02  -0.175416166E+02  -0.174924975E+02  -0.174197354E+02  -0.170091416E+02  -0.174344955E+02  -0.179800408E+02  -0.177217934E+02  -0.146296559E+02  -0.112039960E+02  -0.144888308E+02  -0.151179505E+02  -0.139074176E+02
   0.166002885E+07   0.698619559E+04  -0.165796971E+02  -0.171997181E+02  -0.174945965E+02  -0.175382919E+02  -0.174910952E+02  -0.174023113E+02  -0.169967321E+02  -0.174265666E+02  -0.179775355E+02  -0.177164745E+02  -0.145977868E+02  -0.111499767E+02  -0.144553675E+02  -0.150894597E+02  -0.138734261E+02
   0.167003784E+07   0.695379529E+04  -0.165588843E+02  -0.171868175E+02  -0.174875325E+02  -0.175343175E+02  -0.174893847E+02  -0.173819073E+02  -0.169821675E+02  -0.174172024E+02  -0.179745266E+02  -0.177101797E+02  -0.145609545E+02  -0.110875371E+02  -0.144165885E+02  -0.150566006E+02  -0.138347379E+02
   0.168000654E+07   0.692250605E+04  -0.165388036E+02  -0.171743777E+02  -0.174807291E+02  -0.175304978E+02  -0.174877512E+02  -0.173622214E+02  -0.169681206E+02  -0.174081778E+02  -0.179716392E+02  -0.177041190E+02  -0.145254037E+02  -0.110272571E+02  -0.143791578E+02  -0.150248867E+02  -0.137973948E+02
   0.169003223E+07   0.689277689E+04  -0.165198868E+02  -0.171627208E+02  -0.174744275E+02  -0.175270312E+02  -0.174863617E+02  -0.173436797E+02  -0.169549368E+02  -0.173997658E+02  -0.179690585E+02  -0.176985232E+02  -0.144917880E+02  -0.109701453E+02  -0.143437560E+02  -0.149949168E+02  -0.137620763E+02
   0.170001961E+07   0.686483576E+04  -0.165022401E+02  -0.171518973E+02  -0.174686373E+02  -0.175239054E+02  -0.174851882E+02  -0.173263856E+02  -0.169426783E+02  -0.173919920E+02  -0.179667653E+02  -0.176933963E+02  -0.144603265E+02  -0.109166008E+02  -0.143106158E+02  -0.149668817E+02  -0.137290143E+02
   0.171002632E+07   0.683784079E+04  -0.164851674E+02  -0.171414169E+02  -0.174630197E+02  -0.175208620E+02  -0.174840310E+02  -0.173096535E+02  -0.169308114E+02  -0.173844581E+02  -0.179645262E+02  -0.176884195E+02  -0.144299068E+02  -0.108648459E+02  -0.142785743E+02  -0.149397724E+02  -0.136970484E+02
   0.172004265E+07   0.681128210E+04  -0.164682392E+02  -0.171309743E+02  -0.174573614E+02  -0.175177363E+02  -0.174827610E+02  -0.172930604E+02  -0.169190047E+02  -0.173769144E+02  -0.179621919E+02  -0.176833917E+02  -0.143998473E+02  -0.108137960E+02  -0.142469192E+02  -0.149129698E+02  -0.136654676E+02
   0.173003698E+07   0.678508790E+04  -0.164514036E+02  -0.171205354E+02  -0.174516411E+02  -0.175145138E+02  -0.174813687E+02  -0.172765554E+02  -0.169072205E+02  -0.173693345E+02  -0.179597500E+02  -0.176782932E+02  -0.143700607E+02  -0.107633071E+02  -0.142155588E+02  -0.148863954E+02  -0.136341806E+02
   0.174002020E+07   0.675922630E+04  -0.164346679E+02  -0.171101151E+02  -0.174458795E+02  -0.175112183E+02  -0.174798802E+02  -0.172601460E+02  -0.168954719E+02  -0.173617370E+02  -0.179572251E+02  -0.176731455E+02  -0.143405384E+02  -0.107133453E+02  -0.141844827E+02  -0.148600444E+02  -0.136031768E+02
   0.175004857E+07   0.673353898E+04  -0.164179421E+02  -0.170996621E+02  -0.174400538E+02  -0.175078421E+02  -0.174782988E+02  -0.172437443E+02  -0.168836997E+02  -0.173540878E+02  -0.179546143E+02  -0.176679296E+02  -0.143111121E+02  -0.106636173E+02  -0.141535131E+02  -0.148337682E+02  -0.135722792E+02
   0.176000346E+07   0.670861086E+04  -0.164016617E+02  -0.170894692E+02  -0.174343514E+02  -0.175045168E+02  -0.174767153E+02  -0.172277784E+02  -0.168722264E+02  -0.173466157E+02  -0.179520318E+02  -0.176628190E+02  -0.142825066E+02  -0.106153101E+02  -0.141234099E+02  -0.148082196E+02  -0.135422458E+02
   0.177001305E+07   0.668482114E+04  -0.163862077E+02  -0.170798246E+02  -0.174289923E+02  -0.175014263E+02  -0.174752870E+02  -0.172126246E+02  -0.168613601E+02  -0.173395678E+02  -0.179496502E+02  -0.176580247E+02  -0.142552904E+02  -0.105692919E+02  -0.140947644E+02  -0.147839207E+02  -0.135136669E+02
   0.178003104E+07   0.666263098E+04  -0.163719409E+02  -0.170709768E+02  -0.174241418E+02  -0.174986917E+02  -0.174741029E+02  -0.171986379E+02  -0.168513725E+02  -0.173331420E+02  -0.179475769E+02  -0.176537009E+02  -0.142300523E+02  -0.105265160E+02  -0.140681931E+02  -0.147614038E+02  -0.134871578E+02
   0.179007745E+07   0.664159517E+04  -0.163584765E+02  -0.170626493E+02  -0.174196036E+02  -0.174961595E+02  -0.174730405E+02  -0.171854388E+02  -0.168419646E+02  -0.173271105E+02  -0.179456715E+02  -0.176496621E+02  -0.142061872E+02  -0.104860255E+02  -0.140430642E+02  -0.147401183E+02  -0.134620877E+02
   0.180003733E+07   0.662135755E+04  -0.163454602E+02  -0.170545751E+02  -0.174151750E+02  -0.174936607E+02  -0.174719557E+02  -0.171726779E+02  -0.168328510E+02  -0.173212452E+02  -0.179437757E+02  -0.176457139E+02  -0.141831649E+02  -0.104470086E+02  -0.140188261E+02  -0.147195778E+02  -0.134379063E+02
   0.181002217E+07   0.660140570E+04  -0.163325178E+02  -0.170465049E+02  -0.174106990E+02  -0.174910873E+02  -0.174707764E+02  -0.171599873E+02  -0.168237561E+02  -0.173153528E+02  -0.179417968E+02  -0.176417116E+02  -0.141603578E+02  -0.104084328E+02  -0.139948203E+02  -0.146992175E+02  -0.134139564E+02
   0.182002161E+07   0.658175839E+04  -0.163196822E+02  -0.170384672E+02  -0.174062005E+02  -0.174884623E+02  -0.174695242E+02  -0.171473996E+02  -0.168147093E+02  -0.173094596E+02  -0.179397573E+02  -0.176376795E+02  -0.141378081E+02  -0.103703550E+02  -0.139710901E+02  -0.146790771E+02  -0.133902812E+02
   0.183002291E+07   0.656245984E+04  -0.163070071E+02  -0.170305048E+02  -0.174017145E+02  -0.174858167E+02  -0.174682269E+02  -0.171349680E+02  -0.168057558E+02  -0.173036036E+02  -0.179376867E+02  -0.176336516E+02  -0.141155913E+02  -0.103328858E+02  -0.139477139E+02  -0.146592268E+02  -0.133669590E+02
   0.184003086E+07   0.654349582E+04  -0.162944891E+02  -0.170226178E+02  -0.173972437E+02  -0.174831542E+02  -0.174668895E+02  -0.171226892E+02  -0.167968948E+02  -0.172977865E+02  -0.179355893E+02  -0.176296310E+02  -0.140936970E+02  -0.102960035E+02  -0.139246802E+02  -0.146396581E+02  -0.133439784E+02
   0.185000172E+07   0.652516041E+04  -0.162823621E+02  -0.170149684E+02  -0.173928972E+02  -0.174805562E+02  -0.174655726E+02  -0.171107937E+02  -0.167883037E+02  -0.172921384E+02  -0.179335376E+02  -0.176257198E+02  -0.140725046E+02  -0.102603198E+02  -0.139023862E+02  -0.146207141E+02  -0.133217358E+02
   0.186000027E+07   0.650774289E+04  -0.162709009E+02  -0.170077606E+02  -0.173888270E+02  -0.174781468E+02  -0.174643802E+02  -0.170995522E+02  -0.167802013E+02  -0.172868317E+02  -0.179316473E+02  -0.176220630E+02  -0.140524317E+02  -0.102264812E+02  -0.138812669E+02  -0.146027772E+02  -0.133006652E+02
   0.187003440E+07   0.649133024E+04  -0.162601838E+02  -0.170010515E+02  -0.173850744E+02  -0.174759593E+02  -0.174633395E+02  -0.170890422E+02  -0.167726492E+02  -0.172819140E+02  -0.179299488E+02  -0.176187001E+02  -0.140335998E+02  -0.101946777E+02  -0.138614489E+02  -0.145859580E+02  -0.132808932E+02
   0.188001357E+07   0.647575032E+04  -0.162500287E+02  -0.169947010E+02  -0.173815305E+02  -0.174739011E+02  -0.174623698E+02  -0.170790837E+02  -0.167654986E+02  -0.172772640E+02  -0.179283548E+02  -0.176155260E+02  -0.140157416E+02  -0.101645061E+02  -0.138426547E+02  -0.145700103E+02  -0.132621426E+02
   0.189000845E+07   0.646056897E+04  -0.162400866E+02  -0.169884662E+02  -0.173780304E+02  -0.174718487E+02  -0.174613782E+02  -0.170693332E+02  -0.167584841E+02  -0.172726863E+02  -0.179267548E+02  -0.176123864E+02  -0.139982935E+02  -0.101350595E+02  -0.138242944E+02  -0.145544239E+02  -0.132438248E+02
   0.190000384E+07   0.644571643E+04  -0.162303015E+02  -0.169823081E+02  -0.173745478E+02  -0.174697824E+02  -0.174603496E+02  -0.170597354E+02  -0.167515631E+02  -0.172681493E+02  -0.179251311E+02  -0.176092563E+02  -0.139811648E+02  -0.101061923E+02  -0.138062735E+02  -0.145391166E+02  -0.132258455E+02
   0.191005418E+07   0.643115075E+04  -0.162206654E+02  -0.169762289E+02  -0.173710925E+02  -0.174677161E+02  -0.174593010E+02  -0.170502831E+02  -0.167447358E+02  -0.172636599E+02  -0.179234988E+02  -0.176061468E+02  -0.139643271E+02  -0.100778428E+02  -0.137885606E+02  -0.145240651E+02  -0.132081734E+02
   0.192000857E+07   0.641710796E+04  -0.162113501E+02  -0.169703429E+02  -0.173677361E+02  -0.174656988E+02  -0.174582649E+02  -0.170411450E+02  -0.167381286E+02  -0.172593067E+02  -0.179218999E+02  -0.176031238E+02  -0.139480687E+02  -0.100504858E+02  -0.137714585E+02  -0.145095287E+02  -0.131911106E+02
   0.193000999E+07   0.640336988E+04  -0.162022139E+02  -0.169645616E+02  -0.173644296E+02  -0.174637023E+02  -0.174572283E+02  -0.170321822E+02  -0.167316417E+02  -0.172550249E+02  -0.179203128E+02  -0.176001433E+02  -0.139321401E+02  -0.100236994E+02  -0.137547045E+02  -0.144952848E+02  -0.131743951E+02
   0.194003889E+07   0.639002933E+04  -0.161933231E+02  -0.169589286E+02  -0.173611997E+02  -0.174617445E+02  -0.174562027E+02  -0.170234597E+02  -0.167253235E+02  -0.172508480E+02  -0.179187526E+02  -0.175972302E+02  -0.139166534E+02  -0.999766916E+01  -0.137384163E+02  -0.144814341E+02  -0.131581443E+02
   0.195004257E+07   0.637729212E+04  -0.161848586E+02  -0.169535745E+02  -0.173581401E+02  -0.174598995E+02  -0.174552476E+02  -0.170151559E+02  -0.167193152E+02  -0.172468841E+02  -0.179172871E+02  -0.175944729E+02  -0.139018912E+02  -0.997284027E+01  -0.137228889E+02  -0.144682339E+02  -0.131426525E+02
   0.196004195E+07   0.636512101E+04  -0.161767904E+02  -0.169484785E+02  -0.173552366E+02  -0.174581567E+02  -0.174543552E+02  -0.170072413E+02  -0.167135941E+02  -0.172431166E+02  -0.179159069E+02  -0.175918584E+02  -0.138878054E+02  -0.994913511E+01  -0.137080718E+02  -0.144556406E+02  -0.131278695E+02
   0.197002494E+07   0.635341297E+04  -0.161690284E+02  -0.169435756E+02  -0.173524427E+02  -0.174564792E+02  -0.174534958E+02  -0.169996270E+02  -0.167080899E+02  -0.172394916E+02  -0.179145784E+02  -0.175893424E+02  -0.138742546E+02  -0.992633098E+01  -0.136938176E+02  -0.144435255E+02  -0.131136481E+02
   0.198001649E+07   0.634203535E+04  -0.161614645E+02  -0.169387901E+02  -0.173497068E+02  -0.174548283E+02  -0.174526398E+02  -0.169922067E+02  -0.167027200E+02  -0.172359480E+02  -0.179132664E+02  -0.175868766E+02  -0.138610653E+02  -0.990414952E+01  -0.136799448E+02  -0.144317315E+02  -0.130998071E+02
