  0.0000000000E+000  0.0000000000E+000
  1.0000567084E+004  9.1379741880E+037
  2.0000391522E+004  9.7453484076E+037
  3.0000235597E+004  9.5371814075E+037
  4.0000224580E+004  9.3290333612E+037
  5.0000413387E+004  9.1402424374E+037
  6.0000211008E+004  8.9499826313E+037
  7.0000212303E+004  8.7275582357E+037
  8.0000361708E+004  8.3669916522E+037
  9.0000227380E+004  2.4330830474E+037
  1.0000030935E+005  5.0341063394E+037
  1.1000039835E+005  5.8834816919E+037
  1.2000036016E+005  6.0587852423E+037
  1.3000027623E+005  6.1929155094E+037
  1.4000025394E+005  6.3647107869E+037
  1.5000033285E+005  6.5565472968E+037
  1.6000042162E+005  6.7399187898E+037
  1.7000037870E+005  6.8708386904E+037
  1.8000053674E+005  6.9694883392E+037
  1.9000052563E+005  7.0514739160E+037
  2.0000052426E+005  6.9415153413E+037
  2.1000030394E+005  6.8041954344E+037
  2.2000037505E+005  6.7510839294E+037
  2.3000033716E+005  6.7454293392E+037
  2.4000028235E+005  6.7673121784E+037
  2.5000030327E+005  7.1024379440E+037
  2.6000038719E+005  1.8179315734E+038
  2.7000036967E+005  1.8934243317E+039
  2.8000043639E+005  2.1840970133E+039
  2.9000043311E+005  2.5349153527E+039
  3.0000029101E+005  3.0249816525E+039
  3.1000026738E+005  3.6831156738E+039
  3.2000030817E+005  4.5523382066E+039
  3.3000041814E+005  5.7245397362E+039
  3.4000033432E+005  7.3886899401E+039
  3.5000031008E+005  9.9079964664E+039
  3.6000025173E+005  1.4153963563E+040
  3.7000034426E+005  2.2951561324E+040
  3.8000041597E+005  1.3969281912E+041
  3.9000033603E+005  6.6189856549E+041
  4.0000033629E+005  2.1970449695E+042
  4.1000042971E+005  6.0212188219E+042
  4.2000031073E+005  1.4094224628E+043
  4.3000042516E+005  2.8439890201E+043
  4.4000050907E+005  5.0126671565E+043
  4.5000035980E+005  7.4468018676E+043
  4.6000049666E+005  8.4360506176E+043
  4.7000030192E+005  6.6398719191E+043
  4.8000051342E+005  4.1460579027E+043
  4.9000028491E+005  2.0449542945E+043
  5.0000011523E+005  1.5961017300E+043
  5.1000027397E+005  1.4498179292E+043
  5.2000047354E+005  1.3309200868E+043
  5.3000040978E+005  1.2472041899E+043
  5.4000050807E+005  1.1614750312E+043
  5.5000051379E+005  1.0837075944E+043
  5.6000047372E+005  1.0112990838E+043
  5.7000034113E+005  9.4696597203E+042
  5.8000035730E+005  8.8728989889E+042
  5.9000050755E+005  8.3275967565E+042
  6.0000031436E+005  7.8303000200E+042
  6.1000063771E+005  7.3754878798E+042
  6.2000046130E+005  6.9601512145E+042
  6.3000059396E+005  6.5808465577E+042
  6.4000055368E+005  6.2338981549E+042
  6.5000031650E+005  5.9181371178E+042
  6.6000040525E+005  5.6312276887E+042
  6.7000046579E+005  5.3688626873E+042
  6.8000031200E+005  5.1284540435E+042
  6.9000034272E+005  4.9084147735E+042
  7.0000052000E+005  4.7060238854E+042
  7.1000050972E+005  4.5185597430E+042
  7.2000058064E+005  4.3448710888E+042
  7.3000051583E+005  4.1844283241E+042
  7.4000057829E+005  4.0360312472E+042
  7.5000056443E+005  3.8978031640E+042
  7.6000049362E+005  3.7684397374E+042
  7.7000058522E+005  3.6473668409E+042
  7.8000054086E+005  3.5342254782E+042
  7.9000059669E+005  3.4281846151E+042
  8.0000041732E+005  3.3281132854E+042
  8.1000044156E+005  3.2332028214E+042
  8.2000061458E+005  3.1431718277E+042
  8.3000039390E+005  3.0579418907E+042
  8.4000048852E+005  2.9772615448E+042
  8.5000038405E+005  2.9005772271E+042
  8.6000041918E+005  2.8272029340E+042
  8.7000039241E+005  2.7567661161E+042
  8.8000034969E+005  2.6892092902E+042
  8.9000047621E+005  2.6246342938E+042
  9.0000051166E+005  2.5630605526E+042
  9.1000045268E+005  2.5043006106E+042
  9.2000056272E+005  2.4480692477E+042
  9.3000060172E+005  2.3940218741E+042
  9.4000043155E+005  2.3419911992E+042
  9.5000036919E+005  2.2919841085E+042
  9.6000061759E+005  2.2439880399E+042
  9.7000063990E+005  2.1979073287E+042
  9.8000065383E+005  2.1535665977E+042
  9.9000050799E+005  2.1107691429E+042
  1.0000006233E+006  2.0693816012E+042
  1.0100006577E+006  2.0293140770E+042
  1.0200004677E+006  1.9904725009E+042
  1.0300006412E+006  1.9528196805E+042
  1.0400004262E+006  1.9163287319E+042
  1.0500005563E+006  1.8809772903E+042
  1.0600005647E+006  1.8467192627E+042
  1.0700004728E+006  1.8135040574E+042
  1.0800007260E+006  1.7812814382E+042
  1.0900006465E+006  1.7500283684E+042
  1.1000005019E+006  1.7196951087E+042
  1.1100004781E+006  1.6902589729E+042
  1.1200004130E+006  1.6617167635E+042
  1.1300005664E+006  1.6340582179E+042
  1.1400004607E+006  1.6072765276E+042
  1.1500003877E+006  1.5813517958E+042
  1.1600006704E+006  1.5562729999E+042
  1.1700004584E+006  1.5320147878E+042
  1.1800005794E+006  1.5085444401E+042
  1.1900005979E+006  1.4858340611E+042
  1.2000007115E+006  1.4638247548E+042
  1.2100005762E+006  1.4424840010E+042
  1.2200006911E+006  1.4217969078E+042
  1.2300005841E+006  1.4017594654E+042
  1.2400004890E+006  1.3823576909E+042
  1.2500006088E+006  1.3635659463E+042
  1.2600003917E+006  1.3453631505E+042
  1.2700004279E+006  1.3277390989E+042
  1.2800006508E+006  1.3106886054E+042
  1.2900005340E+006  1.2942190646E+042
  1.3000006241E+006  1.2783044561E+042
  1.3100005284E+006  1.2629085280E+042
  1.3200007369E+006  1.2479941134E+042
  1.3300004094E+006  1.2335399539E+042
  1.3400003913E+006  1.2195557963E+042
  1.3500006089E+006  1.2060530131E+042
  1.3600004121E+006  1.1930253314E+042
  1.3700005182E+006  1.1804528456E+042
  1.3800005100E+006  1.1683109269E+042
  1.3900006372E+006  1.1565904479E+042
  1.4000004019E+006  1.1452707737E+042
  1.4100005377E+006  1.1343528448E+042
  1.4200004858E+006  1.1238356706E+042
  1.4300004689E+006  1.1136983137E+042
  1.4400004656E+006  1.1039296409E+042
  1.4500005209E+006  1.0945116919E+042
  1.4600006158E+006  1.0854159637E+042
  1.4700006465E+006  1.0766782483E+042
  1.4800004104E+006  1.0683712327E+042
  1.4900005300E+006  1.0605712570E+042
  1.5000007724E+006  1.0532295417E+042
  1.5100007413E+006  1.0462574207E+042
  1.5200004365E+006  1.0396190487E+042
  1.5300004318E+006  1.0332555720E+042
  1.5400007007E+006  1.0271384588E+042
  1.5500005504E+006  1.0213402876E+042
  1.5600007247E+006  1.0157930849E+042
  1.5700005149E+006  1.0104943547E+042
  1.5800006778E+006  1.0053543651E+042
  1.5900004469E+006  1.0003610857E+042
  1.6000007426E+006  9.9556784504E+041
  1.6100006965E+006  9.9113728792E+041
  1.6200007120E+006  9.8723527720E+041
  1.6300006520E+006  9.8399992560E+041
  1.6400005267E+006  9.8136066077E+041
  1.6500004566E+006  9.7915026070E+041
  1.6600004667E+006  9.7712500887E+041
  1.6700004861E+006  9.7510170635E+041
  1.6800007149E+006  9.7302485952E+041
  1.6900006442E+006  9.7091593757E+041
  1.7000005951E+006  9.6878514492E+041
  1.7100007852E+006  9.6660127289E+041
  1.7200007021E+006  9.6431248797E+041
  1.7300006045E+006  9.6191466687E+041
  1.7400007915E+006  9.5951380361E+041
  1.7500005878E+006  9.5734246409E+041
  1.7600005221E+006  9.5567677192E+041
  1.7700006856E+006  9.5470572367E+041
  1.7800005960E+006  9.5441149058E+041
  1.7900006719E+006  9.5455229423E+041
  1.8000006487E+006  9.5476822099E+041
  1.8100004252E+006  9.5477721492E+041
  1.8200005551E+006  9.5446076755E+041
  1.8300006148E+006  9.5383492558E+041
  1.8400006868E+006  9.5293172555E+041
  1.8500006895E+006  9.5175330438E+041
  1.8600006887E+006  9.5024670436E+041
  1.8700008240E+006  9.4838943437E+041
  1.8800007261E+006  9.4612813348E+041
  1.8900008071E+006  9.4356334439E+041
  1.9000007475E+006  9.4138573004E+041
  1.9100005780E+006  9.3983550692E+041
  1.9200006116E+006  9.3893173794E+041
  1.9300006736E+006  9.3876907687E+041
  1.9400007016E+006  9.3832226389E+041
  1.9500005932E+006  9.3736156233E+041
  1.9600004497E+006  9.3560670359E+041
  1.9700004414E+006  9.3330025622E+041
  1.9800004587E+006  9.3069890374E+041
  1.9872000000E+006  9.2870906824E+041
