  3481.92236  1.10814906E-15
  3484.86865  1.11020206E-15
  3487.8147  1.11305783E-15
  3490.76099  1.12092613E-15
  3493.70703  1.12866272E-15
  3496.65332  1.13618702E-15
  3499.59937  1.14355779E-15
  3502.54565  1.15302635E-15
  3505.4917  1.17038439E-15
  3508.43799  1.23760397E-15
  3511.38403 -9.33391794E-17
  3514.33032 -9.63133636E-16
  3517.27637  7.74293411E-16
  3520.22266  9.84096748E-16
  3523.1687  2.42128365E-16
  3526.11499 -1.30982607E-16
  3529.06104  4.75894344E-16
  3532.00732 -3.14835529E-16
  3534.95337 -7.02309096E-17
  3537.89966  1.07899281E-15
  3540.8457 -4.26823476E-16
  3543.79199  1.40221307E-15
  3546.73804 -1.6996673E-16
  3549.68433  4.17467282E-16
  3552.63037  6.97378001E-16
  3555.57666  1.53782019E-15
  3558.52271 -5.8566415E-16
  3561.46899  1.08195584E-15
  3564.41504  7.12313522E-16
  3567.36133  1.52950261E-16
  3570.30737  5.93305657E-16
  3573.25366  7.42434437E-16
  3576.19971  1.38301528E-15
  3579.146  7.33138568E-16
  3582.09204  5.90818716E-16
  3585.03833  2.09138959E-16
  3587.98462  2.10368203E-16
  3590.93066  1.33068124E-15
  3593.87695  1.07807897E-15
  3596.823  1.56436281E-15
  3599.76929  1.20734795E-15
  3602.71533 -4.47657283E-16
  3605.66162  3.80661556E-16
  3608.60767 -5.80937865E-16
  3611.55396  9.28137411E-16
  3614.5  1.25648709E-15
  3617.44629 -4.12508433E-16
  3620.39233  8.98628265E-16
  3623.33862  5.00727338E-16
  3626.28467  6.60232377E-16
  3629.23096  1.09894849E-16
  3632.177  1.2086202E-15
  3635.12329  9.35220088E-16
  3638.06934  1.18892583E-15
  3641.01562  1.44860528E-16
  3643.96167  2.157462E-16
  3646.90796 -1.30156591E-16
  3649.854  6.43234173E-16
  3652.80029  7.23887327E-16
  3655.74634  1.1778279E-15
  3658.69263  2.53662704E-16
  3661.63867  5.10443653E-16
  3664.58496  5.17449833E-16
  3667.53101  1.1349062E-15
  3670.47729  5.67749667E-16
  3673.42334  1.31654265E-16
  3676.36963  4.72568946E-16
  3679.31567  2.5837938E-16
  3682.26196  2.04644444E-16
  3685.20825  4.99874535E-16
  3688.1543  5.99311544E-16
  3691.10059  1.15230775E-15
  3694.04663  2.52181164E-16
  3696.99292 -3.53597451E-16
  3699.93896  2.68589595E-16
  3702.88525  5.15190267E-16
  3705.8313  1.07313643E-15
  3708.77759  7.53800719E-16
  3711.72363  3.81267185E-16
  3714.66992  8.67393131E-16
  3717.61597 -6.84773529E-17
  3720.56226  1.4589187E-16
  3723.5083  5.15560474E-16
  3726.45459  5.7590146E-16
  3729.40063  5.44662832E-16
  3732.34692  7.75270093E-16
  3735.29297  1.39415694E-15
  3738.23926  6.81412489E-16
  3741.1853  7.40720307E-16
  3744.13159  9.85592608E-16
  3747.07764  8.73363761E-16
  3750.02393  1.00212013E-15
  3752.96997  1.41184923E-15
  3755.91626  1.07617071E-15
  3758.8623  1.75178177E-15
  3761.80859  1.43961042E-15
  3764.75464  1.08745012E-15
  3767.70093  1.48459856E-15
  3770.64697  9.74983521E-16
  3773.59326  8.90530524E-16
  3776.53931  1.9073296E-16
  3779.4856  8.79188383E-16
  3782.43164  6.77694385E-16
  3785.37793  3.86259041E-16
  3788.32422  3.12124944E-16
  3791.27026  7.52185162E-16
  3794.21655  5.68739796E-16
  3797.1626  4.2277487E-16
  3800.10889  7.58757079E-16
  3803.05493  4.95225171E-16
  3806.00122  3.60072329E-16
  3808.94727  2.24739652E-16
  3811.89355  5.02553753E-16
  3814.8396  6.70197244E-16
  3817.78589  2.42274372E-16
  3820.73193  6.86914498E-16
  3823.67822  7.69010096E-16
  3826.62427  5.01910114E-16
  3829.57056  8.68916255E-16
  3832.5166  9.94877651E-17
  3835.46289  6.22133153E-16
  3838.40894  2.5023447E-16
  3841.35522 -1.04971774E-16
  3844.30127  3.50609198E-16
  3847.24756  6.04065623E-16
  3850.1936  7.43356273E-16
  3853.13989  2.49077953E-16
  3856.08594  3.55060012E-16
  3859.03223  4.09743612E-16
  3861.97827  2.96671331E-16
  3864.92456  3.42840159E-16
  3867.87061  7.90030595E-16
  3870.81689  5.62229501E-16
  3873.76294  7.84769091E-16
  3876.70923  1.22239308E-16
  3879.65527  3.9617343E-16
  3882.60156  7.55492561E-16
  3885.54785  4.4909311E-16
  3888.4939  3.2842739E-16
  3891.44019  1.11423042E-16
  3894.38623  4.59074758E-16
  3897.33252  2.76836655E-17
  3900.27856  5.58197994E-16
  3903.22485  4.44658045E-16
  3906.1709  3.19275835E-16
  3909.11719  7.55186571E-16
  3912.06323  8.40101941E-16
  3915.00952  6.61433311E-16
  3917.95557  6.18239025E-16
  3920.90186  6.49959032E-16
  3923.8479  9.58090507E-16
  3926.79419  1.22384731E-15
  3929.74023  7.45132607E-16
  3932.68652  1.02747606E-15
  3935.63257  6.41701996E-16
  3938.57886  8.54328918E-16
  3941.5249  1.27103498E-15
  3944.47119  9.0026018E-16
  3947.41724  1.00039218E-15
  3950.36353  1.17635671E-15
  3953.30957  1.05615522E-15
  3956.25586  9.22296589E-16
  3959.2019  9.84795656E-16
  3962.14819  1.18072084E-15
  3965.09424  9.59088736E-16
  3968.04053  1.22766721E-15
  3970.98657  1.43796368E-15
  3973.93286  1.07933078E-15
  3976.87891  7.72411515E-16
  3979.8252  1.26689765E-15
  3982.77124  8.63801764E-16
  3985.71753  9.02330329E-16
  3988.66382  1.23859066E-15
  3991.60986  1.10566758E-15
  3994.55615  8.78148226E-16
  3997.5022  4.70393712E-16
  4000.44849  1.46548929E-15
  4003.39453  9.02522076E-16
  4006.34082  6.75102623E-16
  4009.28687  8.81462613E-16
  4012.23315  8.77897716E-16
  4015.1792  8.92698823E-16
  4018.12549  6.91679534E-16
  4021.07153  9.23293441E-16
  4024.01782  8.15183979E-16
  4026.96387  5.30949368E-16
  4029.91016  3.01408416E-16
  4032.8562  6.52125743E-16
  4035.80249  8.75003405E-16
  4038.74854  5.54253044E-16
  4041.69482  6.49373415E-16
  4044.64087  1.37223604E-15
  4047.58716  8.87054883E-16
  4050.5332  1.25996553E-15
  4053.47949  7.58698475E-16
  4056.42554  8.40465689E-16
  4059.37183  9.17220744E-16
  4062.31787  8.015837E-16
  4065.26416  7.83269101E-16
  4068.21021  1.14531761E-15
  4071.15649  1.18430717E-15
  4074.10254  8.8550836E-16
  4077.04883  1.02364175E-15
  4079.99487  1.08761635E-15
  4082.94116  5.51285835E-16
  4085.88745  1.35281919E-15
  4088.8335  1.06298728E-15
  4091.77979  1.14221186E-15
  4094.72583  9.70237172E-16
  4097.67188  1.31684581E-15
  4100.61816  7.68997814E-16
  4103.56445  1.27050876E-15
  4106.51074  6.15092827E-16
  4109.45654  1.19219718E-15
  4112.40283  7.29184989E-16
  4115.34912  6.85047266E-16
  4118.29541  9.57592981E-16
  4121.24121  1.03096615E-15
  4124.1875  7.47317846E-16
  4127.13379  4.50180118E-16
  4130.08008  6.88643133E-16
  4133.02588  8.95294555E-16
  4135.97217  9.82867386E-16
  4138.91846  8.83228359E-16
  4141.86475  8.37955295E-16
  4144.81055  8.37663863E-16
  4147.75684  6.71089169E-16
  4150.70312  1.06015014E-15
  4153.64941  1.39922474E-15
  4156.59521  7.68908716E-16
  4159.5415  6.729771E-16
  4162.48779  7.38181537E-16
  4165.43408  4.69437253E-16
  4168.37988  8.98715827E-16
  4171.32617  7.10403409E-16
  4174.27246  6.51799529E-16
  4177.21875  1.03424396E-15
  4180.16455  6.775929E-16
  4183.11084  8.1710632E-16
  4186.05713  1.00395819E-15
  4189.00342  1.02344725E-15
  4191.94971  6.55520492E-16
  4194.89551  1.00825423E-15
  4197.8418  3.74346476E-16
  4200.78809  9.16733806E-16
  4203.73438  8.45147717E-16
  4206.68018  6.73315119E-16
  4209.62646  7.58904887E-16
  4212.57275  7.4284313E-16
  4215.51904  8.44796621E-16
  4218.46484  7.71483432E-16
  4221.41113  9.60697463E-16
  4224.35742  8.77625924E-16
  4227.30371  8.84298532E-16
  4230.24951  6.90597714E-16
  4233.1958  7.45126466E-16
  4236.14209  5.9974946E-16
  4239.08838  5.93401848E-16
  4242.03418  5.82356486E-16
  4244.98047  6.67877273E-16
  4247.92676  5.52632247E-16
  4250.87305  4.88874701E-16
  4253.81885  8.16256587E-16
  4256.76514  1.02624225E-15
  4259.71143  5.0780991E-16
  4262.65771  7.27949485E-16
  4265.60352  7.13555854E-16
  4268.5498  8.91878048E-16
  4271.49609  5.63996306E-16
  4274.44238  4.72578845E-16
  4277.38818  5.70453873E-16
  4280.33447  8.21284893E-16
  4283.28076  4.77954275E-16
  4286.22705  6.65901887E-16
  4289.17334  6.67836722E-16
  4292.11914  6.62708943E-16
  4295.06543  6.5323795E-16
  4298.01172  5.68907509E-16
  4300.95801  1.02139436E-15
  4303.90381  8.35383385E-16
  4306.8501  9.93226811E-16
  4309.79639  9.30492268E-16
  4312.74268  1.07030744E-15
  4315.68848  6.75137351E-16
  4318.63477  9.77368342E-16
  4321.58105  1.32632008E-15
  4324.52734  9.89460479E-16
  4327.47314  1.02694031E-15
  4330.41943  8.60576686E-16
  4333.36572  1.21809055E-15
  4336.31201  8.51195426E-16
  4339.25781  1.00927131E-15
  4342.2041  1.18660168E-15
  4345.15039  9.05789823E-16
  4348.09668  9.06583069E-16
  4351.04248  1.02274665E-15
  4353.98877  9.81778843E-16
  4356.93506  9.93936624E-16
  4359.88135  1.09990733E-15
  4362.82715  6.89398951E-16
  4365.77344  9.79014233E-16
  4368.71973  9.21442462E-16
  4371.66602  1.0099861E-15
  4374.61182  1.25338822E-15
  4377.55811  1.24777027E-15
  4380.50439  9.17994932E-16
  4383.45068  1.119067E-15
  4386.39648  1.02359358E-15
  4389.34277  9.36544636E-16
  4392.28906  9.58626891E-16
  4395.23535  9.0978136E-16
  4398.18164  6.98964494E-16
  4401.12744  9.352383E-16
  4404.07373  9.46965153E-16
  4407.02002  9.36910343E-16
  4409.96631  1.13397679E-15
  4412.91211  8.07733954E-16
  4415.8584  8.28655615E-16
  4418.80469  1.050545E-15
  4421.75098  9.00690579E-16
  4424.69678  8.24298954E-16
  4427.64307  1.04962428E-15
  4430.58936  7.40476308E-16
  4433.53564  8.97927875E-16
  4436.48145  8.48401223E-16
  4439.42773  6.14603771E-16
  4442.37402  7.47623096E-16
  4445.32031  4.38697501E-16
  4448.26611  5.73557984E-16
  4451.2124  6.38124182E-16
  4454.15869  9.38219962E-16
  4457.10498  6.64224708E-16
  4460.05078  8.04302147E-16
  4462.99707  6.90657695E-16
  4465.94336  7.70646828E-16
  4468.88965  7.49308903E-16
  4471.83545  6.86877016E-16
  4474.78174  6.0047018E-16
  4477.72803  8.28537401E-16
  4480.67432  7.34655498E-16
  4483.62012  7.10824226E-16
  4486.56641  8.84908396E-16
  4489.5127  6.24759802E-16
  4492.45898  7.36717176E-16
  4495.40527  7.89788555E-16
  4498.35107  6.47200881E-16
  4501.29736  8.8020514E-16
  4504.24365  8.51552874E-16
  4507.18994  7.21648089E-16
  4510.13574  8.35767938E-16
  4513.08203  8.37486886E-16
  4516.02832  7.12224424E-16
  4518.97461  7.58751362E-16
  4521.92041  1.05431313E-15
  4524.8667  8.88136068E-16
  4527.81299  9.33236655E-16
  4530.75928  9.77009624E-16
  4533.70508  1.05232049E-15
  4536.65137  9.89597698E-16
  4539.59766  1.03197433E-15
  4542.54395  7.82974916E-16
  4545.48975  1.37119208E-15
  4548.43604  9.82077739E-16
  4551.38232  1.01084986E-15
  4554.32861  9.66733738E-16
  4557.27441  8.90493678E-16
  4560.2207  1.00323758E-15
  4563.16699  1.00830919E-15
  4566.11328  8.23966281E-16
  4569.05908  9.1054856E-16
  4572.00537  1.06444608E-15
  4574.95166  8.30656042E-16
  4577.89795  1.08476905E-15
  4580.84375  1.00813205E-15
  4583.79004  1.08706917E-15
  4586.73633  9.07362763E-16
  4589.68262  9.35433753E-16
  4592.62891  1.17396088E-15
  4595.57471  1.20076587E-15
  4598.521  1.18920101E-15
  4601.46729  1.00274672E-15
  4604.41357  9.64138746E-16
  4607.35938  1.07385757E-15
  4610.30566  1.13587161E-15
  4613.25195  1.21315542E-15
  4616.19824  1.13519567E-15
  4619.14404  1.23511369E-15
  4622.09033  9.44105994E-16
  4625.03662  1.22280842E-15
  4627.98291  9.65883316E-16
  4630.92871  1.0973892E-15
  4633.875  1.01522669E-15
  4636.82129  9.28334875E-16
  4639.76758  8.17517661E-16
  4642.71338  9.2434408E-16
  4645.65967  1.02459784E-15
  4648.60596  9.04417524E-16
  4651.55225  1.08130299E-15
  4654.49805  1.24446229E-15
  4657.44434  9.47537642E-16
  4660.39062  1.21985302E-15
  4663.33691  9.55034836E-16
  4666.28271  1.05704481E-15
  4669.229  1.00764289E-15
  4672.17529  1.23542339E-15
  4675.12158  1.01154178E-15
  4678.06738  9.56039523E-16
  4681.01367  8.30919045E-16
  4683.95996  7.85476469E-16
  4686.90625  8.28645503E-16
  4689.85254  8.81211468E-16
  4692.79834  9.63222468E-16
  4695.74463  8.79788558E-16
  4698.69092  9.40800447E-16
  4701.63721  9.45855328E-16
  4704.58301  1.05070689E-15
  4707.5293  9.42133254E-16
  4710.47559  9.68776146E-16
  4713.42188  8.32538043E-16
  4716.36768  8.03236897E-16
  4719.31396  1.04996828E-15
  4722.26025  9.19075852E-16
  4725.20654  8.51524339E-16
  4728.15234  7.89926304E-16
  4731.09863  7.28962801E-16
  4734.04492  8.75924871E-16
  4736.99121  7.58025772E-16
  4739.93701  6.15437622E-16
  4742.8833  7.29713749E-16
  4745.82959  8.37431035E-16
  4748.77588  5.23235227E-16
  4751.72168  6.07547034E-16
  4754.66797  6.41538572E-16
  4757.61426  6.82456563E-16
  4760.56055  6.87043194E-16
  4763.50635  7.01429095E-16
  4766.45264  6.99610092E-16
  4769.39893  4.21775821E-16
  4772.34521  6.94168064E-16
  4775.29102  4.59102869E-16
  4778.2373  5.86888694E-16
  4781.18359  5.29787451E-16
  4784.12988  6.63651902E-16
  4787.07568  6.66443988E-16
  4790.02197  5.29436408E-16
  4792.96826  5.93241547E-16
  4795.91455  6.27813515E-16
  4798.86084  9.03651276E-16
  4801.80664  5.8145826E-16
  4804.75293  8.92771773E-16
  4807.69922  1.06827922E-15
  4810.64551  9.69615132E-16
  4813.59131  9.26856168E-16
  4816.5376  8.78477563E-16
  4819.48389  9.2653546E-16
  4822.43018  9.53180363E-16
  4825.37598  1.0014875E-15
  4828.32227  1.3034233E-15
  4831.26855  1.06786015E-15
  4834.21484  1.33103382E-15
  4837.16064  1.17817889E-15
  4840.10693  1.06931419E-15
  4843.05322  1.15622147E-15
  4845.99951  1.08414299E-15
  4848.94531  1.28911141E-15
  4851.8916  1.18923987E-15
  4854.83789  1.04267384E-15
  4857.78418  1.15754316E-15
  4860.72998  1.14453866E-15
  4863.67627  1.24011892E-15
  4866.62256  1.11286439E-15
  4869.56885  1.11672294E-15
  4872.51465  1.13186366E-15
  4875.46094  1.11553138E-15
  4878.40723  1.12118892E-15
  4881.35352  1.26605813E-15
  4884.29932  1.30782607E-15
  4887.24561  1.17726812E-15
  4890.19189  1.11725043E-15
  4893.13818  1.39273911E-15
  4896.08447  1.35017306E-15
  4899.03027  1.23509273E-15
  4901.97656  1.17213605E-15
  4904.92285  1.20901745E-15
  4907.86914  1.18532065E-15
  4910.81494  1.1788707E-15
  4913.76123  1.19551172E-15
  4916.70752  1.14834237E-15
  4919.65381  1.25806839E-15
  4922.59961  1.1920823E-15
  4925.5459  1.20627211E-15
  4928.49219  1.19017065E-15
  4931.43848  9.78343277E-16
  4934.38428  7.9577369E-16
  4937.33057  8.54065385E-16
  4940.27686  8.29302536E-16
  4943.22314  8.45760968E-16
  4946.16895  8.39045903E-16
  4949.11523  9.1902863E-16
  4952.06152  9.58277172E-16
  4955.00781  8.43120026E-16
  4957.95361  1.02926912E-15
  4960.8999  9.82324967E-16
  4963.84619  9.21697419E-16
  4966.79248  8.35158286E-16
  4969.73828  9.11589775E-16
  4972.68457  1.09005898E-15
  4975.63086  1.02775738E-15
  4978.57715  1.00849606E-15
  4981.52295  1.05686387E-15
  4984.46924  1.0803217E-15
  4987.41553  1.10026478E-15
  4990.36182  1.1998317E-15
  4993.30811  1.14166722E-15
  4996.25391  1.06914722E-15
  4999.2002  1.17163662E-15
  5002.14648  1.12419896E-15
  5005.09277  1.22271789E-15
  5008.03857  1.15896797E-15
  5010.98486  1.17960254E-15
  5013.93115  1.07240851E-15
  5016.87744  1.15652619E-15
  5019.82324  1.23883884E-15
  5022.76953  1.16850164E-15
  5025.71582  1.25661658E-15
  5028.66211  1.14347108E-15
  5031.60791  1.0716501E-15
  5034.5542  1.22695189E-15
  5037.50049  1.23501289E-15
  5040.44678  1.20661336E-15
  5043.39258  1.04225911E-15
  5046.33887  1.15406249E-15
  5049.28516  1.2580974E-15
  5052.23145  1.1355906E-15
  5055.17725  1.11625909E-15
  5058.12354  1.12063052E-15
  5061.06982  1.03342636E-15
  5064.01611  1.09907035E-15
  5066.96191  1.08640711E-15
  5069.9082  9.6839011E-16
  5072.85449  1.00683175E-15
  5075.80078  8.29055096E-16
  5078.74658  8.84214517E-16
  5081.69287  8.92667483E-16
  5084.63916  6.90314488E-16
  5087.58545  7.80050694E-16
  5090.53125  7.91796658E-16
  5093.47754  6.20394989E-16
  5096.42383  7.1324944E-16
  5099.37012  7.24343401E-16
  5102.31641  8.04934722E-16
  5105.26221  7.61641756E-16
  5108.2085  7.27777485E-16
  5111.15479  7.85680339E-16
  5114.10107  8.45387056E-16
  5117.04688  6.83759512E-16
  5119.99316  7.82211528E-16
  5122.93945  9.13860035E-16
  5125.88574  1.03297616E-15
  5128.83154  9.48844402E-16
  5131.77783  1.04826574E-15
  5134.72412  1.05426697E-15
  5137.67041  9.98270574E-16
  5140.61621  1.00161699E-15
  5143.5625  9.91452382E-16
  5146.50879  1.11999969E-15
  5149.45508  9.82786177E-16
  5152.40088  1.12632946E-15
  5155.34717  1.14334582E-15
  5158.29346  1.08270981E-15
  5161.23975  1.15503689E-15
  5164.18555  1.15735098E-15
  5167.13184  1.11805734E-15
  5170.07812  1.17667848E-15
  5173.02441  1.13785546E-15
  5175.97021  1.08480717E-15
  5178.9165  1.37536742E-15
  5181.86279  1.11912005E-15
  5184.80908  1.18296547E-15
  5187.75488  1.16743459E-15
  5190.70117  1.2071111E-15
  5193.64746  1.20721253E-15
  5196.59375  1.07967722E-15
  5199.54004  1.18442396E-15
  5202.48584  1.2233141E-15
  5205.43213  1.18123996E-15
  5208.37842  1.04623371E-15
  5211.32471  1.27181722E-15
  5214.27051  1.15781156E-15
  5217.2168  1.08138261E-15
  5220.16309  1.16475638E-15
  5223.10938  1.16460985E-15
  5226.05518  1.12767222E-15
  5229.00146  1.11854809E-15
  5231.94775  1.11952514E-15
  5234.89404  1.26115424E-15
  5237.83984  1.25317561E-15
  5240.78613  1.12651104E-15
  5243.73242  1.03344722E-15
  5246.67871  1.07515554E-15
  5249.62451  9.67464621E-16
  5252.5708  1.15471491E-15
  5255.51709  1.15347782E-15
  5258.46338  1.04992995E-15
  5261.40918  1.20087895E-15
  5264.35547  1.14401583E-15
  5267.30176  1.15691021E-15
  5270.24805  1.21259331E-15
  5273.19385  1.39783179E-15
  5276.14014  1.15196375E-15
  5279.08643  1.22210252E-15
  5282.03271  1.20068794E-15
  5284.97852  1.14345202E-15
  5287.9248  1.11331554E-15
  5290.87109  1.26494122E-15
  5293.81738  1.45360425E-15
  5296.76367  1.32081797E-15
  5299.70947  1.44389069E-15
  5302.65576  1.29769407E-15
  5305.60205  1.44468108E-15
  5308.54834  1.33536819E-15
  5311.49414  1.39586022E-15
  5314.44043  1.40750819E-15
  5317.38672  1.38986068E-15
  5320.33301  1.16292033E-15
  5323.27881  1.21665261E-15
  5326.2251  1.26576496E-15
  5329.17139  1.15213443E-15
  5332.11768  1.17149368E-15
  5335.06348  1.14721941E-15
  5338.00977  1.2395856E-15
  5340.95605  1.25020507E-15
  5343.90234  1.35431399E-15
  5346.84814  1.37586209E-15
  5349.79443  1.09946168E-15
  5352.74072  1.33838533E-15
  5355.68701  1.1705701E-15
  5358.63281  1.21940261E-15
  5361.5791  1.29215818E-15
  5364.52539  1.07174158E-15
  5367.47168  1.16602174E-15
  5370.41748  1.24030982E-15
  5373.36377  1.22973567E-15
  5376.31006  1.24080544E-15
  5379.25635  1.11563726E-15
  5382.20215  1.27486431E-15
  5385.14844  1.27728905E-15
  5388.09473  1.15987313E-15
  5391.04102  1.20406612E-15
  5393.9873  1.20853126E-15
  5396.93311  1.04525581E-15
  5399.87939  1.18271052E-15
  5402.82568  1.13748256E-15
  5405.77197  1.1204393E-15
  5408.71777  1.20492819E-15
  5411.66406  1.0937566E-15
  5414.61035  9.94488572E-16
  5417.55664  1.04700779E-15
  5420.50244  1.1058715E-15
  5423.44873  1.1146024E-15
  5426.39502  1.14797232E-15
  5429.34131  1.10571522E-15
  5432.28711  1.18546157E-15
  5435.2334  1.08784685E-15
  5438.17969  1.08085163E-15
  5441.12598  1.14161343E-15
  5444.07178  9.80481718E-16
  5447.01807  1.10341849E-15
  5449.96436  1.17963865E-15
  5452.91064  1.14848191E-15
  5455.85645  1.18059442E-15
  5458.80273  9.78771135E-16
  5461.74902  9.42859055E-16
  5464.69531  1.0711368E-15
  5467.64111  9.26632021E-16
  5470.5874  1.12642962E-15
  5473.53369  1.03787307E-15
  5476.47998  9.82701262E-16
  5479.42578  1.18390864E-15
  5482.37207  1.16470217E-15
  5485.31836  1.03449839E-15
  5488.26465  1.27518926E-15
  5491.21045  9.40432517E-16
  5494.15674  1.01270412E-15
  5497.10303  1.09361514E-15
  5500.04932  1.22327969E-15
  5502.99561  1.04771517E-15
  5505.94141  1.16301838E-15
  5508.8877  1.19343618E-15
  5511.83398  1.03691021E-15
  5514.78027  1.10953957E-15
  5517.72607  1.10259083E-15
  5520.67236  1.04104309E-15
  5523.61865  1.10908154E-15
  5526.56494  9.99431433E-16
  5529.51074  1.14260128E-15
  5532.45703  9.98160989E-16
  5535.40332  1.07913194E-15
  5538.34961  9.87291333E-16
  5541.29541  1.04887158E-15
  5544.2417  1.05288504E-15
  5547.18799  1.10782571E-15
  5550.13428  1.04659836E-15
  5553.08008  1.24848855E-15
  5556.02637  1.11924371E-15
  5558.97266  1.15278505E-15
  5561.91895  1.21915697E-15
  5564.86475  1.10060581E-15
  5567.81104  1.12137919E-15
  5570.75732  1.13231534E-15
  5573.70361  1.13006668E-15
  5576.64941  1.22790428E-15
  5579.5957  9.5377731E-16
  5582.54199  9.19352197E-16
  5585.48828  1.12526495E-15
  5588.43408  1.01518E-15
  5591.38037  1.04240427E-15
  5594.32666  1.15054846E-15
  5597.27295  1.12444365E-15
  5600.21924  1.08579237E-15
  5603.16504  1.07139048E-15
  5606.11133  9.49476288E-16
  5609.05762  1.13186493E-15
  5612.00391  1.14262627E-15
  5614.94971  9.96694458E-16
  5617.896  1.13792132E-15
  5620.84229  1.0054964E-15
  5623.78857  1.05514492E-15
  5626.73438  1.10146026E-15
  5629.68066  1.08489219E-15
  5632.62695  1.14180242E-15
  5635.57324  1.08780524E-15
  5638.51904  1.04555269E-15
  5641.46533  1.04337169E-15
  5644.41162  1.0813031E-15
  5647.35791  9.41158636E-16
  5650.30371  1.10391326E-15
  5653.25  9.93006476E-16
  5656.19629  1.08851188E-15
  5659.14258  1.04761501E-15
  5662.08838  1.04909859E-15
  5665.03467  9.40226053E-16
  5667.98096  1.00905404E-15
  5670.92725  1.06813057E-15
  5673.87305  9.64206826E-16
  5676.81934  1.0086913E-15
  5679.76562  9.40552479E-16
  5682.71191  9.99145665E-16
  5685.65771  1.03420944E-15
  5688.604  1.17987751E-15
  5691.55029  9.50383566E-16
  5694.49658  9.65918468E-16
  5697.44287  9.39336563E-16
  5700.38867  9.51956507E-16
  5703.33496  1.0489188E-15
  5706.28125  9.5975641E-16
  5709.22754  9.42672602E-16
  5712.17334  1.12512519E-15
  5715.11963  9.06637279E-16
  5718.06592  9.22229568E-16
  5721.01221  1.10702251E-15
  5723.95801  1.0113062E-15
  5726.9043  9.79123818E-16
  5729.85059  1.03614502E-15
  5732.79688  9.00254992E-16
  5735.74268  1.06077811E-15
  5738.68896  1.00961425E-15
  5741.63525  9.06166435E-16
  5744.58154  9.01851649E-16
  5747.52734  9.78900519E-16
  5750.47363  1.03476361E-15
  5753.41992  9.46561119E-16
  5756.36621  8.62170644E-16
  5759.31201  1.00611495E-15
  5762.2583  7.94376826E-16
  5765.20459  1.03248414E-15
  5768.15088  8.99697115E-16
  5771.09668  8.58909461E-16
  5774.04297  9.04239858E-16
  5776.98926  1.00801886E-15
  5779.93555  1.07391549E-15
  5782.88135  8.88175455E-16
  5785.82764  1.07119873E-15
  5788.77393  9.25237911E-16
  5791.72021  9.63419298E-16
  5794.66602  1.01734872E-15
  5797.6123  9.1595443E-16
  5800.55859  9.66354479E-16
  5803.50488  1.01739933E-15
  5806.45117  9.84129359E-16
  5809.39697  8.44480149E-16
  5812.34326  8.54800239E-16
  5815.28955  8.99708444E-16
  5818.23584  8.81266948E-16
  5821.18164  1.00537475E-15
  5824.12793  1.03661057E-15
  5827.07422  8.95947829E-16
  5830.02051  1.0156483E-15
  5832.96631  1.13382147E-15
  5835.9126  1.07018664E-15
  5838.85889  8.81792374E-16
  5841.80518  1.06822247E-15
  5844.75098  9.39208767E-16
  5847.69727  1.09543468E-15
  5850.64355  9.72663815E-16
  5853.58984  1.1478081E-15
  5856.53564  1.12462788E-15
  5859.48193  9.34699587E-16
  5862.42822  9.82784588E-16
  5865.37451  1.00198143E-15
  5868.32031  1.06876775E-15
  5871.2666  1.06415682E-15
  5874.21289  1.07773253E-15
  5877.15918  1.17195436E-15
  5880.10498  9.54244343E-16
  5883.05127  9.31079791E-16
  5885.99756  1.06621818E-15
  5888.94385  1.1156218E-15
  5891.88965  9.94906795E-16
  5894.83594  1.00200482E-15
  5897.78223  1.0189512E-15
  5900.72852  1.02623907E-15
  5903.6748  1.01441439E-15
  5906.62061  1.00891608E-15
  5909.56689  9.51160296E-16
  5912.51318  7.82249062E-16
  5915.45947  8.63707426E-16
  5918.40527  9.50440635E-16
  5921.35156  9.03012614E-16
  5924.29785  1.05098313E-15
  5927.24414  1.07154909E-15
  5930.18994  1.12690788E-15
  5933.13623  9.99403798E-16
  5936.08252  1.08611901E-15
  5939.02881  9.53531141E-16
  5941.97461  1.06600716E-15
  5944.9209  1.01091212E-15
  5947.86719  9.14635706E-16
  5950.81348  1.01043365E-15
  5953.75928  1.00493588E-15
  5956.70557  9.88329478E-16
  5959.65186  9.32923359E-16
  5962.59814  1.05796554E-15
  5965.54395  1.01361786E-15
  5968.49023  9.66057805E-16
  5971.43652  1.10769198E-15
  5974.38281  1.06422448E-15
  5977.32861  1.02018967E-15
  5980.2749  1.02314317E-15
  5983.22119  9.31816922E-16
  5986.16748  1.10182385E-15
  5989.11328  1.03462015E-15
  5992.05957  9.18080377E-16
  5995.00586  1.06186284E-15
  5997.95215  1.07108206E-15
  6000.89844  9.62557653E-16
  6003.84424  9.16593093E-16
  6006.79053  9.8751315E-16
  6009.73682  8.77187903E-16
  6012.68311  1.02828085E-15
  6015.62891  9.94065267E-16
  6018.5752  1.0617468E-15
  6021.52148  9.89569746E-16
  6024.46777  1.02667519E-15
  6027.41357  1.01791475E-15
  6030.35986  9.75249595E-16
  6033.30615  9.6657926E-16
  6036.25244  9.68614257E-16
  6039.19824  9.80131999E-16
  6042.14453  1.07236817E-15
  6045.09082  9.68122236E-16
  6048.03711  9.30150385E-16
  6050.98291  9.74988497E-16
  6053.9292  1.06588434E-15
  6056.87549  1.01323606E-15
  6059.82178  9.024901E-16
  6062.76758  1.01300672E-15
  6065.71387  7.84592855E-16
  6068.66016  1.09784893E-15
  6071.60645  1.14985813E-15
  6074.55225  1.10596488E-15
  6077.49854  9.42867525E-16
  6080.44482  1.11038957E-15
  6083.39111  8.95102385E-16
  6086.33691  8.59779205E-16
  6089.2832  9.84020833E-16
  6092.22949  1.07787039E-15
  6095.17578  9.04263258E-16
  6098.12207  1.12078637E-15
  6101.06787  1.06378751E-15
  6104.01416  1.02719654E-15
  6106.96045  1.09364447E-15
  6109.90674  1.0663014E-15
  6112.85254  1.1399614E-15
  6115.79883  9.61992365E-16
  6118.74512  1.03069616E-15
  6121.69141  1.0306518E-15
  6124.63721  1.11344408E-15
  6127.5835  9.94489101E-16
  6130.52979  9.26933883E-16
  6133.47607  9.34906157E-16
  6136.42188  1.00644381E-15
  6139.36816  1.00538862E-15
  6142.31445  9.5456738E-16
  6145.26074  1.01994774E-15
  6148.20654  9.87506268E-16
  6151.15283  9.42531465E-16
  6154.09912  1.08870542E-15
  6157.04541  9.93289173E-16
  6159.99121  1.08931349E-15
  6162.9375  9.72230028E-16
  6165.88379  1.07767684E-15
  6168.83008  1.12107119E-15
  6171.77588  1.18435556E-15
  6174.72217  1.03910561E-15
  6177.66846  1.09385835E-15
  6180.61475  1.11937797E-15
  6183.56055  1.01737085E-15
  6186.50684  9.83634692E-16
  6189.45312  1.09214353E-15
  6192.39941  9.31067192E-16
  6195.34521  8.82159457E-16
  6198.2915  1.11110002E-15
  6201.23779  1.02586627E-15
  6204.18408  9.28941669E-16
  6207.13037  1.16672288E-15
  6210.07617  1.07666771E-15
  6213.02246  1.01719043E-15
  6215.96875  1.0155547E-15
  6218.91504  9.91267517E-16
  6221.86084  9.31773194E-16
  6224.80713  1.02166901E-15
  6227.75342  1.08279949E-15
  6230.69971  9.72991617E-16
  6233.64551  1.0419023E-15
  6236.5918  9.58250279E-16
  6239.53809  1.02386113E-15
  6242.48438  1.06660718E-15
  6245.43018  1.01438326E-15
  6248.37646  1.00970107E-15
  6251.32275  9.90733146E-16
  6254.26904  9.1070092E-16
  6257.21484  9.55496046E-16
  6260.16113  1.00457006E-15
  6263.10742  9.60319157E-16
  6266.05371  9.35326179E-16
  6268.99951  8.803431E-16
  6271.9458  9.99585805E-16
  6274.89209  9.95072178E-16
  6277.83838  8.630262E-16
  6280.78418  9.66751631E-16
  6283.73047  8.65853755E-16
  6286.67676  8.58471386E-16
  6289.62305  9.22947216E-16
  6292.56885  8.82194079E-16
  6295.51514  8.36681093E-16
  6298.46143  8.37611347E-16
  6301.40771  9.98887108E-16
  6304.354  8.17666368E-16
  6307.2998  8.4420264E-16
  6310.24609  1.00807392E-15
  6313.19238  8.87689893E-16
  6316.13867  9.28385803E-16
  6319.08447  9.08641889E-16
  6322.03076  9.71311739E-16
  6324.97705  8.85941035E-16
  6327.92334  9.600696E-16
  6330.86914  9.92396295E-16
  6333.81543  1.03155653E-15
  6336.76172  9.64572427E-16
  6339.70801  9.81678999E-16
  6342.65381  9.91752232E-16
  6345.6001  1.13456887E-15
  6348.54639  1.16955747E-15
  6351.49268  9.45821659E-16
  6354.43848  1.03000858E-15
  6357.38477  1.16894136E-15
  6360.33105  1.10425832E-15
  6363.27734  9.84805291E-16
  6366.22314  1.04145433E-15
  6369.16943  1.02321114E-15
  6372.11572  9.87311874E-16
  6375.06201  9.94045256E-16
  6378.00781  1.14989858E-15
  6380.9541  9.92990488E-16
  6383.90039  1.01754311E-15
  6386.84668  1.0299008E-15
  6389.79248  8.85747065E-16
  6392.73877  9.2854441E-16
  6395.68506  9.46032782E-16
  6398.63135  9.5788309E-16
  6401.57764  9.44009114E-16
  6404.52344  9.06628597E-16
  6407.46973  8.16389042E-16
  6410.41602  9.32437056E-16
  6413.3623  8.55201574E-16
  6416.30811  7.52703547E-16
  6419.25439  9.26895978E-16
  6422.20068  8.11011759E-16
  6425.14697  7.50230581E-16
  6428.09277  7.5175884E-16
  6431.03906  7.59969872E-16
  6433.98535  6.12506624E-16
  6436.93164  7.66099902E-16
  6439.87744  7.13935272E-16
  6442.82373  6.54900517E-16
  6445.77002  8.53294427E-16
  6448.71631  6.72249657E-16
  6451.66211  7.83413626E-16
  6454.6084  9.52453821E-16
  6457.55469  7.35255938E-16
  6460.50098  8.55553093E-16
  6463.44678  8.03540241E-16
  6466.39307  7.56032333E-16
  6469.33936  9.42308695E-16
  6472.28564  9.29163485E-16
  6475.23145  1.01740134E-15
  6478.17773  1.22051095E-15
  6481.12402  1.25156074E-15
  6484.07031  1.39586064E-15
  6487.01611  1.36375629E-15
  6489.9624  1.40680791E-15
  6492.90869  1.52232276E-15
  6495.85498  1.52242631E-15
  6498.80127  1.64832876E-15
  6501.74707  1.71028954E-15
  6504.69336  1.7369156E-15
  6507.63965  1.76058837E-15
  6510.58594  2.14002324E-15
  6513.53174  1.88416317E-15
  6516.47803  2.16556043E-15
  6519.42432  2.13772672E-15
  6522.37061  2.11939248E-15
  6525.31641  2.0719851E-15
  6528.2627  2.2131154E-15
  6531.20898  2.14330231E-15
  6534.15527  2.21071491E-15
  6537.10107  2.26605136E-15
  6540.04736  2.36121657E-15
  6542.99365  2.27952406E-15
  6545.93994  2.45385784E-15
  6548.88574  2.45915095E-15
  6551.83203  2.40259138E-15
  6554.77832  2.26623771E-15
  6557.72461  2.3286471E-15
  6560.67041  2.355681E-15
  6563.6167  2.37128398E-15
  6566.56299  2.46141866E-15
  6569.50928  2.40007611E-15
  6572.45508  2.28685809E-15
  6575.40137  2.24371659E-15
  6578.34766  2.40611948E-15
  6581.29395  2.29509697E-15
  6584.23975  2.13485972E-15
  6587.18604  2.11807682E-15
  6590.13232  2.21038923E-15
  6593.07861  2.14754256E-15
  6596.02441  2.1347585E-15
  6598.9707  2.04428691E-15
  6601.91699  2.09271941E-15
  6604.86328  1.98006043E-15
  6607.80957  1.96912079E-15
  6610.75537  2.0802585E-15
  6613.70166  2.032197E-15
  6616.64795  1.9427014E-15
  6619.59424  1.74870375E-15
  6622.54004  1.82692449E-15
  6625.48633  1.90303083E-15
  6628.43262  1.76733911E-15
  6631.37891  1.7099179E-15
  6634.32471  1.71265604E-15
  6637.271  1.73252098E-15
  6640.21729  1.74540901E-15
  6643.16357  1.62315706E-15
  6646.10938  1.54098565E-15
  6649.05566  1.62798038E-15
  6652.00195  1.67446365E-15
  6654.94824  1.5891904E-15
  6657.89404  1.53871317E-15
  6660.84033  1.50150979E-15
  6663.78662  1.52133491E-15
  6666.73291  1.50017359E-15
  6669.67871  1.37791921E-15
  6672.625  1.47128045E-15
  6675.57129  1.48039919E-15
  6678.51758  1.25461281E-15
  6681.46338  1.39959235E-15
  6684.40967  1.36384629E-15
  6687.35596  1.2917047E-15
  6690.30225  1.32121427E-15
  6693.24805  1.36719207E-15
  6696.19434  1.19935471E-15
  6699.14062  1.36177868E-15
  6702.08691  1.27826907E-15
  6705.0332  1.30892605E-15
  6707.979  1.37256395E-15
  6710.92529  1.18463942E-15
  6713.87158  1.11541555E-15
  6716.81787  1.23668568E-15
  6719.76367  1.18567344E-15
  6722.70996  1.13406308E-15
  6725.65625  1.14491379E-15
  6728.60254  1.16580406E-15
  6731.54834  1.09103752E-15
  6734.49463  1.21972787E-15
  6737.44092  1.03787815E-15
  6740.38721  1.16604387E-15
  6743.33301  9.80595008E-16
  6746.2793  1.01786838E-15
  6749.22559  1.06717628E-15
  6752.17188  1.15480332E-15
  6755.11768  1.14700511E-15
  6758.06396  1.1421675E-15
  6761.01025  1.04694691E-15
  6763.95654  8.64877761E-16
  6766.90234  1.16465739E-15
  6769.84863  9.49924686E-16
  6772.79492  1.15203755E-15
  6775.74121  1.18557762E-15
  6778.68701  1.0502605E-15
  6781.6333  9.60865811E-16
  6784.57959  1.08341051E-15
  6787.52588  1.07468142E-15
  6790.47168  9.68314089E-16
  6793.41797  1.00656377E-15
  6796.36426  1.00925585E-15
  6799.31055  9.63369005E-16
  6802.25684  1.00930741E-15
  6805.20264  1.01203634E-15
  6808.14893  1.03282115E-15
  6811.09521  1.05618296E-15
  6814.0415  8.46435313E-16
  6816.9873  1.04794895E-15
  6819.93359  9.59223202E-16
  6822.87988  9.26229787E-16
  6825.82617  1.03173822E-15
  6828.77197  9.51826805E-16
  6831.71826  1.13586832E-15
  6834.66455  1.05236242E-15
  6837.61084  1.03711275E-15
  6840.55664  1.04196922E-15
  6843.50293  1.05175827E-15
  6846.44922  9.62378718E-16
  6849.39551  1.10410956E-15
  6852.34131  9.84095054E-16
  6855.2876  9.9149124E-16
  6858.23389  9.86795078E-16
  6861.18018  1.02813749E-15
  6864.12598  9.77633993E-16
  6867.07227  9.88100673E-16
  6870.01855  1.05509494E-15
  6872.96484  1.07274775E-15
  6875.91064  9.61228553E-16
  6878.85693  9.33395685E-16
  6881.80322  8.83865804E-16
  6884.74951  9.51989012E-16
  6887.69531  9.89658049E-16
  6890.6416  1.05267952E-15
  6893.58789  9.05739424E-16
  6896.53418  9.12468784E-16
  6899.47998  9.9488943E-16
  6902.42627  8.88579278E-16
  6905.37256  9.57358353E-16
  6908.31885  9.42808127E-16
  6911.26514  1.03728078E-15
  6914.21094  1.01479852E-15
  6917.15723  8.8352895E-16
  6920.10352  9.14641741E-16
  6923.0498  9.78744876E-16
  6925.99561  8.4130711E-16
  6928.94189  9.19533144E-16
  6931.88818  8.94757748E-16
  6934.83447  9.28598303E-16
  6937.78027  1.01666104E-15
  6940.72656  9.48530999E-16
  6943.67285  8.0831703E-16
  6946.61914  1.05160453E-15
  6949.56494  1.00973231E-15
  6952.51123  9.78185729E-16
  6955.45752  9.10089468E-16
  6958.40381  8.86258884E-16
  6961.34961  9.59146546E-16
  6964.2959  9.71350491E-16
  6967.24219  9.09304268E-16
  6970.18848  9.80089647E-16
  6973.13428  9.36947612E-16
  6976.08057  1.08049958E-15
  6979.02686  1.04417743E-15
  6981.97314  9.84187063E-16
  6984.91895  1.05003763E-15
  6987.86523  1.01504733E-15
  6990.81152  9.97309086E-16
  6993.75781  8.25993496E-16
  6996.70361  1.03501253E-15
  6999.6499  9.32807527E-16
  7002.59619  1.0307708E-15
  7005.54248  8.60812532E-16
  7008.48877  9.52865373E-16
  7011.43457  1.04231089E-15
  7014.38086  9.10851374E-16
  7017.32715  8.86180057E-16
  7020.27344  8.64759494E-16
  7023.21924  9.66541779E-16
  7026.16553  1.02468127E-15
  7029.11182  1.00525065E-15
  7032.05811  9.66825217E-16
  7035.00391  9.70951432E-16
  7037.9502  1.0533094E-15
  7040.89648  1.07083599E-15
  7043.84277  8.62254712E-16
  7046.78857  9.61304362E-16
  7049.73486  1.11554705E-15
  7052.68115  1.05889685E-15
  7055.62744  1.0184901E-15
  7058.57324  9.87780389E-16
  7061.51953  1.00043803E-15
  7064.46582  1.05620615E-15
  7067.41211  9.87068563E-16
  7070.35791  9.92342085E-16
  7073.3042  9.62234722E-16
  7076.25049  9.21905683E-16
  7079.19678  9.29152262E-16
  7082.14258  9.64369351E-16
  7085.08887  9.41586706E-16
  7088.03516  9.80632701E-16
  7090.98145  9.23758145E-16
  7093.92725  8.89271622E-16
  7096.87354  9.45366908E-16
  7099.81982  1.10172368E-15
  7102.76611  1.06695764E-15
  7105.7124  8.92992531E-16
  7108.6582  9.79186604E-16
  7111.60449  1.05728135E-15
  7114.55078  9.81957143E-16
  7117.49707  1.03104418E-15
  7120.44287  9.86226189E-16
  7123.38916  8.95108526E-16
  7126.33545  9.25568042E-16
  7129.28174  9.69768233E-16
  7132.22754  9.73537847E-16
  7135.17383  1.02237692E-15
  7138.12012  9.93625551E-16
  7141.06641  8.41707704E-16
  7144.01221  8.16376813E-16
  7146.9585  8.75815656E-16
  7149.90479  1.01403026E-15
  7152.85107  1.00581679E-15
  7155.79688  9.69866383E-16
  7158.74316  9.43305653E-16
  7161.68945  9.90537587E-16
  7164.63574  9.73212375E-16
  7167.58154  1.0855317E-15
  7170.52783  9.78502837E-16
  7173.47412  8.7868011E-16
  7176.42041  9.36862062E-16
  7179.36621  9.41946271E-16
  7182.3125  9.63645561E-16
  7185.25879  9.59938522E-16
  7188.20508  1.09136786E-15
  7191.15088  9.15375271E-16
  7194.09717  1.08714699E-15
  7197.04346  1.10649407E-15
  7199.98975  7.93496653E-16
  7202.93604  8.36234071E-16
  7205.88184  9.24017548E-16
  7208.82812  1.01086045E-15
  7211.77441  9.83992351E-16
  7214.7207  7.8246749E-16
  7217.6665  9.43607197E-16
  7220.61279  1.0893119E-15
  7223.55908  7.91114214E-16
  7226.50537  9.29190273E-16
  7229.45117  9.16774993E-16
  7232.39746  1.04491266E-15
  7235.34375  1.06515187E-15
  7238.29004  9.80242748E-16
  7241.23584  8.12278709E-16
  7244.18213  9.26951882E-16
  7247.12842  8.77190126E-16
  7250.07471  8.49844303E-16
  7253.02051  1.12114001E-15
  7255.9668  9.61166402E-16
  7258.91309  9.95331687E-16
  7261.85938  1.07530759E-15
  7264.80518  9.84473043E-16
  7267.75146  9.61585789E-16
  7270.69775  1.11076375E-15
  7273.64404  9.33492459E-16
  7276.58984  9.9762037E-16
  7279.53613  1.01630772E-15
  7282.48242  9.05547783E-16
  7285.42871  9.5868216E-16
  7288.37451  1.00873821E-15
  7291.3208  1.10839862E-15
  7294.26709  9.87841163E-16
  7297.21338  1.00170868E-15
  7300.15918  1.03790886E-15
  7303.10547  1.15680147E-15
  7306.05176  1.04853129E-15
  7308.99805  9.48970821E-16
  7311.94434  9.06580316E-16
  7314.89014  1.01043386E-15
  7317.83643  1.06212744E-15
  7320.78271  9.35566843E-16
  7323.729  1.01084298E-15
  7326.6748  9.58847331E-16
  7329.62109  9.38090471E-16
  7332.56738  1.00314038E-15
  7335.51367  1.02300817E-15
  7338.45947  9.94164053E-16
  7341.40576  1.00471131E-15
  7344.35205  9.65284464E-16
  7347.29834  9.51479098E-16
  7350.24414  9.62405505E-16
  7353.19043  1.05665825E-15
  7356.13672  1.01319911E-15
  7359.08301  9.37454456E-16
  7362.02881  1.00983755E-15
  7364.9751  9.74934075E-16
  7367.92139  9.15718743E-16
  7370.86768  9.61405159E-16
  7373.81348  1.14206193E-15
  7376.75977  9.2754904E-16
  7379.70605  8.95970911E-16
  7382.65234  9.91765361E-16
  7385.59814  1.03897231E-15
  7388.54443  9.71109827E-16
  7391.49072  8.72736268E-16
  7394.43701  8.97274071E-16
  7397.38281  8.80843008E-16
  7400.3291  1.05409523E-15
  7403.27539  1.01247574E-15
  7406.22168  9.87563019E-16
  7409.16797  9.59636131E-16
  7412.11377  8.76459931E-16
  7415.06006  9.05870185E-16
  7418.00635  9.95913811E-16
  7420.95264  8.98882693E-16
  7423.89844  9.5270179E-16
  7426.84473  1.05363688E-15
  7429.79102  1.0174871E-15
  7432.7373  9.51875086E-16
  7435.68311  1.05146901E-15
  7438.62939  9.93757794E-16
  7441.57568  8.86314259E-16
  7444.52197  9.98350619E-16
  7447.46777  1.02799158E-15
  7450.41406  9.90876612E-16
  7453.36035  9.72174336E-16
  7456.30664  9.10721037E-16
  7459.25244  9.28197868E-16
  7462.19873  8.65867784E-16
  7465.14502  1.08321898E-15
  7468.09131  1.09608912E-15
  7471.03711  8.86202715E-16
  7473.9834  9.67259427E-16
  7476.92969  1.04159133E-15
  7479.87598  9.16799134E-16
  7482.82178  9.79307518E-16
  7485.76807  8.68669292E-16
  7488.71436  9.59374504E-16
  7491.66064  8.61930192E-16
  7494.60645  9.13760721E-16
  7497.55273  9.56920543E-16
  7500.49902  1.13003131E-15
  7503.44531  8.4604213E-16
  7506.3916  8.41486734E-16
  7509.3374  1.02096735E-15
  7512.28369  1.13078348E-15
  7515.22998  1.06159391E-15
  7518.17627  9.34740456E-16
  7521.12207  9.07971039E-16
  7524.06836  1.00761674E-15
  7527.01465  1.02530384E-15
  7529.96094  1.04510334E-15
  7532.90674  9.99079173E-16
  7535.85303  9.4171069E-16
  7538.79932  9.77846492E-16
  7541.74561  1.02400608E-15
  7544.69141  9.94709436E-16
  7547.6377  1.00687283E-15
  7550.58398  9.73095802E-16
  7553.53027  9.85696899E-16
  7556.47607  8.88078787E-16
  7559.42236  8.52142779E-16
  7562.36865  9.10776306E-16
  7565.31494  9.22437303E-16
  7568.26074  1.04801767E-15
  7571.20703  9.62650403E-16
  7574.15332  9.51713302E-16
  7577.09961  9.39416078E-16
  7580.04541  9.69200933E-16
  7582.9917  9.18702205E-16
  7585.93799  9.49941309E-16
  7588.88428  7.7181531E-16
  7591.83008  8.61575444E-16
  7594.77637  8.73005783E-16
  7597.72266  8.42219312E-16
  7600.66895  1.03224507E-15
  7603.61475  9.17637908E-16
  7606.56104  8.40609155E-16
  7609.50732  8.07065062E-16
  7612.45361  9.33310982E-16
  7615.3999  8.73565513E-16
  7618.3457  8.24953657E-16
  7621.29199  9.93042051E-16
  7624.23828  9.00032434E-16
  7627.18457  9.01055226E-16
  7630.13037  9.00440492E-16
  7633.07666  1.01180965E-15
  7636.02295  7.49030865E-16
  7638.96924  7.39440334E-16
  7641.91504  8.26986377E-16
  7644.86133  7.55893526E-16
  7647.80762  9.31070156E-16
  7650.75391  9.04970954E-16
  7653.69971  7.98172963E-16
  7656.646  8.82699069E-16
  7659.59229  7.83827402E-16
  7662.53857  7.52721917E-16
  7665.48438  9.2036546E-16
  7668.43066  9.31871979E-16
  7671.37695  9.01057026E-16
  7674.32324  8.44779469E-16
  7677.26904  9.33863142E-16
  7680.21533  8.31834635E-16
  7683.16162  7.77789063E-16
  7686.10791  7.55919678E-16
  7689.05371  8.54540465E-16
  7692.  7.42917669E-16
  7694.94629  8.07841897E-16
  7697.89258  8.7356276E-16
  7700.83838  9.35523644E-16
  7703.78467  8.2213542E-16
  7706.73096  8.78424729E-16
  7709.67725  9.44510769E-16
  7712.62354  8.45087101E-16
  7715.56934  9.26313325E-16
  7718.51562  1.0047076E-15
  7721.46191  9.25312026E-16
  7724.4082  1.00266E-15
  7727.354  1.02712507E-15
  7730.30029  8.67856035E-16
  7733.24658  9.75675547E-16
  7736.19287  9.87024624E-16
  7739.13867  9.70365921E-16
  7742.08496  1.1000978E-15
  7745.03125  9.73205493E-16
  7747.97754  1.02338754E-15
  7750.92334  9.47550135E-16
  7753.86963  1.03698887E-15
  7756.81592  9.61034053E-16
  7759.76221  1.04150652E-15
  7762.70801  9.28175951E-16
  7765.6543  9.76380596E-16
  7768.60059  1.00757078E-15
  7771.54688  1.07702272E-15
  7774.49268  1.06475663E-15
  7777.43896  9.17268284E-16
  7780.38525  1.02749056E-15
  7783.33154  1.02132363E-15
  7786.27734  9.66604883E-16
  7789.22363  1.0891463E-15
  7792.16992  1.12801506E-15
  7795.11621  1.07729187E-15
  7798.06201  1.09331953E-15
  7801.0083  1.03393151E-15
  7803.95459  1.13895385E-15
  7806.90088  1.05825872E-15
  7809.84717  8.88044271E-16
  7812.79297  9.58880048E-16
  7815.73926  9.44313622E-16
  7818.68555  1.07546937E-15
  7821.63184  1.04255812E-15
  7824.57764  1.20107673E-15
  7827.52393  1.13271514E-15
  7830.47021  1.00610118E-15
  7833.4165  9.18493835E-16
  7836.3623  9.68162153E-16
  7839.30859  1.0614892E-15
  7842.25488  1.03792569E-15
  7845.20117  1.00089214E-15
  7848.14697  1.11434162E-15
  7851.09326  1.13251704E-15
  7854.03955  1.09717935E-15
  7856.98584  1.12507744E-15
  7859.93164  1.07232825E-15
  7862.87793  1.04165528E-15
  7865.82422  9.79737705E-16
  7868.77051  1.10054673E-15
  7871.71631  1.18120089E-15
  7874.6626  1.13078486E-15
  7877.60889  1.05445808E-15
  7880.55518  1.14399476E-15
  7883.50098  9.23063578E-16
  7886.44727  1.08337557E-15
  7889.39355  1.15358719E-15
  7892.33984  1.05316741E-15
  7895.28564  1.16316576E-15
  7898.23193  1.15660909E-15
  7901.17822  1.10804911E-15
  7904.12451  1.10402073E-15
  7907.0708  1.07925063E-15
  7910.0166  1.06980145E-15
  7912.96289  1.10572602E-15
  7915.90918  1.0777824E-15
  7918.85547  1.03113842E-15
  7921.80127  1.05594791E-15
  7924.74756  1.11370497E-15
  7927.69385  1.08016013E-15
  7930.64014  1.1729672E-15
  7933.58594  1.07224842E-15
  7936.53223  8.73560696E-16
  7939.47852  9.1307833E-16
  7942.4248  8.93933585E-16
  7945.37061  9.87212877E-16
  7948.31689  1.16124903E-15
  7951.26318  9.87153584E-16
  7954.20947  9.77973335E-16
  7957.15527  1.03244772E-15
  7960.10156  1.05512597E-15
  7963.04785  1.01626251E-15
  7965.99414  9.42313248E-16
  7968.93994  8.5016501E-16
  7971.88623  9.17862583E-16
  7974.83252  1.08524752E-15
  7977.77881  9.98419652E-16
  7980.72461  8.95478044E-16
  7983.6709  9.2455012E-16
  7986.61719  1.05518791E-15
  7989.56348  1.07956943E-15
  7992.50928  9.65570655E-16
  7995.45557  9.54213426E-16
  7998.40186  1.14497583E-15
  8001.34814  9.62339331E-16
  8004.29395  1.05489589E-15
  8007.24023  1.02207887E-15
  8010.18652  8.95501337E-16
  8013.13281  8.74184165E-16
  8016.0791  1.0416645E-15
  8019.0249  1.00691052E-15
  8021.97119  9.53587998E-16
  8024.91748  9.34725315E-16
  8027.86377  9.66519438E-16
  8030.80957  1.20270314E-15
  8033.75586  1.14229497E-15
  8036.70215  9.89177675E-16
  8039.64844  1.0398564E-15
  8042.59424  9.97405224E-16
  8045.54053  8.83638694E-16
  8048.48682  1.02505016E-15
  8051.43311  1.04159567E-15
  8054.37891  9.54073771E-16
  8057.3252  9.33005521E-16
  8060.27148  9.02578721E-16
  8063.21777  9.20345025E-16
  8066.16357  8.61624678E-16
  8069.10986  9.93070639E-16
  8072.05615  1.12765465E-15
  8075.00244  9.41241116E-16
  8077.94824  1.01533988E-15
  8080.89453  1.06133832E-15
  8083.84082  1.00634672E-15
  8086.78711  1.08903577E-15
  8089.73291  1.03364362E-15
  8092.6792  1.07042148E-15
  8095.62549  9.08824001E-16
  8098.57178  1.04874156E-15
  8101.51758  1.00323366E-15
  8104.46387  7.79023666E-16
  8107.41016  7.8475125E-16
  8110.35645  8.7520664E-16
  8113.30273  9.84191722E-16
  8116.24854  9.93227869E-16
  8119.19482  9.1226719E-16
  8122.14111  1.06591939E-15
  8125.0874  1.01695136E-15
  8128.0332  8.44936964E-16
  8130.97949  9.83942482E-16
  8133.92578  1.08003678E-15
  8136.87207  8.58400288E-16
  8139.81787  8.03656231E-16
  8142.76416  1.02151538E-15
  8145.71045  9.89505265E-16
  8148.65674  9.85979173E-16
  8151.60254  1.07393169E-15
  8154.54883  1.02771069E-15
  8157.49512  9.36880485E-16
  8160.44141  9.20069845E-16
  8163.38721  1.03143297E-15
  8166.3335  1.01875067E-15
  8169.27979  1.00002541E-15
  8172.22607  1.07122859E-15
  8175.17188  8.7178505E-16
  8178.11816  8.84188047E-16
  8181.06445  9.53615844E-16
  8184.01074  9.85948786E-16
  8186.95654  1.0496175E-15
  8189.90283  1.0467684E-15
  8192.84863  1.03706331E-15
  8195.79492  1.03622919E-15
  8198.74121  1.06034496E-15
  8201.6875  1.13632127E-15
  8204.63379  1.1695454E-15
  8207.58008  1.08170438E-15
  8210.52637  9.3910617E-16
  8213.47266  1.07379796E-15
  8216.41895  1.25670827E-15
  8219.36426  1.08150893E-15
  8222.31055  9.74835502E-16
  8225.25684  1.10206504E-15
  8228.20312  1.07486152E-15
  8231.14941  1.16256818E-15
  8234.0957  1.03453608E-15
  8237.04199  1.11815581E-15
  8239.98828  9.55936079E-16
  8242.93359  1.00361355E-15
  8245.87988  1.1765997E-15
  8248.82617  8.68638852E-16
  8251.77246  1.02172058E-15
  8254.71875  1.12668532E-15
  8257.66504  1.06719862E-15
  8260.61133  9.37265144E-16
  8263.55762  9.75793814E-16
  8266.50293  1.06386629E-15
  8269.44922  1.06690629E-15
  8272.39551  1.00410462E-15
  8275.3418  9.08966832E-16
  8278.28809  1.04706994E-15
  8281.23438  1.08025923E-15
  8284.18066  8.49168476E-16
  8287.12695  9.56099239E-16
  8290.07227  9.72574347E-16
  8293.01855  7.58935803E-16
  8295.96484  1.08745076E-15
  8298.91113  9.03167938E-16
  8301.85742  8.84464921E-16
  8304.80371  8.95979911E-16
  8307.75  9.52595593E-16
  8310.69629  1.14081775E-15
  8313.64258  1.15943214E-15
  8316.58789  9.13144292E-16
  8319.53418  8.59760253E-16
  8322.48047  9.75014438E-16
  8325.42676  9.42407375E-16
  8328.37305  1.09623078E-15
  8331.31934  9.57214358E-16
  8334.26562  9.08548609E-16
  8337.21191  8.37297892E-16
  8340.15723  7.66753494E-16
  8343.10352  9.27505948E-16
  8346.0498  9.38476083E-16
  8348.99609  7.75420388E-16
  8351.94238  9.06002428E-16
  8354.88867  1.0403733E-15
  8357.83496  8.53039311E-16
  8360.78125  8.16998482E-16
  8363.72656  7.04569735E-16
  8366.67285  6.29077817E-16
  8369.61914  7.93236455E-16
  8372.56543  8.73984477E-16
  8375.51172  9.25133726E-16
  8378.45801  7.45884137E-16
  8381.4043  7.05085472E-16
  8384.35059  8.4928452E-16
  8387.2959  8.93334097E-16
  8390.24219  7.56379987E-16
  8393.18848  7.69784125E-16
  8396.13477  6.91676093E-16
  8399.08105  7.30299737E-16
  8402.02734  7.66230822E-16
  8404.97363  7.37923669E-16
  8407.91992  1.02651224E-15
  8410.86621  7.8589268E-16
  8413.81152  7.50264674E-16
  8416.75781  8.53787135E-16
  8419.7041  8.4949686E-16
  8422.65039  7.65649863E-16
  8425.59668  7.51416004E-16
  8428.54297  9.14458887E-16
  8431.48926  7.9641717E-16
  8434.43555  6.39528404E-16
  8437.38086  7.67932087E-16
  8440.32715  6.08474217E-16
  8443.27344  7.82519477E-16
  8446.21973  7.70632164E-16
  8449.16602  6.56656469E-16
  8452.1123  7.08428076E-16
  8455.05859  7.63081924E-16
  8458.00488  7.0355213E-16
  8460.9502  8.37158449E-16
  8463.89648  8.35211067E-16
  8466.84277  8.79615552E-16
  8469.78906  7.21179151E-16
  8472.73535  8.90921007E-16
  8475.68164  7.36886424E-16
  8478.62793  6.32777975E-16
  8481.57422  8.06614335E-16
  8484.51953  8.46850941E-16
  8487.46582  8.61143457E-16
  8490.41211  9.23436907E-16
  8493.3584  8.27278021E-16
  8496.30469  1.02627592E-15
  8499.25098  9.31483191E-16
  8502.19727  7.12014148E-16
  8505.14355  8.54952758E-16
  8508.08887  1.02113273E-15
  8511.03516  1.08530639E-15
  8513.98145  8.54750264E-16
  8516.92773  9.54890946E-16
  8519.87402  9.73245197E-16
  8522.82031  7.64188572E-16
  8525.7666  9.07880724E-16
  8528.71289  9.01738994E-16
  8531.65918  1.02497858E-15
  8534.60449  9.2934295E-16
  8537.55078  9.43027826E-16
  8540.49707  8.31170561E-16
  8543.44336  8.00235753E-16
  8546.38965  7.86998058E-16
  8549.33594  7.3274438E-16
  8552.28223  8.30350157E-16
  8555.22852  9.37281661E-16
  8558.17383  9.06830403E-16
  8561.12012  8.3054418E-16
  8564.06641  8.97218167E-16
  8567.0127  8.31915209E-16
  8569.95898  8.96476484E-16
  8572.90527  8.83589725E-16
  8575.85156  8.7030846E-16
  8578.79785  8.58962348E-16
  8581.74316  7.69978572E-16
  8584.68945  8.11807123E-16
  8587.63574  9.79306565E-16
  8590.58203  8.13266879E-16
  8593.52832  8.41659264E-16
  8596.47461  7.91729584E-16
  8599.4209  8.06957595E-16
  8602.36719  8.93103705E-16
  8605.3125  8.3923458E-16
  8608.25879  9.86964802E-16
  8611.20508  1.08432436E-15
  8614.15137  1.07111615E-15
  8617.09766  9.23319805E-16
  8620.04395  9.03796648E-16
  8622.99023  1.07368975E-15
  8625.93652  1.05655798E-15
  8628.88281  9.34772855E-16
  8631.82812  9.10130655E-16
  8634.77441  9.71663046E-16
  8637.7207  8.75433803E-16
  8640.66699  7.44130144E-16
  8643.61328  1.07681065E-15
  8646.55957  9.79374116E-16
  8649.50586  1.13273261E-15
  8652.45215  1.07925656E-15
  8655.39746  8.06766907E-16
  8658.34375  8.10658176E-16
  8661.29004  9.1345293E-16
  8664.23633  9.46320667E-16
  8667.18262  7.82189611E-16
  8670.12891  1.09754802E-15
  8673.0752  8.41699022E-16
  8676.02148  7.97941459E-16
  8678.9668  9.85608808E-16
  8681.91309  9.15280404E-16
  8684.85938  8.40969144E-16
  8687.80566  1.02726028E-15
  8690.75195  1.1849145E-15
  8693.69824  9.9300457E-16
  8696.64453  1.03451628E-15
  8699.59082  1.10977357E-15
  8702.53613  9.90861577E-16
  8705.48242  8.48345372E-16
  8708.42871  9.16162165E-16
  8711.375  9.72634698E-16
  8714.32129  8.34042374E-16
  8717.26758  9.24466158E-16
  8720.21387  1.00866557E-15
  8723.16016  1.00548391E-15
  8726.10645  1.02470097E-15
  8729.05176  9.27745129E-16
  8731.99805  9.24326715E-16
  8734.94434  9.89624591E-16
  8737.89062  1.07429877E-15
  8740.83691  1.06792294E-15
  8743.7832  9.37289496E-16
  8746.72949  1.01378102E-15
  8749.67578  1.05902031E-15
  8752.62109  8.37029276E-16
  8755.56738  9.7998398E-16
  8758.51367  1.01039966E-15
  8761.45996  9.30850034E-16
  8764.40625  1.00037619E-15
  8767.35254  8.92639107E-16
  8770.29883  1.00006014E-15
  8773.24512  9.85390273E-16
  8776.19043  1.05498949E-15
  8779.13672  1.01307618E-15
  8782.08301  9.53334206E-16
  8785.0293  8.70496819E-16
  8787.97559  8.67623365E-16
  8790.92188  9.96987002E-16
  8793.86816  7.59308498E-16
  8796.81445  8.91009521E-16
  8799.75977  9.20239252E-16
  8802.70605  8.73915338E-16
  8805.65234  8.28714801E-16
  8808.59863  9.21219375E-16
  8811.54492  9.15010094E-16
  8814.49121  7.73256907E-16
  8817.4375  9.50365991E-16
  8820.38379  8.12095379E-16
  8823.33008  8.47105898E-16
  8826.27539  9.58709477E-16
  8829.22168  8.97193074E-16
  8832.16797  9.58327571E-16
  8835.11426  9.24988142E-16
  8838.06055  8.40430537E-16
  8841.00684  7.94328228E-16
  8843.95312  7.81143472E-16
  8846.89941  9.18720734E-16
  8849.84473  9.105709E-16
  8852.79102  8.82525639E-16
  8855.7373  7.93562934E-16
  8858.68359  8.6010976E-16
  8861.62988  9.34038901E-16
  8864.57617  8.22519814E-16
  8867.52246  8.07109532E-16
  8870.46875  8.30489388E-16
  8873.41406  8.49783422E-16
  8876.36035  7.81952812E-16
  8879.30664  7.62535799E-16
  8882.25293  8.72416513E-16
  8885.19922  8.80392334E-16
  8888.14551  8.80727653E-16
  8891.0918  1.00987016E-15
  8894.03809  7.15265431E-16
  8896.9834  7.29100074E-16
  8899.92969  9.05292191E-16
  8902.87598  9.30498092E-16
  8905.82227  9.06450509E-16
  8908.76855  7.63447418E-16
  8911.71484  8.55766439E-16
  8914.66113  7.84809801E-16
  8917.60742  7.72427662E-16
  8920.55371  8.02365935E-16
  8923.49902  7.71368182E-16
  8926.44531  7.99347269E-16
  8929.3916  8.59754217E-16
  8932.33789  7.53416801E-16
  8935.28418  7.79333257E-16
  8938.23047  8.05118898E-16
  8941.17676  8.03928605E-16
  8944.12305  8.12075156E-16
  8947.06836  8.00666152E-16
  8950.01465  7.99045937E-16
  8952.96094  9.36349078E-16
  8955.90723  8.09133676E-16
  8958.85352  8.86298959E-16
  8961.7998  9.18954832E-16
  8964.74609  8.3854483E-16
  8967.69238  7.70239299E-16
  8970.6377  8.24171157E-16
  8973.58398  8.2172805E-16
  8976.53027  7.26682483E-16
  8979.47656  6.75160645E-16
  8982.42285  6.04963372E-16
  8985.36914  6.67969441E-16
  8988.31543  7.14512366E-16
  8991.26172  5.10456941E-16
  8994.20703  4.48681134E-16
  8997.15332  8.76130435E-16
  9000.09961  7.68725492E-16
  9003.0459  5.81734552E-16
  9005.99219  5.87878982E-16
  9008.93848  6.8632851E-16
  9011.88477  7.11000779E-16
  9014.83105  6.7692475E-16
  9017.77734  6.83981964E-16
  9020.72266  7.07402478E-16
  9023.66895  7.36800821E-16
  9026.61523  6.06913612E-16
  9029.56152  5.72788561E-16
  9032.50781  6.15716984E-16
  9035.4541  6.11460961E-16
  9038.40039  5.55547523E-16
  9041.34668  4.57921734E-16
  9044.29199  4.96071622E-16
  9047.23828  5.78626417E-16
  9050.18457  5.6180969E-16
  9053.13086  5.36349309E-16
  9056.07715  6.64249908E-16
  9059.02344  6.44503505E-16
  9061.96973  7.81048022E-16
  9064.91602  5.81800779E-16
  9067.86133  4.93156981E-16
  9070.80762  6.08893181E-16
  9073.75391  6.63287043E-16
  9076.7002  6.66663052E-16
  9079.64648  6.27345741E-16
  9082.59277  6.04112051E-16
  9085.53906  6.11647203E-16
  9088.48535  6.85560992E-16
  9091.43066  6.47077268E-16
  9094.37695  4.21226441E-16
  9097.32324  5.78804771E-16
  9100.26953  6.72074798E-16
  9103.21582  6.71673993E-16
  9106.16211  6.71273399E-16
  9109.1084  6.70903881E-16
  9112.05469  6.70665229E-16
  9115.00098  6.70422925E-16
  9117.94629  6.70178662E-16
  9120.89258  6.69932599E-16
  9123.83887  6.69682936E-16
  9126.78516  6.69859966E-16
  9129.73145  6.70243513E-16
  9132.67773  6.70624942E-16
  9135.62402  6.71004995E-16
  9138.57031  6.71385313E-16
  9141.51562  6.71763619E-16
  9144.46191  6.72089727E-16
  9147.4082  6.72301697E-16
  9150.35449  6.72512026E-16
  9153.30078  6.72720872E-16
  9156.24707  6.7292829E-16
  9159.19336  6.73134013E-16
  9162.13965  6.73337883E-16
  9165.08496  6.73538894E-16
  9168.03125  6.73738688E-16
  9170.97754  6.73936629E-16
  9173.92383  6.73943511E-16
  9176.87012  6.73534606E-16
  9179.81641  6.73123531E-16
  9182.7627  6.72706949E-16
  9185.70898  6.72285233E-16
  9188.6543  6.71860869E-16
  9191.60059  6.71435076E-16
  9194.54688  6.71004201E-16
  9197.49316  6.70687517E-16
  9200.43945  6.70444154E-16
  9203.38574  6.70198726E-16
  9206.33203  6.69734022E-16
  9209.27832  6.69540846E-16
  9212.22363  6.69454713E-16
  9215.16992  6.69365563E-16
  9218.11621  6.69274772E-16
  9221.0625  6.69180963E-16
  9224.00879  6.69289701E-16
  9226.95508  6.69923281E-16
