  0.0000000000E+000  0.0000000000E+000
  1.0001995072E+004  9.0217878729E+037
  2.0008942364E+004  9.7091614115E+037
  3.0017184511E+004  9.5296041097E+037
  4.0027325273E+004  9.3446529190E+037
  5.0043136586E+004  9.1634929718E+037
  6.0065283670E+004  9.0016845924E+037
  7.0060760807E+004  8.8210805996E+037
  8.0098887956E+004  8.6237254918E+037
  9.0111270543E+004  8.3038667411E+037
  1.0006580288E+005  2.1759934784E+037
  1.1006287815E+005  7.2897325662E+037
  1.2005654719E+005  8.7607933577E+037
  1.3006391651E+005  8.8779242133E+037
  1.4002733693E+005  8.7830060060E+037
  1.5002644727E+005  8.7482438764E+037
  1.6002612628E+005  8.7525563277E+037
  1.7001913624E+005  8.7284992518E+037
  1.8002913058E+005  8.6515265883E+037
  1.9007767013E+005  8.5479423531E+037
  2.0010974707E+005  8.4981339679E+037
  2.1011592395E+005  9.8443577443E+037
  2.2006597022E+005  2.1116262952E+038
  2.3012520312E+005  2.3523095703E+039
  2.4007539660E+005  3.2193372394E+039
  2.5008293911E+005  3.7280189222E+039
  2.6012533808E+005  4.3493269066E+039
  2.7011587398E+005  5.1340607538E+039
  2.8010719091E+005  6.1346217708E+039
  2.9008954134E+005  7.3883273260E+039
  3.0012205762E+005  8.9965580029E+039
  3.1013239925E+005  1.1131292700E+040
  3.2011790866E+005  1.4018276842E+040
  3.3007513023E+005  1.8098296012E+040
  3.4006920380E+005  2.4314638988E+040
  3.5009717539E+005  3.4827769857E+040
  3.6008638021E+005  5.9985051112E+040
  3.7010447014E+005  4.9195098542E+041
  3.8008067523E+005  1.6689000672E+042
  3.9008388462E+005  4.7568776963E+042
  4.0011381936E+005  1.1855390128E+043
  4.1010800775E+005  2.5821958854E+043
  4.2010816545E+005  4.9736070626E+043
  4.3006257166E+005  8.5785779710E+043
  4.4003259795E+005  1.3454214667E+044
  4.5001689721E+005  1.7802451006E+044
  4.6000915507E+005  1.6243837269E+044
  4.7000161846E+005  1.1025367845E+044
  4.8000014495E+005  5.9530805390E+043
  4.9000010554E+005  3.9918435038E+043
  5.0000010378E+005  3.3731284125E+043
  5.1000023587E+005  3.1313089236E+043
  5.2000036756E+005  2.9008158778E+043
  5.3000116940E+005  2.6997518963E+043
  5.4000231239E+005  2.5169940979E+043
  5.5000259069E+005  2.3513856964E+043
  5.6000672269E+005  2.2047899486E+043
  5.7001064444E+005  2.0781165455E+043
  5.8001891728E+005  1.9625449113E+043
  5.9001577658E+005  1.8572286560E+043
  6.0002975266E+005  1.7601799879E+043
  6.1002028055E+005  1.6705510548E+043
  6.2003292737E+005  1.5869872984E+043
  6.3001974124E+005  1.5097635540E+043
  6.4003260407E+005  1.4380830486E+043
  6.5002522763E+005  1.3716409580E+043
  6.6003085157E+005  1.3102187886E+043
  6.7003399530E+005  1.2527519470E+043
  6.8004120841E+005  1.1992561287E+043
  6.9002550067E+005  1.1494297822E+043
  7.0003624009E+005  1.1028950902E+043
  7.1003610093E+005  1.0592950753E+043
  7.2004069105E+005  1.0187128374E+043
  7.3003220718E+005  9.8043867164E+042
  7.4002692163E+005  9.4528088043E+042
  7.5003035147E+005  9.1209797772E+042
  7.6003253323E+005  8.8086982261E+042
  7.7003258888E+005  8.5171841300E+042
  7.8002306698E+005  8.2388677374E+042
  7.9003298162E+005  7.9798497994E+042
  8.0002491854E+005  7.7321580695E+042
  8.1002375461E+005  7.4976156922E+042
  8.2005111715E+005  7.2771584030E+042
  8.3002389768E+005  7.0643427600E+042
  8.4003911139E+005  6.8642239896E+042
  8.5002641457E+005  6.6746180282E+042
  8.6002822922E+005  6.4894910243E+042
  8.7004641614E+005  6.3159259775E+042
  8.8005176300E+005  6.1498462462E+042
  8.9003018352E+005  5.9879249837E+042
  9.0004593732E+005  5.8350223771E+042
  9.1004500069E+005  5.6901995906E+042
  9.2002723618E+005  5.5486328473E+042
  9.3004680138E+005  5.4126968353E+042
  9.4005053393E+005  5.2861053090E+042
  9.5004182744E+005  5.1633409545E+042
  9.6004034389E+005  5.0429887319E+042
  9.7003762651E+005  4.9280882497E+042
  9.8004934841E+005  4.8197871600E+042
  9.9005236530E+005  4.7142779406E+042
  1.0000294547E+006  4.6110207390E+042
  1.0100445670E+006  4.5112801605E+042
  1.0200572596E+006  4.4174138561E+042
  1.0300614296E+006  4.3270230774E+042
  1.0400420417E+006  4.2381907467E+042
  1.0500476904E+006  4.1509085712E+042
  1.0600511045E+006  4.0672937465E+042
  1.0700416003E+006  3.9882187126E+042
  1.0800520825E+006  3.9113154992E+042
  1.0900486571E+006  3.8354996285E+042
  1.1000318704E+006  3.7611758432E+042
  1.1100478918E+006  3.6896247648E+042
  1.1200404180E+006  3.6220044432E+042
  1.1300637052E+006  3.5562156125E+042
  1.1400677916E+006  3.4914212167E+042
  1.1500619409E+006  3.4278053267E+042
  1.1600425220E+006  3.3665274054E+042
  1.1700529822E+006  3.3083316207E+042
  1.1800502219E+006  3.2526670136E+042
  1.1900464734E+006  3.1980532277E+042
  1.2000601782E+006  3.1441499566E+042
  1.2100481548E+006  3.0916016424E+042
  1.2200607669E+006  3.0410565578E+042
  1.2300675845E+006  2.9931881950E+042
  1.2400871491E+006  2.9469879971E+042
  1.2500780929E+006  2.9017977534E+042
  1.2600659506E+006  2.8574263147E+042
  1.2700478937E+006  2.8141474890E+042
  1.2800694867E+006  2.7724702471E+042
  1.2900427534E+006  2.7331916291E+042
  1.3000766380E+006  2.6951872028E+042
  1.3100469532E+006  2.6582013310E+042
  1.3200594501E+006  2.6217221867E+042
  1.3300697353E+006  2.5860617574E+042
  1.3400651492E+006  2.5517189111E+042
  1.3500597324E+006  2.5191978002E+042
  1.3600836822E+006  2.4882334087E+042
  1.3700861159E+006  2.4582406611E+042
  1.3800580526E+006  2.4289310500E+042
  1.3900467350E+006  2.4001833313E+042
  1.4000372059E+006  2.3721983168E+042
  1.4100504996E+006  2.3452899490E+042
  1.4200641010E+006  2.3198852592E+042
  1.4300740112E+006  2.2957931749E+042
  1.4400523161E+006  2.2725446316E+042
  1.4500468443E+006  2.2497360782E+042
  1.4600809629E+006  2.2272889555E+042
  1.4700458741E+006  2.2055459248E+042
  1.4800623349E+006  2.1845389909E+042
  1.4900571035E+006  2.1648222398E+042
  1.5000766525E+006  2.1462718644E+042
  1.5100710915E+006  2.1285695300E+042
  1.5200655932E+006  2.1112500531E+042
  1.5300427455E+006  2.0942215261E+042
  1.5400731069E+006  2.0774019539E+042
  1.5500530774E+006  2.0611526572E+042
  1.5600727972E+006  2.0458713136E+042
  1.5700775562E+006  2.0319876014E+042
  1.5800973303E+006  2.0191351219E+042
  1.5900591499E+006  2.0068558946E+042
  1.6000656292E+006  1.9947928739E+042
  1.6100693502E+006  1.9828763009E+042
  1.6200707592E+006  1.9711132965E+042
  1.6300496000E+006  1.9598438068E+042
  1.6400673785E+006  1.9496454002E+042
  1.6500712611E+006  1.9409335232E+042
  1.6600937030E+006  1.9333459459E+042
  1.6700525034E+006  1.9261790882E+042
  1.6800890598E+006  1.9189453084E+042
  1.6900512806E+006  1.9117329208E+042
  1.7000503097E+006  1.9044522341E+042
  1.7100717438E+006  1.8974073348E+042
  1.7200618530E+006  1.8919130076E+042
  1.7300867556E+006  1.8870757873E+042
  1.7400481973E+006  1.8833003142E+042
  1.7500770072E+006  1.8797620798E+042
  1.7600492218E+006  1.8760742986E+042
  1.7700504585E+006  1.8721925997E+042
  1.7800740333E+006  1.8682578026E+042
  1.7900379204E+006  1.8643625331E+042
  1.8000581484E+006  1.8608513499E+042
  1.8100837873E+006  1.8582882700E+042
  1.8200680469E+006  1.8565193038E+042
  1.8300737832E+006  1.8548876283E+042
  1.8400783959E+006  1.8530386751E+042
  1.8500519517E+006  1.8510502900E+042
  1.8600688533E+006  1.8490501758E+042
  1.8700701520E+006  1.8470520058E+042
  1.8800467207E+006  1.8451397750E+042
  1.8900740809E+006  1.8435715062E+042
  1.9000499061E+006  1.8423585903E+042
  1.9100615616E+006  1.8411719148E+042
  1.9200440360E+006  1.8398027016E+042
  1.9300654700E+006  1.8383237353E+042
  1.9400704717E+006  1.8368676832E+042
  1.9500438192E+006  1.8354144840E+042
  1.9600385169E+006  1.8338834304E+042
  1.9700612270E+006  1.8315334189E+042
  1.9800612136E+006  1.8291616574E+042
  1.9872000000E+006  1.8274226495E+042
