   0.000000000E+00   0.500000000E+04   0.153507952E+02   0.141427062E+02   0.134170105E+02   0.131419712E+02   0.130187932E+02   0.144969552E+02   0.144689852E+02   0.136559692E+02   0.126298832E+02   0.131351832E+02   0.184828952E+02   0.238161052E+02   0.187766752E+02   0.176703652E+02   0.192570452E+02
   0.100003038E+05   0.500000000E+04               NaN               NaN               NaN               NaN               NaN               NaN               NaN               NaN               NaN               NaN               NaN               NaN               NaN               NaN               NaN
   0.200017627E+05   0.500000000E+04   0.226671998E+01   0.105863098E+01   0.332935275E+00   0.578959753E-01  -0.652820247E-01   0.141287998E+01   0.138490998E+01   0.571893975E+00  -0.454192025E+00   0.511079753E-01   0.539881998E+01   0.107320300E+02   0.569259998E+01   0.458628998E+01   0.617296998E+01
   0.300037102E+05   0.500000000E+04  -0.365913686E+01  -0.486722586E+01  -0.559292156E+01  -0.586796086E+01  -0.599113886E+01  -0.451297686E+01  -0.454094686E+01  -0.535396286E+01  -0.638004886E+01  -0.587474886E+01  -0.527036863E+00   0.480617314E+01  -0.233256863E+00  -0.133956686E+01   0.247113137E+00
   0.400126240E+05   0.500000000E+04  -0.373829118E+01  -0.494638018E+01  -0.567207588E+01  -0.594711518E+01  -0.607029318E+01  -0.459213118E+01  -0.462010118E+01  -0.543311718E+01  -0.645920318E+01  -0.595390318E+01  -0.606191182E+00   0.472701882E+01  -0.312411182E+00  -0.141872118E+01   0.167958818E+00
   0.500157901E+05   0.500000000E+04  -0.374604623E+01  -0.495413523E+01  -0.567983093E+01  -0.595487023E+01  -0.607804823E+01  -0.459988623E+01  -0.462785623E+01  -0.544087223E+01  -0.646695823E+01  -0.596165823E+01  -0.613946231E+00   0.471926377E+01  -0.320166231E+00  -0.142647623E+01   0.160203769E+00
   0.600122356E+05   0.500000000E+04  -0.370122992E+01  -0.490931892E+01  -0.563501462E+01  -0.591005392E+01  -0.603323192E+01  -0.455506992E+01  -0.458303992E+01  -0.539605592E+01  -0.642214192E+01  -0.591684192E+01  -0.569129923E+00   0.476408008E+01  -0.275349923E+00  -0.138165992E+01   0.205020077E+00
   0.700298420E+05   0.500000000E+04  -0.355181282E+01  -0.475990182E+01  -0.548559752E+01  -0.576063682E+01  -0.588381482E+01  -0.440565282E+01  -0.443362282E+01  -0.524663882E+01  -0.627272482E+01  -0.576742482E+01  -0.419712817E+00   0.491349718E+01  -0.125932817E+00  -0.123224282E+01   0.354437183E+00
   0.800266741E+05   0.500000000E+04  -0.342032228E+01  -0.462841128E+01  -0.535410698E+01  -0.562914628E+01  -0.575232428E+01  -0.427416228E+01  -0.430213228E+01  -0.511514828E+01  -0.614123428E+01  -0.563593428E+01  -0.288222281E+00   0.504498772E+01   0.555771872E-02  -0.110075228E+01   0.485927719E+00
   0.900310296E+05   0.500000000E+04  -0.331064432E+01  -0.451873332E+01  -0.524442902E+01  -0.551946832E+01  -0.564264632E+01  -0.416448432E+01  -0.419245432E+01  -0.500547032E+01  -0.603155632E+01  -0.552625632E+01  -0.178544319E+00   0.515466568E+01   0.115235681E+00  -0.991074319E+00   0.595605681E+00
   0.100008600E+06   0.500000000E+04  -0.321123283E+01  -0.441932183E+01  -0.514501753E+01  -0.542005683E+01  -0.554323483E+01  -0.406507283E+01  -0.409304283E+01  -0.490605883E+01  -0.593214483E+01  -0.542684483E+01  -0.791328348E-01   0.525407717E+01   0.214647165E+00  -0.891662835E+00   0.695017165E+00
   0.110017815E+06   0.500000000E+04  -0.312116385E+01  -0.432925285E+01  -0.505494855E+01  -0.532998785E+01  -0.545316585E+01  -0.397500385E+01  -0.400297385E+01  -0.481598985E+01  -0.584207585E+01  -0.533677585E+01   0.109361453E-01   0.534414615E+01   0.304716145E+00  -0.801593855E+00   0.785086145E+00
   0.120016438E+06   0.500000000E+04  -0.303925964E+01  -0.424734864E+01  -0.497304434E+01  -0.524808364E+01  -0.537126164E+01  -0.389309964E+01  -0.392106964E+01  -0.473408564E+01  -0.576017164E+01  -0.525487164E+01   0.928403621E-01   0.542605036E+01   0.386620362E+00  -0.719689638E+00   0.866990362E+00
   0.130012434E+06   0.500000000E+04  -0.296888419E+01  -0.417697319E+01  -0.490266889E+01  -0.517770819E+01  -0.530088619E+01  -0.382272419E+01  -0.385069419E+01  -0.466371019E+01  -0.568979619E+01  -0.518449619E+01   0.163215813E+00   0.549642581E+01   0.456995813E+00  -0.649314187E+00   0.937365813E+00
   0.140001750E+06   0.500000000E+04  -0.290564162E+01  -0.411373062E+01  -0.483942632E+01  -0.511446562E+01  -0.523764362E+01  -0.375948162E+01  -0.378745162E+01  -0.460046762E+01  -0.562655362E+01  -0.512125362E+01   0.226458382E+00   0.555966838E+01   0.520238382E+00  -0.586071618E+00   0.100060838E+01
   0.150000360E+06   0.500000000E+04  -0.284759406E+01  -0.405568306E+01  -0.478137876E+01  -0.505641806E+01  -0.517959606E+01  -0.370143406E+01  -0.372940406E+01  -0.454242006E+01  -0.556850606E+01  -0.506320606E+01   0.284505942E+00   0.561771594E+01   0.578285942E+00  -0.528024058E+00   0.105865594E+01
   0.160032440E+06   0.500000000E+04  -0.279410372E+01  -0.400219272E+01  -0.472788842E+01  -0.500292772E+01  -0.512610572E+01  -0.364794372E+01  -0.367591372E+01  -0.448892972E+01  -0.551501572E+01  -0.500971572E+01   0.337996275E+00   0.567120628E+01   0.631776275E+00  -0.474533725E+00   0.111214628E+01
   0.170026198E+06   0.500000000E+04  -0.274484697E+01  -0.395293597E+01  -0.467863167E+01  -0.495367097E+01  -0.507684897E+01  -0.359868697E+01  -0.362665697E+01  -0.443967297E+01  -0.546575897E+01  -0.496045897E+01   0.387253026E+00   0.572046303E+01   0.681033026E+00  -0.425276974E+00   0.116140303E+01
   0.180025812E+06   0.500000000E+04  -0.269900364E+01  -0.390709264E+01  -0.463278834E+01  -0.490782764E+01  -0.503100564E+01  -0.355284364E+01  -0.358081364E+01  -0.439382964E+01  -0.541991564E+01  -0.491461564E+01   0.433096358E+00   0.576630636E+01   0.726876358E+00  -0.379433642E+00   0.120724636E+01
   0.190029110E+06   0.500000000E+04  -0.265606745E+01  -0.386415645E+01  -0.458985215E+01  -0.486489145E+01  -0.498806945E+01  -0.350990745E+01  -0.353787745E+01  -0.435089345E+01  -0.537697945E+01  -0.487167945E+01   0.476032553E+00   0.580924255E+01   0.769812553E+00  -0.336497447E+00   0.125018255E+01
   0.200030630E+06   0.500000000E+04  -0.261575274E+01  -0.382384174E+01  -0.454953744E+01  -0.482457674E+01  -0.494775474E+01  -0.346959274E+01  -0.349756274E+01  -0.431057874E+01  -0.533666474E+01  -0.483136474E+01   0.516347255E+00   0.584955726E+01   0.810127255E+00  -0.296182745E+00   0.129049726E+01
   0.210043930E+06   0.500000000E+04  -0.257895058E+01  -0.378703958E+01  -0.451273528E+01  -0.478777458E+01  -0.491095258E+01  -0.343279058E+01  -0.346076058E+01  -0.427377658E+01  -0.529986258E+01  -0.479456258E+01   0.553149419E+00   0.588635942E+01   0.846929419E+00  -0.259380581E+00   0.132729942E+01
   0.220006534E+06   0.500000000E+04  -0.383603301E+01  -0.504412201E+01  -0.576981771E+01  -0.604485701E+01  -0.616803501E+01  -0.468987301E+01  -0.471784301E+01  -0.553085901E+01  -0.655694501E+01  -0.605164501E+01  -0.703933013E+00   0.462927699E+01  -0.410153013E+00  -0.151646301E+01   0.702169865E-01
   0.230005849E+06   0.500000000E+04  -0.717952675E+01  -0.838761575E+01  -0.911331145E+01  -0.938835075E+01  -0.951152875E+01  -0.803336675E+01  -0.806133675E+01  -0.887435275E+01  -0.990043875E+01  -0.939513875E+01  -0.404742675E+01   0.128578325E+01  -0.375364675E+01  -0.485995675E+01  -0.327327675E+01
   0.240006728E+06   0.500000000E+04  -0.809660455E+01  -0.930469355E+01  -0.100303892E+02  -0.103054285E+02  -0.104286065E+02  -0.895044455E+01  -0.897841455E+01  -0.979143055E+01  -0.108175165E+02  -0.103122165E+02  -0.496450455E+01   0.368705455E+00  -0.467072455E+01  -0.577703455E+01  -0.419035455E+01
   0.250013693E+06   0.523277228E+04  -0.951394075E+01  -0.106412024E+02  -0.113079682E+02  -0.115510475E+02  -0.116506065E+02  -0.103634088E+02  -0.103318324E+02  -0.110925006E+02  -0.120530197E+02  -0.115812905E+02  -0.653607333E+01  -0.146030250E+01  -0.626373399E+01  -0.730206750E+01  -0.576036376E+01
   0.260012556E+06   0.345513118E+05  -0.170949089E+02  -0.166869968E+02  -0.162117559E+02  -0.158613424E+02  -0.155317106E+02  -0.178703921E+02  -0.166992194E+02  -0.164369821E+02  -0.161799254E+02  -0.163458513E+02  -0.176163518E+02  -0.178133660E+02  -0.176281566E+02  -0.175112917E+02  -0.177109041E+02
   0.270000261E+06   0.699287865E+05  -0.182543065E+02  -0.177517048E+02  -0.172017067E+02  -0.168128637E+02  -0.164548615E+02  -0.190260400E+02  -0.177837963E+02  -0.174549697E+02  -0.171193851E+02  -0.173280738E+02  -0.190419387E+02  -0.196004511E+02  -0.190557479E+02  -0.188778585E+02  -0.192516626E+02
   0.280003287E+06   0.465943321E+05  -0.177427270E+02  -0.172848599E+02  -0.167704514E+02  -0.163999722E+02  -0.160555533E+02  -0.185162157E+02  -0.173075384E+02  -0.170103503E+02  -0.167122864E+02  -0.169004947E+02  -0.184050194E+02  -0.187953626E+02  -0.184181810E+02  -0.182673620E+02  -0.185605787E+02
   0.290011722E+06   0.391215994E+05  -0.175681203E+02  -0.171372099E+02  -0.166440025E+02  -0.162844034E+02  -0.159480489E+02  -0.183426797E+02  -0.171542393E+02  -0.168759557E+02  -0.166001177E+02  -0.167762400E+02  -0.181544305E+02  -0.184409166E+02  -0.181669451E+02  -0.180342512E+02  -0.182770564E+02
   0.300015706E+06   0.351832045E+05  -0.174982226E+02  -0.170867178E+02  -0.166086810E+02  -0.162568352E+02  -0.159261558E+02  -0.182735641E+02  -0.170996948E+02  -0.168349523E+02  -0.165749707E+02  -0.167424822E+02  -0.180298011E+02  -0.182408277E+02  -0.180417222E+02  -0.179223297E+02  -0.181287339E+02
   0.310000155E+06   0.325607937E+05  -0.174706019E+02  -0.170749695E+02  -0.166092870E+02  -0.162637377E+02  -0.159376854E+02  -0.182465849E+02  -0.170846334E+02  -0.168309337E+02  -0.165838479E+02  -0.167443742E+02  -0.179574207E+02  -0.181064485E+02  -0.179687809E+02  -0.178607467E+02  -0.180370239E+02
   0.320040711E+06   0.305896679E+05  -0.174635269E+02  -0.170818418E+02  -0.166269669E+02  -0.162869320E+02  -0.159649511E+02  -0.182400782E+02  -0.170885894E+02  -0.168445700E+02  -0.166087477E+02  -0.167631772E+02  -0.179110729E+02  -0.180055381E+02  -0.179218857E+02  -0.178240859E+02  -0.179737756E+02
   0.330032418E+06   0.290261979E+05  -0.174680247E+02  -0.170988494E+02  -0.166536625E+02  -0.163185479E+02  -0.160002250E+02  -0.182450861E+02  -0.171029844E+02  -0.168676449E+02  -0.166418917E+02  -0.167908752E+02  -0.178803709E+02  -0.179258156E+02  -0.178906504E+02  -0.178021593E+02  -0.179279708E+02
   0.340035675E+06   0.277217902E+05  -0.174792556E+02  -0.171218803E+02  -0.166857874E+02  -0.163552935E+02  -0.160403925E+02  -0.182567969E+02  -0.171235511E+02  -0.168963612E+02  -0.166800718E+02  -0.168239516E+02  -0.178584928E+02  -0.178577348E+02  -0.178682220E+02  -0.177887430E+02  -0.178919322E+02
   0.350052651E+06   0.266185196E+05  -0.174953722E+02  -0.171489639E+02  -0.167213087E+02  -0.163950927E+02  -0.160833801E+02  -0.182733674E+02  -0.171483523E+02  -0.169287204E+02  -0.167212072E+02  -0.168603491E+02  -0.178438957E+02  -0.178002160E+02  -0.178530797E+02  -0.177821470E+02  -0.178642410E+02
   0.360058828E+06   0.256574940E+05  -0.175137218E+02  -0.171777201E+02  -0.167580539E+02  -0.164359014E+02  -0.161271535E+02  -0.182921451E+02  -0.171749415E+02  -0.169624839E+02  -0.167632741E+02  -0.168979324E+02  -0.178331419E+02  -0.177487447E+02  -0.178417830E+02  -0.177790835E+02  -0.178411244E+02
   0.370048150E+06   0.248119990E+05  -0.175336376E+02  -0.172075133E+02  -0.167954162E+02  -0.164771155E+02  -0.161710629E+02  -0.183124669E+02  -0.172026745E+02  -0.169970232E+02  -0.168056775E+02  -0.169360980E+02  -0.178254745E+02  -0.177024537E+02  -0.178335791E+02  -0.177788049E+02  -0.178217853E+02
   0.380000588E+06   0.240578363E+05  -0.175541497E+02  -0.172374750E+02  -0.168326104E+02  -0.165179976E+02  -0.162145015E+02  -0.183333735E+02  -0.172306754E+02  -0.170315174E+02  -0.168476908E+02  -0.169740614E+02  -0.178196588E+02  -0.176597293E+02  -0.178272204E+02  -0.177801311E+02  -0.178048607E+02
   0.390080236E+06   0.233679864E+05  -0.175753757E+02  -0.172681348E+02  -0.168704799E+02  -0.165595249E+02  -0.162583864E+02  -0.183549931E+02  -0.172593709E+02  -0.170666961E+02  -0.168903414E+02  -0.170126915E+02  -0.178146722E+02  -0.176179920E+02  -0.178216676E+02  -0.177823852E+02  -0.177888720E+02
   0.400010074E+06   0.227486389E+05  -0.175960744E+02  -0.172977301E+02  -0.169068634E+02  -0.165993514E+02  -0.163003939E+02  -0.183760633E+02  -0.172871133E+02  -0.171005450E+02  -0.169312314E+02  -0.170497951E+02  -0.178107021E+02  -0.175794091E+02  -0.178171457E+02  -0.177852882E+02  -0.177745757E+02
   0.410025819E+06   0.221709854E+05  -0.176162480E+02  -0.173266956E+02  -0.169425239E+02  -0.166384085E+02  -0.163415710E+02  -0.183966043E+02  -0.173142477E+02  -0.171337043E+02  -0.169713456E+02  -0.170861719E+02  -0.178065565E+02  -0.175411069E+02  -0.178124341E+02  -0.177879821E+02  -0.177602807E+02
   0.420058190E+06   0.216344015E+05  -0.176356903E+02  -0.173549116E+02  -0.169774122E+02  -0.166766859E+02  -0.163819274E+02  -0.184164127E+02  -0.173406347E+02  -0.171661010E+02  -0.170106635E+02  -0.171217731E+02  -0.178017927E+02  -0.175023408E+02  -0.178070822E+02  -0.177900722E+02  -0.177455699E+02
   0.430045266E+06   0.211368852E+05  -0.176541058E+02  -0.173817252E+02  -0.170106090E+02  -0.167131265E+02  -0.164203430E+02  -0.184351785E+02  -0.173656970E+02  -0.171969147E+02  -0.170480941E+02  -0.171556514E+02  -0.177970637E+02  -0.174650992E+02  -0.178017812E+02  -0.177919155E+02  -0.177313932E+02
   0.440018855E+06   0.206668099E+05  -0.176710383E+02  -0.174072389E+02  -0.170426369E+02  -0.167484592E+02  -0.164577219E+02  -0.184524718E+02  -0.173894228E+02  -0.172265076E+02  -0.170844422E+02  -0.171883733E+02  -0.177904390E+02  -0.174253494E+02  -0.177945392E+02  -0.177920435E+02  -0.177151753E+02
   0.450001159E+06   0.202193891E+05  -0.176865140E+02  -0.174311351E+02  -0.170729222E+02  -0.167819838E+02  -0.164932644E+02  -0.184683028E+02  -0.174115651E+02  -0.172544037E+02  -0.171189646E+02  -0.172193387E+02  -0.177828323E+02  -0.173852733E+02  -0.177863150E+02  -0.177910765E+02  -0.176981772E+02
   0.460058615E+06   0.197926509E+05  -0.177009312E+02  -0.174540541E+02  -0.171022897E+02  -0.168146171E+02  -0.165279633E+02  -0.184830789E+02  -0.174327160E+02  -0.172813618E+02  -0.171526013E+02  -0.172493942E+02  -0.177740086E+02  -0.173437478E+02  -0.177768485E+02  -0.177889298E+02  -0.176798551E+02
   0.470001007E+06   0.193893192E+05  -0.177135967E+02  -0.174752260E+02  -0.171299108E+02  -0.168455012E+02  -0.165609406E+02  -0.184961039E+02  -0.174521212E+02  -0.173065750E+02  -0.171844857E+02  -0.172777051E+02  -0.177634826E+02  -0.173005802E+02  -0.177656611E+02  -0.177850588E+02  -0.176598105E+02
   0.480042580E+06   0.189969735E+05  -0.177245505E+02  -0.174944626E+02  -0.171554270E+02  -0.168741945E+02  -0.165916746E+02  -0.185074076E+02  -0.174696375E+02  -0.173297466E+02  -0.172141530E+02  -0.173038928E+02  -0.177518557E+02  -0.172571710E+02  -0.177533896E+02  -0.177799127E+02  -0.176389160E+02
   0.490030758E+06   0.186236936E+05  -0.177340254E+02  -0.175128215E+02  -0.171804975E+02  -0.169026619E+02  -0.166226130E+02  -0.185172614E+02  -0.174861450E+02  -0.173523050E+02  -0.172436655E+02  -0.173296838E+02  -0.177372951E+02  -0.172087390E+02  -0.177380824E+02  -0.177723922E+02  -0.176145344E+02
   0.500035225E+06   0.182649336E+05  -0.177423957E+02  -0.175297303E+02  -0.172038567E+02  -0.169292858E+02  -0.166516120E+02  -0.185259958E+02  -0.175012743E+02  -0.173732497E+02  -0.172712940E+02  -0.173537354E+02  -0.177225647E+02  -0.171614548E+02  -0.177226346E+02  -0.177644281E+02  -0.175903651E+02
   0.510024621E+06   0.179188712E+05  -0.177491038E+02  -0.175449372E+02  -0.172254806E+02  -0.169541563E+02  -0.166790565E+02  -0.185330672E+02  -0.175147105E+02  -0.173924716E+02  -0.172971635E+02  -0.173760491E+02  -0.177063309E+02  -0.171128830E+02  -0.177056754E+02  -0.177549702E+02  -0.175647927E+02
   0.520003257E+06   0.175849800E+05  -0.177540693E+02  -0.175589298E+02  -0.172462779E+02  -0.169783926E+02  -0.167066684E+02  -0.185384210E+02  -0.175268232E+02  -0.174107213E+02  -0.173224582E+02  -0.173975809E+02  -0.176870845E+02  -0.170594863E+02  -0.176856243E+02  -0.177430467E+02  -0.175358001E+02
   0.530031789E+06   0.172636761E+05  -0.177583545E+02  -0.175719017E+02  -0.172657980E+02  -0.170012221E+02  -0.167327464E+02  -0.185430798E+02  -0.175379862E+02  -0.174277898E+02  -0.173463063E+02  -0.174178079E+02  -0.176680707E+02  -0.170076095E+02  -0.176658361E+02  -0.177310797E+02  -0.175074074E+02
   0.540025313E+06   0.169552728E+05  -0.177615121E+02  -0.175835710E+02  -0.172838818E+02  -0.170225491E+02  -0.167570679E+02  -0.185466039E+02  -0.175478834E+02  -0.174434718E+02  -0.173686293E+02  -0.174365845E+02  -0.176484341E+02  -0.169558140E+02  -0.176454300E+02  -0.177182815E+02  -0.174786214E+02
   0.550041727E+06   0.166544758E+05  -0.177626589E+02  -0.175940182E+02  -0.173013285E+02  -0.170435422E+02  -0.167802718E+02  -0.185481532E+02  -0.175563964E+02  -0.174582955E+02  -0.173906992E+02  -0.174547892E+02  -0.176248732E+02  -0.168973486E+02  -0.176209666E+02  -0.177018182E+02  -0.174452906E+02
   0.560011885E+06   0.163654472E+05  -0.177629782E+02  -0.176032739E+02  -0.173173100E+02  -0.170629314E+02  -0.168017853E+02  -0.185488592E+02  -0.175637938E+02  -0.174717567E+02  -0.174111231E+02  -0.174714991E+02  -0.176014514E+02  -0.168403879E+02  -0.175966777E+02  -0.176852163E+02  -0.174124811E+02
   0.570038963E+06   0.160872492E+05  -0.177629441E+02  -0.176118415E+02  -0.173323512E+02  -0.170812525E+02  -0.168221513E+02  -0.185491974E+02  -0.175705725E+02  -0.174843720E+02  -0.174304402E+02  -0.174872413E+02  -0.175785659E+02  -0.167852203E+02  -0.175729576E+02  -0.176688951E+02  -0.173805597E+02
   0.580049646E+06   0.158185679E+05  -0.177614450E+02  -0.176195122E+02  -0.173469126E+02  -0.170993083E+02  -0.168423034E+02  -0.185480969E+02  -0.175763333E+02  -0.174963492E+02  -0.174495521E+02  -0.175025497E+02  -0.175529074E+02  -0.167253868E+02  -0.175463480E+02  -0.176500582E+02  -0.173454542E+02
   0.590074581E+06   0.155565745E+05  -0.177585547E+02  -0.176259680E+02  -0.173603870E+02  -0.171163431E+02  -0.168614394E+02  -0.185456137E+02  -0.175808412E+02  -0.175071905E+02  -0.174676612E+02  -0.175167851E+02  -0.175254794E+02  -0.166632289E+02  -0.175179244E+02  -0.176295077E+02  -0.173084765E+02
   0.600049353E+06   0.153049315E+05  -0.177552157E+02  -0.176316059E+02  -0.173727661E+02  -0.171321421E+02  -0.168792565E+02  -0.185426657E+02  -0.175846080E+02  -0.175170406E+02  -0.174844918E+02  -0.175298952E+02  -0.174985720E+02  -0.166029637E+02  -0.174900607E+02  -0.176092062E+02  -0.172723967E+02
   0.610010272E+06   0.150646563E+05  -0.177518762E+02  -0.176368377E+02  -0.173844347E+02  -0.171470760E+02  -0.168961174E+02  -0.185396996E+02  -0.175880535E+02  -0.175262945E+02  -0.175004109E+02  -0.175422618E+02  -0.174727288E+02  -0.165452696E+02  -0.174633045E+02  -0.175896705E+02  -0.172377955E+02
   0.620072764E+06   0.148301659E+05  -0.177470476E+02  -0.176413697E+02  -0.173959833E+02  -0.171621866E+02  -0.169137643E+02  -0.185352818E+02  -0.175906341E+02  -0.175352082E+02  -0.175165972E+02  -0.175545789E+02  -0.174435774E+02  -0.164816291E+02  -0.174330888E+02  -0.175669251E+02  -0.171992869E+02
   0.630013350E+06   0.146042331E+05  -0.177411192E+02  -0.176448254E+02  -0.174064691E+02  -0.171762422E+02  -0.169305039E+02  -0.185297662E+02  -0.175921334E+02  -0.175430533E+02  -0.175317312E+02  -0.175658372E+02  -0.174133479E+02  -0.164169199E+02  -0.174017703E+02  -0.175429596E+02  -0.171597444E+02
   0.640024619E+06   0.143840250E+05  -0.177347977E+02  -0.176476502E+02  -0.174161459E+02  -0.171893983E+02  -0.169462760E+02  -0.185238470E+02  -0.175930514E+02  -0.175501563E+02  -0.175459383E+02  -0.175762669E+02  -0.173833410E+02  -0.163533071E+02  -0.173707020E+02  -0.175190579E+02  -0.171206605E+02
   0.650002151E+06   0.141739168E+05  -0.177287156E+02  -0.176502949E+02  -0.174253283E+02  -0.172019005E+02  -0.169612743E+02  -0.185181488E+02  -0.175938769E+02  -0.175568831E+02  -0.175594433E+02  -0.175861677E+02  -0.173546599E+02  -0.162925613E+02  -0.173410082E+02  -0.174962020E+02  -0.170833187E+02
   0.660019652E+06   0.139710712E+05  -0.177223585E+02  -0.176525751E+02  -0.174340768E+02  -0.172139345E+02  -0.169757824E+02  -0.185121723E+02  -0.175943562E+02  -0.175632014E+02  -0.175724697E+02  -0.175956284E+02  -0.173259945E+02  -0.162322252E+02  -0.173113255E+02  -0.174731270E+02  -0.170461365E+02
   0.670017787E+06   0.137731141E+05  -0.177139115E+02  -0.176538013E+02  -0.174425335E+02  -0.172260707E+02  -0.169907098E+02  -0.185041553E+02  -0.175935640E+02  -0.175689390E+02  -0.175857161E+02  -0.176048898E+02  -0.172928995E+02  -0.161640304E+02  -0.172770051E+02  -0.174452905E+02  -0.170038166E+02
   0.680076671E+06   0.135798186E+05  -0.177050932E+02  -0.176544284E+02  -0.174502209E+02  -0.172373509E+02  -0.170047154E+02  -0.184957569E+02  -0.175922202E+02  -0.175739713E+02  -0.175980802E+02  -0.176133630E+02  -0.172600136E+02  -0.160968713E+02  -0.172429227E+02  -0.174175393E+02  -0.169619232E+02
   0.690023678E+06   0.133961597E+05  -0.176965446E+02  -0.176548543E+02  -0.174573552E+02  -0.172478988E+02  -0.170178529E+02  -0.184876072E+02  -0.175907735E+02  -0.175785828E+02  -0.176096581E+02  -0.176212438E+02  -0.172285973E+02  -0.160328903E+02  -0.172103695E+02  -0.173910017E+02  -0.169219483E+02
   0.700002599E+06   0.132199415E+05  -0.176884213E+02  -0.176553419E+02  -0.174642793E+02  -0.172580982E+02  -0.170305370E+02  -0.184798666E+02  -0.175894644E+02  -0.175830864E+02  -0.176208458E+02  -0.176288842E+02  -0.171985327E+02  -0.159715805E+02  -0.171792141E+02  -0.173656181E+02  -0.168836719E+02
   0.710069843E+06   0.130476408E+05  -0.176801378E+02  -0.176554779E+02  -0.174707088E+02  -0.172677303E+02  -0.170425985E+02  -0.184719574E+02  -0.175878436E+02  -0.175871491E+02  -0.176314441E+02  -0.176360141E+02  -0.171687957E+02  -0.159112929E+02  -0.171484106E+02  -0.173404582E+02  -0.168459058E+02
   0.720030928E+06   0.128813284E+05  -0.176700488E+02  -0.176546208E+02  -0.174767452E+02  -0.172772752E+02  -0.170547936E+02  -0.184622824E+02  -0.175850585E+02  -0.175905869E+02  -0.176420494E+02  -0.176428219E+02  -0.171355160E+02  -0.158448669E+02  -0.171138807E+02  -0.173118893E+02  -0.168041461E+02
   0.730050200E+06   0.127190794E+05  -0.176593042E+02  -0.176533153E+02  -0.174824856E+02  -0.172866018E+02  -0.170668250E+02  -0.184519624E+02  -0.175817813E+02  -0.175936690E+02  -0.176524605E+02  -0.176493521E+02  -0.171011751E+02  -0.157767571E+02  -0.170782337E+02  -0.172822588E+02  -0.167612465E+02
   0.740035049E+06   0.125638259E+05  -0.176490765E+02  -0.176521198E+02  -0.174880321E+02  -0.172955799E+02  -0.170783913E+02  -0.184421410E+02  -0.175786990E+02  -0.175966718E+02  -0.176624762E+02  -0.176556544E+02  -0.170683684E+02  -0.157116375E+02  -0.170441772E+02  -0.172539594E+02  -0.167202502E+02
   0.750000736E+06   0.124153232E+05  -0.176394310E+02  -0.176511137E+02  -0.174934749E+02  -0.173043050E+02  -0.170895921E+02  -0.184328841E+02  -0.175758881E+02  -0.175996815E+02  -0.176721940E+02  -0.176618201E+02  -0.170371257E+02  -0.156494869E+02  -0.170117390E+02  -0.172270280E+02  -0.166811740E+02
   0.760060012E+06   0.122695982E+05  -0.176296756E+02  -0.176498362E+02  -0.174985256E+02  -0.173125767E+02  -0.171002932E+02  -0.184235101E+02  -0.175728396E+02  -0.176023447E+02  -0.176814397E+02  -0.176675802E+02  -0.170061771E+02  -0.155882085E+02  -0.169796173E+02  -0.172003101E+02  -0.166425384E+02
   0.770041915E+06   0.121288225E+05  -0.176199733E+02  -0.176483238E+02  -0.175031265E+02  -0.173202892E+02  -0.171103526E+02  -0.184141761E+02  -0.175696163E+02  -0.176046391E+02  -0.176900931E+02  -0.176728664E+02  -0.169760013E+02  -0.155287332E+02  -0.169483083E+02  -0.171742213E+02  -0.166049367E+02
   0.780031619E+06   0.119922482E+05  -0.176102550E+02  -0.176466442E+02  -0.175074469E+02  -0.173276638E+02  -0.171200221E+02  -0.184048198E+02  -0.175662573E+02  -0.176066953E+02  -0.176983914E+02  -0.176778599E+02  -0.169462179E+02  -0.154702203E+02  -0.169174053E+02  -0.171484199E+02  -0.165678981E+02
   0.790006571E+06   0.118607400E+05  -0.175985003E+02  -0.176441228E+02  -0.175118086E+02  -0.173355341E+02  -0.171303921E+02  -0.183934867E+02  -0.175618040E+02  -0.176084501E+02  -0.177073246E+02  -0.176830012E+02  -0.169118988E+02  -0.154033701E+02  -0.168816857E+02  -0.171182065E+02  -0.165257793E+02
   0.800006313E+06   0.117340286E+05  -0.175873365E+02  -0.176418553E+02  -0.175161733E+02  -0.173432794E+02  -0.171405460E+02  -0.183827289E+02  -0.175576752E+02  -0.176103029E+02  -0.177160940E+02  -0.176881169E+02  -0.168789936E+02  -0.153391202E+02  -0.168474310E+02  -0.170892572E+02  -0.164853588E+02
   0.810002333E+06   0.116106580E+05  -0.175762696E+02  -0.176394503E+02  -0.175202255E+02  -0.173506231E+02  -0.171502347E+02  -0.183720575E+02  -0.175534579E+02  -0.176119096E+02  -0.177244348E+02  -0.176929005E+02  -0.168467585E+02  -0.152763670E+02  -0.168138820E+02  -0.170608738E+02  -0.164458067E+02
   0.820030250E+06   0.114901142E+05  -0.175652853E+02  -0.176369294E+02  -0.175240138E+02  -0.173576276E+02  -0.171595305E+02  -0.183614595E+02  -0.175491662E+02  -0.176133083E+02  -0.177324135E+02  -0.176974034E+02  -0.168150911E+02  -0.152148806E+02  -0.167809308E+02  -0.170329697E+02  -0.164069897E+02
   0.830013744E+06   0.113736890E+05  -0.175546359E+02  -0.176344542E+02  -0.175276323E+02  -0.173643523E+02  -0.171684682E+02  -0.183511832E+02  -0.175449807E+02  -0.176146189E+02  -0.177400791E+02  -0.177017121E+02  -0.167844652E+02  -0.151554546E+02  -0.167490650E+02  -0.170059786E+02  -0.163694587E+02
   0.840011736E+06   0.112602853E+05  -0.175441629E+02  -0.176319433E+02  -0.175310570E+02  -0.173708026E+02  -0.171770740E+02  -0.183410737E+02  -0.175408039E+02  -0.176157956E+02  -0.177474459E+02  -0.177058090E+02  -0.167545342E+02  -0.150974710E+02  -0.167179262E+02  -0.169795881E+02  -0.163328017E+02
   0.850065848E+06   0.111499407E+05  -0.175340845E+02  -0.176296122E+02  -0.175345013E+02  -0.173771908E+02  -0.171855598E+02  -0.183313489E+02  -0.175368518E+02  -0.176170525E+02  -0.177547260E+02  -0.177099074E+02  -0.167255226E+02  -0.150411635E+02  -0.166877395E+02  -0.169540215E+02  -0.162972456E+02
   0.860053800E+06   0.110431792E+05  -0.175242445E+02  -0.176272679E+02  -0.175377448E+02  -0.173832828E+02  -0.171936811E+02  -0.183218511E+02  -0.175329392E+02  -0.176181798E+02  -0.177616809E+02  -0.177137839E+02  -0.166973642E+02  -0.149865955E+02  -0.166584441E+02  -0.169291962E+02  -0.162627552E+02
   0.870028663E+06   0.109388037E+05  -0.175126324E+02  -0.176239543E+02  -0.175406135E+02  -0.173893082E+02  -0.172019452E+02  -0.183106218E+02  -0.175278873E+02  -0.176186999E+02  -0.177686640E+02  -0.177173591E+02  -0.166658092E+02  -0.149261049E+02  -0.166255504E+02  -0.169016286E+02  -0.162245770E+02
   0.880044474E+06   0.108372862E+05  -0.175001649E+02  -0.176202239E+02  -0.175433897E+02  -0.173954099E+02  -0.172103991E+02  -0.182985598E+02  -0.175223257E+02  -0.176189999E+02  -0.177757756E+02  -0.177208828E+02  -0.166325489E+02  -0.148625630E+02  -0.165908323E+02  -0.168727467E+02  -0.161845779E+02
   0.890003390E+06   0.107387422E+05  -0.174879458E+02  -0.176164859E+02  -0.175459677E+02  -0.174012160E+02  -0.172184886E+02  -0.182867342E+02  -0.175168101E+02  -0.176191744E+02  -0.177825620E+02  -0.177241864E+02  -0.166001460E+02  -0.148007654E+02  -0.165570143E+02  -0.168445940E+02  -0.161456337E+02
   0.900017592E+06   0.106415509E+05  -0.174757842E+02  -0.176126891E+02  -0.175484001E+02  -0.174068322E+02  -0.172263568E+02  -0.182749608E+02  -0.175112600E+02  -0.176192362E+02  -0.177891451E+02  -0.177273344E+02  -0.165680776E+02  -0.147397058E+02  -0.165235503E+02  -0.168167175E+02  -0.161071138E+02
   0.910071647E+06   0.105463189E+05  -0.174638301E+02  -0.176089312E+02  -0.175507460E+02  -0.174122977E+02  -0.172340289E+02  -0.182633871E+02  -0.175057842E+02  -0.176192592E+02  -0.177955579E+02  -0.177303814E+02  -0.165366182E+02  -0.146798396E+02  -0.164907233E+02  -0.167893654E+02  -0.160693328E+02
   0.920069309E+06   0.104534428E+05  -0.174519828E+02  -0.176050773E+02  -0.175528447E+02  -0.174174389E+02  -0.172413221E+02  -0.182519108E+02  -0.175002549E+02  -0.176190927E+02  -0.178016230E+02  -0.177331640E+02  -0.165057480E+02  -0.146212654E+02  -0.164585194E+02  -0.167625010E+02  -0.160322975E+02
   0.930042672E+06   0.103628488E+05  -0.174402774E+02  -0.176011688E+02  -0.175547427E+02  -0.174223045E+02  -0.172482869E+02  -0.182405671E+02  -0.174947122E+02  -0.176187810E+02  -0.178073899E+02  -0.177357291E+02  -0.164754871E+02  -0.145639812E+02  -0.164269576E+02  -0.167361474E+02  -0.159960230E+02
   0.940044719E+06   0.102747712E+05  -0.174289825E+02  -0.175974543E+02  -0.175566734E+02  -0.174271205E+02  -0.172551437E+02  -0.182296241E+02  -0.174894089E+02  -0.176185634E+02  -0.178130820E+02  -0.177383083E+02  -0.164461522E+02  -0.145083737E+02  -0.163963579E+02  -0.167106113E+02  -0.159608415E+02
   0.950002939E+06   0.101885812E+05  -0.174177637E+02  -0.175936535E+02  -0.175583967E+02  -0.174316672E+02  -0.172616876E+02  -0.182187495E+02  -0.174840533E+02  -0.176181844E+02  -0.178184862E+02  -0.177406662E+02  -0.164172799E+02  -0.144537918E+02  -0.163662479E+02  -0.166854564E+02  -0.159262479E+02
   0.960028713E+06   0.101029740E+05  -0.174063980E+02  -0.175896556E+02  -0.175598857E+02  -0.174359605E+02  -0.172679644E+02  -0.182077258E+02  -0.174785111E+02  -0.176175853E+02  -0.178236311E+02  -0.177427855E+02  -0.163883802E+02  -0.143993563E+02  -0.163361189E+02  -0.166602489E+02  -0.158916656E+02
   0.970042330E+06   0.100189588E+05  -0.173951136E+02  -0.175856019E+02  -0.175612168E+02  -0.174400437E+02  -0.172739944E+02  -0.181967769E+02  -0.174729419E+02  -0.176168672E+02  -0.178285501E+02  -0.177447352E+02  -0.163598878E+02  -0.143458030E+02  -0.163064200E+02  -0.166353801E+02  -0.158575963E+02
   0.980045447E+06   0.993626733E+04  -0.173809974E+02  -0.175799664E+02  -0.175618928E+02  -0.174439551E+02  -0.172802085E+02  -0.181830606E+02  -0.174655262E+02  -0.176151288E+02  -0.178334473E+02  -0.177461462E+02  -0.163260901E+02  -0.142830195E+02  -0.162710920E+02  -0.166059366E+02  -0.158179105E+02
   0.990033382E+06   0.985526635E+04  -0.173661841E+02  -0.175738576E+02  -0.175622614E+02  -0.174476463E+02  -0.172862681E+02  -0.181686592E+02  -0.174575897E+02  -0.176130165E+02  -0.178381518E+02  -0.177472714E+02  -0.162911978E+02  -0.142184751E+02  -0.162346007E+02  -0.165755390E+02  -0.157771343E+02
   0.100000470E+07   0.977674208E+04  -0.173519118E+02  -0.175680237E+02  -0.175627068E+02  -0.174513128E+02  -0.172922304E+02  -0.181547862E+02  -0.174499839E+02  -0.176110568E+02  -0.178428005E+02  -0.177484504E+02  -0.162574605E+02  -0.141559924E+02  -0.161993134E+02  -0.165461590E+02  -0.157376930E+02
   0.101001265E+07   0.969935593E+04  -0.173377392E+02  -0.175621673E+02  -0.175630386E+02  -0.174548190E+02  -0.172979992E+02  -0.181410073E+02  -0.174423813E+02  -0.176090185E+02  -0.178472747E+02  -0.177495052E+02  -0.162241050E+02  -0.140943082E+02  -0.161644303E+02  -0.165170978E+02  -0.156987162E+02
   0.102002551E+07   0.962252042E+04  -0.173233493E+02  -0.175560344E+02  -0.175630499E+02  -0.174579821E+02  -0.173034089E+02  -0.181270081E+02  -0.174345145E+02  -0.176066765E+02  -0.178513989E+02  -0.177502343E+02  -0.161906688E+02  -0.140327448E+02  -0.161294773E+02  -0.164879251E+02  -0.156596986E+02
   0.103004722E+07   0.954652771E+04  -0.173088892E+02  -0.175497407E+02  -0.175628331E+02  -0.174608825E+02  -0.173085311E+02  -0.181129346E+02  -0.174265061E+02  -0.176041321E+02  -0.178552499E+02  -0.177507273E+02  -0.161573712E+02  -0.139716286E+02  -0.160946797E+02  -0.164588444E+02  -0.156208810E+02
   0.104004363E+07   0.947161499E+04  -0.172943904E+02  -0.175432923E+02  -0.175623751E+02  -0.174634975E+02  -0.173133364E+02  -0.180988168E+02  -0.174183673E+02  -0.176013797E+02  -0.178588019E+02  -0.177509692E+02  -0.161243027E+02  -0.139111368E+02  -0.160601324E+02  -0.164299328E+02  -0.155823708E+02
   0.105003599E+07   0.939767792E+04  -0.172798136E+02  -0.175366610E+02  -0.175616562E+02  -0.174658115E+02  -0.173178122E+02  -0.180846160E+02  -0.174100676E+02  -0.175983963E+02  -0.178620408E+02  -0.177509411E+02  -0.160913980E+02  -0.138511660E+02  -0.160257682E+02  -0.164011309E+02  -0.155440953E+02
   0.106006471E+07   0.932523647E+04  -0.172655248E+02  -0.175301569E+02  -0.175609450E+02  -0.174680718E+02  -0.173221906E+02  -0.180706956E+02  -0.174019289E+02  -0.175954664E+02  -0.178652073E+02  -0.177509066E+02  -0.160591520E+02  -0.137924013E+02  -0.159920922E+02  -0.163729047E+02  -0.155065872E+02
   0.107008011E+07   0.925467639E+04  -0.172516738E+02  -0.175238885E+02  -0.175603191E+02  -0.174703402E+02  -0.173265220E+02  -0.180572035E+02  -0.173940683E+02  -0.175926793E+02  -0.178683583E+02  -0.177509398E+02  -0.160278103E+02  -0.137352297E+02  -0.159593576E+02  -0.163454783E+02  -0.154701200E+02
   0.108002081E+07   0.918524246E+04  -0.172377842E+02  -0.175174605E+02  -0.175594434E+02  -0.174723127E+02  -0.173305246E+02  -0.180436670E+02  -0.173860735E+02  -0.175896770E+02  -0.178711994E+02  -0.177507127E+02  -0.159967090E+02  -0.136787107E+02  -0.159268857E+02  -0.163182299E+02  -0.154339750E+02
   0.109007997E+07   0.911541411E+04  -0.172234788E+02  -0.175106590E+02  -0.175582258E+02  -0.174739595E+02  -0.173342130E+02  -0.180297168E+02  -0.173776963E+02  -0.175863207E+02  -0.178737196E+02  -0.177501475E+02  -0.159650942E+02  -0.136215338E+02  -0.158938925E+02  -0.162904899E+02  -0.153972879E+02
   0.110007589E+07   0.904672829E+04  -0.172091614E+02  -0.175037228E+02  -0.175567822E+02  -0.174753334E+02  -0.173375951E+02  -0.180157487E+02  -0.173692103E+02  -0.175827734E+02  -0.178759527E+02  -0.177493455E+02  -0.159337506E+02  -0.135650465E+02  -0.158611931E+02  -0.162629577E+02  -0.153609550E+02
   0.111003108E+07   0.897890201E+04  -0.171933550E+02  -0.174958321E+02  -0.175547804E+02  -0.174763573E+02  -0.173407822E+02  -0.180003202E+02  -0.173596565E+02  -0.175785086E+02  -0.178779016E+02  -0.177480366E+02  -0.158999264E+02  -0.135044284E+02  -0.158258593E+02  -0.162331913E+02  -0.153221066E+02
   0.112000909E+07   0.891192985E+04  -0.171745146E+02  -0.174861786E+02  -0.175519589E+02  -0.174770560E+02  -0.173440103E+02  -0.179819249E+02  -0.173480712E+02  -0.175730466E+02  -0.178796809E+02  -0.177460286E+02  -0.158606605E+02  -0.134344095E+02  -0.157847295E+02  -0.161985752E+02  -0.152776670E+02
   0.113007900E+07   0.884607879E+04  -0.171560685E+02  -0.174767655E+02  -0.175492634E+02  -0.174778218E+02  -0.173472633E+02  -0.179639164E+02  -0.173367586E+02  -0.175677549E+02  -0.178815093E+02  -0.177441332E+02  -0.158221306E+02  -0.133656416E+02  -0.157443670E+02  -0.161646174E+02  -0.152340502E+02
   0.114001326E+07   0.878257540E+04  -0.171383179E+02  -0.174677259E+02  -0.175467021E+02  -0.174785983E+02  -0.173504382E+02  -0.179465879E+02  -0.173258873E+02  -0.175626899E+02  -0.178833105E+02  -0.177423433E+02  -0.157850125E+02  -0.132993633E+02  -0.157054815E+02  -0.161319083E+02  -0.151920264E+02
   0.115008330E+07   0.871868378E+04  -0.171201729E+02  -0.174583451E+02  -0.175438391E+02  -0.174790936E+02  -0.173533466E+02  -0.179288675E+02  -0.173146636E+02  -0.175573079E+02  -0.178848368E+02  -0.177402564E+02  -0.157473814E+02  -0.132323938E+02  -0.156660723E+02  -0.160987131E+02  -0.151494597E+02
   0.116003233E+07   0.865593657E+04  -0.171020312E+02  -0.174488107E+02  -0.175407057E+02  -0.174792583E+02  -0.173558813E+02  -0.179111428E+02  -0.173033192E+02  -0.175517006E+02  -0.178860140E+02  -0.177378853E+02  -0.157101026E+02  -0.131663021E+02  -0.156270473E+02  -0.160657910E+02  -0.151073337E+02
   0.117001868E+07   0.859356587E+04  -0.170837558E+02  -0.174390910E+02  -0.175373486E+02  -0.174791796E+02  -0.173581582E+02  -0.178932820E+02  -0.172918004E+02  -0.175458845E+02  -0.178869417E+02  -0.177352859E+02  -0.156728051E+02  -0.131003646E+02  -0.155880140E+02  -0.160328238E+02  -0.150652181E+02
   0.118004306E+07   0.853152359E+04  -0.170653216E+02  -0.174291674E+02  -0.175337541E+02  -0.174788461E+02  -0.173601680E+02  -0.178752601E+02  -0.172800872E+02  -0.175398439E+02  -0.178876094E+02  -0.177324451E+02  -0.156354489E+02  -0.130345192E+02  -0.155489312E+02  -0.159997752E+02  -0.150230691E+02
   0.119004264E+07   0.847043603E+04  -0.170469908E+02  -0.174192162E+02  -0.175300346E+02  -0.174783375E+02  -0.173619666E+02  -0.178573352E+02  -0.172683739E+02  -0.175337160E+02  -0.178880865E+02  -0.177294677E+02  -0.155984872E+02  -0.129695067E+02  -0.155102694E+02  -0.159670548E+02  -0.149813884E+02
   0.120006622E+07   0.841076869E+04  -0.170291682E+02  -0.174095784E+02  -0.175264837E+02  -0.174779228E+02  -0.173638055E+02  -0.178399092E+02  -0.172570150E+02  -0.175278126E+02  -0.178886346E+02  -0.177266416E+02  -0.155624669E+02  -0.129060878E+02  -0.154725886E+02  -0.159351772E+02  -0.149407588E+02
   0.121004155E+07   0.835289612E+04  -0.170119738E+02  -0.174003226E+02  -0.175231316E+02  -0.174776127E+02  -0.173656812E+02  -0.178230995E+02  -0.172460899E+02  -0.175221789E+02  -0.178892583E+02  -0.177239926E+02  -0.155276222E+02  -0.128446685E+02  -0.154361333E+02  -0.159043506E+02  -0.149014434E+02
   0.122004034E+07   0.829548264E+04  -0.169947080E+02  -0.173909324E+02  -0.175195984E+02  -0.174770972E+02  -0.173673341E+02  -0.178062152E+02  -0.172350436E+02  -0.175163820E+02  -0.178896692E+02  -0.177211568E+02  -0.154928460E+02  -0.127835287E+02  -0.153997593E+02  -0.158735607E+02  -0.148622321E+02
   0.123004491E+07   0.823834666E+04  -0.169772165E+02  -0.173812786E+02  -0.175157731E+02  -0.174762751E+02  -0.173686700E+02  -0.177891035E+02  -0.172237417E+02  -0.175103042E+02  -0.178897691E+02  -0.177180256E+02  -0.154579289E+02  -0.127223753E+02  -0.153632521E+02  -0.158426105E+02  -0.148229012E+02
   0.124002927E+07   0.818185386E+04  -0.169596883E+02  -0.173714997E+02  -0.175117572E+02  -0.174752286E+02  -0.173697572E+02  -0.177719507E+02  -0.172123332E+02  -0.175040610E+02  -0.178896342E+02  -0.177146960E+02  -0.154231712E+02  -0.126616766E+02  -0.153269222E+02  -0.158117750E+02  -0.147837794E+02
   0.125003063E+07   0.812581931E+04  -0.169420888E+02  -0.173615867E+02  -0.175075605E+02  -0.174739772E+02  -0.173706221E+02  -0.177547236E+02  -0.172008039E+02  -0.174976550E+02  -0.178892869E+02  -0.177111800E+02  -0.153884819E+02  -0.126012569E+02  -0.152906735E+02  -0.157809763E+02  -0.147447615E+02
   0.126000979E+07   0.807050272E+04  -0.169245214E+02  -0.173516072E+02  -0.175032240E+02  -0.174725483E+02  -0.173712825E+02  -0.177375238E+02  -0.171892289E+02  -0.174911377E+02  -0.178887506E+02  -0.177075156E+02  -0.153540437E+02  -0.125414179E+02  -0.152546958E+02  -0.157503787E+02  -0.147060501E+02
   0.127002214E+07   0.801618039E+04  -0.169072691E+02  -0.173418066E+02  -0.174989649E+02  -0.174711445E+02  -0.173719304E+02  -0.177206325E+02  -0.171778613E+02  -0.174847369E+02  -0.178882234E+02  -0.177039164E+02  -0.153202239E+02  -0.124826537E+02  -0.152193642E+02  -0.157203305E+02  -0.146680338E+02
   0.128000417E+07   0.796369684E+04  -0.168870211E+02  -0.173303088E+02  -0.174939672E+02  -0.174695148E+02  -0.173727430E+02  -0.177008177E+02  -0.171645221E+02  -0.174772068E+02  -0.178876351E+02  -0.176997107E+02  -0.152811332E+02  -0.124146453E+02  -0.151783609E+02  -0.156855851E+02  -0.146251472E+02
   0.129005746E+07   0.791198050E+04  -0.168654132E+02  -0.173180043E+02  -0.174885712E+02  -0.174677053E+02  -0.173735421E+02  -0.176796737E+02  -0.171502595E+02  -0.174691120E+02  -0.178869370E+02  -0.176951629E+02  -0.152397125E+02  -0.123426138E+02  -0.151348571E+02  -0.156487542E+02  -0.145800997E+02
   0.130005296E+07   0.786100517E+04  -0.168438765E+02  -0.173056377E+02  -0.174830140E+02  -0.174656831E+02  -0.173740913E+02  -0.176585941E+02  -0.171359626E+02  -0.174608947E+02  -0.178860105E+02  -0.176904418E+02  -0.151986469E+02  -0.122713758E+02  -0.150917382E+02  -0.156122127E+02  -0.145354592E+02
   0.131006394E+07   0.781034976E+04  -0.168222268E+02  -0.172931005E+02  -0.174772435E+02  -0.174634256E+02  -0.173743889E+02  -0.176373988E+02  -0.171215074E+02  -0.174524808E+02  -0.178848416E+02  -0.176855022E+02  -0.151575908E+02  -0.122003369E+02  -0.150486417E+02  -0.155756523E+02  -0.144908507E+02
   0.132005048E+07   0.776034829E+04  -0.168006707E+02  -0.172805394E+02  -0.174713617E+02  -0.174610113E+02  -0.173744968E+02  -0.176162911E+02  -0.171070530E+02  -0.174439897E+02  -0.178835020E+02  -0.176804405E+02  -0.151168789E+02  -0.121300291E+02  -0.150059158E+02  -0.155393780E+02  -0.144466322E+02
   0.133003515E+07   0.771082228E+04  -0.167791388E+02  -0.172679169E+02  -0.174653550E+02  -0.174584392E+02  -0.173744228E+02  -0.175952035E+02  -0.170925552E+02  -0.174353986E+02  -0.178819943E+02  -0.176752462E+02  -0.150763734E+02  -0.120602091E+02  -0.149634153E+02  -0.155032679E+02  -0.144026534E+02
   0.134005425E+07   0.766173275E+04  -0.167576579E+02  -0.172552668E+02  -0.174592625E+02  -0.174557510E+02  -0.173742108E+02  -0.175741628E+02  -0.170780463E+02  -0.174267443E+02  -0.178803611E+02  -0.176699588E+02  -0.150360860E+02  -0.119908656E+02  -0.149211506E+02  -0.154673372E+02  -0.143589233E+02
   0.135007381E+07   0.761396770E+04  -0.167368200E+02  -0.172430215E+02  -0.174533977E+02  -0.174531987E+02  -0.173740678E+02  -0.175537533E+02  -0.170639924E+02  -0.174183870E+02  -0.178788354E+02  -0.176648775E+02  -0.149969491E+02  -0.119234565E+02  -0.148800897E+02  -0.154324394E+02  -0.143164366E+02
   0.136000255E+07   0.756842669E+04  -0.167171433E+02  -0.172315373E+02  -0.174479971E+02  -0.174509563E+02  -0.173741226E+02  -0.175344851E+02  -0.170507838E+02  -0.174106099E+02  -0.178775718E+02  -0.176602239E+02  -0.149598254E+02  -0.118593772E+02  -0.148411317E+02  -0.153993576E+02  -0.142761192E+02
   0.137000349E+07   0.752382106E+04  -0.166978924E+02  -0.172203107E+02  -0.174427289E+02  -0.174487815E+02  -0.173741978E+02  -0.175156343E+02  -0.170378682E+02  -0.174030140E+02  -0.178763557E+02  -0.176556874E+02  -0.149234859E+02  -0.117966356E+02  -0.148029954E+02  -0.153669768E+02  -0.142366515E+02
   0.138006522E+07   0.747948928E+04  -0.166785688E+02  -0.172089620E+02  -0.174373023E+02  -0.174464292E+02  -0.173740817E+02  -0.174967083E+02  -0.170248409E+02  -0.173952739E+02  -0.178749561E+02  -0.176509878E+02  -0.148871786E+02  -0.117340883E+02  -0.147649024E+02  -0.153346039E+02  -0.141972351E+02
   0.139004391E+07   0.743589550E+04  -0.166593506E+02  -0.171975861E+02  -0.174317497E+02  -0.174438998E+02  -0.173737512E+02  -0.174778811E+02  -0.170118143E+02  -0.173874465E+02  -0.178733637E+02  -0.176461503E+02  -0.148512594E+02  -0.116723659E+02  -0.147272273E+02  -0.153025537E+02  -0.141582587E+02
   0.140003381E+07   0.739292082E+04  -0.166402533E+02  -0.171862195E+02  -0.174261238E+02  -0.174412542E+02  -0.173732733E+02  -0.174591691E+02  -0.169988205E+02  -0.173795780E+02  -0.178716417E+02  -0.176412293E+02  -0.148156982E+02  -0.116113680E+02  -0.146899350E+02  -0.152708065E+02  -0.141196837E+02
   0.141002158E+07   0.735022732E+04  -0.166211302E+02  -0.171747767E+02  -0.174203841E+02  -0.174384752E+02  -0.173726479E+02  -0.174404290E+02  -0.169857611E+02  -0.173716104E+02  -0.178697803E+02  -0.176361899E+02  -0.147802190E+02  -0.115506186E+02  -0.146527362E+02  -0.152391164E+02  -0.140812105E+02
   0.142002582E+07   0.730790084E+04  -0.166020360E+02  -0.171632968E+02  -0.174145582E+02  -0.174355846E+02  -0.173718923E+02  -0.174217144E+02  -0.169726784E+02  -0.173635757E+02  -0.178677994E+02  -0.176310582E+02  -0.147449093E+02  -0.114902558E+02  -0.146157216E+02  -0.152075631E+02  -0.140429324E+02
   0.143002033E+07   0.726672843E+04  -0.165834829E+02  -0.171521503E+02  -0.174089117E+02  -0.174327934E+02  -0.173711779E+02  -0.174035306E+02  -0.169599730E+02  -0.173557807E+02  -0.178658931E+02  -0.176260871E+02  -0.147105829E+02  -0.114315595E+02  -0.145797367E+02  -0.151768908E+02  -0.140057186E+02
   0.144000947E+07   0.722757175E+04  -0.165660527E+02  -0.171417641E+02  -0.174037562E+02  -0.174303533E+02  -0.173707130E+02  -0.173864516E+02  -0.169481041E+02  -0.173485818E+02  -0.178642946E+02  -0.176215738E+02  -0.146781516E+02  -0.113759513E+02  -0.145457282E+02  -0.151479346E+02  -0.139705412E+02
   0.145006868E+07   0.719008467E+04  -0.165495370E+02  -0.171319921E+02  -0.173989918E+02  -0.174281886E+02  -0.173704391E+02  -0.173702721E+02  -0.169369126E+02  -0.173418611E+02  -0.178629355E+02  -0.176174242E+02  -0.146472744E+02  -0.113228855E+02  -0.145133410E+02  -0.151203844E+02  -0.139370350E+02
   0.146000050E+07   0.715413575E+04  -0.165336435E+02  -0.171225656E+02  -0.173943674E+02  -0.174260572E+02  -0.173701211E+02  -0.173547011E+02  -0.169261249E+02  -0.173353608E+02  -0.178615768E+02  -0.176133895E+02  -0.146176087E+02  -0.112719416E+02  -0.144822273E+02  -0.150939091E+02  -0.139048482E+02
   0.147004825E+07   0.711821314E+04  -0.165175708E+02  -0.171129551E+02  -0.173895556E+02  -0.174237366E+02  -0.173696125E+02  -0.173389506E+02  -0.169151542E+02  -0.173286744E+02  -0.178600282E+02  -0.176091669E+02  -0.145877739E+02  -0.112208442E+02  -0.144509455E+02  -0.150672625E+02  -0.138724942E+02
   0.148005785E+07   0.708278948E+04  -0.165015443E+02  -0.171033011E+02  -0.173846335E+02  -0.174212712E+02  -0.173689339E+02  -0.173232418E+02  -0.169041589E+02  -0.173219038E+02  -0.178583241E+02  -0.176048259E+02  -0.145581764E+02  -0.111702795E+02  -0.144199212E+02  -0.150408088E+02  -0.138404124E+02
   0.149006364E+07   0.704777665E+04  -0.164855721E+02  -0.170936274E+02  -0.173796370E+02  -0.174187027E+02  -0.173681316E+02  -0.173075836E+02  -0.168931595E+02  -0.173150802E+02  -0.178565082E+02  -0.176004037E+02  -0.145287906E+02  -0.111201696E+02  -0.143891250E+02  -0.150145304E+02  -0.138085712E+02
   0.150004421E+07   0.701311798E+04  -0.164696277E+02  -0.170839178E+02  -0.173745572E+02  -0.174160265E+02  -0.173672036E+02  -0.172919500E+02  -0.168821375E+02  -0.173081917E+02  -0.178545768E+02  -0.175958923E+02  -0.144995682E+02  -0.110704328E+02  -0.143585066E+02  -0.149883840E+02  -0.137769182E+02
   0.151000925E+07   0.697893065E+04  -0.164502584E+02  -0.170720535E+02  -0.173682406E+02  -0.174126288E+02  -0.173659397E+02  -0.172729642E+02  -0.168686944E+02  -0.172996949E+02  -0.178520889E+02  -0.175902911E+02  -0.144647561E+02  -0.110112042E+02  -0.143219003E+02  -0.149573199E+02  -0.137399793E+02
   0.152003605E+07   0.694593024E+04  -0.164295109E+02  -0.170593648E+02  -0.173614965E+02  -0.174090315E+02  -0.173646482E+02  -0.172526331E+02  -0.168543107E+02  -0.172906081E+02  -0.178494750E+02  -0.175843304E+02  -0.144276924E+02  -0.109480590E+02  -0.142828539E+02  -0.149243030E+02  -0.137010253E+02
   0.153000419E+07   0.691548618E+04  -0.164106263E+02  -0.170479146E+02  -0.173555306E+02  -0.174059687E+02  -0.173637125E+02  -0.172341327E+02  -0.168412970E+02  -0.172824809E+02  -0.178473193E+02  -0.175790871E+02  -0.143937555E+02  -0.108900609E+02  -0.142470879E+02  -0.148940995E+02  -0.136653446E+02
   0.154000917E+07   0.688709769E+04  -0.163932112E+02  -0.170374321E+02  -0.173501619E+02  -0.174033071E+02  -0.173630345E+02  -0.172170759E+02  -0.168293564E+02  -0.172750970E+02  -0.178455036E+02  -0.175743924E+02  -0.143623045E+02  -0.108361733E+02  -0.142139314E+02  -0.148661297E+02  -0.136322675E+02
   0.155007576E+07   0.685970822E+04  -0.163763766E+02  -0.170272860E+02  -0.173449497E+02  -0.174007067E+02  -0.173623478E+02  -0.172005868E+02  -0.168178036E+02  -0.172679404E+02  -0.178437194E+02  -0.175698304E+02  -0.143319278E+02  -0.107841496E+02  -0.141819091E+02  -0.148391118E+02  -0.136003219E+02
   0.156008570E+07   0.683286782E+04  -0.163596980E+02  -0.170171619E+02  -0.173396606E+02  -0.173979771E+02  -0.173614936E+02  -0.171842469E+02  -0.168063010E+02  -0.172607459E+02  -0.178417895E+02  -0.175651785E+02  -0.143019787E+02  -0.107329875E+02  -0.141503474E+02  -0.148124541E+02  -0.135688354E+02
   0.157001026E+07   0.680648757E+04  -0.163431294E+02  -0.170070353E+02  -0.173342861E+02  -0.173951182E+02  -0.173604779E+02  -0.171680111E+02  -0.167948195E+02  -0.172534987E+02  -0.178397167E+02  -0.175604302E+02  -0.142723670E+02  -0.106825264E+02  -0.141191508E+02  -0.147860774E+02  -0.135377126E+02
   0.158002261E+07   0.678015407E+04  -0.163264609E+02  -0.169967975E+02  -0.173287920E+02  -0.173921351E+02  -0.173593348E+02  -0.171516749E+02  -0.167832292E+02  -0.172461351E+02  -0.178375183E+02  -0.175555612E+02  -0.142426786E+02  -0.106320255E+02  -0.140878802E+02  -0.147596183E+02  -0.135065158E+02
   0.159002346E+07   0.675401635E+04  -0.163097910E+02  -0.169865104E+02  -0.173232133E+02  -0.173890490E+02  -0.173580749E+02  -0.171353348E+02  -0.167715997E+02  -0.172387010E+02  -0.178352110E+02  -0.175506031E+02  -0.142130855E+02  -0.105817748E+02  -0.140567168E+02  -0.147332305E+02  -0.134754256E+02
   0.160007257E+07   0.672794068E+04  -0.162930375E+02  -0.169761246E+02  -0.173175248E+02  -0.173858469E+02  -0.173566948E+02  -0.171189103E+02  -0.167598746E+02  -0.172311613E+02  -0.178327860E+02  -0.175455335E+02  -0.141834395E+02  -0.105315202E+02  -0.140255042E+02  -0.147067822E+02  -0.134442860E+02
   0.161007266E+07   0.670296449E+04  -0.162770019E+02  -0.169661883E+02  -0.173120876E+02  -0.173827914E+02  -0.173553844E+02  -0.171031899E+02  -0.167486555E+02  -0.172239511E+02  -0.178304747E+02  -0.175406893E+02  -0.141550551E+02  -0.104833961E+02  -0.139956192E+02  -0.146814606E+02  -0.134144709E+02
   0.162006383E+07   0.668006115E+04  -0.162625047E+02  -0.169572840E+02  -0.173073092E+02  -0.173801970E+02  -0.173543903E+02  -0.170889817E+02  -0.167385750E+02  -0.172175468E+02  -0.178285628E+02  -0.175364545E+02  -0.141292339E+02  -0.104394734E+02  -0.139684220E+02  -0.146584480E+02  -0.133873378E+02
   0.163001431E+07   0.665941165E+04  -0.162496632E+02  -0.169494852E+02  -0.173032301E+02  -0.173780870E+02  -0.173537231E+02  -0.170764007E+02  -0.167297156E+02  -0.172120018E+02  -0.178270681E+02  -0.175328656E+02  -0.141061828E+02  -0.104001022E+02  -0.139441302E+02  -0.146379291E+02  -0.133631039E+02
   0.164004205E+07   0.663992070E+04  -0.162375940E+02  -0.169421757E+02  -0.172994317E+02  -0.173761473E+02  -0.173531452E+02  -0.170645775E+02  -0.167214050E+02  -0.172068197E+02  -0.178257091E+02  -0.175295300E+02  -0.140844768E+02  -0.103629917E+02  -0.139212532E+02  -0.146186133E+02  -0.133402814E+02
   0.165007393E+07   0.662086375E+04  -0.162256652E+02  -0.169349006E+02  -0.172955895E+02  -0.173741224E+02  -0.173524518E+02  -0.170528891E+02  -0.167131512E+02  -0.172016247E+02  -0.178242520E+02  -0.175261402E+02  -0.140631257E+02  -0.103265792E+02  -0.138987572E+02  -0.145995992E+02  -0.133178388E+02
   0.166002110E+07   0.660208942E+04  -0.162137459E+02  -0.169275661E+02  -0.172916369E+02  -0.173719601E+02  -0.173516013E+02  -0.170412067E+02  -0.167048524E+02  -0.171963393E+02  -0.178226492E+02  -0.175226333E+02  -0.140419240E+02  -0.102905393E+02  -0.138764275E+02  -0.145806997E+02  -0.132955617E+02
   0.167000462E+07   0.658343782E+04  -0.162017814E+02  -0.169201563E+02  -0.172875870E+02  -0.173696888E+02  -0.173506332E+02  -0.170294776E+02  -0.166964847E+02  -0.171909653E+02  -0.178209336E+02  -0.175190262E+02  -0.140207376E+02  -0.102546119E+02  -0.138541206E+02  -0.145618007E+02  -0.132733070E+02
   0.168005072E+07   0.656489956E+04  -0.161898001E+02  -0.169127021E+02  -0.172834723E+02  -0.173673418E+02  -0.173495815E+02  -0.170177302E+02  -0.166880783E+02  -0.171855345E+02  -0.178191390E+02  -0.175153515E+02  -0.139995906E+02  -0.102188133E+02  -0.138318597E+02  -0.145429269E+02  -0.132510980E+02
   0.169002982E+07   0.654667457E+04  -0.161779183E+02  -0.169052709E+02  -0.172793241E+02  -0.173649315E+02  -0.173484447E+02  -0.170060784E+02  -0.166797111E+02  -0.171800926E+02  -0.178172718E+02  -0.175116359E+02  -0.139786979E+02  -0.101835167E+02  -0.138098721E+02  -0.145242692E+02  -0.132291614E+02
   0.170003777E+07   0.652870906E+04  -0.161661461E+02  -0.168978858E+02  -0.172751753E+02  -0.173624959E+02  -0.173472643E+02  -0.169945328E+02  -0.166714033E+02  -0.171746684E+02  -0.178153716E+02  -0.175079136E+02  -0.139580430E+02  -0.101486630E+02  -0.137881379E+02  -0.145058175E+02  -0.132074775E+02
   0.171002457E+07   0.651173846E+04  -0.161550609E+02  -0.168909449E+02  -0.172712915E+02  -0.173602303E+02  -0.173461845E+02  -0.169836618E+02  -0.166635908E+02  -0.171695798E+02  -0.178136117E+02  -0.175044327E+02  -0.139385672E+02  -0.101157746E+02  -0.137676424E+02  -0.144884227E+02  -0.131870296E+02
   0.172004799E+07   0.649621174E+04  -0.161450651E+02  -0.168847407E+02  -0.172678843E+02  -0.173583037E+02  -0.173453428E+02  -0.169738619E+02  -0.166565892E+02  -0.171650704E+02  -0.178121478E+02  -0.175013941E+02  -0.139208946E+02  -0.100858306E+02  -0.137490370E+02  -0.144726542E+02  -0.131684676E+02
   0.173006701E+07   0.648194690E+04  -0.161359848E+02  -0.168791439E+02  -0.172648571E+02  -0.173566368E+02  -0.173446726E+02  -0.169649616E+02  -0.166502597E+02  -0.171610306E+02  -0.178109059E+02  -0.174987055E+02  -0.139047614E+02  -0.100584233E+02  -0.137320468E+02  -0.144582703E+02  -0.131515173E+02
   0.174004602E+07   0.646834908E+04  -0.161273008E+02  -0.168737805E+02  -0.172619432E+02  -0.173550196E+02  -0.173440055E+02  -0.169564492E+02  -0.166441979E+02  -0.171571514E+02  -0.178096939E+02  -0.174961145E+02  -0.138893543E+02  -0.100322693E+02  -0.137158227E+02  -0.144445307E+02  -0.131353314E+02
   0.175007937E+07   0.645489422E+04  -0.161186034E+02  -0.168683688E+02  -0.172589552E+02  -0.173533147E+02  -0.173432406E+02  -0.169479215E+02  -0.166380951E+02  -0.171532082E+02  -0.178083898E+02  -0.174934459E+02  -0.138740045E+02  -0.100062856E+02  -0.136996645E+02  -0.144308308E+02  -0.131192108E+02
   0.176000816E+07   0.644176498E+04  -0.161100213E+02  -0.168629929E+02  -0.172559444E+02  -0.173515558E+02  -0.173423992E+02  -0.169395052E+02  -0.166320449E+02  -0.171492654E+02  -0.178070223E+02  -0.174907467E+02  -0.138589310E+02  -0.998083552E+01  -0.136838022E+02  -0.144173674E+02  -0.131033853E+02
   0.177002710E+07   0.642879706E+04  -0.161014831E+02  -0.168576215E+02  -0.172529090E+02  -0.173497570E+02  -0.173415064E+02  -0.169311306E+02  -0.166260075E+02  -0.171453094E+02  -0.178056099E+02  -0.174880192E+02  -0.138439811E+02  -0.995563658E+01  -0.136680732E+02  -0.144040077E+02  -0.130876926E+02
   0.178003301E+07   0.641615074E+04  -0.160931123E+02  -0.168523388E+02  -0.172499045E+02  -0.173479584E+02  -0.173405915E+02  -0.169229193E+02  -0.166200753E+02  -0.171414071E+02  -0.178041881E+02  -0.174853149E+02  -0.138293576E+02  -0.993101817E+01  -0.136526899E+02  -0.143909350E+02  -0.130723447E+02
   0.179001848E+07   0.640379277E+04  -0.160848810E+02  -0.168471254E+02  -0.172469172E+02  -0.173461495E+02  -0.173396460E+02  -0.169148439E+02  -0.166142272E+02  -0.171375425E+02  -0.178027474E+02  -0.174826209E+02  -0.138150162E+02  -0.990690978E+01  -0.136376061E+02  -0.143781091E+02  -0.130572954E+02
   0.180004890E+07   0.639171405E+04  -0.160767859E+02  -0.168419799E+02  -0.172439476E+02  -0.173443318E+02  -0.173386722E+02  -0.169069013E+02  -0.166084614E+02  -0.171337154E+02  -0.178012896E+02  -0.174799381E+02  -0.138009491E+02  -0.988329641E+01  -0.136228133E+02  -0.143655232E+02  -0.130425365E+02
   0.181004429E+07   0.638026955E+04  -0.160691088E+02  -0.168370976E+02  -0.172411269E+02  -0.173426024E+02  -0.173377425E+02  -0.168993686E+02  -0.166029913E+02  -0.171300823E+02  -0.177999012E+02  -0.174773890E+02  -0.137876136E+02  -0.986091584E+01  -0.136087902E+02  -0.143535911E+02  -0.130285454E+02
   0.182005764E+07   0.636954950E+04  -0.160619442E+02  -0.168325508E+02  -0.172385112E+02  -0.173410089E+02  -0.173368980E+02  -0.168923392E+02  -0.165978939E+02  -0.171267055E+02  -0.177986272E+02  -0.174750278E+02  -0.137751487E+02  -0.983997842E+01  -0.135956812E+02  -0.143424408E+02  -0.130154665E+02
   0.183006201E+07   0.635941564E+04  -0.160551712E+02  -0.168282525E+02  -0.172360384E+02  -0.173395025E+02  -0.173360997E+02  -0.168856941E+02  -0.165930751E+02  -0.171235134E+02  -0.177974227E+02  -0.174727956E+02  -0.137633653E+02  -0.982018583E+01  -0.135832890E+02  -0.143319001E+02  -0.130031026E+02
   0.184000630E+07   0.634966653E+04  -0.160486094E+02  -0.168240715E+02  -0.172336136E+02  -0.173380073E+02  -0.173352857E+02  -0.168792553E+02  -0.165883934E+02  -0.171203965E+02  -0.177962181E+02  -0.174706022E+02  -0.137519833E+02  -0.980109875E+01  -0.135713213E+02  -0.143217137E+02  -0.129911622E+02
   0.185001163E+07   0.634007770E+04  -0.160420899E+02  -0.168198936E+02  -0.172311630E+02  -0.173364711E+02  -0.173344195E+02  -0.168728568E+02  -0.165837230E+02  -0.171172652E+02  -0.177949676E+02  -0.174683792E+02  -0.137407228E+02  -0.978225985E+01  -0.135594847E+02  -0.143116291E+02  -0.129793525E+02
   0.186000170E+07   0.633074491E+04  -0.160356845E+02  -0.168157673E+02  -0.172287179E+02  -0.173349160E+02  -0.173335164E+02  -0.168665692E+02  -0.165791174E+02  -0.171141575E+02  -0.177936905E+02  -0.174661557E+02  -0.137297031E+02  -0.976386402E+01  -0.135479042E+02  -0.143017538E+02  -0.129677982E+02
   0.187003143E+07   0.632164873E+04  -0.160293899E+02  -0.168116939E+02  -0.172262831E+02  -0.173333486E+02  -0.173325846E+02  -0.168603893E+02  -0.165745768E+02  -0.171110770E+02  -0.177923942E+02  -0.174639368E+02  -0.137189111E+02  -0.974588291E+01  -0.135365657E+02  -0.142920773E+02  -0.129564851E+02
   0.188003527E+07   0.631285053E+04  -0.160232514E+02  -0.168077040E+02  -0.172238780E+02  -0.173317825E+02  -0.173316333E+02  -0.168543619E+02  -0.165701350E+02  -0.171080474E+02  -0.177910903E+02  -0.174617407E+02  -0.137084225E+02  -0.972844081E+01  -0.135255486E+02  -0.142826677E+02  -0.129454926E+02
   0.189004887E+07   0.630431119E+04  -0.160172386E+02  -0.168037765E+02  -0.172214888E+02  -0.173302076E+02  -0.173306550E+02  -0.168484568E+02  -0.165657689E+02  -0.171050519E+02  -0.177897698E+02  -0.174595541E+02  -0.136981876E+02  -0.971145693E+01  -0.135148006E+02  -0.142734799E+02  -0.129347686E+02
   0.190007647E+07   0.629602679E+04  -0.160113459E+02  -0.167999069E+02  -0.172191116E+02  -0.173286203E+02  -0.173296466E+02  -0.168426687E+02  -0.165614738E+02  -0.171020866E+02  -0.177884294E+02  -0.174573735E+02  -0.136881990E+02  -0.969492078E+01  -0.135043143E+02  -0.142645072E+02  -0.129243054E+02
   0.191006498E+07   0.628807085E+04  -0.160056218E+02  -0.167961256E+02  -0.172167634E+02  -0.173270309E+02  -0.173286130E+02  -0.168370449E+02  -0.165572839E+02  -0.170991737E+02  -0.177870770E+02  -0.174552143E+02  -0.136785412E+02  -0.967897515E+01  -0.134941785E+02  -0.142558251E+02  -0.129141919E+02
   0.192006995E+07   0.628040852E+04  -0.160000440E+02  -0.167924189E+02  -0.172144371E+02  -0.173254352E+02  -0.173275527E+02  -0.168315638E+02  -0.165531837E+02  -0.170963033E+02  -0.177857096E+02  -0.174530698E+02  -0.136691750E+02  -0.966355303E+01  -0.134843519E+02  -0.142473985E+02  -0.129043868E+02
   0.193003725E+07   0.627304341E+04  -0.159946126E+02  -0.167887861E+02  -0.172121310E+02  -0.173238314E+02  -0.173264635E+02  -0.168262253E+02  -0.165491726E+02  -0.170934744E+02  -0.177843253E+02  -0.174509386E+02  -0.136601021E+02  -0.964865922E+01  -0.134748365E+02  -0.142392288E+02  -0.128948920E+02
   0.194000459E+07   0.626589066E+04  -0.159892677E+02  -0.167851879E+02  -0.172098213E+02  -0.173222038E+02  -0.173253357E+02  -0.168209707E+02  -0.165452071E+02  -0.170906569E+02  -0.177829108E+02  -0.174487987E+02  -0.136512207E+02  -0.963412470E+01  -0.134655254E+02  -0.142312245E+02  -0.128856009E+02
   0.195002693E+07   0.625891159E+04  -0.159839682E+02  -0.167815927E+02  -0.172074833E+02  -0.173205313E+02  -0.173241508E+02  -0.168157592E+02  -0.165412534E+02  -0.170878235E+02  -0.177814463E+02  -0.174466263E+02  -0.136424705E+02  -0.961985873E+01  -0.134563559E+02  -0.142233302E+02  -0.128764510E+02
   0.196000884E+07   0.625217442E+04  -0.159787607E+02  -0.167780305E+02  -0.172051347E+02  -0.173188251E+02  -0.173229154E+02  -0.168106368E+02  -0.165373452E+02  -0.170849966E+02  -0.177799409E+02  -0.174444377E+02  -0.136339321E+02  -0.960599559E+01  -0.134474127E+02  -0.142156179E+02  -0.128675266E+02
   0.197006673E+07   0.624558484E+04  -0.159735862E+02  -0.167744652E+02  -0.172027564E+02  -0.173170752E+02  -0.173216259E+02  -0.168055454E+02  -0.165334414E+02  -0.170821505E+02  -0.177783874E+02  -0.174422158E+02  -0.136254995E+02  -0.959235505E+01  -0.134385843E+02  -0.142079935E+02  -0.128587166E+02
   0.198004566E+07   0.623924517E+04  -0.159685111E+02  -0.167709382E+02  -0.172003715E+02  -0.173152948E+02  -0.173202885E+02  -0.168005503E+02  -0.165295889E+02  -0.170793156E+02  -0.177767959E+02  -0.174399814E+02  -0.136172899E+02  -0.957913496E+01  -0.134299938E+02  -0.142005613E+02  -0.128501439E+02
