   0.000000000E+00   0.500000000E+04   0.153276385E+02   0.141195495E+02   0.133938538E+02   0.131188145E+02   0.129956365E+02   0.144737985E+02   0.144458285E+02   0.136328125E+02   0.126067265E+02   0.131120265E+02   0.184597385E+02   0.237929485E+02   0.187535185E+02   0.176472085E+02   0.192338885E+02
   0.100005264E+05   0.500000000E+04               NaN               NaN               NaN               NaN               NaN               NaN               NaN               NaN               NaN               NaN               NaN               NaN               NaN               NaN               NaN
   0.200035641E+05   0.500000000E+04               NaN               NaN               NaN               NaN               NaN               NaN               NaN               NaN               NaN               NaN               NaN               NaN               NaN               NaN               NaN
   0.300036918E+05   0.500000000E+04               NaN               NaN               NaN               NaN               NaN               NaN               NaN               NaN               NaN               NaN               NaN               NaN               NaN               NaN               NaN
   0.400033993E+05   0.500000000E+04  -0.130362710E+01  -0.251171610E+01  -0.323741180E+01  -0.351245110E+01  -0.363562910E+01  -0.215746710E+01  -0.218543710E+01  -0.299845310E+01  -0.402453910E+01  -0.351923910E+01   0.182847290E+01   0.716168290E+01   0.212225290E+01   0.101594290E+01   0.260262290E+01
   0.500129086E+05   0.500000000E+04  -0.374760816E+01  -0.495569716E+01  -0.568139286E+01  -0.595643216E+01  -0.607961016E+01  -0.460144816E+01  -0.462941816E+01  -0.544243416E+01  -0.646852016E+01  -0.596322016E+01  -0.615508164E+00   0.471770184E+01  -0.321728164E+00  -0.142803816E+01   0.158641836E+00
   0.600181381E+05   0.500000000E+04  -0.377032119E+01  -0.497841019E+01  -0.570410589E+01  -0.597914519E+01  -0.610232319E+01  -0.462416119E+01  -0.465213119E+01  -0.546514719E+01  -0.649123319E+01  -0.598593319E+01  -0.638221186E+00   0.469498881E+01  -0.344441186E+00  -0.145075119E+01   0.135928814E+00
   0.700162508E+05   0.500000000E+04  -0.376487820E+01  -0.497296720E+01  -0.569866290E+01  -0.597370220E+01  -0.609688020E+01  -0.461871820E+01  -0.464668820E+01  -0.545970420E+01  -0.648579020E+01  -0.598049020E+01  -0.632778203E+00   0.470043180E+01  -0.338998203E+00  -0.144530820E+01   0.141371797E+00
   0.800340463E+05   0.500000000E+04  -0.375133319E+01  -0.495942219E+01  -0.568511789E+01  -0.596015719E+01  -0.608333519E+01  -0.460517319E+01  -0.463314319E+01  -0.544615919E+01  -0.647224519E+01  -0.596694519E+01  -0.619233188E+00   0.471397681E+01  -0.325453188E+00  -0.143176319E+01   0.154916812E+00
   0.900182808E+05   0.500000000E+04  -0.370182976E+01  -0.490991876E+01  -0.563561446E+01  -0.591065376E+01  -0.603383176E+01  -0.455566976E+01  -0.458363976E+01  -0.539665576E+01  -0.642274176E+01  -0.591744176E+01  -0.569729756E+00   0.476348024E+01  -0.275949756E+00  -0.138225976E+01   0.204420244E+00
   0.100009380E+06   0.500000000E+04  -0.360333899E+01  -0.481142799E+01  -0.553712369E+01  -0.581216299E+01  -0.593534099E+01  -0.445717899E+01  -0.448514899E+01  -0.529816499E+01  -0.632425099E+01  -0.581895099E+01  -0.471238992E+00   0.486197101E+01  -0.177458992E+00  -0.128376899E+01   0.302911008E+00
   0.110019637E+06   0.500000000E+04  -0.348270053E+01  -0.469078953E+01  -0.541648523E+01  -0.569152453E+01  -0.581470253E+01  -0.433654053E+01  -0.436451053E+01  -0.517752653E+01  -0.620361253E+01  -0.569831253E+01  -0.350600530E+00   0.498260947E+01  -0.568205299E-01  -0.116313053E+01   0.423549470E+00
   0.120012090E+06   0.500000000E+04  -0.338489501E+01  -0.459298401E+01  -0.531867971E+01  -0.559371901E+01  -0.571689701E+01  -0.423873501E+01  -0.426670501E+01  -0.507972101E+01  -0.610580701E+01  -0.560050701E+01  -0.252795009E+00   0.508041499E+01   0.409849914E-01  -0.106532501E+01   0.521354991E+00
   0.130006695E+06   0.500000000E+04  -0.330408271E+01  -0.451217171E+01  -0.523786741E+01  -0.551290671E+01  -0.563608471E+01  -0.415792271E+01  -0.418589271E+01  -0.499890871E+01  -0.602499471E+01  -0.551969471E+01  -0.171982712E+00   0.516122729E+01   0.121797288E+00  -0.984512712E+00   0.602167288E+00
   0.140012492E+06   0.500000000E+04  -0.323448564E+01  -0.444257464E+01  -0.516827034E+01  -0.544330964E+01  -0.556648764E+01  -0.408832564E+01  -0.411629564E+01  -0.492931164E+01  -0.595539764E+01  -0.545009764E+01  -0.102385642E+00   0.523082436E+01   0.191394358E+00  -0.914915642E+00   0.671764358E+00
   0.150027665E+06   0.500000000E+04  -0.315615979E+01  -0.436424879E+01  -0.508994449E+01  -0.536498379E+01  -0.548816179E+01  -0.400999979E+01  -0.403796979E+01  -0.485098579E+01  -0.587707179E+01  -0.537177179E+01  -0.240597886E-01   0.530915021E+01   0.269720211E+00  -0.836589789E+00   0.750090211E+00
   0.160001502E+06   0.500000000E+04  -0.308143754E+01  -0.428952654E+01  -0.501522224E+01  -0.529026154E+01  -0.541343954E+01  -0.393527754E+01  -0.396324754E+01  -0.477626354E+01  -0.580234954E+01  -0.529704954E+01   0.506624579E-01   0.538387246E+01   0.344442458E+00  -0.761867542E+00   0.824812458E+00
   0.170002117E+06   0.500000000E+04  -0.301823775E+01  -0.422632675E+01  -0.495202245E+01  -0.522706175E+01  -0.535023975E+01  -0.387207775E+01  -0.390004775E+01  -0.471306375E+01  -0.573914975E+01  -0.523384975E+01   0.113862255E+00   0.544707225E+01   0.407642255E+00  -0.698667745E+00   0.888012255E+00
   0.180006098E+06   0.500000000E+04  -0.295710563E+01  -0.416519463E+01  -0.489089033E+01  -0.516592963E+01  -0.528910763E+01  -0.381094563E+01  -0.383891563E+01  -0.465193163E+01  -0.567801763E+01  -0.517271763E+01   0.174994369E+00   0.550820437E+01   0.468774369E+00  -0.637535631E+00   0.949144369E+00
   0.190012848E+06   0.500000000E+04  -0.290298544E+01  -0.411107444E+01  -0.483677014E+01  -0.511180944E+01  -0.523498744E+01  -0.375682544E+01  -0.378479544E+01  -0.459781144E+01  -0.562389744E+01  -0.511859744E+01   0.229114556E+00   0.556232456E+01   0.522894556E+00  -0.583415444E+00   0.100326456E+01
   0.200006535E+06   0.500000000E+04  -0.287608105E+01  -0.408417005E+01  -0.480986575E+01  -0.508490505E+01  -0.520808305E+01  -0.372992105E+01  -0.375789105E+01  -0.457090705E+01  -0.559699305E+01  -0.509169305E+01   0.256018948E+00   0.558922895E+01   0.549798948E+00  -0.556511052E+00   0.103016895E+01
   0.210039215E+06   0.500000000E+04  -0.436515466E+01  -0.557324366E+01  -0.629893936E+01  -0.657397866E+01  -0.669715666E+01  -0.521899466E+01  -0.524696466E+01  -0.605998066E+01  -0.708606666E+01  -0.658076666E+01  -0.123305466E+01   0.410015534E+01  -0.939274662E+00  -0.204558466E+01  -0.458904662E+00
   0.220002253E+06   0.500000000E+04  -0.669854263E+01  -0.790663163E+01  -0.863232733E+01  -0.890736663E+01  -0.903054463E+01  -0.755238263E+01  -0.758035263E+01  -0.839336863E+01  -0.941945463E+01  -0.891415463E+01  -0.356644263E+01   0.176676737E+01  -0.327266263E+01  -0.437897263E+01  -0.279229263E+01
   0.230021575E+06   0.500000000E+04  -0.753583111E+01  -0.874392011E+01  -0.946961581E+01  -0.974465511E+01  -0.986783311E+01  -0.838967111E+01  -0.841764111E+01  -0.923065711E+01  -0.102567431E+02  -0.975144311E+01  -0.440373111E+01   0.929478886E+00  -0.410995111E+01  -0.521626111E+01  -0.362958111E+01
   0.240041836E+06   0.500000000E+04  -0.810517330E+01  -0.931326230E+01  -0.100389580E+02  -0.103139973E+02  -0.104371753E+02  -0.895901330E+01  -0.898698330E+01  -0.979999930E+01  -0.108260853E+02  -0.103207853E+02  -0.497307330E+01   0.360136702E+00  -0.467929330E+01  -0.578560330E+01  -0.419892330E+01
   0.250005039E+06   0.500000000E+04  -0.872394042E+01  -0.993202942E+01  -0.106577251E+02  -0.109327644E+02  -0.110559424E+02  -0.957778042E+01  -0.960575042E+01  -0.104187664E+02  -0.114448524E+02  -0.109395524E+02  -0.559184042E+01  -0.258630420E+00  -0.529806042E+01  -0.640437042E+01  -0.481769042E+01
   0.260019855E+06   0.527542276E+04  -0.981837885E+01  -0.109308306E+02  -0.115867989E+02  -0.118240221E+02  -0.119192535E+02  -0.106670459E+02  -0.106245589E+02  -0.113756355E+02  -0.123241408E+02  -0.118585628E+02  -0.686877121E+01  -0.184017052E+01  -0.660036040E+01  -0.762623870E+01  -0.609277588E+01
   0.270004570E+06   0.176771130E+05  -0.158252787E+02  -0.156276483E+02  -0.153131187E+02  -0.150442844E+02  -0.147716288E+02  -0.166095232E+02  -0.155960604E+02  -0.154782651E+02  -0.153880580E+02  -0.154642191E+02  -0.157649749E+02  -0.151468000E+02  -0.157637367E+02  -0.158189164E+02  -0.156163798E+02
   0.280022599E+06   0.419650441E+05  -0.176813275E+02  -0.172389018E+02  -0.167366573E+02  -0.163724312E+02  -0.160326414E+02  -0.184554331E+02  -0.172583438E+02  -0.169719978E+02  -0.166866979E+02  -0.168679582E+02  -0.183001293E+02  -0.186311613E+02  -0.183129555E+02  -0.181724267E+02  -0.184368354E+02
   0.290009746E+06   0.688211201E+05  -0.184675970E+02  -0.179663777E+02  -0.174175020E+02  -0.170292368E+02  -0.166716683E+02  -0.192393841E+02  -0.179981777E+02  -0.176703422E+02  -0.173359390E+02  -0.175439817E+02  -0.192513530E+02  -0.198047451E+02  -0.192651512E+02  -0.190880554E+02  -0.194594175E+02
   0.300000479E+06   0.495803331E+05  -0.180391147E+02  -0.175729400E+02  -0.170519746E+02  -0.166781236E+02  -0.163312367E+02  -0.188122709E+02  -0.175973692E+02  -0.172943414E+02  -0.169893721E+02  -0.171813369E+02  -0.187247527E+02  -0.191467697E+02  -0.187380760E+02  -0.185819084E+02  -0.188904282E+02
   0.310001162E+06   0.409688956E+05  -0.178213110E+02  -0.173827170E+02  -0.168834859E+02  -0.165207966E+02  -0.161821543E+02  -0.185955757E+02  -0.174013606E+02  -0.171176989E+02  -0.168355425E+02  -0.170150962E+02  -0.184293155E+02  -0.187455578E+02  -0.184420324E+02  -0.183041083E+02  -0.185613412E+02
   0.320002371E+06   0.366259003E+05  -0.177257995E+02  -0.173066674E+02  -0.168226701E+02  -0.164677833E+02  -0.161348807E+02  -0.185008381E+02  -0.173212371E+02  -0.170511727E+02  -0.167849689E+02  -0.169558635E+02  -0.182789125E+02  -0.185196654E+02  -0.182910789E+02  -0.181664020E+02  -0.183871581E+02
   0.330006923E+06   0.338056616E+05  -0.176799991E+02  -0.172764801E+02  -0.168046569E+02  -0.164559910E+02  -0.161276409E+02  -0.184556577E+02  -0.172877814E+02  -0.170286051E+02  -0.167751207E+02  -0.169391121E+02  -0.181890518E+02  -0.183689147E+02  -0.182007071E+02  -0.180869619E+02  -0.182782484E+02
   0.340007352E+06   0.317267316E+05  -0.176589392E+02  -0.172689594E+02  -0.168076624E+02  -0.164643503E+02  -0.161399459E+02  -0.184351557E+02  -0.172774422E+02  -0.170276694E+02  -0.167851553E+02  -0.169432081E+02  -0.181298338E+02  -0.182567597E+02  -0.181409773E+02  -0.180370810E+02  -0.182025810E+02
   0.350006307E+06   0.300901131E+05  -0.176522806E+02  -0.172744121E+02  -0.168224896E+02  -0.164839583E+02  -0.161630965E+02  -0.184289918E+02  -0.172803654E+02  -0.170389887E+02  -0.168062436E+02  -0.169590046E+02  -0.180890962E+02  -0.181686297E+02  -0.180997542E+02  -0.180047668E+02  -0.181471880E+02
   0.360007273E+06   0.287434624E+05  -0.176548699E+02  -0.172881931E+02  -0.168449330E+02  -0.165107983E+02  -0.161932001E+02  -0.184320323E+02  -0.172918060E+02  -0.170581937E+02  -0.168344453E+02  -0.169823477E+02  -0.180602016E+02  -0.180958613E+02  -0.180703664E+02  -0.179837732E+02  -0.181047992E+02
   0.370000057E+06   0.276002729E+05  -0.176628977E+02  -0.173066951E+02  -0.168715050E+02  -0.165414680E+02  -0.162269073E+02  -0.184404876E+02  -0.173081216E+02  -0.170817398E+02  -0.168663897E+02  -0.170097628E+02  -0.180388491E+02  -0.180335014E+02  -0.180485212E+02  -0.179699512E+02  -0.180708862E+02
   0.380019232E+06   0.266037718E+05  -0.176745852E+02  -0.173283316E+02  -0.169007952E+02  -0.165746398E+02  -0.162629722E+02  -0.184525868E+02  -0.173276879E+02  -0.171081626E+02  -0.169007730E+02  -0.170398481E+02  -0.180226759E+02  -0.179783907E+02  -0.180318520E+02  -0.179610408E+02  -0.180428370E+02
   0.390016114E+06   0.257285196E+05  -0.176888351E+02  -0.173520208E+02  -0.169317317E+02  -0.166092625E+02  -0.163002922E+02  -0.184672251E+02  -0.173494120E+02  -0.171363939E+02  -0.169365371E+02  -0.170715442E+02  -0.180105258E+02  -0.179293071E+02  -0.180192102E+02  -0.179558616E+02  -0.180194700E+02
   0.400037012E+06   0.249476465E+05  -0.177045367E+02  -0.173767127E+02  -0.169633148E+02  -0.166443508E+02  -0.163378382E+02  -0.184832951E+02  -0.173722266E+02  -0.171654073E+02  -0.169727093E+02  -0.171038582E+02  -0.180011090E+02  -0.178847269E+02  -0.180093113E+02  -0.179531548E+02  -0.179994179E+02
   0.410012682E+06   0.242408802E+05  -0.177210219E+02  -0.174020537E+02  -0.169954336E+02  -0.166799257E+02  -0.163758091E+02  -0.185001499E+02  -0.173957299E+02  -0.171949960E+02  -0.170093444E+02  -0.171366979E+02  -0.179929210E+02  -0.178419497E+02  -0.180006144E+02  -0.179516599E+02  -0.179808192E+02
   0.420013871E+06   0.235895249E+05  -0.177376382E+02  -0.174273446E+02  -0.170273569E+02  -0.167152188E+02  -0.164133227E+02  -0.185171283E+02  -0.174192165E+02  -0.172244437E+02  -0.170456720E+02  -0.171693225E+02  -0.179854153E+02  -0.178006251E+02  -0.179925946E+02  -0.179507822E+02  -0.179631730E+02
   0.430025575E+06   0.229841228E+05  -0.177534478E+02  -0.174515194E+02  -0.170579235E+02  -0.167490268E+02  -0.164492051E+02  -0.185332869E+02  -0.174416491E+02  -0.172526247E+02  -0.170804759E+02  -0.172005631E+02  -0.179779894E+02  -0.177606205E+02  -0.179846638E+02  -0.179497874E+02  -0.179460004E+02
   0.440021924E+06   0.224182285E+05  -0.177685167E+02  -0.174752012E+02  -0.170881640E+02  -0.167825948E+02  -0.164848499E+02  -0.185487157E+02  -0.174635370E+02  -0.172804149E+02  -0.171150794E+02  -0.172315054E+02  -0.179692341E+02  -0.177184039E+02  -0.179753540E+02  -0.179477323E+02  -0.179273024E+02
   0.450023448E+06   0.218841417E+05  -0.177824338E+02  -0.174974395E+02  -0.171167360E+02  -0.168143814E+02  -0.165186313E+02  -0.185629804E+02  -0.174840417E+02  -0.173066210E+02  -0.171478619E+02  -0.172607547E+02  -0.179601541E+02  -0.176770227E+02  -0.179657308E+02  -0.179451346E+02  -0.179086739E+02
   0.460032085E+06   0.213750136E+05  -0.177950573E+02  -0.175186571E+02  -0.171444857E+02  -0.168454506E+02  -0.165517218E+02  -0.185759623E+02  -0.175034672E+02  -0.173319320E+02  -0.171799443E+02  -0.172892019E+02  -0.179490930E+02  -0.176326901E+02  -0.179540842E+02  -0.179407990E+02  -0.178879445E+02
   0.470011941E+06   0.208964185E+05  -0.178065255E+02  -0.175384049E+02  -0.171705241E+02  -0.168746840E+02  -0.165829112E+02  -0.185877768E+02  -0.175214889E+02  -0.173556210E+02  -0.172101550E+02  -0.173159115E+02  -0.179377718E+02  -0.175893449E+02  -0.179421888E+02  -0.179359689E+02  -0.178673276E+02
   0.480006440E+06   0.204339887E+05  -0.178159706E+02  -0.175565529E+02  -0.171952756E+02  -0.169027835E+02  -0.166130962E+02  -0.185975890E+02  -0.175378241E+02  -0.173779031E+02  -0.172392857E+02  -0.173413659E+02  -0.179233601E+02  -0.175413746E+02  -0.179271390E+02  -0.179284197E+02  -0.178432095E+02
   0.490040710E+06   0.199955464E+05  -0.178247383E+02  -0.175735822E+02  -0.172185734E+02  -0.169292594E+02  -0.166415525E+02  -0.186067052E+02  -0.175531327E+02  -0.173988568E+02  -0.172667405E+02  -0.173653310E+02  -0.179094822E+02  -0.174956417E+02  -0.179126549E+02  -0.179210557E+02  -0.178201171E+02
   0.500011160E+06   0.195703010E+05  -0.178312207E+02  -0.175890331E+02  -0.172408240E+02  -0.169549502E+02  -0.166694504E+02  -0.186135666E+02  -0.175667210E+02  -0.174185687E+02  -0.172934859E+02  -0.173883088E+02  -0.178915131E+02  -0.174432575E+02  -0.178939883E+02  -0.179101031E+02  -0.177921122E+02
   0.510022407E+06   0.191657984E+05  -0.178371351E+02  -0.176034785E+02  -0.172617373E+02  -0.169791360E+02  -0.166957355E+02  -0.186198414E+02  -0.175793946E+02  -0.174370672E+02  -0.173186748E+02  -0.174099138E+02  -0.178741686E+02  -0.173931766E+02  -0.178759805E+02  -0.178994329E+02  -0.177652214E+02
   0.520009903E+06   0.187759303E+05  -0.178413028E+02  -0.176164757E+02  -0.172814145E+02  -0.170021935E+02  -0.167211368E+02  -0.186243843E+02  -0.175905543E+02  -0.174542465E+02  -0.173427709E+02  -0.174303069E+02  -0.178543750E+02  -0.173396329E+02  -0.178554668E+02  -0.178866009E+02  -0.177356197E+02
   0.530015498E+06   0.183991671E+05  -0.178439491E+02  -0.176280890E+02  -0.172998019E+02  -0.170240095E+02  -0.167454470E+02  -0.186274130E+02  -0.176002988E+02  -0.174700983E+02  -0.173656418E+02  -0.174494215E+02  -0.178327615E+02  -0.172838319E+02  -0.178330998E+02  -0.178720932E+02  -0.177040936E+02
   0.540018369E+06   0.180424207E+05  -0.178463185E+02  -0.176389489E+02  -0.173170762E+02  -0.170445302E+02  -0.167683293E+02  -0.186301445E+02  -0.176093893E+02  -0.174849717E+02  -0.173871614E+02  -0.174673843E+02  -0.178121600E+02  -0.172308593E+02  -0.178117848E+02  -0.178582199E+02  -0.176741061E+02
   0.550042373E+06   0.176918436E+05  -0.178462898E+02  -0.176482611E+02  -0.173334313E+02  -0.170644453E+02  -0.167916408E+02  -0.186305172E+02  -0.176167562E+02  -0.174986901E+02  -0.174081722E+02  -0.174844993E+02  -0.177870541E+02  -0.171703859E+02  -0.177858515E+02  -0.178406726E+02  -0.176388890E+02
   0.560038295E+06   0.173598129E+05  -0.178460746E+02  -0.176570227E+02  -0.173489597E+02  -0.170833937E+02  -0.168139460E+02  -0.186306882E+02  -0.176236485E+02  -0.175116851E+02  -0.174281731E+02  -0.175007582E+02  -0.177627621E+02  -0.171121338E+02  -0.177607592E+02  -0.178236627E+02  -0.176049050E+02
   0.570007276E+06   0.170392314E+05  -0.178448523E+02  -0.176644676E+02  -0.173629381E+02  -0.171006740E+02  -0.168344674E+02  -0.186298387E+02  -0.176292885E+02  -0.175232174E+02  -0.174464696E+02  -0.175154418E+02  -0.177382931E+02  -0.170548757E+02  -0.177355176E+02  -0.178062247E+02  -0.175710783E+02
   0.580006723E+06   0.167245044E+05  -0.178414038E+02  -0.176705978E+02  -0.173762786E+02  -0.171176667E+02  -0.168538816E+02  -0.186268044E+02  -0.176334264E+02  -0.175338563E+02  -0.174645730E+02  -0.175295629E+02  -0.177093703E+02  -0.169899718E+02  -0.177056738E+02  -0.177846629E+02  -0.175320622E+02
   0.590001842E+06   0.164276044E+05  -0.178383067E+02  -0.176766806E+02  -0.173892702E+02  -0.171341588E+02  -0.168725559E+02  -0.186241046E+02  -0.176376001E+02  -0.175442590E+02  -0.174821280E+02  -0.175433027E+02  -0.176818856E+02  -0.169280348E+02  -0.176772984E+02  -0.177641838E+02  -0.174949341E+02
   0.600003778E+06   0.161375690E+05  -0.178339296E+02  -0.176812711E+02  -0.174006099E+02  -0.171489179E+02  -0.168894468E+02  -0.186201155E+02  -0.176403257E+02  -0.175530695E+02  -0.174979254E+02  -0.175553732E+02  -0.176536847E+02  -0.168661782E+02  -0.176482274E+02  -0.177428266E+02  -0.174573129E+02
   0.610028862E+06   0.158558018E+05  -0.178281447E+02  -0.176848837E+02  -0.174112866E+02  -0.171631763E+02  -0.169058727E+02  -0.186147388E+02  -0.176419816E+02  -0.175610974E+02  -0.175132675E+02  -0.175668155E+02  -0.176230944E+02  -0.168005095E+02  -0.176166764E+02  -0.177192677E+02  -0.174169984E+02
   0.620027779E+06   0.155910563E+05  -0.178225984E+02  -0.176887817E+02  -0.174222769E+02  -0.171777644E+02  -0.169225841E+02  -0.186096039E+02  -0.176439112E+02  -0.175694270E+02  -0.175289411E+02  -0.175785748E+02  -0.175927526E+02  -0.167350730E+02  -0.175853286E+02  -0.176958758E+02  -0.173770066E+02
   0.630042198E+06   0.153310610E+05  -0.178158430E+02  -0.176913011E+02  -0.174317613E+02  -0.171907822E+02  -0.169376870E+02  -0.186032524E+02  -0.176444975E+02  -0.175762984E+02  -0.175430248E+02  -0.175888145E+02  -0.175616465E+02  -0.166695019E+02  -0.175532345E+02  -0.176715948E+02  -0.173364237E+02
   0.640036644E+06   0.150792096E+05  -0.178084970E+02  -0.176929394E+02  -0.174401464E+02  -0.172025900E+02  -0.169515147E+02  -0.185962978E+02  -0.176442633E+02  -0.175821525E+02  -0.175558652E+02  -0.175979313E+02  -0.175307127E+02  -0.166051827E+02  -0.175213436E+02  -0.176472723E+02  -0.172963098E+02
   0.650019052E+06   0.148420554E+05  -0.178010814E+02  -0.176949097E+02  -0.174491533E+02  -0.172151688E+02  -0.169666052E+02  -0.185892939E+02  -0.176442770E+02  -0.175885172E+02  -0.175695227E+02  -0.176077083E+02  -0.174988901E+02  -0.165387562E+02  -0.174884588E+02  -0.176219081E+02  -0.172550896E+02
   0.660027197E+06   0.146092586E+05  -0.177922811E+02  -0.176957785E+02  -0.174572658E+02  -0.172269595E+02  -0.169811616E+02  -0.185809189E+02  -0.176431301E+02  -0.175939088E+02  -0.175824246E+02  -0.176166168E+02  -0.174650503E+02  -0.164693893E+02  -0.174534969E+02  -0.175945226E+02  -0.172116540E+02
   0.670004162E+06   0.143829267E+05  -0.177828442E+02  -0.176957424E+02  -0.174642722E+02  -0.172375420E+02  -0.169944328E+02  -0.185718956E+02  -0.176411341E+02  -0.175982699E+02  -0.175940873E+02  -0.176243970E+02  -0.174312694E+02  -0.164010679E+02  -0.174186251E+02  -0.175670168E+02  -0.171685437E+02
   0.680042021E+06   0.141681036E+05  -0.177742871E+02  -0.176961079E+02  -0.174713222E+02  -0.172479862E+02  -0.170074291E+02  -0.185637310E+02  -0.176396396E+02  -0.176028090E+02  -0.176055568E+02  -0.176321815E+02  -0.173996062E+02  -0.163366205E+02  -0.173859264E+02  -0.175413095E+02  -0.171280254E+02
   0.690004732E+06   0.139614559E+05  -0.177651409E+02  -0.176958274E+02  -0.174776802E+02  -0.172577166E+02  -0.170197001E+02  -0.185549756E+02  -0.176375104E+02  -0.176066728E+02  -0.176163058E+02  -0.176392709E+02  -0.173675797E+02  -0.162721054E+02  -0.173528511E+02  -0.175149676E+02  -0.170872735E+02
   0.700005641E+06   0.137581031E+05  -0.177537253E+02  -0.176943486E+02  -0.174836291E+02  -0.172674452E+02  -0.170322960E+02  -0.185440017E+02  -0.176339582E+02  -0.176098284E+02  -0.176271748E+02  -0.176460464E+02  -0.173308442E+02  -0.161993135E+02  -0.173148569E+02  -0.174836340E+02  -0.170410618E+02
   0.710036290E+06   0.135629961E+05  -0.177427501E+02  -0.176929073E+02  -0.174893143E+02  -0.172767569E+02  -0.170443586E+02  -0.185334502E+02  -0.176305276E+02  -0.176128336E+02  -0.176375806E+02  -0.176525247E+02  -0.172955758E+02  -0.161294507E+02  -0.172783808E+02  -0.174535484E+02  -0.169967014E+02
   0.720004465E+06   0.133778770E+05  -0.177324690E+02  -0.176916720E+02  -0.174948407E+02  -0.172857241E+02  -0.170559360E+02  -0.185235712E+02  -0.176274049E+02  -0.176158172E+02  -0.176475860E+02  -0.176588036E+02  -0.172622452E+02  -0.160632966E+02  -0.172439043E+02  -0.174251353E+02  -0.169547443E+02
   0.730030128E+06   0.131954019E+05  -0.177215667E+02  -0.176896864E+02  -0.174995201E+02  -0.172937952E+02  -0.170665800E+02  -0.185130653E+02  -0.176235587E+02  -0.176179902E+02  -0.176566804E+02  -0.176642248E+02  -0.172286226E+02  -0.159973193E+02  -0.172091521E+02  -0.173963599E+02  -0.169126183E+02
   0.740015395E+06   0.130193837E+05  -0.177106563E+02  -0.176873771E+02  -0.175036401E+02  -0.173011868E+02  -0.170764535E+02  -0.185025372E+02  -0.176194548E+02  -0.176196924E+02  -0.176650591E+02  -0.176690603E+02  -0.171957958E+02  -0.159332828E+02  -0.171752358E+02  -0.173682089E+02  -0.168715891E+02
   0.750006936E+06   0.128523875E+05  -0.176985701E+02  -0.176848257E+02  -0.175082069E+02  -0.173093766E+02  -0.170873775E+02  -0.184908794E+02  -0.176149118E+02  -0.176215745E+02  -0.176743443E+02  -0.176744245E+02  -0.171598283E+02  -0.158631558E+02  -0.171379601E+02  -0.173370418E+02  -0.168269318E+02
   0.760036130E+06   0.126902382E+05  -0.176862196E+02  -0.176819086E+02  -0.175123313E+02  -0.173170850E+02  -0.170977890E+02  -0.184789532E+02  -0.176100241E+02  -0.176230422E+02  -0.176831364E+02  -0.176793382E+02  -0.171238960E+02  -0.157934753E+02  -0.171007224E+02  -0.173058170E+02  -0.167824461E+02
   0.770021925E+06   0.125336723E+05  -0.176739654E+02  -0.176787629E+02  -0.175159847E+02  -0.173241989E+02  -0.171075131E+02  -0.184671088E+02  -0.176049757E+02  -0.176241304E+02  -0.176912969E+02  -0.176837538E+02  -0.170888720E+02  -0.157258652E+02  -0.170644380E+02  -0.172753384E+02  -0.167391632E+02
   0.780030205E+06   0.123818861E+05  -0.176618319E+02  -0.176754599E+02  -0.175192731E+02  -0.173308423E+02  -0.171166868E+02  -0.184553725E+02  -0.175998279E+02  -0.176249319E+02  -0.176989547E+02  -0.176877811E+02  -0.170546637E+02  -0.156600657E+02  -0.170290079E+02  -0.172455368E+02  -0.166969482E+02
   0.790002304E+06   0.122376975E+05  -0.176505204E+02  -0.176725369E+02  -0.175226116E+02  -0.173373678E+02  -0.171256161E+02  -0.184444383E+02  -0.175951526E+02  -0.176259081E+02  -0.177064440E+02  -0.176918215E+02  -0.170223825E+02  -0.155977744E+02  -0.169955659E+02  -0.172174416E+02  -0.166570610E+02
   0.800010388E+06   0.120973012E+05  -0.176389964E+02  -0.176691807E+02  -0.175253523E+02  -0.173432116E+02  -0.171338005E+02  -0.184332817E+02  -0.175900902E+02  -0.176263485E+02  -0.177132263E+02  -0.176952456E+02  -0.169904402E+02  -0.155366115E+02  -0.169624935E+02  -0.171895753E+02  -0.166177128E+02
   0.810015395E+06   0.119629792E+05  -0.176271291E+02  -0.176655733E+02  -0.175279080E+02  -0.173489057E+02  -0.171418204E+02  -0.184217877E+02  -0.175847565E+02  -0.176265761E+02  -0.177198699E+02  -0.176984944E+02  -0.169580700E+02  -0.154748321E+02  -0.169289457E+02  -0.171611858E+02  -0.165780143E+02
   0.820028824E+06   0.118325422E+05  -0.176134492E+02  -0.176610515E+02  -0.175302132E+02  -0.173546910E+02  -0.171500850E+02  -0.184085259E+02  -0.175783185E+02  -0.176262957E+02  -0.177267094E+02  -0.177015729E+02  -0.169220095E+02  -0.154065055E+02  -0.168914961E+02  -0.171291975E+02  -0.165342176E+02
   0.830015531E+06   0.117079394E+05  -0.176003460E+02  -0.176566966E+02  -0.175323801E+02  -0.173601822E+02  -0.171579447E+02  -0.183958221E+02  -0.175721332E+02  -0.176259926E+02  -0.177332077E+02  -0.177044784E+02  -0.168875267E+02  -0.153411997E+02  -0.168556863E+02  -0.170986048E+02  -0.164923446E+02
   0.840002584E+06   0.115853503E+05  -0.175871429E+02  -0.176521004E+02  -0.175342002E+02  -0.173652730E+02  -0.171653657E+02  -0.183830118E+02  -0.175657362E+02  -0.176253826E+02  -0.177392892E+02  -0.177070252E+02  -0.168532894E+02  -0.152766375E+02  -0.168201434E+02  -0.170681948E+02  -0.164508366E+02
   0.850004946E+06   0.114625833E+05  -0.175747231E+02  -0.176483001E+02  -0.175368255E+02  -0.173711738E+02  -0.171736000E+02  -0.183709855E+02  -0.175601325E+02  -0.176255743E+02  -0.177461822E+02  -0.177103783E+02  -0.168198051E+02  -0.152127843E+02  -0.167853516E+02  -0.170385432E+02  -0.164100709E+02
   0.860047822E+06   0.113417450E+05  -0.175625867E+02  -0.176446478E+02  -0.175394979E+02  -0.173770701E+02  -0.171817932E+02  -0.183592364E+02  -0.175547050E+02  -0.176258513E+02  -0.177530551E+02  -0.177137670E+02  -0.167869350E+02  -0.151500225E+02  -0.167511946E+02  -0.170094457E+02  -0.163700339E+02
   0.870010121E+06   0.112245036E+05  -0.175507309E+02  -0.176410235E+02  -0.175420100E+02  -0.173827103E+02  -0.171896619E+02  -0.183477564E+02  -0.175493585E+02  -0.176260394E+02  -0.177596428E+02  -0.177169742E+02  -0.167549627E+02  -0.150890482E+02  -0.167179737E+02  -0.169811337E+02  -0.163311080E+02
   0.880028011E+06   0.111092876E+05  -0.175388490E+02  -0.176372309E+02  -0.175442478E+02  -0.173880220E+02  -0.171971636E+02  -0.183362437E+02  -0.175438733E+02  -0.176259932E+02  -0.177658857E+02  -0.177198949E+02  -0.167233118E+02  -0.150288963E+02  -0.166850957E+02  -0.169530798E+02  -0.162926236E+02
   0.890005290E+06   0.109982834E+05  -0.175273435E+02  -0.176335463E+02  -0.175463933E+02  -0.173931395E+02  -0.172043983E+02  -0.183250954E+02  -0.175385523E+02  -0.176259304E+02  -0.177719036E+02  -0.177227009E+02  -0.166927029E+02  -0.149707409E+02  -0.166532983E+02  -0.169259570E+02  -0.162554190E+02
   0.900012960E+06   0.108911384E+05  -0.175133722E+02  -0.176287964E+02  -0.175485106E+02  -0.173987667E+02  -0.172125082E+02  -0.183115520E+02  -0.175318696E+02  -0.176254344E+02  -0.177785967E+02  -0.177256072E+02  -0.166567862E+02  -0.149028638E+02  -0.166158429E+02  -0.168946614E+02  -0.162123899E+02
   0.910015710E+06   0.107857662E+05  -0.174991838E+02  -0.176236768E+02  -0.175501447E+02  -0.174038526E+02  -0.172200356E+02  -0.182977845E+02  -0.175248493E+02  -0.176244983E+02  -0.177847308E+02  -0.177280171E+02  -0.166210154E+02  -0.148356616E+02  -0.165785590E+02  -0.168634353E+02  -0.161696246E+02
   0.920020740E+06   0.106826923E+05  -0.174850814E+02  -0.176184454E+02  -0.175515196E+02  -0.174086040E+02  -0.172271754E+02  -0.182840937E+02  -0.175177585E+02  -0.176233592E+02  -0.177905076E+02  -0.177301510E+02  -0.165858014E+02  -0.147697017E+02  -0.165418649E+02  -0.168326669E+02  -0.161275685E+02
   0.930000977E+06   0.105817778E+05  -0.174709677E+02  -0.176130170E+02  -0.175525591E+02  -0.174129492E+02  -0.172338589E+02  -0.182703831E+02  -0.175105097E+02  -0.176219373E+02  -0.177958567E+02  -0.177319335E+02  -0.165510184E+02  -0.147048169E+02  -0.165056328E+02  -0.168022364E+02  -0.160860868E+02
   0.940026075E+06   0.104845659E+05  -0.174576647E+02  -0.176080805E+02  -0.175538532E+02  -0.174174278E+02  -0.172405899E+02  -0.182574683E+02  -0.175038196E+02  -0.176208603E+02  -0.178013023E+02  -0.177339434E+02  -0.165178045E+02  -0.146426056E+02  -0.164710228E+02  -0.167732151E+02  -0.160464199E+02
   0.950050400E+06   0.103898019E+05  -0.174446407E+02  -0.176032124E+02  -0.175550588E+02  -0.174217377E+02  -0.172470956E+02  -0.182448228E+02  -0.174972420E+02  -0.176197545E+02  -0.178065549E+02  -0.177358467E+02  -0.164853709E+02  -0.145819050E+02  -0.164372285E+02  -0.167448688E+02  -0.160076960E+02
   0.960042127E+06   0.102960613E+05  -0.174313202E+02  -0.175979597E+02  -0.175558142E+02  -0.174255639E+02  -0.172530938E+02  -0.182318767E+02  -0.174902983E+02  -0.176182235E+02  -0.178113136E+02  -0.177372923E+02  -0.164528505E+02  -0.145214226E+02  -0.164033619E+02  -0.167163913E+02  -0.159689530E+02
   0.970016671E+06   0.102037069E+05  -0.174178916E+02  -0.175924796E+02  -0.175562534E+02  -0.174290283E+02  -0.172586982E+02  -0.182188170E+02  -0.174831522E+02  -0.176164100E+02  -0.178156969E+02  -0.177384115E+02  -0.164205058E+02  -0.144615296E+02  -0.163696911E+02  -0.166880300E+02  -0.159304779E+02
   0.980014240E+06   0.101127115E+05  -0.174043601E+02  -0.175867796E+02  -0.175563856E+02  -0.174321414E+02  -0.172639197E+02  -0.182056489E+02  -0.174758108E+02  -0.176143227E+02  -0.178197151E+02  -0.177392137E+02  -0.163883367E+02  -0.144022174E+02  -0.163362152E+02  -0.166597854E+02  -0.158922685E+02
   0.990035517E+06   0.100253675E+05  -0.173916866E+02  -0.175816233E+02  -0.175568274E+02  -0.174354444E+02  -0.172692467E+02  -0.181933242E+02  -0.174690789E+02  -0.176126342E+02  -0.178238871E+02  -0.177402987E+02  -0.163577733E+02  -0.143456002E+02  -0.163043976E+02  -0.166329892E+02  -0.158559072E+02
   0.100002662E+07   0.994010961E+04  -0.173766407E+02  -0.175751967E+02  -0.175568159E+02  -0.174387206E+02  -0.172748617E+02  -0.181786843E+02  -0.174608433E+02  -0.176101696E+02  -0.178281648E+02  -0.177410334E+02  -0.163226858E+02  -0.142810217E+02  -0.162677635E+02  -0.166023191E+02  -0.158147853E+02
   0.101002054E+07   0.985511021E+04  -0.173600579E+02  -0.175677482E+02  -0.175561644E+02  -0.174415558E+02  -0.172801821E+02  -0.181625338E+02  -0.174514768E+02  -0.176069148E+02  -0.178320632E+02  -0.177411760E+02  -0.162850329E+02  -0.142122531E+02  -0.162284328E+02  -0.165693828E+02  -0.157709581E+02
   0.102000430E+07   0.977099442E+04  -0.173432786E+02  -0.175600082E+02  -0.175551509E+02  -0.174439927E+02  -0.172850784E+02  -0.181461823E+02  -0.174418387E+02  -0.176033249E+02  -0.178355523E+02  -0.177409482E+02  -0.162474025E+02  -0.141438305E+02  -0.161891420E+02  -0.165364201E+02  -0.157272176E+02
   0.103001479E+07   0.968786237E+04  -0.173263725E+02  -0.175520358E+02  -0.175538262E+02  -0.174460780E+02  -0.172895943E+02  -0.181296990E+02  -0.174319904E+02  -0.175994540E+02  -0.178386775E+02  -0.177404001E+02  -0.162098893E+02  -0.140758851E+02  -0.161499877E+02  -0.165035198E+02  -0.156836656E+02
   0.104003357E+07   0.960767562E+04  -0.173102771E+02  -0.175445574E+02  -0.175527601E+02  -0.174483012E+02  -0.172941620E+02  -0.181140115E+02  -0.174227026E+02  -0.175959319E+02  -0.178419037E+02  -0.177400831E+02  -0.161739168E+02  -0.140105586E+02  -0.161124323E+02  -0.164719968E+02  -0.156418683E+02
   0.105002895E+07   0.952988432E+04  -0.172947636E+02  -0.175374036E+02  -0.175518269E+02  -0.174505591E+02  -0.172986943E+02  -0.180988936E+02  -0.174137935E+02  -0.175926162E+02  -0.178451346E+02  -0.177398767E+02  -0.161391200E+02  -0.139472847E+02  -0.160760999E+02  -0.164415167E+02  -0.156014208E+02
   0.106002532E+07   0.945223803E+04  -0.172788001E+02  -0.175297843E+02  -0.175504166E+02  -0.174523338E+02  -0.173027393E+02  -0.180833251E+02  -0.174044220E+02  -0.175888278E+02  -0.178478807E+02  -0.177391918E+02  -0.161039092E+02  -0.138836500E+02  -0.160393564E+02  -0.164106145E+02  -0.155605697E+02
   0.107000566E+07   0.937507028E+04  -0.172625178E+02  -0.175217946E+02  -0.175485977E+02  -0.174536804E+02  -0.173063421E+02  -0.180674352E+02  -0.173946911E+02  -0.175846454E+02  -0.178501925E+02  -0.177380938E+02  -0.160684981E+02  -0.138199901E+02  -0.160024220E+02  -0.163794854E+02  -0.155195532E+02
   0.108001522E+07   0.929833756E+04  -0.172459614E+02  -0.175134841E+02  -0.175464233E+02  -0.174546534E+02  -0.173095587E+02  -0.180512690E+02  -0.173846491E+02  -0.175801207E+02  -0.178521254E+02  -0.177366361E+02  -0.160329208E+02  -0.137563232E+02  -0.159653299E+02  -0.163481660E+02  -0.154784020E+02
   0.109000375E+07   0.922371999E+04  -0.172298510E+02  -0.175053924E+02  -0.175442984E+02  -0.174555894E+02  -0.173126763E+02  -0.180355382E+02  -0.173748736E+02  -0.175757105E+02  -0.178539947E+02  -0.177352083E+02  -0.159983138E+02  -0.136944010E+02  -0.159292501E+02  -0.163176996E+02  -0.154383749E+02
   0.110004358E+07   0.915145092E+04  -0.172145587E+02  -0.174978663E+02  -0.175425514E+02  -0.174568069E+02  -0.173160068E+02  -0.180206134E+02  -0.173657168E+02  -0.175717501E+02  -0.178561162E+02  -0.177341365E+02  -0.159651071E+02  -0.136347388E+02  -0.158946168E+02  -0.162885031E+02  -0.153999185E+02
   0.111001644E+07   0.908036150E+04  -0.171992561E+02  -0.174902032E+02  -0.175405730E+02  -0.174577446E+02  -0.173190230E+02  -0.180056723E+02  -0.173564495E+02  -0.175675943E+02  -0.178579431E+02  -0.177328222E+02  -0.159321825E+02  -0.135757904E+02  -0.158602888E+02  -0.162595232E+02  -0.153618299E+02
   0.112001766E+07   0.900912555E+04  -0.171834414E+02  -0.174820438E+02  -0.175381100E+02  -0.174582037E+02  -0.173215649E+02  -0.179902200E+02  -0.173466827E+02  -0.175629495E+02  -0.178592933E+02  -0.177310247E+02  -0.158987095E+02  -0.135162401E+02  -0.158254096E+02  -0.162300031E+02  -0.153231824E+02
   0.113000251E+07   0.893841171E+04  -0.171633022E+02  -0.174713335E+02  -0.175344123E+02  -0.174581175E+02  -0.173240716E+02  -0.179705365E+02  -0.173339900E+02  -0.175565441E+02  -0.178603151E+02  -0.177281604E+02  -0.158575246E+02  -0.134434339E+02  -0.157823306E+02  -0.161936007E+02  -0.152765769E+02
   0.114002902E+07   0.886826024E+04  -0.171424617E+02  -0.174601159E+02  -0.175303511E+02  -0.174577436E+02  -0.173263473E+02  -0.179501622E+02  -0.173207489E+02  -0.175497171E+02  -0.178610732E+02  -0.177249514E+02  -0.158152889E+02  -0.133689853E+02  -0.157381426E+02  -0.161562356E+02  -0.152289220E+02
   0.115003755E+07   0.880056138E+04  -0.171225564E+02  -0.174494972E+02  -0.175266385E+02  -0.174575894E+02  -0.173287500E+02  -0.179307069E+02  -0.173081774E+02  -0.175433355E+02  -0.178620114E+02  -0.177220612E+02  -0.157747364E+02  -0.132973462E+02  -0.156957060E+02  -0.161203834E+02  -0.151831398E+02
   0.116005328E+07   0.873485137E+04  -0.171034137E+02  -0.174393682E+02  -0.175232128E+02  -0.174576175E+02  -0.173312599E+02  -0.179120008E+02  -0.172961530E+02  -0.175373190E+02  -0.178630998E+02  -0.177194337E+02  -0.157355531E+02  -0.132279895E+02  -0.156546940E+02  -0.160857623E+02  -0.151388803E+02
   0.117004813E+07   0.866959391E+04  -0.170840403E+02  -0.174289464E+02  -0.175194481E+02  -0.174572829E+02  -0.173333900E+02  -0.178930611E+02  -0.172838488E+02  -0.175309815E+02  -0.178638182E+02  -0.177164618E+02  -0.156962770E+02  -0.131587478E+02  -0.156136018E+02  -0.160510171E+02  -0.150945632E+02
   0.118004030E+07   0.860451139E+04  -0.170643002E+02  -0.174181340E+02  -0.175152750E+02  -0.174565306E+02  -0.173350958E+02  -0.178737536E+02  -0.172711591E+02  -0.175242424E+02  -0.178641161E+02  -0.177130793E+02  -0.156566877E+02  -0.130892733E+02  -0.155722013E+02  -0.160159465E+02  -0.150499462E+02
   0.119003002E+07   0.853984920E+04  -0.170443504E+02  -0.174070542E+02  -0.175107915E+02  -0.174554460E+02  -0.173364534E+02  -0.178542336E+02  -0.172582141E+02  -0.175172096E+02  -0.178640749E+02  -0.177093814E+02  -0.156170169E+02  -0.130199102E+02  -0.155307309E+02  -0.159807652E+02  -0.150052802E+02
   0.120001809E+07   0.847613205E+04  -0.170245162E+02  -0.173959602E+02  -0.175061976E+02  -0.174542011E+02  -0.173376151E+02  -0.178348228E+02  -0.172452823E+02  -0.175101036E+02  -0.178638582E+02  -0.177055615E+02  -0.155777498E+02  -0.129513849E+02  -0.154896905E+02  -0.159459219E+02  -0.149610910E+02
   0.121001005E+07   0.841463069E+04  -0.170056276E+02  -0.173855081E+02  -0.175020194E+02  -0.174532556E+02  -0.173389924E+02  -0.178163430E+02  -0.172330561E+02  -0.175035006E+02  -0.178639050E+02  -0.177021304E+02  -0.155401042E+02  -0.128854985E+02  -0.154503334E+02  -0.159125464E+02  -0.149186944E+02
   0.122001278E+07   0.835485208E+04  -0.169874172E+02  -0.173754977E+02  -0.174981072E+02  -0.174524855E+02  -0.173404801E+02  -0.177985299E+02  -0.172213214E+02  -0.174972316E+02  -0.178640995E+02  -0.176989444E+02  -0.155036621E+02  -0.128216066E+02  -0.154122276E+02  -0.158802547E+02  -0.148776344E+02
   0.123004506E+07   0.829523970E+04  -0.169689350E+02  -0.173651927E+02  -0.174938835E+02  -0.174513951E+02  -0.173416412E+02  -0.177804438E+02  -0.172092969E+02  -0.174906576E+02  -0.178639710E+02  -0.176954449E+02  -0.154669989E+02  -0.127575701E+02  -0.153739055E+02  -0.158477304E+02  -0.148363662E+02
   0.124000632E+07   0.823622436E+04  -0.169502646E+02  -0.173546178E+02  -0.174893288E+02  -0.174499424E+02  -0.173424175E+02  -0.177621657E+02  -0.171970197E+02  -0.174837762E+02  -0.178634707E+02  -0.176916072E+02  -0.154303298E+02  -0.126938016E+02  -0.153355939E+02  -0.158151587E+02  -0.147951381E+02
   0.125000441E+07   0.817736605E+04  -0.169313437E+02  -0.173437707E+02  -0.174844860E+02  -0.174481933E+02  -0.173428914E+02  -0.177436359E+02  -0.171844748E+02  -0.174766129E+02  -0.178626713E+02  -0.176874794E+02  -0.153934578E+02  -0.126299026E+02  -0.152970839E+02  -0.157823733E+02  -0.147537194E+02
   0.126003650E+07   0.811907460E+04  -0.169124273E+02  -0.173328503E+02  -0.174795122E+02  -0.174462834E+02  -0.173431830E+02  -0.177251069E+02  -0.171718730E+02  -0.174693408E+02  -0.178617020E+02  -0.176832136E+02  -0.153567634E+02  -0.125664412E+02  -0.152587672E+02  -0.157497260E+02  -0.147125219E+02
   0.127000228E+07   0.806308991E+04  -0.168944606E+02  -0.173225633E+02  -0.174749363E+02  -0.174446502E+02  -0.173436643E+02  -0.177075123E+02  -0.171599711E+02  -0.174625577E+02  -0.178609722E+02  -0.176793179E+02  -0.153217221E+02  -0.125056924E+02  -0.152221679E+02  -0.157185718E+02  -0.146731558E+02
   0.128004569E+07   0.800863670E+04  -0.168772188E+02  -0.173127911E+02  -0.174707190E+02  -0.174432951E+02  -0.173443659E+02  -0.176906324E+02  -0.171486282E+02  -0.174561936E+02  -0.178604957E+02  -0.176757621E+02  -0.152878729E+02  -0.124468388E+02  -0.151868033E+02  -0.156885033E+02  -0.146351001E+02
   0.129002789E+07   0.795516873E+04  -0.168554732E+02  -0.173002951E+02  -0.174650928E+02  -0.174412318E+02  -0.173448901E+02  -0.176693463E+02  -0.171341855E+02  -0.174478873E+02  -0.178595353E+02  -0.176709761E+02  -0.152463182E+02  -0.123747825E+02  -0.151432024E+02  -0.156515269E+02  -0.145897341E+02
   0.130004398E+07   0.790168334E+04  -0.168324871E+02  -0.172869306E+02  -0.174588730E+02  -0.174387211E+02  -0.173450774E+02  -0.176468399E+02  -0.171187958E+02  -0.174388764E+02  -0.178581742E+02  -0.176656336E+02  -0.152028415E+02  -0.122996478E+02  -0.150975713E+02  -0.156127971E+02  -0.145425065E+02
   0.131000585E+07   0.784876745E+04  -0.168094671E+02  -0.172734298E+02  -0.174524408E+02  -0.174359587E+02  -0.173449841E+02  -0.176242945E+02  -0.171032914E+02  -0.174296829E+02  -0.178565490E+02  -0.176600694E+02  -0.151595492E+02  -0.122250346E+02  -0.150521475E+02  -0.155742010E+02  -0.144955032E+02
   0.132002199E+07   0.779607329E+04  -0.167863297E+02  -0.172597717E+02  -0.174458218E+02  -0.174329939E+02  -0.173446773E+02  -0.176016297E+02  -0.170876380E+02  -0.174203141E+02  -0.178547167E+02  -0.176543146E+02  -0.151162244E+02  -0.121505201E+02  -0.150067002E+02  -0.155355529E+02  -0.144484830E+02
   0.133000225E+07   0.774480801E+04  -0.167638573E+02  -0.172465216E+02  -0.174394198E+02  -0.174301471E+02  -0.173444165E+02  -0.175796172E+02  -0.170724468E+02  -0.174112369E+02  -0.178529718E+02  -0.176487536E+02  -0.150741120E+02  -0.120780639E+02  -0.149625229E+02  -0.154979903E+02  -0.144027754E+02
   0.134003357E+07   0.769549491E+04  -0.167425530E+02  -0.172340883E+02  -0.174335739E+02  -0.174277211E+02  -0.173444778E+02  -0.175587551E+02  -0.170581462E+02  -0.174028176E+02  -0.178516056E+02  -0.176437165E+02  -0.150339156E+02  -0.120086790E+02  -0.149203401E+02  -0.154621704E+02  -0.143591206E+02
   0.135000611E+07   0.764796226E+04  -0.167220946E+02  -0.172221808E+02  -0.174280159E+02  -0.174254594E+02  -0.173446138E+02  -0.175387231E+02  -0.170444389E+02  -0.173947792E+02  -0.178503655E+02  -0.176389381E+02  -0.149952472E+02  -0.119418761E+02  -0.148797571E+02  -0.154277206E+02  -0.143171188E+02
   0.136001699E+07   0.760066813E+04  -0.167014956E+02  -0.172100896E+02  -0.174222424E+02  -0.174229657E+02  -0.173445057E+02  -0.175185482E+02  -0.170305569E+02  -0.173865377E+02  -0.178488882E+02  -0.176339404E+02  -0.149565295E+02  -0.118751650E+02  -0.148391344E+02  -0.153932002E+02  -0.142750844E+02
   0.137003281E+07   0.755353211E+04  -0.166806814E+02  -0.171977548E+02  -0.174162042E+02  -0.174201963E+02  -0.173441139E+02  -0.174981567E+02  -0.170164373E+02  -0.173780397E+02  -0.178471319E+02  -0.176286753E+02  -0.149176573E+02  -0.118083929E+02  -0.147983636E+02  -0.153585113E+02  -0.142329065E+02
   0.138002550E+07   0.750674036E+04  -0.166597862E+02  -0.171852772E+02  -0.174099771E+02  -0.174172142E+02  -0.173434921E+02  -0.174776813E+02  -0.170021879E+02  -0.173693709E+02  -0.178451555E+02  -0.176232157E+02  -0.148788360E+02  -0.117418756E+02  -0.147576575E+02  -0.153238428E+02  -0.141908037E+02
   0.139002301E+07   0.746040974E+04  -0.166389452E+02  -0.171727707E+02  -0.174036596E+02  -0.174141097E+02  -0.173427246E+02  -0.174572558E+02  -0.169879271E+02  -0.173606357E+02  -0.178430467E+02  -0.176176582E+02  -0.148402455E+02  -0.116758620E+02  -0.147172008E+02  -0.152893641E+02  -0.141489640E+02
   0.140004022E+07   0.741558847E+04  -0.166189243E+02  -0.171608129E+02  -0.173976892E+02  -0.174112475E+02  -0.173421233E+02  -0.174376369E+02  -0.169742721E+02  -0.173523262E+02  -0.178411479E+02  -0.176124228E+02  -0.148030534E+02  -0.116121402E+02  -0.146782033E+02  -0.152561499E+02  -0.141086286E+02
   0.141001498E+07   0.737332093E+04  -0.166003698E+02  -0.171498620E+02  -0.173923845E+02  -0.174088741E+02  -0.173418819E+02  -0.174194615E+02  -0.169617208E+02  -0.173448159E+02  -0.178396828E+02  -0.176078115E+02  -0.147683059E+02  -0.115523746E+02  -0.146417533E+02  -0.152251537E+02  -0.140709169E+02
   0.142001250E+07   0.733246692E+04  -0.165825046E+02  -0.171393461E+02  -0.173873260E+02  -0.174066488E+02  -0.173417173E+02  -0.174019627E+02  -0.169496580E+02  -0.173376255E+02  -0.178383356E+02  -0.176034231E+02  -0.147347893E+02  -0.114946765E+02  -0.146065911E+02  -0.151952629E+02  -0.140345353E+02
   0.143000690E+07   0.729208160E+04  -0.165646289E+02  -0.171287355E+02  -0.173821102E+02  -0.174042336E+02  -0.173413393E+02  -0.173844493E+02  -0.169375182E+02  -0.173303021E+02  -0.178367884E+02  -0.175988696E+02  -0.147014419E+02  -0.114374250E+02  -0.145716169E+02  -0.151654996E+02  -0.139983555E+02
   0.144002636E+07   0.725172335E+04  -0.165465030E+02  -0.171178697E+02  -0.173766356E+02  -0.174015578E+02  -0.173406992E+02  -0.173666853E+02  -0.169251242E+02  -0.173227215E+02  -0.178349800E+02  -0.175940570E+02  -0.146678545E+02  -0.113799495E+02  -0.145364039E+02  -0.151354940E+02  -0.139619378E+02
   0.145002079E+07   0.721155618E+04  -0.165282350E+02  -0.171068275E+02  -0.173709590E+02  -0.173986668E+02  -0.173398343E+02  -0.173487775E+02  -0.169125611E+02  -0.173149488E+02  -0.178329522E+02  -0.175890393E+02  -0.146341982E+02  -0.113225183E+02  -0.145011297E+02  -0.151054026E+02  -0.139254646E+02
   0.146004339E+07   0.717154113E+04  -0.165098705E+02  -0.170956615E+02  -0.173651382E+02  -0.173956210E+02  -0.173388070E+02  -0.173307720E+02  -0.168998799E+02  -0.173070400E+02  -0.178307665E+02  -0.175838749E+02  -0.146005038E+02  -0.112651390E+02  -0.144658235E+02  -0.150752595E+02  -0.138889640E+02
   0.147002914E+07   0.713309529E+04  -0.164923264E+02  -0.170850335E+02  -0.173596460E+02  -0.173927950E+02  -0.173379202E+02  -0.173135727E+02  -0.168877962E+02  -0.172995414E+02  -0.178287667E+02  -0.175790132E+02  -0.145682309E+02  -0.112101100E+02  -0.144320020E+02  -0.150463987E+02  -0.138539949E+02
   0.148002881E+07   0.709718524E+04  -0.164762866E+02  -0.170754537E+02  -0.173548631E+02  -0.173905024E+02  -0.173374390E+02  -0.172978550E+02  -0.168768566E+02  -0.172928846E+02  -0.178272460E+02  -0.175748194E+02  -0.145384338E+02  -0.111590577E+02  -0.144007584E+02  -0.150197886E+02  -0.138216794E+02
   0.149004119E+07   0.706328028E+04  -0.164613241E+02  -0.170665904E+02  -0.173505290E+02  -0.173885195E+02  -0.173371664E+02  -0.172831965E+02  -0.168667095E+02  -0.172867812E+02  -0.178259918E+02  -0.175710413E+02  -0.145104821E+02  -0.111110377E+02  -0.143714410E+02  -0.149948460E+02  -0.137913499E+02
   0.150001551E+07   0.703026761E+04  -0.164466162E+02  -0.170578213E+02  -0.173461698E+02  -0.173864498E+02  -0.173367618E+02  -0.172687848E+02  -0.168566904E+02  -0.172806993E+02  -0.178246315E+02  -0.175672236E+02  -0.144831269E+02  -0.110641423E+02  -0.143427561E+02  -0.149704207E+02  -0.137616796E+02
   0.151000590E+07   0.699727970E+04  -0.164311928E+02  -0.170485071E+02  -0.173413888E+02  -0.173840272E+02  -0.173360560E+02  -0.172536671E+02  -0.168460903E+02  -0.172741457E+02  -0.178229406E+02  -0.175630037E+02  -0.144547628E+02  -0.110157128E+02  -0.143130093E+02  -0.149450764E+02  -0.137310369E+02
   0.152003267E+07   0.696408860E+04  -0.164103075E+02  -0.170357271E+02  -0.173345878E+02  -0.173803913E+02  -0.173347393E+02  -0.172332006E+02  -0.168316057E+02  -0.172649885E+02  -0.178202937E+02  -0.175569906E+02  -0.144174670E+02  -0.109521848E+02  -0.142737194E+02  -0.149118508E+02  -0.136918400E+02
   0.153000934E+07   0.693096823E+04  -0.163892498E+02  -0.170227575E+02  -0.173275845E+02  -0.173765462E+02  -0.173332083E+02  -0.172125609E+02  -0.168169350E+02  -0.172556339E+02  -0.178174355E+02  -0.175507735E+02  -0.143800338E+02  -0.108885752E+02  -0.142342964E+02  -0.148784792E+02  -0.136525097E+02
   0.154000900E+07   0.689843393E+04  -0.163685071E+02  -0.170099596E+02  -0.173206473E+02  -0.173727115E+02  -0.173316468E+02  -0.171922286E+02  -0.168024662E+02  -0.172463872E+02  -0.178145702E+02  -0.175446087E+02  -0.143432053E+02  -0.108260335E+02  -0.141955132E+02  -0.148456403E+02  -0.136138176E+02
   0.155003107E+07   0.686810689E+04  -0.163494290E+02  -0.169982874E+02  -0.173144382E+02  -0.173693943E+02  -0.173304487E+02  -0.171735332E+02  -0.167892364E+02  -0.172380251E+02  -0.178121568E+02  -0.175391195E+02  -0.143091328E+02  -0.107679924E+02  -0.141596186E+02  -0.148152868E+02  -0.135780079E+02
   0.156002868E+07   0.684057627E+04  -0.163324390E+02  -0.169880204E+02  -0.173091306E+02  -0.173667120E+02  -0.173296899E+02  -0.171568906E+02  -0.167775554E+02  -0.172307631E+02  -0.178102947E+02  -0.175344654E+02  -0.142785309E+02  -0.107156320E+02  -0.141273628E+02  -0.147880611E+02  -0.135458291E+02
   0.157004860E+07   0.681458028E+04  -0.163164536E+02  -0.169783833E+02  -0.173041763E+02  -0.173642366E+02  -0.173290309E+02  -0.171412332E+02  -0.167665831E+02  -0.172239633E+02  -0.178085940E+02  -0.175301283E+02  -0.142496924E+02  -0.106662478E+02  -0.140969624E+02  -0.147624104E+02  -0.135155016E+02
   0.158003986E+07   0.678906830E+04  -0.163005636E+02  -0.169687233E+02  -0.172991120E+02  -0.173616051E+02  -0.173281820E+02  -0.171256651E+02  -0.167556129E+02  -0.172170880E+02  -0.178067227E+02  -0.175256697E+02  -0.142211887E+02  -0.106175809E+02  -0.140669259E+02  -0.147370352E+02  -0.134855365E+02
   0.159003015E+07   0.676348740E+04  -0.162843694E+02  -0.169587761E+02  -0.172937729E+02  -0.173587053E+02  -0.173270695E+02  -0.171097938E+02  -0.167443518E+02  -0.172099329E+02  -0.178045852E+02  -0.175209378E+02  -0.141923467E+02  -0.105685213E+02  -0.140365470E+02  -0.147113302E+02  -0.134552293E+02
   0.160000659E+07   0.673775766E+04  -0.162678447E+02  -0.169485345E+02  -0.172881663E+02  -0.173555523E+02  -0.173257142E+02  -0.170935936E+02  -0.167327887E+02  -0.172024997E+02  -0.178021988E+02  -0.175159420E+02  -0.141631005E+02  -0.105189399E+02  -0.140057550E+02  -0.146852393E+02  -0.134245093E+02
   0.161003996E+07   0.671177166E+04  -0.162509555E+02  -0.169379911E+02  -0.172823040E+02  -0.173521679E+02  -0.173241456E+02  -0.170770323E+02  -0.167209107E+02  -0.171947927E+02  -0.177995888E+02  -0.175106965E+02  -0.141333632E+02  -0.104686648E+02  -0.139744564E+02  -0.146586886E+02  -0.133932835E+02
   0.162003263E+07   0.668676822E+04  -0.162346921E+02  -0.169278337E+02  -0.172766506E+02  -0.173488989E+02  -0.173226235E+02  -0.170610845E+02  -0.167094691E+02  -0.171873643E+02  -0.177970648E+02  -0.175056367E+02  -0.141047375E+02  -0.104202779E+02  -0.139443286E+02  -0.146331291E+02  -0.133632256E+02
   0.163000214E+07   0.666409771E+04  -0.162201924E+02  -0.169188701E+02  -0.172717709E+02  -0.173461810E+02  -0.173214897E+02  -0.170468708E+02  -0.166993412E+02  -0.171808752E+02  -0.177950224E+02  -0.175012952E+02  -0.140790289E+02  -0.103766519E+02  -0.139172579E+02  -0.146102006E+02  -0.133362185E+02
   0.164001517E+07   0.664365251E+04  -0.162073661E+02  -0.169110365E+02  -0.172676202E+02  -0.173439800E+02  -0.173207172E+02  -0.170343025E+02  -0.166904575E+02  -0.171752732E+02  -0.177934306E+02  -0.174976299E+02  -0.140560940E+02  -0.103375583E+02  -0.138930946E+02  -0.145897729E+02  -0.133121124E+02
   0.165002546E+07   0.662441273E+04  -0.161953004E+02  -0.169036692E+02  -0.172637188E+02  -0.173419132E+02  -0.173199947E+02  -0.170224796E+02  -0.166821020E+02  -0.171700059E+02  -0.177919371E+02  -0.174941852E+02  -0.140345157E+02  -0.103007740E+02  -0.138703604E+02  -0.145705539E+02  -0.132894320E+02
   0.166003533E+07   0.660541594E+04  -0.161831957E+02  -0.168962035E+02  -0.172596752E+02  -0.173396811E+02  -0.173190899E+02  -0.170106146E+02  -0.166736607E+02  -0.171646137E+02  -0.177902711E+02  -0.174905925E+02  -0.140130185E+02  -0.102642629E+02  -0.138477219E+02  -0.145513863E+02  -0.132668467E+02
   0.167004664E+07   0.658634825E+04  -0.161708269E+02  -0.168884910E+02  -0.172553975E+02  -0.173372217E+02  -0.173179628E+02  -0.169984863E+02  -0.166649689E+02  -0.171589824E+02  -0.177883798E+02  -0.174867675E+02  -0.139912221E+02  -0.102273966E+02  -0.138247799E+02  -0.145319282E+02  -0.132439581E+02
   0.168000371E+07   0.656727370E+04  -0.161582680E+02  -0.168805902E+02  -0.172509328E+02  -0.173345759E+02  -0.173166497E+02  -0.169861682E+02  -0.166560884E+02  -0.171531636E+02  -0.177863024E+02  -0.174827556E+02  -0.139692323E+02  -0.101903314E+02  -0.138016441E+02  -0.145122776E+02  -0.132208758E+02
   0.169000486E+07   0.654807690E+04  -0.161454700E+02  -0.168724800E+02  -0.172462807E+02  -0.173317543E+02  -0.173151695E+02  -0.169736123E+02  -0.166469923E+02  -0.171471487E+02  -0.177840529E+02  -0.174785592E+02  -0.139469429E+02  -0.101528700E+02  -0.137782013E+02  -0.144923422E+02  -0.131974867E+02
   0.170001334E+07   0.652962758E+04  -0.161331218E+02  -0.168646373E+02  -0.172417613E+02  -0.173289943E+02  -0.173136986E+02  -0.169614970E+02  -0.166382019E+02  -0.171413196E+02  -0.177818426E+02  -0.174744778E+02  -0.139254730E+02  -0.101168188E+02  -0.137556230E+02  -0.144731347E+02  -0.131749600E+02
   0.171000941E+07   0.651289606E+04  -0.161220964E+02  -0.168576977E+02  -0.172378358E+02  -0.173266642E+02  -0.173125376E+02  -0.169506827E+02  -0.166304031E+02  -0.171362063E+02  -0.177800111E+02  -0.174709495E+02  -0.139061751E+02  -0.100842974E+02  -0.137353199E+02  -0.144558886E+02  -0.131547038E+02
   0.172005721E+07   0.649770829E+04  -0.161122188E+02  -0.168515289E+02  -0.172344029E+02  -0.173246796E+02  -0.173116141E+02  -0.169409967E+02  -0.166234542E+02  -0.171316952E+02  -0.177784790E+02  -0.174678771E+02  -0.138887882E+02  -0.100549069E+02  -0.137170205E+02  -0.144403642E+02  -0.131364469E+02
   0.173005278E+07   0.648349107E+04  -0.161029621E+02  -0.168457441E+02  -0.172311791E+02  -0.173228116E+02  -0.173107395E+02  -0.169319194E+02  -0.166169392E+02  -0.171274622E+02  -0.177770347E+02  -0.174649909E+02  -0.138725022E+02  -0.100273845E+02  -0.136998803E+02  -0.144258217E+02  -0.131193465E+02
   0.174004479E+07   0.646952748E+04  -0.160937345E+02  -0.168399264E+02  -0.172278768E+02  -0.173208409E+02  -0.173097444E+02  -0.169228680E+02  -0.166104043E+02  -0.171231687E+02  -0.177754800E+02  -0.174620201E+02  -0.138563706E+02  -0.100002170E+02  -0.136829098E+02  -0.144114025E+02  -0.131024152E+02
   0.175004718E+07   0.645563342E+04  -0.160844033E+02  -0.168339882E+02  -0.172244415E+02  -0.173187304E+02  -0.173086048E+02  -0.169137122E+02  -0.166037525E+02  -0.171187470E+02  -0.177737836E+02  -0.174589146E+02  -0.138401699E+02  -0.997303522E+01  -0.136658744E+02  -0.143969056E+02  -0.130854186E+02
   0.176004409E+07   0.644185635E+04  -0.160750283E+02  -0.168279775E+02  -0.172209126E+02  -0.173165153E+02  -0.173073523E+02  -0.169045110E+02  -0.165970343E+02  -0.171142401E+02  -0.177719790E+02  -0.174557127E+02  -0.138239831E+02  -0.994595988E+01  -0.136488599E+02  -0.143824083E+02  -0.130684427E+02
   0.177003807E+07   0.642820787E+04  -0.160656294E+02  -0.168219116E+02  -0.172173053E+02  -0.173142095E+02  -0.173060001E+02  -0.168952843E+02  -0.165902674E+02  -0.171096639E+02  -0.177700799E+02  -0.174524295E+02  -0.138078361E+02  -0.991902589E+01  -0.136318928E+02  -0.143679350E+02  -0.130515138E+02
   0.178004079E+07   0.641493803E+04  -0.160564179E+02  -0.168159406E+02  -0.172137247E+02  -0.173118943E+02  -0.173046121E+02  -0.168862402E+02  -0.165836148E+02  -0.171051412E+02  -0.177681601E+02  -0.174491639E+02  -0.137920636E+02  -0.989276573E+01  -0.136153231E+02  -0.143537898E+02  -0.130349813E+02
   0.179005338E+07   0.640257743E+04  -0.160478489E+02  -0.168103901E+02  -0.172104008E+02  -0.173097491E+02  -0.173033305E+02  -0.168778272E+02  -0.165774295E+02  -0.171009399E+02  -0.177663832E+02  -0.174461334E+02  -0.137773832E+02  -0.986831628E+01  -0.135999001E+02  -0.143406252E+02  -0.130195929E+02
   0.180003207E+07   0.639130068E+04  -0.160400681E+02  -0.168053630E+02  -0.172074052E+02  -0.173078288E+02  -0.173021981E+02  -0.168701886E+02  -0.165718232E+02  -0.170971437E+02  -0.177647989E+02  -0.174434054E+02  -0.137640269E+02  -0.984604748E+01  -0.135858662E+02  -0.143286517E+02  -0.130055906E+02
   0.181001637E+07   0.638067244E+04  -0.160327029E+02  -0.168005934E+02  -0.172045500E+02  -0.173059871E+02  -0.173010991E+02  -0.168629576E+02  -0.165665077E+02  -0.170935340E+02  -0.177632740E+02  -0.174408026E+02  -0.137514069E+02  -0.982502758E+01  -0.135726077E+02  -0.143173351E+02  -0.129923618E+02
   0.182001825E+07   0.637030930E+04  -0.160254238E+02  -0.167958449E+02  -0.172016684E+02  -0.173040937E+02  -0.172999297E+02  -0.168558092E+02  -0.165612270E+02  -0.170899167E+02  -0.177616893E+02  -0.174381669E+02  -0.137390039E+02  -0.980443420E+01  -0.135595821E+02  -0.143062029E+02  -0.129793653E+02
   0.183000054E+07   0.636015467E+04  -0.160181793E+02  -0.167910802E+02  -0.171987329E+02  -0.173021266E+02  -0.172986721E+02  -0.168486929E+02  -0.165559408E+02  -0.170862604E+02  -0.177600248E+02  -0.174354726E+02  -0.137267388E+02  -0.978414346E+01  -0.135467069E+02  -0.142951830E+02  -0.129665185E+02
   0.184001956E+07   0.635018483E+04  -0.160109666E+02  -0.167863021E+02  -0.171957508E+02  -0.173000951E+02  -0.172973373E+02  -0.168416059E+02  -0.165506506E+02  -0.170825704E+02  -0.177582904E+02  -0.174327271E+02  -0.137145967E+02  -0.976412177E+01  -0.135339658E+02  -0.142842635E+02  -0.129538053E+02
   0.185003644E+07   0.634045370E+04  -0.160038354E+02  -0.167815473E+02  -0.171927489E+02  -0.172980212E+02  -0.172959433E+02  -0.168345975E+02  -0.165453960E+02  -0.170788778E+02  -0.177565064E+02  -0.174299562E+02  -0.137026542E+02  -0.974448840E+01  -0.135214387E+02  -0.142735144E+02  -0.129413054E+02
   0.186000722E+07   0.633104178E+04  -0.159968456E+02  -0.167768559E+02  -0.171897530E+02  -0.172959228E+02  -0.172945025E+02  -0.168277265E+02  -0.165402212E+02  -0.170752137E+02  -0.177546885E+02  -0.174271838E+02  -0.136910110E+02  -0.972540652E+01  -0.135092300E+02  -0.142630253E+02  -0.129291230E+02
   0.187002277E+07   0.632201886E+04  -0.159900589E+02  -0.167722725E+02  -0.171867950E+02  -0.172938252E+02  -0.172930354E+02  -0.168210536E+02  -0.165351744E+02  -0.170716152E+02  -0.177528598E+02  -0.174244400E+02  -0.136797630E+02  -0.970702742E+01  -0.134974399E+02  -0.142528839E+02  -0.129173583E+02
   0.188004307E+07   0.631351593E+04  -0.159835862E+02  -0.167678763E+02  -0.171839304E+02  -0.172917715E+02  -0.172915757E+02  -0.168146882E+02  -0.165303414E+02  -0.170681470E+02  -0.177510594E+02  -0.174217773E+02  -0.136690863E+02  -0.968963046E+01  -0.134862523E+02  -0.142432498E+02  -0.129061945E+02
   0.189002287E+07   0.630545709E+04  -0.159773645E+02  -0.167636225E+02  -0.171811284E+02  -0.172897379E+02  -0.172901053E+02  -0.168085682E+02  -0.165256738E+02  -0.170647729E+02  -0.177492660E+02  -0.174191666E+02  -0.136588801E+02  -0.967305504E+01  -0.134755619E+02  -0.142340319E+02  -0.128955267E+02
   0.190003739E+07   0.629763440E+04  -0.159712223E+02  -0.167593907E+02  -0.171783057E+02  -0.172876612E+02  -0.172885751E+02  -0.168025247E+02  -0.165210402E+02  -0.170613949E+02  -0.177474224E+02  -0.174165296E+02  -0.136488702E+02  -0.965686255E+01  -0.134650821E+02  -0.142249813E+02  -0.128850687E+02
   0.191001425E+07   0.629005827E+04  -0.159651669E+02  -0.167551854E+02  -0.171754652E+02  -0.172855431E+02  -0.172869864E+02  -0.167965650E+02  -0.165164458E+02  -0.170580165E+02  -0.177455301E+02  -0.174138689E+02  -0.136390690E+02  -0.964107362E+01  -0.134548257E+02  -0.142161091E+02  -0.128748335E+02
   0.192004038E+07   0.628267794E+04  -0.159591597E+02  -0.167509805E+02  -0.171725898E+02  -0.172833715E+02  -0.172853304E+02  -0.167906509E+02  -0.165118618E+02  -0.170546172E+02  -0.177435783E+02  -0.174111687E+02  -0.136294128E+02  -0.962558444E+01  -0.134447260E+02  -0.142073580E+02  -0.128647546E+02
   0.193001002E+07   0.627557576E+04  -0.159532717E+02  -0.167468269E+02  -0.171697156E+02  -0.172811745E+02  -0.172836297E+02  -0.167848525E+02  -0.165073434E+02  -0.170512387E+02  -0.177415930E+02  -0.174084630E+02  -0.136200133E+02  -0.961057184E+01  -0.134348999E+02  -0.141988294E+02  -0.128549483E+02
   0.194002093E+07   0.626868982E+04  -0.159474414E+02  -0.167426781E+02  -0.171668072E+02  -0.172789228E+02  -0.172818591E+02  -0.167791091E+02  -0.165028410E+02  -0.170478416E+02  -0.177395464E+02  -0.174057181E+02  -0.136107784E+02  -0.959589469E+01  -0.134252513E+02  -0.141904389E+02  -0.128453189E+02
   0.195001387E+07   0.626205664E+04  -0.159416918E+02  -0.167385483E+02  -0.171638723E+02  -0.172766204E+02  -0.172800202E+02  -0.167734432E+02  -0.164983706E+02  -0.170444358E+02  -0.177374417E+02  -0.174029407E+02  -0.136017492E+02  -0.958162302E+01  -0.134158235E+02  -0.141822232E+02  -0.128359098E+02
   0.196002514E+07   0.625565851E+04  -0.159360103E+02  -0.167344293E+02  -0.171609058E+02  -0.172742641E+02  -0.172781109E+02  -0.167678424E+02  -0.164939229E+02  -0.170410151E+02  -0.177352760E+02  -0.174001261E+02  -0.135929043E+02  -0.956772145E+01  -0.134065943E+02  -0.141741629E+02  -0.128266984E+02
   0.197000457E+07   0.624948756E+04  -0.159303989E+02  -0.167303248E+02  -0.171579130E+02  -0.172718596E+02  -0.172761376E+02  -0.167623089E+02  -0.164895015E+02  -0.170375842E+02  -0.177330555E+02  -0.173972798E+02  -0.135842418E+02  -0.955418178E+01  -0.133975610E+02  -0.141662571E+02  -0.128176824E+02
   0.198003420E+07   0.624347444E+04  -0.159247802E+02  -0.167261745E+02  -0.171548459E+02  -0.172693660E+02  -0.172740641E+02  -0.167567661E+02  -0.164850424E+02  -0.170340902E+02  -0.177307410E+02  -0.173943555E+02  -0.135756501E+02  -0.954083768E+01  -0.133886080E+02  -0.141584028E+02  -0.128087463E+02
