  0.0000000000E+000  0.0000000000E+000
  1.0000403299E+004  1.1509918000E+038
  2.0000221111E+004  1.0873588581E+038
  3.0000233572E+004  1.0481689861E+038
  4.0000439251E+004  1.0339981435E+038
  5.0000304603E+004  1.0286316306E+038
  6.0000192576E+004  1.0256363069E+038
  7.0000349486E+004  1.0227386190E+038
  8.0000330865E+004  1.0194578665E+038
  9.0000279534E+004  1.0155220037E+038
  1.0000033266E+005  1.0109158095E+038
  1.1000043840E+005  1.0057417770E+038
  1.2000040277E+005  1.0001383888E+038
  1.3000047246E+005  9.9422398298E+037
  1.4000048778E+005  9.8814178147E+037
  1.5000046987E+005  9.8198689243E+037
  1.6000048617E+005  9.7579919281E+037
  1.7000039066E+005  9.6964960081E+037
  1.8000047978E+005  9.6355417774E+037
  1.9000047368E+005  9.5757250804E+037
  2.0000022263E+005  9.5171389799E+037
  2.1000042927E+005  9.4598651701E+037
  2.2000035998E+005  9.4039937524E+037
  2.3000043990E+005  5.2618230189E+039
  2.4000036587E+005  5.1658675864E+039
  2.5000031016E+005  6.6207082064E+039
  2.6000043513E+005  8.6412880177E+039
  2.7000047292E+005  1.1260849887E+040
  2.8000028000E+005  1.4597690722E+040
  2.9000041060E+005  1.8925907270E+040
  3.0000038935E+005  2.4755454238E+040
  3.1000037258E+005  3.3123801734E+040
  3.2000027064E+005  4.8031961112E+040
  3.3000053524E+005  1.6182116021E+041
  3.4000026659E+005  4.3183623031E+041
  3.5000044003E+005  9.0907934446E+041
  3.6000048608E+005  1.7044144343E+042
  3.7000038454E+005  2.9316243484E+042
  3.8000039572E+005  4.7162514390E+042
  3.9000053253E+005  7.1577002942E+042
  4.0000040270E+005  1.0235274746E+043
  4.1000035917E+005  1.3914132923E+043
  4.2000045514E+005  1.8128196426E+043
  4.3000052117E+005  2.2755154757E+043
  4.4000029981E+005  2.7581758845E+043
  4.5000055737E+005  3.2167619044E+043
  4.6000057339E+005  3.6235273527E+043
  4.7000036154E+005  3.9017263501E+043
  4.8000030672E+005  3.9669672171E+043
  4.9000040343E+005  3.7987889242E+043
  5.0000040495E+005  3.4485135478E+043
  5.1000050193E+005  2.9640209906E+043
  5.2000058612E+005  2.4105133413E+043
  5.3000033419E+005  1.8640274878E+043
  5.4000038604E+005  1.3882974215E+043
  5.5000017440E+005  1.0272864604E+043
  5.6000032914E+005  7.7138443558E+042
  5.7000020457E+005  6.3310765100E+042
  5.8000014816E+005  5.5444688951E+042
  5.9000016574E+005  4.9660029613E+042
  6.0000012109E+005  4.5112397200E+042
  6.1000008369E+005  4.0981727595E+042
  6.2000008249E+005  3.7106651823E+042
  6.3000020362E+005  3.2713165475E+042
  6.4000028918E+005  2.9070039127E+042
  6.5000034265E+005  2.8834657010E+042
  6.6000042793E+005  2.8465629661E+042
  6.7000045350E+005  2.7549377095E+042
  6.8000052460E+005  2.6343342746E+042
  6.9000058524E+005  2.5094816551E+042
  7.0000039246E+005  2.3960346583E+042
  7.1000046663E+005  2.2898525140E+042
  7.2000042716E+005  2.1911146757E+042
  7.3000039431E+005  2.1003283705E+042
  7.4000054013E+005  2.0173353207E+042
  7.5000031561E+005  1.9414551384E+042
  7.6000056149E+005  1.8718073752E+042
  7.7000052175E+005  1.8078556259E+042
  7.8000064799E+005  1.7493919498E+042
  7.9000039081E+005  1.6962637869E+042
  8.0000045279E+005  1.6479444494E+042
  8.1000059743E+005  1.6036966660E+042
  8.2000051312E+005  1.5629948933E+042
  8.3000043365E+005  1.5255498328E+042
  8.4000038729E+005  1.4910440940E+042
  8.5000065954E+005  1.4591201953E+042
  8.6000057689E+005  1.4293825111E+042
  8.7000046179E+005  1.4012700328E+042
  8.8000065957E+005  1.3743540641E+042
  8.9000044918E+005  1.3484169976E+042
  9.0000041049E+005  1.3233524675E+042
  9.1000039682E+005  1.2992372743E+042
  9.2000066062E+005  1.2761360148E+042
  9.3000033468E+005  1.2541731668E+042
  9.4000042237E+005  1.2333049541E+042
  9.5000061575E+005  1.2135033023E+042
  9.6000040466E+005  1.1946886652E+042
  9.7000052277E+005  1.1768277523E+042
  9.8000046887E+005  1.1598399376E+042
  9.9000050037E+005  1.1436973700E+042
  1.0000003852E+006  1.1283445404E+042
  1.0100004747E+006  1.1137491357E+042
  1.0200004089E+006  1.0998876874E+042
  1.0300005100E+006  1.0867036736E+042
  1.0400006412E+006  1.0741634466E+042
  1.0500004891E+006  1.0622001784E+042
  1.0600006645E+006  1.0507568463E+042
  1.0700005313E+006  1.0397893640E+042
  1.0800007015E+006  1.0292304514E+042
  1.0900005081E+006  1.0190432049E+042
  1.1000006885E+006  1.0091869459E+042
  1.1100006592E+006  9.9963245513E+041
  1.1200004812E+006  9.9037485312E+041
  1.1300005835E+006  9.8140303252E+041
  1.1400003859E+006  9.7270178003E+041
  1.1500006068E+006  9.6426892953E+041
  1.1600004370E+006  9.5609832425E+041
  1.1700004346E+006  9.4817574855E+041
  1.1800005470E+006  9.4049525605E+041
  1.1900005802E+006  9.3306092782E+041
  1.2000005379E+006  9.2586466210E+041
  1.2100004737E+006  9.1889328584E+041
  1.2200005379E+006  9.1214203334E+041
  1.2300005141E+006  9.0560445619E+041
  1.2400006833E+006  8.9926302169E+041
  1.2500006620E+006  8.9310311087E+041
  1.2600006635E+006  8.8712357715E+041
  1.2700006927E+006  8.8131879187E+041
  1.2800007095E+006  8.7567981401E+041
  1.2900004929E+006  8.7020031561E+041
  1.3000006233E+006  8.6487616488E+041
  1.3100005158E+006  8.5970525929E+041
  1.3200005249E+006  8.5468008214E+041
  1.3300006724E+006  8.4979332577E+041
  1.3400007542E+006  8.4504528072E+041
  1.3500006719E+006  8.4043783048E+041
  1.3600003936E+006  8.3597456272E+041
  1.3700005619E+006  8.3165228710E+041
  1.3800007183E+006  8.2746607087E+041
  1.3900007777E+006  8.2341094375E+041
  1.4000004011E+006  8.1947940371E+041
  1.4100005769E+006  8.1565758558E+041
  1.4200006494E+006  8.1193143286E+041
  1.4300004221E+006  8.0829258971E+041
  1.4400006562E+006  8.0474345580E+041
  1.4500006681E+006  8.0129354491E+041
  1.4600006897E+006  7.9795354638E+041
  1.4700006338E+006  7.9472437371E+041
  1.4800006800E+006  7.9159660180E+041
  1.4900007195E+006  7.8855799848E+041
  1.5000004500E+006  7.8560382442E+041
  1.5100006141E+006  7.8274272075E+041
  1.5200006094E+006  7.7999391641E+041
  1.5300007930E+006  7.7737949496E+041
  1.5400006595E+006  7.7491560777E+041
  1.5500005917E+006  7.7260832132E+041
  1.5600006515E+006  7.7044571807E+041
  1.5700005939E+006  7.6840197046E+041
  1.5800006026E+006  7.6644252875E+041
  1.5900004427E+006  7.6453438882E+041
  1.6000005733E+006  7.6266473710E+041
  1.6100007888E+006  7.6085445733E+041
  1.6200005937E+006  7.5914490948E+041
  1.6300004171E+006  7.5757347274E+041
  1.6400004588E+006  7.5615187280E+041
  1.6500006984E+006  7.5485670343E+041
  1.6600005757E+006  7.5364084211E+041
  1.6700006879E+006  7.5246556828E+041
  1.6800004587E+006  7.5133054788E+041
  1.6900006683E+006  7.5026583943E+041
  1.7000004678E+006  7.4932712341E+041
  1.7100007054E+006  7.4857760368E+041
  1.7200006025E+006  7.4806666167E+041
  1.7300006854E+006  7.4784254271E+041
  1.7400006131E+006  7.4787477414E+041
  1.7500006951E+006  7.4819657373E+041
  1.7600007493E+006  7.4854764622E+041
  1.7700007692E+006  7.4888174696E+041
  1.7800005256E+006  7.4917448282E+041
  1.7900006954E+006  7.4952110652E+041
  1.8000004411E+006  7.4998713594E+041
  1.8100004894E+006  7.5065997653E+041
  1.8200008707E+006  7.5154669464E+041
  1.8300005314E+006  7.5264120781E+041
  1.8400006624E+006  7.5386717192E+041
  1.8500007313E+006  7.5517319449E+041
  1.8600004945E+006  7.5654319723E+041
  1.8700006316E+006  7.5797979074E+041
  1.8800004685E+006  7.5952995036E+041
  1.8900005513E+006  7.6121009826E+041
  1.9000006987E+006  7.6298794800E+041
  1.9100004973E+006  7.6482928840E+041
  1.9200008569E+006  7.6669008074E+041
  1.9300004408E+006  7.6853978400E+041
  1.9400004443E+006  7.7040602768E+041
  1.9500005330E+006  7.7237605783E+041
  1.9600005627E+006  7.7454108825E+041
  1.9700006668E+006  7.7697460987E+041
  1.9800007945E+006  7.7945125741E+041
  1.9872000000E+006  7.8117648265E+041
