   0.000000000E+00   0.500000000E+04  -0.282683400E+01  -0.403492300E+01  -0.476061870E+01  -0.503565800E+01  -0.515883600E+01  -0.368067400E+01  -0.370864400E+01  -0.452166000E+01  -0.554774600E+01  -0.504244600E+01   0.305266003E+00   0.563847600E+01   0.599046003E+00  -0.507263997E+00   0.107941600E+01
   0.100003376E+05   0.500000000E+04  -0.389288299E+01  -0.510097199E+01  -0.582666769E+01  -0.610170699E+01  -0.622488499E+01  -0.474672299E+01  -0.477469299E+01  -0.558770899E+01  -0.661379499E+01  -0.610849499E+01  -0.760782988E+00   0.457242701E+01  -0.467002988E+00  -0.157331299E+01   0.133670116E-01
   0.200001722E+05   0.500000000E+04  -0.397106857E+01  -0.517915757E+01  -0.590485327E+01  -0.617989257E+01  -0.630307057E+01  -0.482490857E+01  -0.485287857E+01  -0.566589457E+01  -0.669198057E+01  -0.618668057E+01  -0.838968565E+00   0.449424143E+01  -0.545188565E+00  -0.165149857E+01  -0.648185653E-01
   0.300001702E+05   0.500000000E+04  -0.395072010E+01  -0.515880910E+01  -0.588450480E+01  -0.615954410E+01  -0.628272210E+01  -0.480456010E+01  -0.483253010E+01  -0.564554610E+01  -0.667163210E+01  -0.616633210E+01  -0.818620103E+00   0.451458990E+01  -0.524840103E+00  -0.163115010E+01  -0.444701033E-01
   0.400001614E+05   0.500000000E+04  -0.392920467E+01  -0.513729367E+01  -0.586298937E+01  -0.613802867E+01  -0.626120667E+01  -0.478304467E+01  -0.481101467E+01  -0.562403067E+01  -0.665011667E+01  -0.614481667E+01  -0.797104674E+00   0.453610533E+01  -0.503324674E+00  -0.160963467E+01  -0.229546744E-01
   0.500001190E+05   0.500000000E+04  -0.390763530E+01  -0.511572430E+01  -0.584142000E+01  -0.611645930E+01  -0.623963730E+01  -0.476147530E+01  -0.478944530E+01  -0.560246130E+01  -0.662854730E+01  -0.612324730E+01  -0.775535304E+00   0.455767470E+01  -0.481755304E+00  -0.158806530E+01  -0.138530386E-02
   0.600001203E+05   0.500000000E+04  -0.388768164E+01  -0.509577064E+01  -0.582146634E+01  -0.609650564E+01  -0.621968364E+01  -0.474152164E+01  -0.476949164E+01  -0.558250764E+01  -0.660859364E+01  -0.610329364E+01  -0.755581644E+00   0.457762836E+01  -0.461801644E+00  -0.156811164E+01   0.185683565E-01
   0.700000552E+05   0.500000000E+04  -0.386506022E+01  -0.507314922E+01  -0.579884492E+01  -0.607388422E+01  -0.619706222E+01  -0.471890022E+01  -0.474687022E+01  -0.555988622E+01  -0.658597222E+01  -0.608067222E+01  -0.732960222E+00   0.460024978E+01  -0.439180222E+00  -0.154549022E+01   0.411897783E-01
   0.800001222E+05   0.500000000E+04  -0.383806827E+01  -0.504615727E+01  -0.577185297E+01  -0.604689227E+01  -0.617007027E+01  -0.469190827E+01  -0.471987827E+01  -0.553289427E+01  -0.655898027E+01  -0.605368027E+01  -0.705968275E+00   0.462724173E+01  -0.412188275E+00  -0.151849827E+01   0.681817252E-01
   0.900002092E+05   0.500000000E+04  -0.373264116E+01  -0.494073016E+01  -0.566642586E+01  -0.594146516E+01  -0.606464316E+01  -0.458648116E+01  -0.461445116E+01  -0.542746716E+01  -0.645355316E+01  -0.594825316E+01  -0.600541159E+00   0.473266884E+01  -0.306761159E+00  -0.141307116E+01   0.173608841E+00
   0.100000100E+06   0.500000000E+04  -0.294316136E+01  -0.415125036E+01  -0.487694606E+01  -0.515198536E+01  -0.527516336E+01  -0.379700136E+01  -0.382497136E+01  -0.463798736E+01  -0.566407336E+01  -0.515877336E+01   0.188938641E+00   0.552214864E+01   0.482718641E+00  -0.623591359E+00   0.963088641E+00
   0.110000169E+06   0.500000000E+04  -0.362540078E+01  -0.483348978E+01  -0.555918548E+01  -0.583422478E+01  -0.595740278E+01  -0.447924078E+01  -0.450721078E+01  -0.532022678E+01  -0.634631278E+01  -0.584101278E+01  -0.493300776E+00   0.483990922E+01  -0.199520776E+00  -0.130583078E+01   0.280849224E+00
   0.120000052E+06   0.500000000E+04  -0.373109238E+01  -0.493918138E+01  -0.566487708E+01  -0.593991638E+01  -0.606309438E+01  -0.458493238E+01  -0.461290238E+01  -0.542591838E+01  -0.645200438E+01  -0.594670438E+01  -0.598992376E+00   0.473421762E+01  -0.305212376E+00  -0.141152238E+01   0.175157624E+00
   0.130000018E+06   0.500000000E+04  -0.373137090E+01  -0.493945990E+01  -0.566515560E+01  -0.594019490E+01  -0.606337290E+01  -0.458521090E+01  -0.461318090E+01  -0.542619690E+01  -0.645228290E+01  -0.594698290E+01  -0.599270905E+00   0.473393910E+01  -0.305490905E+00  -0.141180090E+01   0.174879095E+00
   0.140000159E+06   0.500000000E+04  -0.373067029E+01  -0.493875929E+01  -0.566445499E+01  -0.593949429E+01  -0.606267229E+01  -0.458451029E+01  -0.461248029E+01  -0.542549629E+01  -0.645158229E+01  -0.594628229E+01  -0.598570289E+00   0.473463971E+01  -0.304790289E+00  -0.141110029E+01   0.175579711E+00
   0.150000044E+06   0.500000000E+04  -0.373652158E+01  -0.494461058E+01  -0.567030628E+01  -0.594534558E+01  -0.606852358E+01  -0.459036158E+01  -0.461833158E+01  -0.543134758E+01  -0.645743358E+01  -0.595213358E+01  -0.604421576E+00   0.472878842E+01  -0.310641576E+00  -0.141695158E+01   0.169728424E+00
   0.160000037E+06   0.500000000E+04  -0.374591712E+01  -0.495400612E+01  -0.567970182E+01  -0.595474112E+01  -0.607791912E+01  -0.459975712E+01  -0.462772712E+01  -0.544074312E+01  -0.646682912E+01  -0.596152912E+01  -0.613817124E+00   0.471939288E+01  -0.320037124E+00  -0.142634712E+01   0.160332876E+00
   0.170000058E+06   0.500000000E+04  -0.374890479E+01  -0.495699379E+01  -0.568268949E+01  -0.595772879E+01  -0.608090679E+01  -0.460274479E+01  -0.463071479E+01  -0.544373079E+01  -0.646981679E+01  -0.596451679E+01  -0.616804793E+00   0.471640521E+01  -0.323024793E+00  -0.142933479E+01   0.157345207E+00
   0.180000083E+06   0.500000000E+04  -0.374622593E+01  -0.495431493E+01  -0.568001063E+01  -0.595504993E+01  -0.607822793E+01  -0.460006593E+01  -0.462803593E+01  -0.544105193E+01  -0.646713793E+01  -0.596183793E+01  -0.614125932E+00   0.471908407E+01  -0.320345932E+00  -0.142665593E+01   0.160024068E+00
   0.190000191E+06   0.500000000E+04  -0.373991514E+01  -0.494800414E+01  -0.567369984E+01  -0.594873914E+01  -0.607191714E+01  -0.459375514E+01  -0.462172514E+01  -0.543474114E+01  -0.646082714E+01  -0.595552714E+01  -0.607815144E+00   0.472539486E+01  -0.314035144E+00  -0.142034514E+01   0.166334856E+00
   0.200000140E+06   0.500000000E+04  -0.373436961E+01  -0.494245861E+01  -0.566815431E+01  -0.594319361E+01  -0.606637161E+01  -0.458820961E+01  -0.461617961E+01  -0.542919561E+01  -0.645528161E+01  -0.594998161E+01  -0.602269612E+00   0.473094039E+01  -0.308489612E+00  -0.141479961E+01   0.171880388E+00
   0.210000108E+06   0.500000000E+04  -0.369230153E+01  -0.490039053E+01  -0.562608623E+01  -0.590112553E+01  -0.602430353E+01  -0.454614153E+01  -0.457411153E+01  -0.538712753E+01  -0.641321353E+01  -0.590791353E+01  -0.560201530E+00   0.477300847E+01  -0.266421530E+00  -0.137273153E+01   0.213948470E+00
   0.220000172E+06   0.500000000E+04  -0.365251634E+01  -0.486060534E+01  -0.558630104E+01  -0.586134034E+01  -0.598451834E+01  -0.450635634E+01  -0.453432634E+01  -0.534734234E+01  -0.637342834E+01  -0.586812834E+01  -0.520416341E+00   0.481279366E+01  -0.226636341E+00  -0.133294634E+01   0.253733659E+00
   0.230000206E+06   0.500000000E+04  -0.362676179E+01  -0.483485079E+01  -0.556054649E+01  -0.583558579E+01  -0.595876379E+01  -0.448060179E+01  -0.450857179E+01  -0.532158779E+01  -0.634767379E+01  -0.584237379E+01  -0.494661794E+00   0.483854821E+01  -0.200881794E+00  -0.130719179E+01   0.279488206E+00
   0.240000094E+06   0.500000000E+04  -0.361056480E+01  -0.481865380E+01  -0.554434950E+01  -0.581938880E+01  -0.594256680E+01  -0.446440480E+01  -0.449237480E+01  -0.530539080E+01  -0.633147680E+01  -0.582617680E+01  -0.478464801E+00   0.485474520E+01  -0.184684801E+00  -0.129099480E+01   0.295685199E+00
   0.250000030E+06   0.500000000E+04  -0.360147094E+01  -0.480955994E+01  -0.553525564E+01  -0.581029494E+01  -0.593347294E+01  -0.445531094E+01  -0.448328094E+01  -0.529629694E+01  -0.632238294E+01  -0.581708294E+01  -0.469370945E+00   0.486383906E+01  -0.175590945E+00  -0.128190094E+01   0.304779055E+00
   0.260000010E+06   0.500000000E+04  -0.367422545E+01  -0.488231445E+01  -0.560801015E+01  -0.588304945E+01  -0.600622745E+01  -0.452806545E+01  -0.455603545E+01  -0.536905145E+01  -0.639513745E+01  -0.588983745E+01  -0.542125451E+00   0.479108455E+01  -0.248345451E+00  -0.135465545E+01   0.232024549E+00
   0.270000047E+06   0.500000000E+04  -0.442374694E+01  -0.563183594E+01  -0.635753164E+01  -0.663257094E+01  -0.675574894E+01  -0.527758694E+01  -0.530555694E+01  -0.611857294E+01  -0.714465894E+01  -0.663935894E+01  -0.129164694E+01   0.404156306E+01  -0.997866938E+00  -0.210417694E+01  -0.517496938E+00
   0.280000017E+06   0.500000000E+04  -0.703298759E+01  -0.824107659E+01  -0.896677229E+01  -0.924181159E+01  -0.936498959E+01  -0.788682759E+01  -0.791479759E+01  -0.872781359E+01  -0.975389959E+01  -0.924859959E+01  -0.390088759E+01   0.143232241E+01  -0.360710759E+01  -0.471341759E+01  -0.312673759E+01
   0.290000184E+06   0.500000000E+04  -0.745001468E+01  -0.865810368E+01  -0.938379938E+01  -0.965883868E+01  -0.978201668E+01  -0.830385468E+01  -0.833182468E+01  -0.914484068E+01  -0.101709267E+02  -0.966562668E+01  -0.431791468E+01   0.101529532E+01  -0.402413468E+01  -0.513044468E+01  -0.354376468E+01
   0.300000201E+06   0.500000000E+04  -0.758903909E+01  -0.879712809E+01  -0.952282379E+01  -0.979786309E+01  -0.992104109E+01  -0.844287909E+01  -0.847084909E+01  -0.928386509E+01  -0.103099511E+02  -0.980465109E+01  -0.445693909E+01   0.876270914E+00  -0.416315909E+01  -0.526946909E+01  -0.368278909E+01
   0.310000141E+06   0.500000000E+04  -0.773281956E+01  -0.894090856E+01  -0.966660426E+01  -0.994164356E+01  -0.100648216E+02  -0.858665956E+01  -0.861462956E+01  -0.942764556E+01  -0.104537316E+02  -0.994843156E+01  -0.460071956E+01   0.732490440E+00  -0.430693956E+01  -0.541324956E+01  -0.382656956E+01
   0.320000157E+06   0.500000000E+04  -0.788905665E+01  -0.909714565E+01  -0.982284135E+01  -0.100978807E+02  -0.102210587E+02  -0.874289665E+01  -0.877086665E+01  -0.958388265E+01  -0.106099687E+02  -0.101046687E+02  -0.475695665E+01   0.576253346E+00  -0.446317665E+01  -0.556948665E+01  -0.398280665E+01
   0.330000199E+06   0.500000000E+04  -0.805475415E+01  -0.926284315E+01  -0.998853885E+01  -0.102635781E+02  -0.103867561E+02  -0.890859415E+01  -0.893656415E+01  -0.974958015E+01  -0.107756661E+02  -0.102703661E+02  -0.492265415E+01   0.410555852E+00  -0.462887415E+01  -0.573518415E+01  -0.414850415E+01
   0.340000028E+06   0.500000000E+04  -0.822803253E+01  -0.943612153E+01  -0.101618172E+02  -0.104368565E+02  -0.105600345E+02  -0.908187253E+01  -0.910984253E+01  -0.992285853E+01  -0.109489445E+02  -0.104436445E+02  -0.509593253E+01   0.237277470E+00  -0.480215253E+01  -0.590846253E+01  -0.432178253E+01
   0.350000056E+06   0.500000000E+04  -0.840831671E+01  -0.961640571E+01  -0.103421014E+02  -0.106171407E+02  -0.107403187E+02  -0.926215671E+01  -0.929012671E+01  -0.101031427E+02  -0.111292287E+02  -0.106239287E+02  -0.527621671E+01   0.569932918E-01  -0.498243671E+01  -0.608874671E+01  -0.450206671E+01
   0.360000097E+06   0.500000000E+04  -0.859621808E+01  -0.980430708E+01  -0.105300028E+02  -0.108050421E+02  -0.109282201E+02  -0.945005808E+01  -0.947802808E+01  -0.102910441E+02  -0.113171301E+02  -0.108118301E+02  -0.546411808E+01  -0.130908082E+00  -0.517033808E+01  -0.627664808E+01  -0.468996808E+01
   0.370000196E+06   0.500000000E+04  -0.879507808E+01  -0.100031671E+02  -0.107288628E+02  -0.110039021E+02  -0.111270801E+02  -0.964891808E+01  -0.967688808E+01  -0.104899041E+02  -0.115159901E+02  -0.110106901E+02  -0.566297808E+01  -0.329768076E+00  -0.536919808E+01  -0.647550808E+01  -0.488882808E+01
   0.380000097E+06   0.500000000E+04  -0.900912756E+01  -0.102172166E+02  -0.109429123E+02  -0.112179516E+02  -0.113411296E+02  -0.986296756E+01  -0.989093756E+01  -0.107039536E+02  -0.117300396E+02  -0.112247396E+02  -0.587702756E+01  -0.543817564E+00  -0.558324756E+01  -0.668955756E+01  -0.510287756E+01
   0.390000276E+06   0.500000000E+04  -0.924252019E+01  -0.104506092E+02  -0.111763049E+02  -0.114513442E+02  -0.115745222E+02  -0.100963602E+02  -0.101243302E+02  -0.109373462E+02  -0.119634322E+02  -0.114581322E+02  -0.611042019E+01  -0.777210188E+00  -0.581664019E+01  -0.692295019E+01  -0.533627019E+01
   0.400000237E+06   0.500000000E+04  -0.950259627E+01  -0.107106853E+02  -0.114363810E+02  -0.117114203E+02  -0.118345983E+02  -0.103564363E+02  -0.103844063E+02  -0.111974223E+02  -0.122235083E+02  -0.117182083E+02  -0.637049627E+01  -0.103728627E+01  -0.607671627E+01  -0.718302627E+01  -0.559634627E+01
   0.410000182E+06   0.512613149E+04  -0.988635822E+01  -0.110506496E+02  -0.117444132E+02  -0.120021344E+02  -0.121125141E+02  -0.107378292E+02  -0.107335330E+02  -0.115181835E+02  -0.125087410E+02  -0.120216319E+02  -0.683783169E+01  -0.164411934E+01  -0.655566966E+01  -0.762514548E+01  -0.606283661E+01
   0.420000100E+06   0.550829545E+04  -0.105069824E+02  -0.115385719E+02  -0.121355850E+02  -0.123408343E+02  -0.124124366E+02  -0.113512756E+02  -0.112492165E+02  -0.119479228E+02  -0.128308328E+02  -0.123988402E+02  -0.771167392E+01  -0.294062344E+01  -0.746471301E+01  -0.842258549E+01  -0.693411834E+01
   0.430000015E+06   0.615109743E+04  -0.114231279E+02  -0.122470808E+02  -0.126923928E+02  -0.128157218E+02  -0.128268745E+02  -0.122562794E+02  -0.120012041E+02  -0.125650793E+02  -0.132798495E+02  -0.129340953E+02  -0.902832426E+01  -0.492050260E+01  -0.883573219E+01  -0.962240518E+01  -0.825612912E+01
   0.440000160E+06   0.929890956E+04  -0.138795226E+02  -0.141469839E+02  -0.141798773E+02  -0.140880840E+02  -0.139429725E+02  -0.146848273E+02  -0.140181618E+02  -0.142135923E+02  -0.144855488E+02  -0.143700848E+02  -0.126666238E+02  -0.103902356E+02  -0.125990443E+02  -0.129818373E+02  -0.121121466E+02
   0.450000131E+06   0.120325879E+05  -0.149872214E+02  -0.150211705E+02  -0.148801524E+02  -0.146994421E+02  -0.144911098E+02  -0.157816761E+02  -0.149412936E+02  -0.149800883E+02  -0.150698893E+02  -0.150503607E+02  -0.143292538E+02  -0.128619563E+02  -0.143007861E+02  -0.145302677E+02  -0.139531128E+02
   0.460000200E+06   0.149050686E+05  -0.157317679E+02  -0.156229788E+02  -0.153752617E+02  -0.151402816E+02  -0.148909694E+02  -0.165198652E+02  -0.155728918E+02  -0.155153622E+02  -0.154943348E+02  -0.155336013E+02  -0.154363541E+02  -0.144858367E+02  -0.154262266E+02  -0.155576251E+02  -0.151951511E+02
   0.470000141E+06   0.180211464E+05  -0.162932645E+02  -0.160864012E+02  -0.157649110E+02  -0.154925586E+02  -0.152164986E+02  -0.170771120E+02  -0.160567361E+02  -0.159326633E+02  -0.158352494E+02  -0.159152602E+02  -0.162577361E+02  -0.156745049E+02  -0.162573184E+02  -0.163041973E+02  -0.161191225E+02
   0.480000140E+06   0.213103380E+05  -0.167290022E+02  -0.164536937E+02  -0.160803521E+02  -0.157817387E+02  -0.154882666E+02  -0.175099527E+02  -0.164382761E+02  -0.162674886E+02  -0.161163611E+02  -0.162251569E+02  -0.168800291E+02  -0.165593997E+02  -0.168849460E+02  -0.168725896E+02  -0.168176525E+02
   0.490000238E+06   0.246955139E+05  -0.170732442E+02  -0.167485794E+02  -0.163375994E+02  -0.160198684E+02  -0.157142106E+02  -0.178521344E+02  -0.167434377E+02  -0.165387894E+02  -0.163486051E+02  -0.164784000E+02  -0.173610146E+02  -0.172322930E+02  -0.173690354E+02  -0.173154481E+02  -0.173556095E+02
   0.500000172E+06   0.280331300E+05  -0.173465457E+02  -0.169861909E+02  -0.165478036E+02  -0.162161480E+02  -0.159003825E+02  -0.181239638E+02  -0.169884825E+02  -0.167592387E+02  -0.165405622E+02  -0.166857297E+02  -0.177341333E+02  -0.177450379E+02  -0.177440069E+02  -0.176622226E+02  -0.177711375E+02
   0.510000160E+06   0.312305695E+05  -0.175666268E+02  -0.171801698E+02  -0.167216017E+02  -0.163796838E+02  -0.160563065E+02  -0.183429823E+02  -0.171879133E+02  -0.169405866E+02  -0.167009155E+02  -0.168574302E+02  -0.180275982E+02  -0.181407358E+02  -0.180386028E+02  -0.179372915E+02  -0.180960734E+02
   0.520000227E+06   0.341311563E+05  -0.177413582E+02  -0.173358788E+02  -0.168625286E+02  -0.165130856E+02  -0.161841640E+02  -0.185169380E+02  -0.173475888E+02  -0.170870489E+02  -0.168319712E+02  -0.169968256E+02  -0.182559400E+02  -0.184434628E+02  -0.182676649E+02  -0.181525185E+02  -0.183475259E+02
   0.530000039E+06   0.365234993E+05  -0.178742913E+02  -0.174556815E+02  -0.169720927E+02  -0.166174148E+02  -0.162846647E+02  -0.186493514E+02  -0.174701416E+02  -0.172004427E+02  -0.169346650E+02  -0.171053281E+02  -0.184259297E+02  -0.186646469E+02  -0.184380787E+02  -0.183137612E+02  -0.185335363E+02
   0.540000155E+06   0.381138574E+05  -0.179626283E+02  -0.175362613E+02  -0.170466072E+02  -0.166888299E+02  -0.163538085E+02  -0.187373766E+02  -0.175523395E+02  -0.172772286E+02  -0.170051150E+02  -0.171792150E+02  -0.185361434E+02  -0.188050172E+02  -0.185485282E+02  -0.184189175E+02  -0.186532241E+02
   0.550000107E+06   0.385385675E+05  -0.179986429E+02  -0.175703478E+02  -0.170791858E+02  -0.167206357E+02  -0.163850494E+02  -0.187733105E+02  -0.175868294E+02  -0.173103721E+02  -0.170366787E+02  -0.172116366E+02  -0.185775858E+02  -0.188539345E+02  -0.185900258E+02  -0.184591070E+02  -0.186970194E+02
   0.560000162E+06   0.375733770E+05  -0.179740089E+02  -0.175502110E+02  -0.170625651E+02  -0.167058142E+02  -0.163715457E+02  -0.187488600E+02  -0.175657543E+02  -0.172924335E+02  -0.170224202E+02  -0.171953815E+02  -0.185402839E+02  -0.187991846E+02  -0.185525942E+02  -0.184247292E+02  -0.186542296E+02
   0.570000255E+06   0.353910293E+05  -0.178898081E+02  -0.174771748E+02  -0.169982568E+02  -0.166459622E+02  -0.163149544E+02  -0.186651060E+02  -0.174903867E+02  -0.172248586E+02  -0.169639563E+02  -0.171319687E+02  -0.184245726E+02  -0.186399968E+02  -0.184365291E+02  -0.183163510E+02  -0.185248812E+02
   0.580000100E+06   0.326530777E+05  -0.177658785E+02  -0.173696351E+02  -0.169034783E+02  -0.165576872E+02  -0.162314568E+02  -0.185418356E+02  -0.173794264E+02  -0.171253022E+02  -0.168777217E+02  -0.170385157E+02  -0.182544184E+02  -0.184058335E+02  -0.182658017E+02  -0.181573208E+02  -0.183347626E+02
   0.590000182E+06   0.300746597E+05  -0.176338352E+02  -0.172560848E+02  -0.168042536E+02  -0.164657688E+02  -0.161449416E+02  -0.184105513E+02  -0.172620135E+02  -0.170207186E+02  -0.167880687E+02  -0.169407780E+02  -0.180703189E+02  -0.181493905E+02  -0.180809720E+02  -0.179860717E+02  -0.181282680E+02
   0.600000060E+06   0.272884001E+05  -0.174646399E+02  -0.171114469E+02  -0.166785740E+02  -0.163497097E+02  -0.160360221E+02  -0.182423546E+02  -0.171122465E+02  -0.168879387E+02  -0.166749993E+02  -0.168170720E+02  -0.178321583E+02  -0.178150311E+02  -0.178416838E+02  -0.177654466E+02  -0.178605964E+02
   0.610000229E+06   0.250429966E+05  -0.173095082E+02  -0.169805363E+02  -0.165662592E+02  -0.162468475E+02  -0.159400229E+02  -0.180882191E+02  -0.169762891E+02  -0.167686798E+02  -0.165750681E+02  -0.167067092E+02  -0.176092828E+02  -0.174973869E+02  -0.176175490E+02  -0.175604660E+02  -0.176089450E+02
   0.620000133E+06   0.237830339E+05  -0.172236723E+02  -0.169107121E+02  -0.165086867E+02  -0.161955153E+02  -0.158929574E+02  -0.180030510E+02  -0.169031394E+02  -0.167065341E+02  -0.165256512E+02  -0.166504376E+02  -0.174788568E+02  -0.173044523E+02  -0.174861967E+02  -0.174421745E+02  -0.174597223E+02
   0.630000003E+06   0.229841253E+05  -0.171747465E+02  -0.168728181E+02  -0.164792221E+02  -0.161703254E+02  -0.158705037E+02  -0.179545856E+02  -0.168629478E+02  -0.166739234E+02  -0.165017745E+02  -0.166218618E+02  -0.173992882E+02  -0.171819195E+02  -0.174059626E+02  -0.173710861E+02  -0.173672993E+02
   0.640000064E+06   0.224612112E+05  -0.171506606E+02  -0.168566910E+02  -0.164691555E+02  -0.161633336E+02  -0.158654310E+02  -0.179308323E+02  -0.168451630E+02  -0.166615926E+02  -0.164957396E+02  -0.166124436E+02  -0.173531876E+02  -0.171048990E+02  -0.173593496E+02  -0.173311768E+02  -0.173120111E+02
   0.650000113E+06   0.220164519E+05  -0.171329277E+02  -0.168457273E+02  -0.164633466E+02  -0.161601398E+02  -0.158638695E+02  -0.179133822E+02  -0.168327894E+02  -0.166538578E+02  -0.164933597E+02  -0.166071862E+02  -0.173167303E+02  -0.170421431E+02  -0.173224564E+02  -0.172999855E+02  -0.172677393E+02
   0.660000098E+06   0.215604963E+05  -0.171123847E+02  -0.168328535E+02  -0.164563023E+02  -0.161560579E+02  -0.158615927E+02  -0.178931591E+02  -0.168183164E+02  -0.166446371E+02  -0.164901825E+02  -0.166007644E+02  -0.172750489E+02  -0.169707674E+02  -0.172802535E+02  -0.172643048E+02  -0.172174228E+02
   0.670000015E+06   0.212133446E+05  -0.171023199E+02  -0.168286487E+02  -0.164565515E+02  -0.161585704E+02  -0.158654835E+02  -0.178833387E+02  -0.168128896E+02  -0.166432234E+02  -0.164933859E+02  -0.166014892E+02  -0.172488347E+02  -0.169218668E+02  -0.172536401E+02  -0.172426764E+02  -0.171846161E+02
   0.680000299E+06   0.208748973E+05  -0.170922496E+02  -0.168245340E+02  -0.164569605E+02  -0.161612762E+02  -0.158696004E+02  -0.178735179E+02  -0.168075336E+02  -0.166419424E+02  -0.164967952E+02  -0.166023806E+02  -0.172223855E+02  -0.168723968E+02  -0.172267729E+02  -0.172209020E+02  -0.171514896E+02
   0.690000074E+06   0.204641029E+05  -0.170773600E+02  -0.168173756E+02  -0.164556682E+02  -0.161629581E+02  -0.158731350E+02  -0.178589546E+02  -0.167987649E+02  -0.166384566E+02  -0.164993932E+02  -0.166017128E+02  -0.171863031E+02  -0.168065031E+02  -0.171901236E+02  -0.171909158E+02  -0.171067846E+02
   0.700000310E+06   0.200620740E+05  -0.170644196E+02  -0.168120014E+02  -0.164560350E+02  -0.161662355E+02  -0.158782256E+02  -0.178463333E+02  -0.167918147E+02  -0.166366764E+02  -0.165035671E+02  -0.166026906E+02  -0.171526220E+02  -0.167436467E+02  -0.171558877E+02  -0.171632008E+02  -0.170646649E+02
   0.710000219E+06   0.196696092E+05  -0.170508869E+02  -0.168066048E+02  -0.164568078E+02  -0.161701306E+02  -0.158841154E+02  -0.178331443E+02  -0.167847277E+02  -0.166351453E+02  -0.165084200E+02  -0.166041227E+02  -0.171168894E+02  -0.166766709E+02  -0.171195276E+02  -0.171338409E+02  -0.170198322E+02
   0.720000233E+06   0.192614075E+05  -0.170332474E+02  -0.167975744E+02  -0.164543044E+02  -0.161709297E+02  -0.158870330E+02  -0.178158685E+02  -0.167739093E+02  -0.166302051E+02  -0.165102314E+02  -0.166023174E+02  -0.170757784E+02  -0.166025241E+02  -0.170777471E+02  -0.170994651E+02  -0.169690876E+02
   0.730000059E+06   0.188878415E+05  -0.170181806E+02  -0.167906899E+02  -0.164536165E+02  -0.161733772E+02  -0.158915797E+02  -0.178011484E+02  -0.167653236E+02  -0.166272017E+02  -0.165136412E+02  -0.166022930E+02  -0.170384587E+02  -0.165338714E+02  -0.170397744E+02  -0.170685740E+02  -0.169226478E+02
   0.740000124E+06   0.185129695E+05  -0.170007687E+02  -0.167822000E+02  -0.164518668E+02  -0.161750388E+02  -0.158957230E+02  -0.177841170E+02  -0.167549744E+02  -0.166229291E+02  -0.165163525E+02  -0.166012668E+02  -0.169969088E+02  -0.164583057E+02  -0.169974747E+02  -0.170340942E+02  -0.168712350E+02
   0.750000034E+06   0.181489151E+05  -0.169828550E+02  -0.167729508E+02  -0.164491633E+02  -0.161756482E+02  -0.158987423E+02  -0.177665728E+02  -0.167439194E+02  -0.166177755E+02  -0.165179812E+02  -0.165992659E+02  -0.169555536E+02  -0.163839162E+02  -0.169553914E+02  -0.169996051E+02  -0.168203016E+02
   0.760000056E+06   0.178029017E+05  -0.169653687E+02  -0.167643374E+02  -0.164472443E+02  -0.161771144E+02  -0.159031871E+02  -0.177494669E+02  -0.167334578E+02  -0.166133504E+02  -0.165204892E+02  -0.165980679E+02  -0.169141863E+02  -0.163088771E+02  -0.169132513E+02  -0.169653690E+02  -0.167692630E+02
   0.770000255E+06   0.174685828E+05  -0.169475319E+02  -0.167555393E+02  -0.164452596E+02  -0.161785732E+02  -0.159080258E+02  -0.177320189E+02  -0.167227774E+02  -0.166088149E+02  -0.165230078E+02  -0.165968187E+02  -0.168721067E+02  -0.162326034E+02  -0.168703660E+02  -0.169306218E+02  -0.167174246E+02
   0.780000303E+06   0.171456878E+05  -0.169296245E+02  -0.167463617E+02  -0.164426626E+02  -0.161793020E+02  -0.159120191E+02  -0.177144871E+02  -0.167117820E+02  -0.166037542E+02  -0.165247602E+02  -0.165949321E+02  -0.168307849E+02  -0.161582559E+02  -0.168282661E+02  -0.168963817E+02  -0.166666776E+02
   0.790000244E+06   0.168353771E+05  -0.169115263E+02  -0.167372923E+02  -0.164403931E+02  -0.161804740E+02  -0.159158739E+02  -0.176967786E+02  -0.167008338E+02  -0.165989375E+02  -0.165269833E+02  -0.165933979E+02  -0.167886000E+02  -0.160820672E+02  -0.167852361E+02  -0.168612765E+02  -0.166148931E+02
   0.800000262E+06   0.165381157E+05  -0.168935043E+02  -0.167284613E+02  -0.164384794E+02  -0.161820650E+02  -0.159196499E+02  -0.176791543E+02  -0.166900914E+02  -0.165944318E+02  -0.165296386E+02  -0.165922333E+02  -0.167461607E+02  -0.160051336E+02  -0.167419050E+02  -0.168258513E+02  -0.165627987E+02
   0.810000013E+06   0.162530404E+05  -0.168758833E+02  -0.167196545E+02  -0.164363063E+02  -0.161832530E+02  -0.159229331E+02  -0.176619147E+02  -0.166794516E+02  -0.165897728E+02  -0.165318471E+02  -0.165907786E+02  -0.167051233E+02  -0.159310161E+02  -0.167000124E+02  -0.167915406E+02  -0.165125021E+02
   0.820000095E+06   0.159790913E+05  -0.168585111E+02  -0.167108520E+02  -0.164339521E+02  -0.161841663E+02  -0.159258739E+02  -0.176449136E+02  -0.166688665E+02  -0.165850020E+02  -0.165337520E+02  -0.165891228E+02  -0.166650078E+02  -0.158587662E+02  -0.166590584E+02  -0.167579447E+02  -0.164634057E+02
   0.830000166E+06   0.157159951E+05  -0.168405650E+02  -0.167022913E+02  -0.164324396E+02  -0.161862292E+02  -0.159300469E+02  -0.176273763E+02  -0.166583498E+02  -0.165808453E+02  -0.165368936E+02  -0.165883746E+02  -0.166224207E+02  -0.157813030E+02  -0.166154715E+02  -0.167222641E+02  -0.164112287E+02
   0.840000010E+06   0.154632163E+05  -0.168230439E+02  -0.166937876E+02  -0.164307075E+02  -0.161879324E+02  -0.159337774E+02  -0.176102480E+02  -0.166479666E+02  -0.165765728E+02  -0.165396332E+02  -0.165873768E+02  -0.165812248E+02  -0.157065988E+02  -0.165733150E+02  -0.166877039E+02  -0.163608190E+02
   0.850000289E+06   0.152196339E+05  -0.168058386E+02  -0.166852716E+02  -0.164287168E+02  -0.161892520E+02  -0.159370505E+02  -0.175934212E+02  -0.166376396E+02  -0.165721341E+02  -0.165419515E+02  -0.165860938E+02  -0.165412061E+02  -0.156342907E+02  -0.165323707E+02  -0.166540794E+02  -0.163119217E+02
   0.860000020E+06   0.149849118E+05  -0.167888750E+02  -0.166767697E+02  -0.164265681E+02  -0.161903265E+02  -0.159400658E+02  -0.175768264E+02  -0.166273740E+02  -0.165676018E+02  -0.165439985E+02  -0.165846347E+02  -0.165020491E+02  -0.155637165E+02  -0.164923064E+02  -0.166211064E+02  -0.162641372E+02
   0.870000127E+06   0.147587295E+05  -0.167709778E+02  -0.166682670E+02  -0.164251033E+02  -0.161924354E+02  -0.159448617E+02  -0.175593425E+02  -0.166169128E+02  -0.165634934E+02  -0.165471870E+02  -0.165839432E+02  -0.164598240E+02  -0.154869737E+02  -0.164489910E+02  -0.165851522E+02  -0.162125888E+02
   0.880000126E+06   0.145405304E+05  -0.167534504E+02  -0.166598025E+02  -0.164234284E+02  -0.161942080E+02  -0.159492265E+02  -0.175422138E+02  -0.166065590E+02  -0.165592681E+02  -0.165500010E+02  -0.165830143E+02  -0.164188274E+02  -0.154126777E+02  -0.164069427E+02  -0.165502051E+02  -0.161625980E+02
   0.890000060E+06   0.143297781E+05  -0.167362577E+02  -0.166513633E+02  -0.164215470E+02  -0.161956565E+02  -0.159531787E+02  -0.175254061E+02  -0.165962949E+02  -0.165549234E+02  -0.165524554E+02  -0.165818535E+02  -0.163789663E+02  -0.153406537E+02  -0.163660658E+02  -0.165161872E+02  -0.161140497E+02
   0.900000235E+06   0.141262488E+05  -0.167194287E+02  -0.166429880E+02  -0.164195046E+02  -0.161968299E+02  -0.159567701E+02  -0.175089490E+02  -0.165861572E+02  -0.165505022E+02  -0.165546003E+02  -0.165805070E+02  -0.163402459E+02  -0.152708728E+02  -0.163263644E+02  -0.164831097E+02  -0.160669399E+02
   0.910000234E+06   0.139296191E+05  -0.167023090E+02  -0.166345512E+02  -0.164175669E+02  -0.161981951E+02  -0.159606275E+02  -0.174922129E+02  -0.165759096E+02  -0.165461222E+02  -0.165569628E+02  -0.165792870E+02  -0.163007838E+02  -0.151996645E+02  -0.162858581E+02  -0.164490174E+02  -0.160189940E+02
   0.920000052E+06   0.137393981E+05  -0.166844100E+02  -0.166259473E+02  -0.164159110E+02  -0.162000748E+02  -0.159651893E+02  -0.174747270E+02  -0.165653662E+02  -0.165418534E+02  -0.165599093E+02  -0.165784044E+02  -0.162591999E+02  -0.151243526E+02  -0.162430968E+02  -0.164124866E+02  -0.159685459E+02
   0.930000027E+06   0.135552288E+05  -0.166668585E+02  -0.166173953E+02  -0.164140860E+02  -0.162016729E+02  -0.159693842E+02  -0.174575756E+02  -0.165549364E+02  -0.165374986E+02  -0.165625402E+02  -0.165773280E+02  -0.162187172E+02  -0.150512148E+02  -0.162014740E+02  -0.163768961E+02  -0.159194808E+02
   0.940000220E+06   0.133769961E+05  -0.166496766E+02  -0.166089227E+02  -0.164121235E+02  -0.162030233E+02  -0.159732477E+02  -0.174407808E+02  -0.165446466E+02  -0.165330880E+02  -0.165648901E+02  -0.165760901E+02  -0.161793432E+02  -0.149802383E+02  -0.161609968E+02  -0.163422566E+02  -0.158718012E+02
   0.950000078E+06   0.132040255E+05  -0.166327629E+02  -0.166004612E+02  -0.164099799E+02  -0.162040947E+02  -0.159767580E+02  -0.174242427E+02  -0.165344214E+02  -0.165285684E+02  -0.165669316E+02  -0.165746496E+02  -0.161408925E+02  -0.149111183E+02  -0.161214754E+02  -0.163084008E+02  -0.158252901E+02
   0.960000155E+06   0.130360197E+05  -0.166160957E+02  -0.165920036E+02  -0.164076590E+02  -0.162048965E+02  -0.159799286E+02  -0.174079405E+02  -0.165242509E+02  -0.165239397E+02  -0.165686755E+02  -0.165730115E+02  -0.161033066E+02  -0.148437433E+02  -0.160828496E+02  -0.162752778E+02  -0.157798751E+02
   0.970000248E+06   0.128726639E+05  -0.165979362E+02  -0.165830123E+02  -0.164055130E+02  -0.162062345E+02  -0.159838973E+02  -0.173901925E+02  -0.165133447E+02  -0.165192127E+02  -0.165710666E+02  -0.165716318E+02  -0.160621433E+02  -0.147696909E+02  -0.160404383E+02  -0.162387682E+02  -0.157303164E+02
   0.980000164E+06   0.127140974E+05  -0.165796387E+02  -0.165739397E+02  -0.164033263E+02  -0.162075526E+02  -0.159878589E+02  -0.173723099E+02  -0.165023451E+02  -0.165144280E+02  -0.165734445E+02  -0.165702170E+02  -0.160207850E+02  -0.146953301E+02  -0.159978035E+02  -0.162020133E+02  -0.156805937E+02
   0.990000310E+06   0.125599471E+05  -0.165616249E+02  -0.165648938E+02  -0.164009746E+02  -0.162086081E+02  -0.159914842E+02  -0.173546995E+02  -0.164914259E+02  -0.165095507E+02  -0.165755304E+02  -0.165686157E+02  -0.159803527E+02  -0.146228145E+02  -0.159561302E+02  -0.161660563E+02  -0.156320299E+02
   0.100000006E+07   0.124095858E+05  -0.165437704E+02  -0.165557869E+02  -0.163983972E+02  -0.162093542E+02  -0.159947370E+02  -0.173372385E+02  -0.164804916E+02  -0.165045099E+02  -0.165772815E+02  -0.165667704E+02  -0.159406307E+02  -0.145517978E+02  -0.159151978E+02  -0.161306996E+02  -0.155843763E+02
   0.101000000E+07   0.122627355E+05  -0.165260787E+02  -0.165466386E+02  -0.163956260E+02  -0.162098288E+02  -0.159976597E+02  -0.173199311E+02  -0.164695586E+02  -0.164993327E+02  -0.165787376E+02  -0.165647140E+02  -0.159015821E+02  -0.144821853E+02  -0.158749671E+02  -0.160959144E+02  -0.155375814E+02
   0.102000014E+07   0.121193959E+05  -0.165085493E+02  -0.165374482E+02  -0.163926603E+02  -0.162100313E+02  -0.160002518E+02  -0.173027768E+02  -0.164586262E+02  -0.164940185E+02  -0.165798983E+02  -0.165624461E+02  -0.158632064E+02  -0.144139762E+02  -0.158354375E+02  -0.160617001E+02  -0.154916445E+02
   0.103000012E+07   0.119798036E+05  -0.164908712E+02  -0.165281342E+02  -0.163895883E+02  -0.162101371E+02  -0.160027320E+02  -0.172854760E+02  -0.164475645E+02  -0.164885900E+02  -0.165809654E+02  -0.165600750E+02  -0.158246989E+02  -0.143456229E+02  -0.157957538E+02  -0.160272894E+02  -0.154456410E+02
   0.104000012E+07   0.118439794E+05  -0.164711877E+02  -0.165179869E+02  -0.163865501E+02  -0.162107227E+02  -0.160058993E+02  -0.172662278E+02  -0.164354220E+02  -0.164828593E+02  -0.165826486E+02  -0.165578419E+02  -0.157817104E+02  -0.142690356E+02  -0.157513188E+02  -0.159885414E+02  -0.153945968E+02
   0.105000026E+07   0.117112753E+05  -0.164516973E+02  -0.165078137E+02  -0.163833225E+02  -0.162110357E+02  -0.160087348E+02  -0.172471627E+02  -0.164232993E+02  -0.164770011E+02  -0.165840342E+02  -0.165554011E+02  -0.157394503E+02  -0.141939485E+02  -0.157076454E+02  -0.159504243E+02  -0.153444661E+02
   0.106000013E+07   0.115813804E+05  -0.164323456E+02  -0.164975818E+02  -0.163798894E+02  -0.162110682E+02  -0.160112363E+02  -0.172282272E+02  -0.164111593E+02  -0.164709931E+02  -0.165851164E+02  -0.165527380E+02  -0.156978110E+02  -0.141201770E+02  -0.156646227E+02  -0.159128403E+02  -0.152951226E+02
   0.107000029E+07   0.114542359E+05  -0.164131500E+02  -0.164873131E+02  -0.163762754E+02  -0.162108464E+02  -0.160134313E+02  -0.172094392E+02  -0.163990228E+02  -0.164648587E+02  -0.165859222E+02  -0.165498777E+02  -0.156567997E+02  -0.140477140E+02  -0.156222573E+02  -0.158757985E+02  -0.152465704E+02
   0.108000003E+07   0.113298976E+05  -0.163941422E+02  -0.164770351E+02  -0.163725053E+02  -0.162103936E+02  -0.160153419E+02  -0.171908299E+02  -0.163869183E+02  -0.164586238E+02  -0.165864744E+02  -0.165468446E+02  -0.156164577E+02  -0.139766145E+02  -0.155805911E+02  -0.158393383E+02  -0.151988539E+02
   0.109000006E+07   0.112085754E+05  -0.163754048E+02  -0.164668157E+02  -0.163686359E+02  -0.162097611E+02  -0.160170155E+02  -0.171724813E+02  -0.163749167E+02  -0.164523495E+02  -0.165868224E+02  -0.165436944E+02  -0.155769036E+02  -0.139070489E+02  -0.155397449E+02  -0.158035719E+02  -0.151521042E+02
   0.110000011E+07   0.110903985E+05  -0.163570030E+02  -0.164567111E+02  -0.163647166E+02  -0.162089948E+02  -0.160184955E+02  -0.171544582E+02  -0.163630761E+02  -0.164460876E+02  -0.165870112E+02  -0.165404758E+02  -0.155382247E+02  -0.138391366E+02  -0.154998075E+02  -0.157685825E+02  -0.151064163E+02
   0.111000001E+07   0.109750698E+05  -0.163381471E+02  -0.164463477E+02  -0.163606826E+02  -0.162081892E+02  -0.160199859E+02  -0.171359917E+02  -0.163509350E+02  -0.164396535E+02  -0.165871842E+02  -0.165371611E+02  -0.154987519E+02  -0.137698655E+02  -0.154590139E+02  -0.157330072E+02  -0.150599270E+02
   0.112000034E+07   0.108621820E+05  -0.163169160E+02  -0.164348323E+02  -0.163564025E+02  -0.162076071E+02  -0.160220195E+02  -0.171152114E+02  -0.163373832E+02  -0.164326199E+02  -0.165877251E+02  -0.165337122E+02  -0.154543991E+02  -0.136918394E+02  -0.154130400E+02  -0.156935232E+02  -0.150080807E+02
   0.113000027E+07   0.107516250E+05  -0.162959215E+02  -0.164233529E+02  -0.163520090E+02  -0.162068353E+02  -0.160238094E+02  -0.170946585E+02  -0.163239095E+02  -0.164255299E+02  -0.165880531E+02  -0.165301328E+02  -0.154107604E+02  -0.136152226E+02  -0.153678137E+02  -0.156546528E+02  -0.149571032E+02
   0.114000014E+07   0.106433473E+05  -0.162751699E+02  -0.164119202E+02  -0.163475161E+02  -0.162058894E+02  -0.160253724E+02  -0.170743394E+02  -0.163105235E+02  -0.164183960E+02  -0.165881844E+02  -0.165264372E+02  -0.153678313E+02  -0.135399953E+02  -0.153233297E+02  -0.156163937E+02  -0.149069867E+02
   0.115000035E+07   0.105373415E+05  -0.162546723E+02  -0.164005460E+02  -0.163429362E+02  -0.162047820E+02  -0.160267212E+02  -0.170542652E+02  -0.162972371E+02  -0.164112305E+02  -0.165881315E+02  -0.165226377E+02  -0.153256216E+02  -0.134661652E+02  -0.152795978E+02  -0.155787561E+02  -0.148577403E+02
   0.116000008E+07   0.104336948E+05  -0.162344765E+02  -0.163892706E+02  -0.163383038E+02  -0.162035448E+02  -0.160278857E+02  -0.170344833E+02  -0.162840920E+02  -0.164040700E+02  -0.165879254E+02  -0.165187685E+02  -0.152841969E+02  -0.133938237E+02  -0.152366848E+02  -0.155418016E+02  -0.148094356E+02
   0.117000005E+07   0.103324768E+05  -0.162146272E+02  -0.163781326E+02  -0.163336531E+02  -0.162022099E+02  -0.160288960E+02  -0.170150383E+02  -0.162711281E+02  -0.163969506E+02  -0.165875974E+02  -0.165148631E+02  -0.152436161E+02  -0.133230506E+02  -0.151946505E+02  -0.155055864E+02  -0.147621359E+02
   0.118000029E+07   0.102335306E+05  -0.161950911E+02  -0.163671123E+02  -0.163289746E+02  -0.162007726E+02  -0.160297515E+02  -0.169958974E+02  -0.162583230E+02  -0.163898587E+02  -0.165871445E+02  -0.165109132E+02  -0.152038139E+02  -0.132537337E+02  -0.151534274E+02  -0.154700517E+02  -0.147157656E+02
   0.119000013E+07   0.101364891E+05  -0.161757493E+02  -0.163561224E+02  -0.163242044E+02  -0.161991813E+02  -0.160304087E+02  -0.169769432E+02  -0.162455825E+02  -0.163827215E+02  -0.165865185E+02  -0.165068574E+02  -0.151645960E+02  -0.131855694E+02  -0.151128160E+02  -0.154350193E+02  -0.146701062E+02
   0.120000008E+07   0.100410849E+05  -0.161565143E+02  -0.163450983E+02  -0.163192951E+02  -0.161973972E+02  -0.160308352E+02  -0.169580892E+02  -0.162328375E+02  -0.163754852E+02  -0.165856835E+02  -0.165026506E+02  -0.151258203E+02  -0.131183355E+02  -0.150726703E+02  -0.154003583E+02  -0.146249975E+02
   0.121000002E+07   0.994724820E+04  -0.161350878E+02  -0.163328766E+02  -0.163139250E+02  -0.161955369E+02  -0.160314692E+02  -0.169370951E+02  -0.162186843E+02  -0.163674973E+02  -0.165848917E+02  -0.164980758E+02  -0.150829024E+02  -0.130438515E+02  -0.150281211E+02  -0.153621396E+02  -0.145755205E+02
   0.122000029E+07   0.985498480E+04  -0.161120594E+02  -0.163197632E+02  -0.163081894E+02  -0.161935860E+02  -0.160322159E+02  -0.169145359E+02  -0.162034889E+02  -0.163589359E+02  -0.165840949E+02  -0.164932022E+02  -0.150370033E+02  -0.129641776E+02  -0.149804007E+02  -0.153213602E+02  -0.145229194E+02
   0.123000005E+07   0.976435005E+04  -0.160892486E+02  -0.163066922E+02  -0.163023662E+02  -0.161914806E+02  -0.160327605E+02  -0.168921861E+02  -0.161883728E+02  -0.163503367E+02  -0.165831233E+02  -0.164882256E+02  -0.149917255E+02  -0.128857211E+02  -0.149333338E+02  -0.152811117E+02  -0.144710579E+02
   0.124000034E+07   0.967545704E+04  -0.160667276E+02  -0.162937240E+02  -0.162965064E+02  -0.161892671E+02  -0.160331461E+02  -0.168701172E+02  -0.161733987E+02  -0.163417543E+02  -0.165820218E+02  -0.164831962E+02  -0.149471693E+02  -0.128086238E+02  -0.148870228E+02  -0.152414882E+02  -0.144200445E+02
   0.125000013E+07   0.958848182E+04  -0.160445880E+02  -0.162809310E+02  -0.162906685E+02  -0.161869970E+02  -0.160334189E+02  -0.168484200E+02  -0.161586431E+02  -0.163332525E+02  -0.165808396E+02  -0.164781708E+02  -0.149034699E+02  -0.127330854E+02  -0.148416065E+02  -0.152026150E+02  -0.143700272E+02
   0.126000012E+07   0.950344963E+04  -0.160228649E+02  -0.162683457E+02  -0.162848829E+02  -0.161846994E+02  -0.160336075E+02  -0.168271294E+02  -0.161441391E+02  -0.163248625E+02  -0.165796056E+02  -0.164731796E+02  -0.148606685E+02  -0.126591563E+02  -0.147971266E+02  -0.151645321E+02  -0.143210491E+02
   0.127000003E+07   0.942015352E+04  -0.160014757E+02  -0.162559078E+02  -0.162791058E+02  -0.161823391E+02  -0.160336826E+02  -0.168061638E+02  -0.161298215E+02  -0.163165342E+02  -0.165782873E+02  -0.164681806E+02  -0.148186315E+02  -0.125866271E+02  -0.147534453E+02  -0.151271172E+02  -0.142729614E+02
   0.128000006E+07   0.933833108E+04  -0.159803077E+02  -0.162435327E+02  -0.162732737E+02  -0.161798633E+02  -0.160335992E+02  -0.167854120E+02  -0.161156001E+02  -0.163081961E+02  -0.165768350E+02  -0.164631129E+02  -0.147771809E+02  -0.125152238E+02  -0.147103796E+02  -0.150902069E+02  -0.142255673E+02
   0.129000000E+07   0.925788699E+04  -0.159593270E+02  -0.162311967E+02  -0.162673705E+02  -0.161772600E+02  -0.160333479E+02  -0.167648404E+02  -0.161014489E+02  -0.162998291E+02  -0.165752379E+02  -0.164579613E+02  -0.147362593E+02  -0.124448540E+02  -0.146678700E+02  -0.150537492E+02  -0.141788023E+02
   0.130000033E+07   0.917882848E+04  -0.159385515E+02  -0.162189171E+02  -0.162614129E+02  -0.161745453E+02  -0.160329447E+02  -0.167444670E+02  -0.160873853E+02  -0.162914500E+02  -0.165735122E+02  -0.164527422E+02  -0.146958864E+02  -0.123755402E+02  -0.146259365E+02  -0.150177632E+02  -0.141326865E+02
   0.131000019E+07   0.910118631E+04  -0.159180084E+02  -0.162067176E+02  -0.162554221E+02  -0.161717394E+02  -0.160324090E+02  -0.167243187E+02  -0.160734338E+02  -0.162830812E+02  -0.165716775E+02  -0.164474767E+02  -0.146560969E+02  -0.123073282E+02  -0.145846143E+02  -0.149822821E+02  -0.140872571E+02
   0.132000015E+07   0.902500648E+04  -0.158977358E+02  -0.161946316E+02  -0.162494279E+02  -0.161688701E+02  -0.160317670E+02  -0.167044336E+02  -0.160596288E+02  -0.162747538E+02  -0.165697611E+02  -0.164421942E+02  -0.146169406E+02  -0.122402847E+02  -0.145439542E+02  -0.149473529E+02  -0.140425670E+02
   0.133000030E+07   0.895039242E+04  -0.158745327E+02  -0.161809205E+02  -0.162427772E+02  -0.161658526E+02  -0.160313543E+02  -0.166816874E+02  -0.160439226E+02  -0.162653813E+02  -0.165678569E+02  -0.164363797E+02  -0.145724091E+02  -0.121638197E+02  -0.144975485E+02  -0.149076533E+02  -0.139923869E+02
   0.134000023E+07   0.887746729E+04  -0.158502131E+02  -0.161666044E+02  -0.162359003E+02  -0.161628089E+02  -0.160310648E+02  -0.166578524E+02  -0.160275029E+02  -0.162556294E+02  -0.165659899E+02  -0.164303888E+02  -0.145258483E+02  -0.120837725E+02  -0.144489582E+02  -0.148661558E+02  -0.139401927E+02
   0.135000018E+07   0.880623814E+04  -0.158264538E+02  -0.161526159E+02  -0.162291781E+02  -0.161598306E+02  -0.160307768E+02  -0.166345665E+02  -0.160114598E+02  -0.162460988E+02  -0.165641610E+02  -0.164245318E+02  -0.144803651E+02  -0.120055816E+02  -0.144014927E+02  -0.148256180E+02  -0.138892070E+02
   0.136000003E+07   0.873652847E+04  -0.158031671E+02  -0.161388916E+02  -0.162225651E+02  -0.161568817E+02  -0.160304607E+02  -0.166117432E+02  -0.159957247E+02  -0.162367375E+02  -0.165623369E+02  -0.164187657E+02  -0.144358180E+02  -0.119290245E+02  -0.143550056E+02  -0.147859108E+02  -0.138392748E+02
   0.137000015E+07   0.866807807E+04  -0.157802127E+02  -0.161253268E+02  -0.162159831E+02  -0.161538976E+02  -0.160300620E+02  -0.165892437E+02  -0.159801855E+02  -0.162274568E+02  -0.165604574E+02  -0.164130152E+02  -0.143919872E+02  -0.118537619E+02  -0.143092698E+02  -0.147468325E+02  -0.137901562E+02
   0.138000017E+07   0.860076975E+04  -0.157575278E+02  -0.161118748E+02  -0.162093975E+02  -0.161508498E+02  -0.160295563E+02  -0.165670061E+02  -0.159647920E+02  -0.162182174E+02  -0.165584957E+02  -0.164072472E+02  -0.143487741E+02  -0.117796416E+02  -0.142641836E+02  -0.147082927E+02  -0.137417436E+02
   0.139000011E+07   0.853459597E+04  -0.157351171E+02  -0.160985414E+02  -0.162028147E+02  -0.161477452E+02  -0.160289511E+02  -0.165450351E+02  -0.159495498E+02  -0.162090256E+02  -0.165564589E+02  -0.164014683E+02  -0.143061813E+02  -0.117066625E+02  -0.142197491E+02  -0.146702943E+02  -0.136940389E+02
   0.140000032E+07   0.846956196E+04  -0.157129971E+02  -0.160853424E+02  -0.161962500E+02  -0.161445989E+02  -0.160282610E+02  -0.165233474E+02  -0.159344750E+02  -0.161998970E+02  -0.165543620E+02  -0.163956937E+02  -0.142642270E+02  -0.116348451E+02  -0.141759849E+02  -0.146328553E+02  -0.136470606E+02
   0.141000029E+07   0.840569094E+04  -0.156911908E+02  -0.160722976E+02  -0.161897208E+02  -0.161414269E+02  -0.160275014E+02  -0.165019656E+02  -0.159195877E+02  -0.161908496E+02  -0.165522206E+02  -0.163899404E+02  -0.142229409E+02  -0.115642301E+02  -0.141329213E+02  -0.145960038E+02  -0.136008405E+02
   0.142000004E+07   0.834301984E+04  -0.156697399E+02  -0.160594435E+02  -0.161832600E+02  -0.161382602E+02  -0.160267017E+02  -0.164809312E+02  -0.159049259E+02  -0.161819179E+02  -0.165500652E+02  -0.163842410E+02  -0.141823761E+02  -0.114948874E+02  -0.140906124E+02  -0.145597903E+02  -0.135554344E+02
   0.143000024E+07   0.828166036E+04  -0.156487241E+02  -0.160468446E+02  -0.161769206E+02  -0.161351460E+02  -0.160259050E+02  -0.164603232E+02  -0.158905571E+02  -0.161731594E+02  -0.165479411E+02  -0.163786470E+02  -0.141426466E+02  -0.114269822E+02  -0.140491752E+02  -0.145243209E+02  -0.135109649E+02
   0.144000019E+07   0.822169224E+04  -0.156282190E+02  -0.160345656E+02  -0.161707591E+02  -0.161321365E+02  -0.160251604E+02  -0.164402166E+02  -0.158765483E+02  -0.161646335E+02  -0.165458992E+02  -0.163732140E+02  -0.141038520E+02  -0.113606509E+02  -0.140087117E+02  -0.144896899E+02  -0.134675378E+02
   0.145000029E+07   0.816314009E+04  -0.156082472E+02  -0.160226256E+02  -0.161647922E+02  -0.161292472E+02  -0.160244826E+02  -0.164206340E+02  -0.158629194E+02  -0.161563582E+02  -0.165439548E+02  -0.163679584E+02  -0.140660226E+02  -0.112959349E+02  -0.139692528E+02  -0.144559258E+02  -0.134251852E+02
   0.146000029E+07   0.810582227E+04  -0.155887176E+02  -0.160109585E+02  -0.161589723E+02  -0.161264400E+02  -0.160238402E+02  -0.164014853E+02  -0.158495990E+02  -0.161482784E+02  -0.165420725E+02  -0.163628347E+02  -0.140290119E+02  -0.112326044E+02  -0.139306469E+02  -0.144228946E+02  -0.133837467E+02
   0.147000026E+07   0.804953529E+04  -0.155694983E+02  -0.159994603E+02  -0.161532161E+02  -0.161236424E+02  -0.160231685E+02  -0.163826401E+02  -0.158364772E+02  -0.161403031E+02  -0.165401831E+02  -0.163577623E+02  -0.139926258E+02  -0.111703720E+02  -0.138926944E+02  -0.143904166E+02  -0.133430124E+02
   0.148000014E+07   0.799416546E+04  -0.155499225E+02  -0.159877291E+02  -0.161473175E+02  -0.161207521E+02  -0.160224434E+02  -0.163634459E+02  -0.158230962E+02  -0.161321470E+02  -0.165382175E+02  -0.163525612E+02  -0.139557073E+02  -0.111072538E+02  -0.138541623E+02  -0.143574551E+02  -0.133018581E+02
   0.149000036E+07   0.793968539E+04  -0.155255580E+02  -0.159731652E+02  -0.161400312E+02  -0.161172440E+02  -0.160216833E+02  -0.163395700E+02  -0.158064694E+02  -0.161220177E+02  -0.165358803E+02  -0.163461685E+02  -0.139104712E+02  -0.110297710E+02  -0.138067317E+02  -0.143170541E+02  -0.132528013E+02
   0.150000021E+07   0.788611674E+04  -0.155015357E+02  -0.159587795E+02  -0.161328014E+02  -0.161137291E+02  -0.160208705E+02  -0.163160282E+02  -0.157900553E+02  -0.161119925E+02  -0.165335167E+02  -0.163398173E+02  -0.138659265E+02  -0.109535190E+02  -0.137600293E+02  -0.142772636E+02  -0.132044999E+02
   0.151000011E+07   0.783344480E+04  -0.154778587E+02  -0.159445778E+02  -0.161256357E+02  -0.161102162E+02  -0.160200145E+02  -0.162928236E+02  -0.157738592E+02  -0.161020782E+02  -0.165311358E+02  -0.163335156E+02  -0.138220706E+02  -0.108784866E+02  -0.137140518E+02  -0.142380824E+02  -0.131569501E+02
   0.152000001E+07   0.778167874E+04  -0.154545469E+02  -0.159305784E+02  -0.161185513E+02  -0.161067217E+02  -0.160191312E+02  -0.162699761E+02  -0.157578997E+02  -0.160922925E+02  -0.165287539E+02  -0.163272803E+02  -0.137789270E+02  -0.108047026E+02  -0.136688230E+02  -0.141995330E+02  -0.131101761E+02
   0.153000020E+07   0.773091174E+04  -0.154316841E+02  -0.159168482E+02  -0.161116027E+02  -0.161032937E+02  -0.160182640E+02  -0.162475685E+02  -0.157422472E+02  -0.160826946E+02  -0.165264170E+02  -0.163211644E+02  -0.137366150E+02  -0.107323417E+02  -0.136244662E+02  -0.141617266E+02  -0.130643039E+02
   0.154000014E+07   0.768129236E+04  -0.154093910E+02  -0.159034813E+02  -0.161048641E+02  -0.160999961E+02  -0.160174693E+02  -0.162257205E+02  -0.157270014E+02  -0.160733667E+02  -0.165241859E+02  -0.163152396E+02  -0.136953125E+02  -0.106616695E+02  -0.135811650E+02  -0.141248278E+02  -0.130195215E+02
   0.155000028E+07   0.763294452E+04  -0.153877716E+02  -0.158905594E+02  -0.160984006E+02  -0.160968855E+02  -0.160167975E+02  -0.162045348E+02  -0.157122488E+02  -0.160643802E+02  -0.165221144E+02  -0.163095692E+02  -0.136551709E+02  -0.105929107E+02  -0.135390759E+02  -0.140889770E+02  -0.129759893E+02
   0.156000005E+07   0.758588956E+04  -0.153668468E+02  -0.158780994E+02  -0.160922264E+02  -0.160939745E+02  -0.160162600E+02  -0.161840320E+02  -0.156980071E+02  -0.160557504E+02  -0.165202147E+02  -0.163041667E+02  -0.136162190E+02  -0.105261071E+02  -0.134982287E+02  -0.140542013E+02  -0.129337375E+02
   0.157000004E+07   0.753996562E+04  -0.153464977E+02  -0.158660117E+02  -0.160862733E+02  -0.160912062E+02  -0.160158082E+02  -0.161640948E+02  -0.156841805E+02  -0.160474009E+02  -0.165184334E+02  -0.162989669E+02  -0.135782762E+02  -0.104609819E+02  -0.134584361E+02  -0.140203343E+02  -0.128925740E+02
   0.158000022E+07   0.749494665E+04  -0.153265576E+02  -0.158541702E+02  -0.160804456E+02  -0.160885005E+02  -0.160153733E+02  -0.161445585E+02  -0.156706344E+02  -0.160392239E+02  -0.165166953E+02  -0.162938776E+02  -0.135410892E+02  -0.103971481E+02  -0.134194356E+02  -0.139871427E+02  -0.128522298E+02
   0.159000012E+07   0.745066663E+04  -0.153069124E+02  -0.158424906E+02  -0.160746811E+02  -0.160858068E+02  -0.160149131E+02  -0.161253104E+02  -0.156572781E+02  -0.160311487E+02  -0.165149532E+02  -0.162888394E+02  -0.135044800E+02  -0.103343296E+02  -0.133810429E+02  -0.139544634E+02  -0.128125153E+02
   0.160000035E+07   0.740702608E+04  -0.152875097E+02  -0.158309386E+02  -0.160689586E+02  -0.160831108E+02  -0.160144184E+02  -0.161062991E+02  -0.156440736E+02  -0.160231489E+02  -0.165131951E+02  -0.162838328E+02  -0.134683584E+02  -0.102723772E+02  -0.133431634E+02  -0.139222149E+02  -0.127733332E+02
   0.161000001E+07   0.736398648E+04  -0.152683364E+02  -0.158195078E+02  -0.160632772E+02  -0.160804141E+02  -0.160138927E+02  -0.160875118E+02  -0.156310131E+02  -0.160152215E+02  -0.165114235E+02  -0.162788573E+02  -0.134326964E+02  -0.102112400E+02  -0.133057678E+02  -0.138903726E+02  -0.127346528E+02
   0.162000005E+07   0.732154686E+04  -0.152493859E+02  -0.158081919E+02  -0.160576305E+02  -0.160777106E+02  -0.160133300E+02  -0.160689420E+02  -0.156180903E+02  -0.160073601E+02  -0.165096321E+02  -0.162739067E+02  -0.133974872E+02  -0.101509107E+02  -0.132688491E+02  -0.138589299E+02  -0.126964672E+02
   0.163000026E+07   0.727973040E+04  -0.152306667E+02  -0.157969952E+02  -0.160520197E+02  -0.160749997E+02  -0.160127284E+02  -0.160505978E+02  -0.156053102E+02  -0.159995672E+02  -0.165078200E+02  -0.162689818E+02  -0.133627478E+02  -0.100914203E+02  -0.132324254E+02  -0.138279018E+02  -0.126587953E+02
   0.164000009E+07   0.723863504E+04  -0.152122646E+02  -0.157859858E+02  -0.160465000E+02  -0.160723299E+02  -0.160121315E+02  -0.160325643E+02  -0.155927448E+02  -0.159919030E+02  -0.165060334E+02  -0.162641362E+02  -0.133286019E+02  -0.100329500E+02  -0.131966241E+02  -0.137974030E+02  -0.126217674E+02
   0.165000020E+07   0.719847947E+04  -0.151943626E+02  -0.157753075E+02  -0.160411858E+02  -0.160698004E+02  -0.160116275E+02  -0.160150224E+02  -0.155805459E+02  -0.159844932E+02  -0.165043669E+02  -0.162594805E+02  -0.132953160E+02  -0.997589603E+01  -0.131617208E+02  -0.137676810E+02  -0.125856654E+02
   0.166000028E+07   0.715955914E+04  -0.151771940E+02  -0.157651405E+02  -0.160362178E+02  -0.160675316E+02  -0.160113219E+02  -0.159982030E+02  -0.155689052E+02  -0.159774943E+02  -0.165029346E+02  -0.162551510E+02  -0.132632370E+02  -0.992078001E+01  -0.131280740E+02  -0.137390561E+02  -0.125508568E+02
   0.167000002E+07   0.712213049E+04  -0.151609578E+02  -0.157556374E+02  -0.160317146E+02  -0.160656240E+02  -0.160113023E+02  -0.159823025E+02  -0.155579849E+02  -0.159710379E+02  -0.165018314E+02  -0.162512617E+02  -0.132326616E+02  -0.986805068E+01  -0.130959911E+02  -0.137118026E+02  -0.125176567E+02
   0.168000028E+07   0.708621779E+04  -0.151456799E+02  -0.157468199E+02  -0.160276944E+02  -0.160640943E+02  -0.160115841E+02  -0.159673466E+02  -0.155478076E+02  -0.159651436E+02  -0.165010736E+02  -0.162478306E+02  -0.132036254E+02  -0.981775769E+01  -0.130655082E+02  -0.136859535E+02  -0.124861018E+02
   0.169000034E+07   0.705154958E+04  -0.151311774E+02  -0.157385540E+02  -0.160240595E+02  -0.160628636E+02  -0.160121021E+02  -0.159531550E+02  -0.155382289E+02  -0.159596996E+02  -0.165005880E+02  -0.162447643E+02  -0.131758413E+02  -0.976945346E+01  -0.130363277E+02  -0.136612462E+02  -0.124558864E+02
   0.170000011E+07   0.701786851E+04  -0.151172092E+02  -0.157306448E+02  -0.160206496E+02  -0.160617894E+02  -0.160127269E+02  -0.159394890E+02  -0.155290444E+02  -0.159545320E+02  -0.165002377E+02  -0.162419068E+02  -0.131489698E+02  -0.972264612E+01  -0.130080995E+02  -0.136373639E+02  -0.124266529E+02
   0.171000023E+07   0.698485373E+04  -0.151009482E+02  -0.157212969E+02  -0.160164171E+02  -0.160602404E+02  -0.160131375E+02  -0.159235793E+02  -0.155182420E+02  -0.159482918E+02  -0.164995240E+02  -0.162383269E+02  -0.131183745E+02  -0.966950381E+01  -0.129758745E+02  -0.136102119E+02  -0.123939369E+02
   0.172000004E+07   0.695221233E+04  -0.150818171E+02  -0.157101369E+02  -0.160111371E+02  -0.160580730E+02  -0.160132508E+02  -0.159048601E+02  -0.155054056E+02  -0.159406946E+02  -0.164983293E+02  -0.162338218E+02  -0.130831047E+02  -0.960843622E+01  -0.129386436E+02  -0.135789449E+02  -0.123567974E+02
   0.173000013E+07   0.691967369E+04  -0.150626287E+02  -0.156988944E+02  -0.160057560E+02  -0.160557948E+02  -0.160132461E+02  -0.158860822E+02  -0.154924919E+02  -0.159330037E+02  -0.164970206E+02  -0.162292132E+02  -0.130478283E+02  -0.954744322E+01  -0.129014123E+02  -0.135476587E+02  -0.123196572E+02
   0.174000017E+07   0.688716635E+04  -0.150433219E+02  -0.156875260E+02  -0.160002434E+02  -0.160533820E+02  -0.160131046E+02  -0.158671856E+02  -0.154794538E+02  -0.159251833E+02  -0.164955765E+02  -0.162244723E+02  -0.130124491E+02  -0.948637216E+01  -0.128640801E+02  -0.135162659E+02  -0.122824160E+02
   0.175000011E+07   0.685475562E+04  -0.150238935E+02  -0.156760123E+02  -0.159945681E+02  -0.160507974E+02  -0.160127846E+02  -0.158481661E+02  -0.154662755E+02  -0.159172073E+02  -0.164939577E+02  -0.162195664E+02  -0.129769960E+02  -0.942530356E+01  -0.128266797E+02  -0.134847873E+02  -0.122451064E+02
   0.176000018E+07   0.682257608E+04  -0.150045228E+02  -0.156644999E+02  -0.159888526E+02  -0.160481504E+02  -0.160123860E+02  -0.158292015E+02  -0.154531104E+02  -0.159092072E+02  -0.164922695E+02  -0.162146147E+02  -0.129417150E+02  -0.936458976E+01  -0.127894654E+02  -0.134534525E+02  -0.122079821E+02
   0.177000036E+07   0.679102943E+04  -0.149856463E+02  -0.156533271E+02  -0.159833626E+02  -0.160456687E+02  -0.160121085E+02  -0.158107231E+02  -0.154403174E+02  -0.159014778E+02  -0.164907278E+02  -0.162098736E+02  -0.129072410E+02  -0.930518324E+01  -0.127530961E+02  -0.134228471E+02  -0.121717012E+02
   0.178000005E+07   0.676083885E+04  -0.149679525E+02  -0.156430059E+02  -0.159784798E+02  -0.160436649E+02  -0.160122141E+02  -0.157934102E+02  -0.154284456E+02  -0.158944518E+02  -0.164896236E+02  -0.162057076E+02  -0.128746203E+02  -0.924870163E+01  -0.127186615E+02  -0.133939286E+02  -0.121373511E+02
   0.179000010E+07   0.673272932E+04  -0.149520662E+02  -0.156339839E+02  -0.159745215E+02  -0.160423870E+02  -0.160129003E+02  -0.157778786E+02  -0.154179799E+02  -0.158884980E+02  -0.164891833E+02  -0.162024165E+02  -0.128448359E+02  -0.919670115E+01  -0.126871882E+02  -0.133675913E+02  -0.121059566E+02
   0.180000011E+07   0.670695667E+04  -0.149382667E+02  -0.156264781E+02  -0.159716583E+02  -0.160419815E+02  -0.160142956E+02  -0.157644043E+02  -0.154091504E+02  -0.158838052E+02  -0.164895458E+02  -0.162001652E+02  -0.128182937E+02  -0.914978984E+01  -0.126590977E+02  -0.133442096E+02  -0.120779382E+02
   0.181000033E+07   0.668327723E+04  -0.149263533E+02  -0.156203473E+02  -0.159697931E+02  -0.160423743E+02  -0.160163429E+02  -0.157527897E+02  -0.154018034E+02  -0.158802590E+02  -0.164906442E+02  -0.161988621E+02  -0.127946726E+02  -0.910745397E+01  -0.126340539E+02  -0.133234924E+02  -0.120529608E+02
   0.182000025E+07   0.666110862E+04  -0.149156222E+02  -0.156150298E+02  -0.159684691E+02  -0.160431642E+02  -0.160186817E+02  -0.157423384E+02  -0.153953474E+02  -0.158773612E+02  -0.164920947E+02  -0.161980643E+02  -0.127729809E+02  -0.906824146E+01  -0.126110303E+02  -0.133045191E+02  -0.120299992E+02
   0.183000037E+07   0.663947873E+04  -0.149052485E+02  -0.156099381E+02  -0.159672737E+02  -0.160440314E+02  -0.160210603E+02  -0.157322375E+02  -0.153891447E+02  -0.158746303E+02  -0.164936065E+02  -0.161973825E+02  -0.127519127E+02  -0.903007835E+01  -0.125886626E+02  -0.132861035E+02  -0.120076921E+02
   0.184000026E+07   0.661785583E+04  -0.148946136E+02  -0.156045836E+02  -0.159658143E+02  -0.160446340E+02  -0.160231737E+02  -0.157218755E+02  -0.153826797E+02  -0.158716360E+02  -0.164948533E+02  -0.161964364E+02  -0.127305870E+02  -0.899166316E+01  -0.125660378E+02  -0.132674293E+02  -0.119851278E+02
   0.185000035E+07   0.659568773E+04  -0.148833173E+02  -0.155987008E+02  -0.159639249E+02  -0.160448584E+02  -0.160249470E+02  -0.157108590E+02  -0.153756583E+02  -0.158681728E+02  -0.164957383E+02  -0.161950732E+02  -0.127083303E+02  -0.895188609E+01  -0.125424492E+02  -0.132478911E+02  -0.119616012E+02
   0.186000034E+07   0.657276088E+04  -0.148710945E+02  -0.155920768E+02  -0.159614308E+02  -0.160445507E+02  -0.160262412E+02  -0.156989254E+02  -0.153678568E+02  -0.158640512E+02  -0.164961137E+02  -0.161931234E+02  -0.126847718E+02  -0.891020768E+01  -0.125175133E+02  -0.132271442E+02  -0.119367296E+02
   0.187000030E+07   0.654897347E+04  -0.148579082E+02  -0.155846993E+02  -0.159583385E+02  -0.160437266E+02  -0.160270792E+02  -0.156860393E+02  -0.153592576E+02  -0.158592701E+02  -0.164959985E+02  -0.161905957E+02  -0.126598244E+02  -0.886646011E+01  -0.124911367E+02  -0.132051138E+02  -0.119104196E+02
   0.188000037E+07   0.652440885E+04  -0.148438542E+02  -0.155766441E+02  -0.159547082E+02  -0.160424388E+02  -0.160275078E+02  -0.156722952E+02  -0.153499407E+02  -0.158538961E+02  -0.164954427E+02  -0.161875486E+02  -0.126336251E+02  -0.882084637E+01  -0.124634616E+02  -0.131819268E+02  -0.118828132E+02
   0.189000016E+07   0.649964362E+04  -0.148294883E+02  -0.155683259E+02  -0.159508512E+02  -0.160409434E+02  -0.160277427E+02  -0.156582418E+02  -0.153403505E+02  -0.158482809E+02  -0.164946852E+02  -0.161842795E+02  -0.126070146E+02  -0.877466295E+01  -0.124353632E+02  -0.131583533E+02  -0.118547842E+02
   0.190000028E+07   0.647543297E+04  -0.148156112E+02  -0.155603610E+02  -0.159472477E+02  -0.160396485E+02  -0.160281395E+02  -0.156446702E+02  -0.153311423E+02  -0.158429587E+02  -0.164941117E+02  -0.161812507E+02  -0.125811672E+02  -0.872968088E+01  -0.124080612E+02  -0.131354748E+02  -0.118275500E+02
   0.191000003E+07   0.645294666E+04  -0.148033300E+02  -0.155535710E+02  -0.159445083E+02  -0.160390534E+02  -0.160291155E+02  -0.156326727E+02  -0.153231973E+02  -0.158386230E+02  -0.164941866E+02  -0.161790451E+02  -0.125577682E+02  -0.868851002E+01  -0.123833112E+02  -0.131148333E+02  -0.118028629E+02
   0.192000009E+07   0.643304766E+04  -0.147935474E+02  -0.155486478E+02  -0.159431696E+02  -0.160396123E+02  -0.160310647E+02  -0.156231412E+02  -0.153172521E+02  -0.158358718E+02  -0.164953385E+02  -0.161781789E+02  -0.125381470E+02  -0.865316191E+01  -0.123624945E+02  -0.130976524E+02  -0.117821020E+02
   0.193000041E+07   0.641619494E+04  -0.147866424E+02  -0.155458581E+02  -0.159434158E+02  -0.160414656E+02  -0.160340955E+02  -0.156164488E+02  -0.153135969E+02  -0.158349216E+02  -0.164976939E+02  -0.161788252E+02  -0.125229095E+02  -0.862460505E+01  -0.123462445E+02  -0.130844816E+02  -0.117658992E+02
   0.194000000E+07   0.640191128E+04  -0.147821276E+02  -0.155448315E+02  -0.159449622E+02  -0.160443740E+02  -0.160380020E+02  -0.156121143E+02  -0.153118367E+02  -0.158354540E+02  -0.165010280E+02  -0.161807106E+02  -0.125113326E+02  -0.860173919E+01  -0.123338095E+02  -0.130746562E+02  -0.117535041E+02
   0.195000016E+07   0.638908384E+04  -0.147788820E+02  -0.155447183E+02  -0.159471598E+02  -0.160477948E+02  -0.160423190E+02  -0.156090305E+02  -0.153110646E+02  -0.158367409E+02  -0.165048310E+02  -0.161832127E+02  -0.125017447E+02  -0.858201326E+01  -0.123234509E+02  -0.130666414E+02  -0.117431815E+02
   0.196000036E+07   0.637656676E+04  -0.147757430E+02  -0.155446361E+02  -0.159493323E+02  -0.160511609E+02  -0.160465597E+02  -0.156060495E+02  -0.153103395E+02  -0.158380249E+02  -0.165085701E+02  -0.161856824E+02  -0.124924171E+02  -0.856279283E+01  -0.123133712E+02  -0.130588487E+02  -0.117331368E+02
   0.197000029E+07   0.636347273E+04  -0.147718410E+02  -0.155439316E+02  -0.159509866E+02  -0.160540639E+02  -0.160503776E+02  -0.156023127E+02  -0.153089626E+02  -0.158387496E+02  -0.165118632E+02  -0.161876475E+02  -0.124820410E+02  -0.854206807E+01  -0.123022085E+02  -0.130500784E+02  -0.117220107E+02
   0.198000036E+07   0.634925068E+04  -0.147666440E+02  -0.155422077E+02  -0.159518246E+02  -0.160562580E+02  -0.160535655E+02  -0.155972952E+02  -0.153065082E+02  -0.158385780E+02  -0.165144812E+02  -0.161888231E+02  -0.124698123E+02  -0.851859908E+01  -0.122891253E+02  -0.130395937E+02  -0.117089674E+02
