   0.000000000E+00   0.500000000E+04   0.149852709E+02   0.137771819E+02   0.130514862E+02   0.127764469E+02   0.126532689E+02   0.141314309E+02   0.141034609E+02   0.132904449E+02   0.122643589E+02   0.127696589E+02   0.181173709E+02   0.234505809E+02   0.184111509E+02   0.173048409E+02   0.188915209E+02
   0.100002215E+05   0.500000000E+04               NaN               NaN               NaN               NaN               NaN               NaN               NaN               NaN               NaN               NaN               NaN               NaN               NaN               NaN               NaN
   0.200021099E+05   0.500000000E+04               NaN               NaN               NaN               NaN               NaN               NaN               NaN               NaN               NaN               NaN               NaN               NaN               NaN               NaN               NaN
   0.300049876E+05   0.500000000E+04  -0.381972752E+01  -0.502781652E+01  -0.575351222E+01  -0.602855152E+01  -0.615172952E+01  -0.467356752E+01  -0.470153752E+01  -0.551455352E+01  -0.654063952E+01  -0.603533952E+01  -0.687627524E+00   0.464558248E+01  -0.393847524E+00  -0.150015752E+01   0.865224763E-01
   0.400083967E+05   0.500000000E+04  -0.420086064E+01  -0.540894964E+01  -0.613464534E+01  -0.640968464E+01  -0.653286264E+01  -0.505470064E+01  -0.508267064E+01  -0.589568664E+01  -0.692177264E+01  -0.641647264E+01  -0.106876064E+01   0.426444936E+01  -0.774980637E+00  -0.188129064E+01  -0.294610637E+00
   0.500090840E+05   0.500000000E+04  -0.420044324E+01  -0.540853224E+01  -0.613422794E+01  -0.640926724E+01  -0.653244524E+01  -0.505428324E+01  -0.508225324E+01  -0.589526924E+01  -0.692135524E+01  -0.641605524E+01  -0.106834324E+01   0.426486676E+01  -0.774563235E+00  -0.188087324E+01  -0.294193235E+00
   0.600114705E+05   0.500000000E+04  -0.415594043E+01  -0.536402943E+01  -0.608972513E+01  -0.636476443E+01  -0.648794243E+01  -0.500978043E+01  -0.503775043E+01  -0.585076643E+01  -0.687685243E+01  -0.637155243E+01  -0.102384043E+01   0.430936957E+01  -0.730060432E+00  -0.183637043E+01  -0.249690432E+00
   0.700069416E+05   0.500000000E+04  -0.402831151E+01  -0.523640051E+01  -0.596209621E+01  -0.623713551E+01  -0.636031351E+01  -0.488215151E+01  -0.491012151E+01  -0.572313751E+01  -0.674922351E+01  -0.624392351E+01  -0.896211512E+00   0.443699849E+01  -0.602431512E+00  -0.170874151E+01  -0.122061512E+00
   0.800093822E+05   0.500000000E+04  -0.389085073E+01  -0.509893973E+01  -0.582463543E+01  -0.609967473E+01  -0.622285273E+01  -0.474469073E+01  -0.477266073E+01  -0.558567673E+01  -0.661176273E+01  -0.610646273E+01  -0.758750726E+00   0.457445927E+01  -0.464970726E+00  -0.157128073E+01   0.153992737E-01
   0.900228348E+05   0.500000000E+04  -0.377912219E+01  -0.498721119E+01  -0.571290689E+01  -0.598794619E+01  -0.611112419E+01  -0.463296219E+01  -0.466093219E+01  -0.547394819E+01  -0.650003419E+01  -0.599473419E+01  -0.647022186E+00   0.468618781E+01  -0.353242186E+00  -0.145955219E+01   0.127127814E+00
   0.100018589E+06   0.500000000E+04  -0.368197447E+01  -0.489006347E+01  -0.561575917E+01  -0.589079847E+01  -0.601397647E+01  -0.453581447E+01  -0.456378447E+01  -0.537680047E+01  -0.640288647E+01  -0.589758647E+01  -0.549874467E+00   0.478333553E+01  -0.256094467E+00  -0.136240447E+01   0.224275533E+00
   0.110004139E+06   0.500000000E+04  -0.358688953E+01  -0.479497853E+01  -0.552067423E+01  -0.579571353E+01  -0.591889153E+01  -0.444072953E+01  -0.446869953E+01  -0.528171553E+01  -0.630780153E+01  -0.580250153E+01  -0.454789530E+00   0.487842047E+01  -0.161009530E+00  -0.126731953E+01   0.319360470E+00
   0.120014715E+06   0.500000000E+04  -0.350576718E+01  -0.471385618E+01  -0.543955188E+01  -0.571459118E+01  -0.583776918E+01  -0.435960718E+01  -0.438757718E+01  -0.520059318E+01  -0.622667918E+01  -0.572137918E+01  -0.373667176E+00   0.495954282E+01  -0.798871764E-01  -0.118619718E+01   0.400482824E+00
   0.130020570E+06   0.500000000E+04  -0.343083784E+01  -0.463892684E+01  -0.536462254E+01  -0.563966184E+01  -0.576283984E+01  -0.428467784E+01  -0.431264784E+01  -0.512566384E+01  -0.615174984E+01  -0.564644984E+01  -0.298737836E+00   0.503447216E+01  -0.495783586E-02  -0.111126784E+01   0.475412164E+00
   0.140020572E+06   0.500000000E+04  -0.336484564E+01  -0.457293464E+01  -0.529863034E+01  -0.557366964E+01  -0.569684764E+01  -0.421868564E+01  -0.424665564E+01  -0.505967164E+01  -0.608575764E+01  -0.558045764E+01  -0.232745644E+00   0.510046436E+01   0.610343557E-01  -0.104527564E+01   0.541404356E+00
   0.150021257E+06   0.500000000E+04  -0.331176549E+01  -0.451985449E+01  -0.524555019E+01  -0.552058949E+01  -0.564376749E+01  -0.416560549E+01  -0.419357549E+01  -0.500659149E+01  -0.603267749E+01  -0.552737749E+01  -0.179665489E+00   0.515354451E+01   0.114114511E+00  -0.992195489E+00   0.594484511E+00
   0.160021395E+06   0.500000000E+04  -0.719594596E+01  -0.840403496E+01  -0.912973066E+01  -0.940476996E+01  -0.952794796E+01  -0.804978596E+01  -0.807775596E+01  -0.889077196E+01  -0.991685796E+01  -0.941155796E+01  -0.406384596E+01   0.126936404E+01  -0.377006596E+01  -0.487637596E+01  -0.328969596E+01
   0.170000756E+06   0.500000000E+04  -0.856179228E+01  -0.976988128E+01  -0.104955770E+02  -0.107706163E+02  -0.108937943E+02  -0.941563228E+01  -0.944360228E+01  -0.102566183E+02  -0.112827043E+02  -0.107774043E+02  -0.542969228E+01  -0.964822779E-01  -0.513591228E+01  -0.624222228E+01  -0.465554228E+01
   0.180004642E+06   0.570683708E+04  -0.106607098E+02  -0.116233581E+02  -0.121701073E+02  -0.123480965E+02  -0.123995532E+02  -0.115012739E+02  -0.113484251E+02  -0.120024817E+02  -0.128294668E+02  -0.124261082E+02  -0.799695294E+01  -0.344548354E+01  -0.776827970E+01  -0.866817207E+01  -0.721806713E+01
   0.190004185E+06   0.104716960E+06  -0.192498713E+02  -0.187193114E+02  -0.181467774E+02  -0.177461953E+02  -0.173794806E+02  -0.200205242E+02  -0.187573074E+02  -0.184085221E+02  -0.180490051E+02  -0.182708044E+02  -0.201148809E+02  -0.207743145E+02  -0.201288309E+02  -0.199352802E+02  -0.203577055E+02
   0.200000356E+06   0.585304452E+05  -0.186234742E+02  -0.181378994E+02  -0.176015202E+02  -0.172197177E+02  -0.168669807E+02  -0.193958724E+02  -0.181664010E+02  -0.178496667E+02  -0.175284704E+02  -0.177292907E+02  -0.193635489E+02  -0.198588353E+02  -0.193771695E+02  -0.192091772E+02  -0.195527752E+02
   0.210003116E+06   0.455911274E+05  -0.184469291E+02  -0.179921189E+02  -0.174801288E+02  -0.171108921E+02  -0.167673824E+02  -0.192205423E+02  -0.180141631E+02  -0.177191226E+02  -0.174235916E+02  -0.176104192E+02  -0.191006188E+02  -0.194792582E+02  -0.191137142E+02  -0.189649006E+02  -0.192524469E+02
   0.220003384E+06   0.398530949E+05  -0.184218908E+02  -0.179878495E+02  -0.174921917E+02  -0.171313343E+02  -0.167940509E+02  -0.191963258E+02  -0.180055373E+02  -0.177250666E+02  -0.174466537E+02  -0.176241731E+02  -0.190170447E+02  -0.193156590E+02  -0.190296471E+02  -0.188948246E+02  -0.191434964E+02
   0.230002328E+06   0.365064150E+05  -0.184203907E+02  -0.180018679E+02  -0.175183474E+02  -0.171637043E+02  -0.168309797E+02  -0.191954543E+02  -0.180163098E+02  -0.177466719E+02  -0.174809652E+02  -0.176515897E+02  -0.189717830E+02  -0.192101606E+02  -0.189839291E+02  -0.188596716E+02  -0.190792831E+02
   0.240002399E+06   0.342278075E+05  -0.184319250E+02  -0.180258860E+02  -0.175521008E+02  -0.172024346E+02  -0.168733496E+02  -0.192074826E+02  -0.180377139E+02  -0.177767836E+02  -0.175212506E+02  -0.176863515E+02  -0.189480851E+02  -0.191377913E+02  -0.189598284E+02  -0.188442866E+02  -0.190403534E+02
   0.250003993E+06   0.324745148E+05  -0.184508332E+02  -0.180557719E+02  -0.175905329E+02  -0.172452097E+02  -0.169193238E+02  -0.192268403E+02  -0.180653167E+02  -0.178120140E+02  -0.175653906E+02  -0.177256667E+02  -0.189360429E+02  -0.190828386E+02  -0.189473815E+02  -0.188397649E+02  -0.190149532E+02
   0.260000495E+06   0.309973472E+05  -0.184760391E+02  -0.180912393E+02  -0.176339550E+02  -0.172926930E+02  -0.169697989E+02  -0.192524599E+02  -0.180986351E+02  -0.178524591E+02  -0.176141255E+02  -0.177699166E+02  -0.189323421E+02  -0.190389928E+02  -0.189432813E+02  -0.188431862E+02  -0.189988076E+02
   0.270000547E+06   0.297660206E+05  -0.185050142E+02  -0.181297575E+02  -0.176798580E+02  -0.173423537E+02  -0.170222553E+02  -0.192818314E+02  -0.181351651E+02  -0.178956011E+02  -0.176649577E+02  -0.178165824E+02  -0.189344799E+02  -0.190037764E+02  -0.189450257E+02  -0.188519847E+02  -0.189894188E+02
   0.280007391E+06   0.287075894E+05  -0.185358555E+02  -0.181694980E+02  -0.177264839E+02  -0.173924745E+02  -0.170749689E+02  -0.193130308E+02  -0.181730441E+02  -0.179396524E+02  -0.177161603E+02  -0.178639245E+02  -0.189402911E+02  -0.189747006E+02  -0.189504412E+02  -0.188640909E+02  -0.189845053E+02
   0.290006202E+06   0.277544108E+05  -0.185683789E+02  -0.182106888E+02  -0.177743536E+02  -0.174437370E+02  -0.171287446E+02  -0.193459071E+02  -0.182124252E+02  -0.179850184E+02  -0.177684768E+02  -0.179124927E+02  -0.189484982E+02  -0.189489723E+02  -0.189582427E+02  -0.188785197E+02  -0.189823141E+02
   0.300000881E+06   0.268870487E+05  -0.186016776E+02  -0.182524525E+02  -0.178226329E+02  -0.174953160E+02  -0.171827816E+02  -0.193795566E+02  -0.182524263E+02  -0.180308529E+02  -0.178210894E+02  -0.179614478E+02  -0.189580825E+02  -0.189254259E+02  -0.189674115E+02  -0.188942634E+02  -0.189817818E+02
   0.310005841E+06   0.260878352E+05  -0.186346713E+02  -0.182938299E+02  -0.178704520E+02  -0.175464118E+02  -0.172363231E+02  -0.194128963E+02  -0.182920614E+02  -0.180762664E+02  -0.178732003E+02  -0.180099382E+02  -0.189676193E+02  -0.189021549E+02  -0.189765167E+02  -0.189099621E+02  -0.189813363E+02
   0.320011054E+06   0.253166092E+05  -0.186688248E+02  -0.183367228E+02  -0.179200462E+02  -0.175994141E+02  -0.172917331E+02  -0.194474077E+02  -0.183331295E+02  -0.181233615E+02  -0.179272572E+02  -0.180602417E+02  -0.189773468E+02  -0.188776951E+02  -0.189857800E+02  -0.189261962E+02  -0.189807137E+02
   0.330003933E+06   0.245933878E+05  -0.187027734E+02  -0.183793883E+02  -0.179693877E+02  -0.176521560E+02  -0.173468445E+02  -0.194817171E+02  -0.183739811E+02  -0.181702120E+02  -0.179810460E+02  -0.181102924E+02  -0.189869786E+02  -0.188532590E+02  -0.189949258E+02  -0.189423792E+02  -0.189800692E+02
   0.340013325E+06   0.239254215E+05  -0.187347265E+02  -0.184198041E+02  -0.180162795E+02  -0.177023477E+02  -0.173993028E+02  -0.195140233E+02  -0.184126401E+02  -0.182146864E+02  -0.180322500E+02  -0.181578722E+02  -0.189953616E+02  -0.188285990E+02  -0.190028197E+02  -0.189571714E+02  -0.189785139E+02
   0.350012147E+06   0.232975273E+05  -0.187640039E+02  -0.184577340E+02  -0.180608210E+02  -0.177502423E+02  -0.174493447E+02  -0.195436619E+02  -0.184487679E+02  -0.182567603E+02  -0.180811743E+02  -0.182031108E+02  -0.190006033E+02  -0.188001416E+02  -0.190075402E+02  -0.189690625E+02  -0.189736716E+02
   0.360007193E+06   0.227043661E+05  -0.187903093E+02  -0.184926388E+02  -0.181022852E+02  -0.177950336E+02  -0.174962385E+02  -0.195703263E+02  -0.184818817E+02  -0.182957751E+02  -0.181269946E+02  -0.182452718E+02  -0.190030731E+02  -0.187691623E+02  -0.190094734E+02  -0.189781834E+02  -0.189661688E+02
   0.370012467E+06   0.221417793E+05  -0.188139841E+02  -0.185248762E+02  -0.181410430E+02  -0.178370994E+02  -0.175403690E+02  -0.195943590E+02  -0.185123357E+02  -0.183320969E+02  -0.181700899E+02  -0.182847272E+02  -0.190030630E+02  -0.187358864E+02  -0.190089120E+02  -0.189848344E+02  -0.189562741E+02
   0.380016123E+06   0.216062218E+05  -0.188352679E+02  -0.185549648E+02  -0.181778270E+02  -0.178772845E+02  -0.175826378E+02  -0.196160101E+02  -0.185405887E+02  -0.183663808E+02  -0.182113181E+02  -0.183222265E+02  -0.190000593E+02  -0.186987659E+02  -0.190053165E+02  -0.189887111E+02  -0.189433015E+02
   0.390011710E+06   0.210974562E+05  -0.188541805E+02  -0.185824655E+02  -0.182118551E+02  -0.179146297E+02  -0.176220028E+02  -0.196352809E+02  -0.185662985E+02  -0.183979719E+02  -0.182496758E+02  -0.183569516E+02  -0.189953042E+02  -0.186607630E+02  -0.189999763E+02  -0.189906768E+02  -0.189288849E+02
   0.400015437E+06   0.206127233E+05  -0.188708915E+02  -0.186081101E+02  -0.182442804E+02  -0.179504943E+02  -0.176600009E+02  -0.196523680E+02  -0.185900820E+02  -0.184278623E+02  -0.182865979E+02  -0.183900991E+02  -0.189875019E+02  -0.186184873E+02  -0.189915275E+02  -0.189899091E+02  -0.189111030E+02
   0.410015384E+06   0.201502746E+05  -0.188853891E+02  -0.186313109E+02  -0.182740850E+02  -0.179836470E+02  -0.176952393E+02  -0.196672328E+02  -0.186114700E+02  -0.184551974E+02  -0.183207819E+02  -0.184206066E+02  -0.189781417E+02  -0.185755672E+02  -0.189815291E+02  -0.189874117E+02  -0.188920360E+02
   0.420003584E+06   0.197163712E+05  -0.188991043E+02  -0.186538360E+02  -0.183032912E+02  -0.180162358E+02  -0.177299778E+02  -0.196813200E+02  -0.186321637E+02  -0.184819080E+02  -0.183544092E+02  -0.184505262E+02  -0.189677956E+02  -0.185313615E+02  -0.189705105E+02  -0.189839755E+02  -0.188718420E+02
   0.430003851E+06   0.192880506E+05  -0.189096187E+02  -0.186733837E+02  -0.183296878E+02  -0.180460974E+02  -0.177620625E+02  -0.196922160E+02  -0.186498354E+02  -0.185057474E+02  -0.183853331E+02  -0.184776552E+02  -0.189536816E+02  -0.184825835E+02  -0.189556940E+02  -0.189769288E+02  -0.188476196E+02
   0.440003162E+06   0.188813399E+05  -0.189187558E+02  -0.186914200E+02  -0.183544635E+02  -0.180742833E+02  -0.177925288E+02  -0.197017303E+02  -0.186660214E+02  -0.185280049E+02  -0.184145655E+02  -0.185031525E+02  -0.189386153E+02  -0.184334381E+02  -0.189399180E+02  -0.189688533E+02  -0.188226334E+02
   0.450014974E+06   0.184918226E+05  -0.189262429E+02  -0.187081775E+02  -0.183782246E+02  -0.181015890E+02  -0.178224131E+02  -0.197096127E+02  -0.186808470E+02  -0.185491445E+02  -0.184429619E+02  -0.185276654E+02  -0.189210214E+02  -0.183804994E+02  -0.189215450E+02  -0.189586056E+02  -0.187947912E+02
   0.460010826E+06   0.181209979E+05  -0.189325418E+02  -0.187233020E+02  -0.184000165E+02  -0.181267554E+02  -0.178500344E+02  -0.197162880E+02  -0.186941322E+02  -0.185684408E+02  -0.184691666E+02  -0.185501730E+02  -0.189034428E+02  -0.183292722E+02  -0.189032248E+02  -0.189480208E+02  -0.187674563E+02
   0.470006753E+06   0.177659162E+05  -0.189372651E+02  -0.187372338E+02  -0.184208944E+02  -0.181511455E+02  -0.178775921E+02  -0.197214063E+02  -0.187061459E+02  -0.185867184E+02  -0.184946375E+02  -0.185717994E+02  -0.188834007E+02  -0.182743087E+02  -0.188823766E+02  -0.189353947E+02  -0.187373978E+02
   0.480005465E+06   0.174273488E+05  -0.189408582E+02  -0.187499804E+02  -0.184405411E+02  -0.181742794E+02  -0.179041489E+02  -0.197253932E+02  -0.187169864E+02  -0.186037817E+02  -0.185188447E+02  -0.185921909E+02  -0.188624430E+02  -0.182187222E+02  -0.188606029E+02  -0.189218624E+02  -0.187065573E+02
   0.490000473E+06   0.171026745E+05  -0.189434176E+02  -0.187613177E+02  -0.184584952E+02  -0.181955777E+02  -0.179287296E+02  -0.197283302E+02  -0.187264958E+02  -0.186192586E+02  -0.185411722E+02  -0.186108593E+02  -0.188414590E+02  -0.181645305E+02  -0.188388364E+02  -0.189079991E+02  -0.186760961E+02
   0.500013739E+06   0.167890172E+05  -0.189448649E+02  -0.187720643E+02  -0.184762439E+02  -0.182168714E+02  -0.179526121E+02  -0.197301792E+02  -0.187353077E+02  -0.186343841E+02  -0.185635467E+02  -0.186293655E+02  -0.188181306E+02  -0.181062181E+02  -0.188146276E+02  -0.188919009E+02  -0.186429179E+02
   0.510001428E+06   0.164884900E+05  -0.189453604E+02  -0.187818518E+02  -0.184930246E+02  -0.182371953E+02  -0.179751449E+02  -0.197310768E+02  -0.187431628E+02  -0.186485443E+02  -0.185849465E+02  -0.186469036E+02  -0.187939405E+02  -0.180471548E+02  -0.187895359E+02  -0.188748021E+02  -0.186089666E+02
   0.520004477E+06   0.162005584E+05  -0.189452101E+02  -0.187906041E+02  -0.185084771E+02  -0.182560425E+02  -0.179961084E+02  -0.197313118E+02  -0.187500637E+02  -0.186614860E+02  -0.186048245E+02  -0.186630817E+02  -0.187701392E+02  -0.179899420E+02  -0.187648709E+02  -0.188577948E+02  -0.185758133E+02
   0.530001280E+06   0.159241350E+05  -0.189440918E+02  -0.187983932E+02  -0.185229655E+02  -0.182739265E+02  -0.180160749E+02  -0.197305797E+02  -0.187559991E+02  -0.186734631E+02  -0.186237376E+02  -0.186782959E+02  -0.187454415E+02  -0.179319148E+02  -0.187392832E+02  -0.188398210E+02  -0.185418362E+02
   0.540003115E+06   0.156591189E+05  -0.189416971E+02  -0.188054524E+02  -0.185371242E+02  -0.182916868E+02  -0.180359607E+02  -0.197285968E+02  -0.187610879E+02  -0.186849584E+02  -0.186425844E+02  -0.186932245E+02  -0.187182259E+02  -0.178695687E+02  -0.187110605E+02  -0.188195623E+02  -0.185049608E+02
   0.550006529E+06   0.154038970E+05  -0.189388116E+02  -0.188116714E+02  -0.185501804E+02  -0.183082115E+02  -0.180545322E+02  -0.197261079E+02  -0.187654094E+02  -0.186954496E+02  -0.186601555E+02  -0.187070221E+02  -0.186914368E+02  -0.178089474E+02  -0.186833016E+02  -0.187994731E+02  -0.184688689E+02
   0.560004609E+06   0.151582186E+05  -0.189355672E+02  -0.188171911E+02  -0.185622816E+02  -0.183236514E+02  -0.180719425E+02  -0.197232452E+02  -0.187691024E+02  -0.187050817E+02  -0.186766027E+02  -0.187198369E+02  -0.186651826E+02  -0.177501261E+02  -0.186561139E+02  -0.187796682E+02  -0.184336597E+02
   0.570004628E+06   0.149214609E+05  -0.189314432E+02  -0.188219733E+02  -0.185737461E+02  -0.183385070E+02  -0.180890001E+02  -0.197195105E+02  -0.187720282E+02  -0.187140382E+02  -0.186924819E+02  -0.187320296E+02  -0.186377926E+02  -0.176897767E+02  -0.186277440E+02  -0.187586091E+02  -0.183972652E+02
   0.580012872E+06   0.146928621E+05  -0.189260688E+02  -0.188260937E+02  -0.185849797E+02  -0.183533524E+02  -0.181065612E+02  -0.197145538E+02  -0.187741692E+02  -0.187225998E+02  -0.187084184E+02  -0.187440448E+02  -0.186078303E+02  -0.176249280E+02  -0.185966799E+02  -0.187349847E+02  -0.183578801E+02
   0.590010261E+06   0.144732503E+05  -0.189203963E+02  -0.188295429E+02  -0.185952622E+02  -0.183671049E+02  -0.181229227E+02  -0.197092826E+02  -0.187757168E+02  -0.187303156E+02  -0.187232190E+02  -0.187550782E+02  -0.185785367E+02  -0.175621194E+02  -0.185663277E+02  -0.187117798E+02  -0.183195340E+02
   0.600004978E+06   0.142610075E+05  -0.189144404E+02  -0.188324025E+02  -0.186047260E+02  -0.183799220E+02  -0.181382613E+02  -0.197037145E+02  -0.187767385E+02  -0.187372986E+02  -0.187370492E+02  -0.187652676E+02  -0.185497521E+02  -0.175009445E+02  -0.185365202E+02  -0.186888797E+02  -0.182820008E+02
   0.610008151E+06   0.140556134E+05  -0.189083108E+02  -0.188348038E+02  -0.186135184E+02  -0.183919597E+02  -0.181527390E+02  -0.196979601E+02  -0.187773614E+02  -0.187436904E+02  -0.187500672E+02  -0.187747622E+02  -0.185215305E+02  -0.174413776E+02  -0.185073085E+02  -0.186663526E+02  -0.182453129E+02
   0.620009157E+06   0.138574756E+05  -0.189006241E+02  -0.188363915E+02  -0.186220424E+02  -0.184040115E+02  -0.181674611E+02  -0.196906846E+02  -0.187770143E+02  -0.187496066E+02  -0.187631837E+02  -0.187840557E+02  -0.184901161E+02  -0.173762051E+02  -0.184747438E+02  -0.186402661E+02  -0.182049644E+02
   0.630008179E+06   0.136660402E+05  -0.188922953E+02  -0.188374172E+02  -0.186300605E+02  -0.184155878E+02  -0.181817366E+02  -0.196827717E+02  -0.187760882E+02  -0.187549952E+02  -0.187758336E+02  -0.187928520E+02  -0.184579513E+02  -0.173100969E+02  -0.184413941E+02  -0.186131866E+02  -0.181638788E+02
   0.640003437E+06   0.134808603E+05  -0.188838612E+02  -0.188380320E+02  -0.186374391E+02  -0.184264083E+02  -0.181951682E+02  -0.196747398E+02  -0.187748148E+02  -0.187598302E+02  -0.187876927E+02  -0.188009834E+02  -0.184264601E+02  -0.172457715E+02  -0.184087566E+02  -0.185866145E+02  -0.181237582E+02
   0.650008089E+06   0.133015872E+05  -0.188752980E+02  -0.188382290E+02  -0.186441842E+02  -0.184364856E+02  -0.182077732E+02  -0.196665660E+02  -0.187731840E+02  -0.187641128E+02  -0.187987753E+02  -0.188084573E+02  -0.183955753E+02  -0.171830997E+02  -0.183767621E+02  -0.185604919E+02  -0.180845192E+02
   0.660003376E+06   0.131280819E+05  -0.188666674E+02  -0.188380767E+02  -0.186503693E+02  -0.184458957E+02  -0.182196297E+02  -0.196583122E+02  -0.187712626E+02  -0.187679147E+02  -0.188091584E+02  -0.188153477E+02  -0.183653411E+02  -0.171221013E+02  -0.183454539E+02  -0.185348667E+02  -0.180461997E+02
   0.670016870E+06   0.129597729E+05  -0.188573840E+02  -0.188373923E+02  -0.186561102E+02  -0.184549063E+02  -0.182311169E+02  -0.196494122E+02  -0.187687834E+02  -0.187712371E+02  -0.188191562E+02  -0.188218050E+02  -0.183342596E+02  -0.170599371E+02  -0.183132558E+02  -0.185083555E+02  -0.180070276E+02
   0.680000861E+06   0.127972648E+05  -0.188464239E+02  -0.188358864E+02  -0.186616614E+02  -0.184640494E+02  -0.182429692E+02  -0.196388774E+02  -0.187653025E+02  -0.187741257E+02  -0.188293855E+02  -0.188281473E+02  -0.182996655E+02  -0.169915202E+02  -0.182773535E+02  -0.184784793E+02  -0.179638612E+02
   0.690003018E+06   0.126395270E+05  -0.188354261E+02  -0.188340653E+02  -0.186666902E+02  -0.184725647E+02  -0.182541142E+02  -0.196282924E+02  -0.187615645E+02  -0.187765702E+02  -0.188389551E+02  -0.188339440E+02  -0.182657274E+02  -0.169247521E+02  -0.182421456E+02  -0.184491206E+02  -0.179216024E+02
   0.700014126E+06   0.124863532E+05  -0.188244201E+02  -0.188319705E+02  -0.186712471E+02  -0.184805073E+02  -0.182646103E+02  -0.196176873E+02  -0.187576081E+02  -0.187786175E+02  -0.188479215E+02  -0.188392466E+02  -0.182324449E+02  -0.168595896E+02  -0.182076300E+02  -0.184202851E+02  -0.178802400E+02
   0.710004317E+06   0.123378479E+05  -0.188134480E+02  -0.188296380E+02  -0.186753636E+02  -0.184879062E+02  -0.182744849E+02  -0.196071038E+02  -0.187534709E+02  -0.187803009E+02  -0.188563130E+02  -0.188440860E+02  -0.181998752E+02  -0.167961115E+02  -0.181738649E+02  -0.183920268E+02  -0.178398367E+02
   0.720008557E+06   0.121935436E+05  -0.188024441E+02  -0.188270293E+02  -0.186790214E+02  -0.184947535E+02  -0.182837380E+02  -0.195964775E+02  -0.187491084E+02  -0.187815945E+02  -0.188641249E+02  -0.188484463E+02  -0.181678847E+02  -0.167340869E+02  -0.181407127E+02  -0.183642257E+02  -0.178002341E+02
   0.730016970E+06   0.120531552E+05  -0.187914447E+02  -0.188241973E+02  -0.186822859E+02  -0.185011211E+02  -0.182924459E+02  -0.195858456E+02  -0.187445703E+02  -0.187825588E+02  -0.188714308E+02  -0.188523942E+02  -0.181364682E+02  -0.166734514E+02  -0.181081661E+02  -0.183368850E+02  -0.177614121E+02
   0.740006789E+06   0.119168343E+05  -0.187788349E+02  -0.188205190E+02  -0.186852689E+02  -0.185074977E+02  -0.183012895E+02  -0.195736414E+02  -0.187390243E+02  -0.187830223E+02  -0.188788349E+02  -0.188561289E+02  -0.181018582E+02  -0.166072055E+02  -0.180722424E+02  -0.183064146E+02  -0.177190656E+02
   0.750002464E+06   0.117841987E+05  -0.187652345E+02  -0.188162309E+02  -0.186879230E+02  -0.185136905E+02  -0.183100035E+02  -0.195604662E+02  -0.187327878E+02  -0.187830471E+02  -0.188860996E+02  -0.188595692E+02  -0.180654999E+02  -0.165380371E+02  -0.180344716E+02  -0.182741972E+02  -0.176748407E+02
   0.760006836E+06   0.116548174E+05  -0.187517127E+02  -0.188117930E+02  -0.186902569E+02  -0.185194763E+02  -0.183182486E+02  -0.195473591E+02  -0.187264493E+02  -0.187828163E+02  -0.188929311E+02  -0.188626701E+02  -0.180297786E+02  -0.164703108E+02  -0.179973724E+02  -0.182425152E+02  -0.176314458E+02
   0.770003968E+06   0.115289945E+05  -0.187382712E+02  -0.188071855E+02  -0.186922349E+02  -0.185248113E+02  -0.183259752E+02  -0.195343207E+02  -0.187199934E+02  -0.187823001E+02  -0.188992830E+02  -0.188653940E+02  -0.179947481E+02  -0.164041555E+02  -0.179610019E+02  -0.182114129E+02  -0.175889528E+02
   0.780016897E+06   0.114062923E+05  -0.187248746E+02  -0.188024038E+02  -0.186938755E+02  -0.185297256E+02  -0.183332218E+02  -0.195213174E+02  -0.187134092E+02  -0.187815084E+02  -0.189051889E+02  -0.188677620E+02  -0.179602980E+02  -0.163393525E+02  -0.179252450E+02  -0.181807936E+02  -0.175472252E+02
   0.790005971E+06   0.112868758E+05  -0.187115849E+02  -0.187974984E+02  -0.186952203E+02  -0.185342565E+02  -0.183400225E+02  -0.195084105E+02  -0.187067496E+02  -0.187804860E+02  -0.189106849E+02  -0.188698147E+02  -0.179265187E+02  -0.162760331E+02  -0.178901939E+02  -0.181507424E+02  -0.175063633E+02
   0.800008235E+06   0.111702711E+05  -0.186983403E+02  -0.187924406E+02  -0.186962656E+02  -0.185384127E+02  -0.183463952E+02  -0.194955396E+02  -0.186999788E+02  -0.187792199E+02  -0.189157836E+02  -0.188715512E+02  -0.178932667E+02  -0.162139367E+02  -0.178557001E+02  -0.181211309E+02  -0.174661955E+02
   0.810017409E+06   0.110564157E+05  -0.186851492E+02  -0.187872432E+02  -0.186970274E+02  -0.185422123E+02  -0.183523589E+02  -0.194827134E+02  -0.186931090E+02  -0.187777248E+02  -0.189205033E+02  -0.188729880E+02  -0.178605401E+02  -0.161530457E+02  -0.178217609E+02  -0.180919588E+02  -0.174267161E+02
   0.820011646E+06   0.109453834E+05  -0.186704556E+02  -0.187812112E+02  -0.186974488E+02  -0.185459279E+02  -0.183584124E+02  -0.194684188E+02  -0.186852630E+02  -0.187756956E+02  -0.189252182E+02  -0.188741459E+02  -0.178249800E+02  -0.160872384E+02  -0.177848158E+02  -0.180605157E+02  -0.173841846E+02
   0.830011347E+06   0.108369248E+05  -0.186542473E+02  -0.187743373E+02  -0.186975263E+02  -0.185495583E+02  -0.183645559E+02  -0.194526436E+02  -0.186764326E+02  -0.187731277E+02  -0.189299276E+02  -0.188750220E+02  -0.177865572E+02  -0.160164635E+02  -0.177448354E+02  -0.180267706E+02  -0.173385623E+02
   0.840016096E+06   0.107309335E+05  -0.186381577E+02  -0.187673699E+02  -0.186973522E+02  -0.185528563E+02  -0.183703098E+02  -0.194369774E+02  -0.186675532E+02  -0.187703684E+02  -0.189342800E+02  -0.188756283E+02  -0.177487585E+02  -0.159470487E+02  -0.177055147E+02  -0.179935434E+02  -0.172937279E+02
   0.850008918E+06   0.106274216E+05  -0.186222114E+02  -0.187603323E+02  -0.186969490E+02  -0.185558439E+02  -0.183756959E+02  -0.194214444E+02  -0.186586484E+02  -0.187674404E+02  -0.189382973E+02  -0.188759873E+02  -0.177116109E+02  -0.158790245E+02  -0.176668806E+02  -0.179608602E+02  -0.172497091E+02
   0.860011170E+06   0.105261016E+05  -0.186063673E+02  -0.187532083E+02  -0.186963189E+02  -0.185585329E+02  -0.183807326E+02  -0.194060050E+02  -0.186496967E+02  -0.187643390E+02  -0.189419942E+02  -0.188761032E+02  -0.176750144E+02  -0.158122053E+02  -0.176288292E+02  -0.179286336E+02  -0.172063870E+02
   0.870006820E+06   0.104270825E+05  -0.185906464E+02  -0.187460096E+02  -0.186954666E+02  -0.185609242E+02  -0.183854183E+02  -0.193906796E+02  -0.186407117E+02  -0.187610715E+02  -0.189453706E+02  -0.188759800E+02  -0.176390124E+02  -0.157466669E+02  -0.175914053E+02  -0.178969024E+02  -0.171638122E+02
   0.880012167E+06   0.103300959E+05  -0.185750222E+02  -0.187387325E+02  -0.186944056E+02  -0.185630404E+02  -0.183897817E+02  -0.193754428E+02  -0.186316851E+02  -0.187576450E+02  -0.189484516E+02  -0.188756331E+02  -0.176035234E+02  -0.156822477E+02  -0.175545236E+02  -0.178655964E+02  -0.171218852E+02
   0.890016123E+06   0.102351537E+05  -0.185595058E+02  -0.187313873E+02  -0.186931456E+02  -0.185648904E+02  -0.183938316E+02  -0.193603056E+02  -0.186226272E+02  -0.187540692E+02  -0.189512461E+02  -0.188750721E+02  -0.175685610E+02  -0.156189650E+02  -0.175181978E+02  -0.178347288E+02  -0.170806205E+02
   0.900008773E+06   0.101422761E+05  -0.185441107E+02  -0.187239857E+02  -0.186916968E+02  -0.185664841E+02  -0.183975775E+02  -0.193452815E+02  -0.186135502E+02  -0.187503551E+02  -0.189537638E+02  -0.188743072E+02  -0.175341427E+02  -0.155568423E+02  -0.174824458E+02  -0.178043163E+02  -0.170400370E+02
   0.910003453E+06   0.100512556E+05  -0.185288149E+02  -0.187165236E+02  -0.186900684E+02  -0.185678374E+02  -0.184010398E+02  -0.193303492E+02  -0.186044462E+02  -0.187465066E+02  -0.189560225E+02  -0.188733490E+02  -0.175002040E+02  -0.154957531E+02  -0.174472001E+02  -0.177743034E+02  -0.170000564E+02
   0.920000465E+06   0.996202707E+04  -0.185119660E+02  -0.187081667E+02  -0.186880332E+02  -0.185690389E+02  -0.184045391E+02  -0.193138981E+02  -0.185943078E+02  -0.187420582E+02  -0.189582089E+02  -0.188720460E+02  -0.174634441E+02  -0.154298033E+02  -0.174089545E+02  -0.177418612E+02  -0.169571357E+02
   0.930011066E+06   0.987442797E+04  -0.184930380E+02  -0.186986524E+02  -0.186855239E+02  -0.185701229E+02  -0.184081843E+02  -0.192954157E+02  -0.185828169E+02  -0.187368659E+02  -0.189603886E+02  -0.188703550E+02  -0.174228016E+02  -0.153570935E+02  -0.173665828E+02  -0.177060796E+02  -0.169101301E+02
   0.940017103E+06   0.978853713E+04  -0.184742836E+02  -0.186891280E+02  -0.186828678E+02  -0.185709901E+02  -0.184115628E+02  -0.192770981E+02  -0.185713543E+02  -0.187315792E+02  -0.189623302E+02  -0.188685013E+02  -0.173827561E+02  -0.152856059E+02  -0.173248418E+02  -0.176708002E+02  -0.168638454E+02
   0.950002330E+06   0.970444403E+04  -0.184557260E+02  -0.186796073E+02  -0.186800717E+02  -0.185716434E+02  -0.184146749E+02  -0.192589682E+02  -0.185599361E+02  -0.187262074E+02  -0.189640355E+02  -0.188664908E+02  -0.173433531E+02  -0.152154189E+02  -0.172837788E+02  -0.176360635E+02  -0.168183339E+02
   0.960012680E+06   0.962166739E+04  -0.184372681E+02  -0.186700448E+02  -0.186771286E+02  -0.185720958E+02  -0.184175475E+02  -0.192409313E+02  -0.185485057E+02  -0.187207290E+02  -0.189655232E+02  -0.188643209E+02  -0.173043761E+02  -0.151461399E+02  -0.172431678E+02  -0.176016798E+02  -0.167733440E+02
   0.970013137E+06   0.954044492E+04  -0.184189737E+02  -0.186604789E+02  -0.186740577E+02  -0.185723566E+02  -0.184201831E+02  -0.192230500E+02  -0.185371071E+02  -0.187151704E+02  -0.189668001E+02  -0.188620088E+02  -0.172659479E+02  -0.150779786E+02  -0.172031363E+02  -0.175677587E+02  -0.167290159E+02
   0.980013569E+06   0.946063753E+04  -0.184008189E+02  -0.186509004E+02  -0.186708610E+02  -0.185724337E+02  -0.184225936E+02  -0.192053011E+02  -0.185257277E+02  -0.187095294E+02  -0.189678755E+02  -0.188595577E+02  -0.172280100E+02  -0.150108256E+02  -0.171636230E+02  -0.175342492E+02  -0.166852807E+02
   0.990016371E+06   0.938215543E+04  -0.183827918E+02  -0.186413072E+02  -0.186675438E+02  -0.185723357E+02  -0.184247903E+02  -0.191876731E+02  -0.185143635E+02  -0.187038084E+02  -0.189687592E+02  -0.188569736E+02  -0.171905284E+02  -0.149446140E+02  -0.171245921E+02  -0.175011226E+02  -0.166420981E+02
   0.100001148E+07   0.930504553E+04  -0.183649136E+02  -0.186317155E+02  -0.186641182E+02  -0.185720732E+02  -0.184267823E+02  -0.191701871E+02  -0.185030318E+02  -0.186980211E+02  -0.189694613E+02  -0.188542684E+02  -0.171535358E+02  -0.148793938E+02  -0.170860774E+02  -0.174684088E+02  -0.165995043E+02
   0.101000521E+07   0.922924581E+04  -0.183471698E+02  -0.186221173E+02  -0.186605814E+02  -0.185716458E+02  -0.184285711E+02  -0.191528288E+02  -0.184917232E+02  -0.186921628E+02  -0.189699820E+02  -0.188514398E+02  -0.171170024E+02  -0.148151124E+02  -0.170480477E+02  -0.174360815E+02  -0.165574648E+02
   0.102000410E+07   0.915468319E+04  -0.183295486E+02  -0.186125089E+02  -0.186569355E+02  -0.185710584E+02  -0.184301637E+02  -0.191355869E+02  -0.184804323E+02  -0.186862331E+02  -0.189703273E+02  -0.188484903E+02  -0.170808982E+02  -0.147517131E+02  -0.170104717E+02  -0.174041148E+02  -0.165159444E+02
   0.103000606E+07   0.908133142E+04  -0.183120510E+02  -0.186028939E+02  -0.186531861E+02  -0.185703179E+02  -0.184315679E+02  -0.191184623E+02  -0.184691621E+02  -0.186802372E+02  -0.189705044E+02  -0.188454262E+02  -0.170452178E+02  -0.146891808E+02  -0.169733433E+02  -0.173725048E+02  -0.164749357E+02
   0.104000094E+07   0.900927231E+04  -0.182947080E+02  -0.185932946E+02  -0.186493491E+02  -0.185694367E+02  -0.184327936E+02  -0.191014858E+02  -0.184579368E+02  -0.186741931E+02  -0.189705245E+02  -0.188422624E+02  -0.170100125E+02  -0.146275968E+02  -0.169367155E+02  -0.173412979E+02  -0.164344960E+02
   0.105001281E+07   0.893830853E+04  -0.182734056E+02  -0.185814510E+02  -0.186445404E+02  -0.185682510E+02  -0.184342090E+02  -0.190806406E+02  -0.184441046E+02  -0.186666681E+02  -0.189704503E+02  -0.188382897E+02  -0.169675965E+02  -0.145534584E+02  -0.168923997E+02  -0.173036798E+02  -0.163866409E+02
   0.106001513E+07   0.886859367E+04  -0.182517291E+02  -0.185693376E+02  -0.186395388E+02  -0.185669137E+02  -0.184355048E+02  -0.190594274E+02  -0.184299802E+02  -0.186589179E+02  -0.189702379E+02  -0.188341350E+02  -0.169246580E+02  -0.144785075E+02  -0.168475209E+02  -0.172655815E+02  -0.163383168E+02
   0.107000368E+07   0.880013928E+04  -0.182303063E+02  -0.185573050E+02  -0.186344894E+02  -0.185654625E+02  -0.184366390E+02  -0.190384596E+02  -0.184159731E+02  -0.186511697E+02  -0.189698913E+02  -0.188299173E+02  -0.168823576E+02  -0.144047736E+02  -0.168033155E+02  -0.172280339E+02  -0.162907284E+02
   0.108001309E+07   0.873268362E+04  -0.182090599E+02  -0.185453117E+02  -0.186293775E+02  -0.185638962E+02  -0.184376204E+02  -0.190176615E+02  -0.184020340E+02  -0.186433983E+02  -0.189694134E+02  -0.188256248E+02  -0.168405381E+02  -0.143319791E+02  -0.167596187E+02  -0.171908979E+02  -0.162436979E+02
   0.109000140E+07   0.866648679E+04  -0.181880768E+02  -0.185334092E+02  -0.186242278E+02  -0.185622260E+02  -0.184384504E+02  -0.189971183E+02  -0.183882220E+02  -0.186356387E+02  -0.189688114E+02  -0.188212793E+02  -0.167993660E+02  -0.142604100E+02  -0.167166043E+02  -0.171543218E+02  -0.161974121E+02
   0.110000351E+07   0.860128391E+04  -0.181672794E+02  -0.185215559E+02  -0.186190261E+02  -0.185604514E+02  -0.184391385E+02  -0.189767543E+02  -0.183744879E+02  -0.186278663E+02  -0.189680890E+02  -0.188168697E+02  -0.167586826E+02  -0.141897861E+02  -0.166741063E+02  -0.171181654E+02  -0.161516918E+02
   0.111000827E+07   0.853715298E+04  -0.181467016E+02  -0.185097751E+02  -0.186137875E+02  -0.185585837E+02  -0.184396930E+02  -0.189566026E+02  -0.183608573E+02  -0.186200993E+02  -0.189672561E+02  -0.188124102E+02  -0.167185457E+02  -0.141202010E+02  -0.166321847E+02  -0.170824812E+02  -0.161066008E+02
   0.112001575E+07   0.847408661E+04  -0.181263406E+02  -0.184980652E+02  -0.186085112E+02  -0.185566223E+02  -0.184401135E+02  -0.189366608E+02  -0.183473282E+02  -0.186123365E+02  -0.189663123E+02  -0.188079000E+02  -0.166789503E+02  -0.140516462E+02  -0.165908342E+02  -0.170472645E+02  -0.160621335E+02
   0.113000884E+07   0.841218251E+04  -0.181062348E+02  -0.184864510E+02  -0.186032121E+02  -0.185545769E+02  -0.184404062E+02  -0.189169664E+02  -0.183339285E+02  -0.186045968E+02  -0.189652659E+02  -0.188033528E+02  -0.166399647E+02  -0.139842348E+02  -0.165501257E+02  -0.170125768E+02  -0.160183658E+02
   0.114001020E+07   0.835128011E+04  -0.180863396E+02  -0.184749101E+02  -0.185978839E+02  -0.185524499E+02  -0.184405794E+02  -0.188974760E+02  -0.183206307E+02  -0.185968675E+02  -0.189641216E+02  -0.187987645E+02  -0.166014951E+02  -0.139177994E+02  -0.165099612E+02  -0.169783357E+02  -0.159751915E+02
   0.115000777E+07   0.829144772E+04  -0.180666818E+02  -0.184634597E+02  -0.185925373E+02  -0.185502482E+02  -0.184406375E+02  -0.188782158E+02  -0.183074545E+02  -0.185891619E+02  -0.189628853E+02  -0.187941447E+02  -0.165635893E+02  -0.138524191E+02  -0.164703902E+02  -0.169445840E+02  -0.159326636E+02
   0.116000195E+07   0.823268005E+04  -0.180472667E+02  -0.184521060E+02  -0.185871786E+02  -0.185479785E+02  -0.184405874E+02  -0.188591913E+02  -0.182944057E+02  -0.185814863E+02  -0.189615639E+02  -0.187895000E+02  -0.165262508E+02  -0.137880952E+02  -0.164314163E+02  -0.169113259E+02  -0.158907854E+02
   0.117001592E+07   0.817483635E+04  -0.180280548E+02  -0.184408288E+02  -0.185818022E+02  -0.185456425E+02  -0.184404361E+02  -0.188403638E+02  -0.182814599E+02  -0.185738293E+02  -0.189601613E+02  -0.187848263E+02  -0.164893974E+02  -0.137246805E+02  -0.163929531E+02  -0.168784885E+02  -0.158494635E+02
   0.118000009E+07   0.811820371E+04  -0.180091511E+02  -0.184296937E+02  -0.185764443E+02  -0.185432613E+02  -0.184401939E+02  -0.188218366E+02  -0.182686912E+02  -0.185662386E+02  -0.189586940E+02  -0.187801564E+02  -0.164532216E+02  -0.136624996E+02  -0.163552012E+02  -0.168462447E+02  -0.158089129E+02
   0.119001074E+07   0.806244183E+04  -0.179904400E+02  -0.184186316E+02  -0.185710707E+02  -0.185408187E+02  -0.184398573E+02  -0.188034960E+02  -0.182560208E+02  -0.185586666E+02  -0.189571511E+02  -0.187754602E+02  -0.164175039E+02  -0.136011766E+02  -0.163179317E+02  -0.168143986E+02  -0.157688875E+02
   0.120001695E+07   0.800775061E+04  -0.179719992E+02  -0.184076930E+02  -0.185657113E+02  -0.185383339E+02  -0.184394382E+02  -0.187854187E+02  -0.182435046E+02  -0.185511509E+02  -0.189555489E+02  -0.187707652E+02  -0.163823830E+02  -0.135409420E+02  -0.162812887E+02  -0.167830749E+02  -0.157295417E+02
   0.121000743E+07   0.795417128E+04  -0.179491229E+02  -0.183941241E+02  -0.185590551E+02  -0.185352632E+02  -0.184389719E+02  -0.187630049E+02  -0.182279768E+02  -0.185417975E+02  -0.189535882E+02  -0.187649548E+02  -0.163395857E+02  -0.134674596E+02  -0.162364297E+02  -0.167448830E+02  -0.156829317E+02
   0.122001199E+07   0.790153272E+04  -0.179257902E+02  -0.183802608E+02  -0.185522233E+02  -0.185320820E+02  -0.184384458E+02  -0.187401444E+02  -0.182121204E+02  -0.185322189E+02  -0.189515382E+02  -0.187589864E+02  -0.162960869E+02  -0.133928042E+02  -0.161908107E+02  -0.167060559E+02  -0.156357414E+02
   0.123001248E+07   0.784990533E+04  -0.179028258E+02  -0.183665838E+02  -0.185454428E+02  -0.185288818E+02  -0.184378498E+02  -0.187176430E+02  -0.181964884E+02  -0.185227443E+02  -0.189494476E+02  -0.187530527E+02  -0.162533438E+02  -0.133195027E+02  -0.161459880E+02  -0.166678947E+02  -0.155893776E+02
   0.124000611E+07   0.779931854E+04  -0.178802492E+02  -0.183531074E+02  -0.185387240E+02  -0.185256710E+02  -0.184371908E+02  -0.186955201E+02  -0.181810966E+02  -0.185133856E+02  -0.189473241E+02  -0.187471636E+02  -0.162113872E+02  -0.132476038E+02  -0.161019937E+02  -0.166304276E+02  -0.155438734E+02
   0.125001298E+07   0.774967675E+04  -0.178580257E+02  -0.183398141E+02  -0.185320620E+02  -0.185224516E+02  -0.184364754E+02  -0.186737418E+02  -0.181659236E+02  -0.185041331E+02  -0.189451716E+02  -0.187413158E+02  -0.161701456E+02  -0.131769793E+02  -0.160587526E+02  -0.165935918E+02  -0.154991504E+02
   0.126000457E+07   0.770112998E+04  -0.178362295E+02  -0.183267512E+02  -0.185254840E+02  -0.185192404E+02  -0.184357129E+02  -0.186523811E+02  -0.181510225E+02  -0.184950218E+02  -0.189430038E+02  -0.187355342E+02  -0.161297509E+02  -0.131078498E+02  -0.160164025E+02  -0.165575057E+02  -0.154553512E+02
   0.127001624E+07   0.765347576E+04  -0.178147631E+02  -0.183138573E+02  -0.185189560E+02  -0.185160171E+02  -0.184348934E+02  -0.186313420E+02  -0.181363242E+02  -0.184860070E+02  -0.189408047E+02  -0.187297878E+02  -0.160900279E+02  -0.130399202E+02  -0.159747599E+02  -0.165220119E+02  -0.154122861E+02
   0.128000981E+07   0.760687851E+04  -0.177936967E+02  -0.183011735E+02  -0.185124967E+02  -0.185127893E+02  -0.184340161E+02  -0.186106936E+02  -0.181218760E+02  -0.184771161E+02  -0.189385784E+02  -0.187240928E+02  -0.160511099E+02  -0.129734213E+02  -0.159339650E+02  -0.164872294E+02  -0.153701003E+02
   0.129001574E+07   0.756123188E+04  -0.177730010E+02  -0.182886893E+02  -0.185061101E+02  -0.185095683E+02  -0.184330975E+02  -0.185904073E+02  -0.181076634E+02  -0.184683475E+02  -0.189363384E+02  -0.187184550E+02  -0.160129267E+02  -0.129082199E+02  -0.158939432E+02  -0.164530974E+02  -0.153287159E+02
   0.130001468E+07   0.751663273E+04  -0.177527189E+02  -0.182764303E+02  -0.184998088E+02  -0.185063598E+02  -0.184321387E+02  -0.185705252E+02  -0.180937156E+02  -0.184597187E+02  -0.189340885E+02  -0.187128851E+02  -0.159755585E+02  -0.128444534E+02  -0.158547784E+02  -0.164196873E+02  -0.152882199E+02
   0.131001448E+07   0.747300766E+04  -0.177328316E+02  -0.182643909E+02  -0.184935969E+02  -0.185031733E+02  -0.184311527E+02  -0.185510292E+02  -0.180800243E+02  -0.184512304E+02  -0.189318396E+02  -0.187073888E+02  -0.159389582E+02  -0.127820315E+02  -0.158164210E+02  -0.163869588E+02  -0.152485603E+02
   0.132001019E+07   0.743032538E+04  -0.177133021E+02  -0.182525395E+02  -0.184874472E+02  -0.184999836E+02  -0.184301160E+02  -0.185318825E+02  -0.180665568E+02  -0.184428533E+02  -0.189295672E+02  -0.187019392E+02  -0.159030769E+02  -0.127208865E+02  -0.157788204E+02  -0.163548655E+02  -0.152096856E+02
   0.133001489E+07   0.738856692E+04  -0.176941309E+02  -0.182408804E+02  -0.184813663E+02  -0.184967986E+02  -0.184290373E+02  -0.185130858E+02  -0.180533165E+02  -0.184345933E+02  -0.189272797E+02  -0.186965432E+02  -0.158679078E+02  -0.126610006E+02  -0.157419693E+02  -0.163234025E+02  -0.151715880E+02
   0.134001453E+07   0.734781295E+04  -0.176753681E+02  -0.182294490E+02  -0.184753789E+02  -0.184936374E+02  -0.184279319E+02  -0.184946885E+02  -0.180403419E+02  -0.184264791E+02  -0.189249944E+02  -0.186912242E+02  -0.158335319E+02  -0.126025024E+02  -0.157059519E+02  -0.162926435E+02  -0.151343541E+02
   0.135000974E+07   0.730803840E+04  -0.176570025E+02  -0.182182385E+02  -0.184694816E+02  -0.184904985E+02  -0.184267993E+02  -0.184766797E+02  -0.180276254E+02  -0.184185063E+02  -0.189227103E+02  -0.186859794E+02  -0.157999286E+02  -0.125453565E+02  -0.156707463E+02  -0.162625701E+02  -0.150979613E+02
   0.136001799E+07   0.726914365E+04  -0.176389810E+02  -0.182072140E+02  -0.184636527E+02  -0.184873669E+02  -0.184256296E+02  -0.184590071E+02  -0.180151281E+02  -0.184106477E+02  -0.189204147E+02  -0.186807885E+02  -0.157670063E+02  -0.124894124E+02  -0.156362574E+02  -0.162330998E+02  -0.150623114E+02
   0.137001621E+07   0.723084808E+04  -0.176212445E+02  -0.181963666E+02  -0.184579209E+02  -0.184842909E+02  -0.184244852E+02  -0.184416140E+02  -0.180028306E+02  -0.184029175E+02  -0.189181617E+02  -0.186756848E+02  -0.157345986E+02  -0.124343375E+02  -0.156023071E+02  -0.162040908E+02  -0.150272179E+02
   0.138000664E+07   0.719387894E+04  -0.176039902E+02  -0.181857628E+02  -0.184522556E+02  -0.184811893E+02  -0.184232485E+02  -0.184246913E+02  -0.179908270E+02  -0.183953230E+02  -0.189158547E+02  -0.186706258E+02  -0.157031812E+02  -0.123810382E+02  -0.155694007E+02  -0.161759545E+02  -0.149932080E+02
   0.139001448E+07   0.715779668E+04  -0.175870972E+02  -0.181753607E+02  -0.184466735E+02  -0.184781095E+02  -0.184219887E+02  -0.184081220E+02  -0.179790587E+02  -0.183878580E+02  -0.189135504E+02  -0.186656356E+02  -0.156724649E+02  -0.123289648E+02  -0.155372310E+02  -0.161484405E+02  -0.149599612E+02
   0.140000783E+07   0.712271980E+04  -0.175706266E+02  -0.181652001E+02  -0.184411986E+02  -0.184750671E+02  -0.184207157E+02  -0.183919659E+02  -0.179675699E+02  -0.183805526E+02  -0.189112619E+02  -0.186607360E+02  -0.156425561E+02  -0.122782940E+02  -0.155059093E+02  -0.161216448E+02  -0.149275925E+02
   0.141001675E+07   0.708850284E+04  -0.175544984E+02  -0.181552274E+02  -0.184357967E+02  -0.184720381E+02  -0.184194126E+02  -0.183761447E+02  -0.179563016E+02  -0.183733651E+02  -0.189089682E+02  -0.186558953E+02  -0.156133193E+02  -0.122288042E+02  -0.154752942E+02  -0.160954447E+02  -0.148959560E+02
   0.142000377E+07   0.705527076E+04  -0.175387746E+02  -0.181454818E+02  -0.184304902E+02  -0.184690363E+02  -0.184180871E+02  -0.183607189E+02  -0.179452976E+02  -0.183663245E+02  -0.189066807E+02  -0.186511340E+02  -0.155848641E+02  -0.121806789E+02  -0.154455004E+02  -0.160699388E+02  -0.148651702E+02
   0.143000062E+07   0.702297437E+04  -0.175234247E+02  -0.181359418E+02  -0.184252645E+02  -0.184660503E+02  -0.184167302E+02  -0.183456587E+02  -0.179345347E+02  -0.183594134E+02  -0.189043888E+02  -0.186464380E+02  -0.155571413E+02  -0.121338398E+02  -0.154164767E+02  -0.160450823E+02  -0.148351825E+02
   0.144001072E+07   0.699153587E+04  -0.175070161E+02  -0.181257331E+02  -0.184196495E+02  -0.184628356E+02  -0.184152658E+02  -0.183295629E+02  -0.179230214E+02  -0.183519986E+02  -0.189019201E+02  -0.186414007E+02  -0.155277463E+02  -0.120841567E+02  -0.153856477E+02  -0.160187642E+02  -0.148036914E+02
   0.145001528E+07   0.696100864E+04  -0.174872718E+02  -0.181134435E+02  -0.184128591E+02  -0.184589562E+02  -0.184135194E+02  -0.183102038E+02  -0.179091639E+02  -0.183430411E+02  -0.188989504E+02  -0.186353350E+02  -0.154929085E+02  -0.120251920E+02  -0.153489759E+02  -0.159876700E+02  -0.147671050E+02
   0.146001125E+07   0.693140872E+04  -0.174680662E+02  -0.181014662E+02  -0.184062139E+02  -0.184551336E+02  -0.184117650E+02  -0.182913716E+02  -0.178956664E+02  -0.183342946E+02  -0.188960098E+02  -0.186293925E+02  -0.154590679E+02  -0.119679575E+02  -0.153133569E+02  -0.159574593E+02  -0.147315690E+02
   0.147000858E+07   0.690271389E+04  -0.174493928E+02  -0.180898001E+02  -0.183997169E+02  -0.184513729E+02  -0.184100092E+02  -0.182730603E+02  -0.178825265E+02  -0.183257605E+02  -0.188931041E+02  -0.186235766E+02  -0.154262071E+02  -0.119124180E+02  -0.152787721E+02  -0.159281173E+02  -0.146970645E+02
   0.148001541E+07   0.687489144E+04  -0.174312338E+02  -0.180784355E+02  -0.183933641E+02  -0.184476732E+02  -0.184082535E+02  -0.182552525E+02  -0.178697329E+02  -0.183174327E+02  -0.188902335E+02  -0.186178844E+02  -0.153942920E+02  -0.118585137E+02  -0.152451855E+02  -0.158996141E+02  -0.146635558E+02
   0.149001681E+07   0.684796639E+04  -0.174136040E+02  -0.180673808E+02  -0.183871596E+02  -0.184440363E+02  -0.184064979E+02  -0.182379624E+02  -0.178572953E+02  -0.183093168E+02  -0.188873989E+02  -0.186123191E+02  -0.153633498E+02  -0.118062916E+02  -0.152126256E+02  -0.158719737E+02  -0.146310713E+02
   0.150000153E+07   0.682195513E+04  -0.173965143E+02  -0.180566430E+02  -0.183811075E+02  -0.184404646E+02  -0.184047436E+02  -0.182212008E+02  -0.178452216E+02  -0.183014181E+02  -0.188846022E+02  -0.186068844E+02  -0.153333994E+02  -0.117557834E+02  -0.151811125E+02  -0.158452131E+02  -0.145996310E+02
   0.151001450E+07   0.679673913E+04  -0.173798899E+02  -0.180461764E+02  -0.183751833E+02  -0.184369449E+02  -0.184029858E+02  -0.182048946E+02  -0.178334599E+02  -0.182937038E+02  -0.188818339E+02  -0.186015588E+02  -0.153043076E+02  -0.117067624E+02  -0.151505057E+02  -0.158192135E+02  -0.145690948E+02
   0.152000774E+07   0.677245698E+04  -0.173638168E+02  -0.180360330E+02  -0.183694140E+02  -0.184334912E+02  -0.184012287E+02  -0.181891279E+02  -0.178220694E+02  -0.182862108E+02  -0.188791037E+02  -0.185963660E+02  -0.152762288E+02  -0.116594925E+02  -0.151209680E+02  -0.157941124E+02  -0.145396251E+02
   0.153001170E+07   0.674899317E+04  -0.173482355E+02  -0.180261816E+02  -0.183637894E+02  -0.184301040E+02  -0.183994810E+02  -0.181738427E+02  -0.178110129E+02  -0.182789205E+02  -0.188764158E+02  -0.185912984E+02  -0.152490465E+02  -0.116137657E+02  -0.150923760E+02  -0.157698074E+02  -0.145110988E+02
   0.154001762E+07   0.672633902E+04  -0.173331304E+02  -0.180166087E+02  -0.183582974E+02  -0.184267723E+02  -0.183977321E+02  -0.181590235E+02  -0.178002765E+02  -0.182718202E+02  -0.188737590E+02  -0.185863442E+02  -0.152227406E+02  -0.115695554E+02  -0.150647090E+02  -0.157462796E+02  -0.144834953E+02
   0.155001580E+07   0.670449936E+04  -0.173185059E+02  -0.180073175E+02  -0.183529403E+02  -0.184234978E+02  -0.183959836E+02  -0.181446745E+02  -0.177898635E+02  -0.182649128E+02  -0.188711353E+02  -0.185815055E+02  -0.151973180E+02  -0.115268720E+02  -0.150379743E+02  -0.157235352E+02  -0.144568217E+02
   0.156000272E+07   0.668347412E+04  -0.173043615E+02  -0.179983075E+02  -0.183477178E+02  -0.184202802E+02  -0.183942350E+02  -0.181307954E+02  -0.177797737E+02  -0.182581976E+02  -0.188685442E+02  -0.185767821E+02  -0.151727782E+02  -0.114857151E+02  -0.150121713E+02  -0.157015738E+02  -0.144310776E+02
   0.157000878E+07   0.666318102E+04  -0.172906458E+02  -0.179895473E+02  -0.183426132E+02  -0.184171107E+02  -0.183924834E+02  -0.181173357E+02  -0.177699713E+02  -0.182516524E+02  -0.188659794E+02  -0.185721593E+02  -0.151490290E+02  -0.114459275E+02  -0.149872029E+02  -0.156803131E+02  -0.144061660E+02
   0.158000824E+07   0.664364393E+04  -0.172773742E+02  -0.179810467E+02  -0.183376320E+02  -0.184139925E+02  -0.183907303E+02  -0.181043107E+02  -0.177604672E+02  -0.182452843E+02  -0.188634434E+02  -0.185676419E+02  -0.151260978E+02  -0.114075554E+02  -0.149630980E+02  -0.156597778E+02  -0.143821158E+02
   0.159001556E+07   0.662483876E+04  -0.172645153E+02  -0.179727800E+02  -0.183327528E+02  -0.184109066E+02  -0.183889584E+02  -0.180916890E+02  -0.177512347E+02  -0.182390702E+02  -0.188609179E+02  -0.185632091E+02  -0.151039412E+02  -0.113705362E+02  -0.149398115E+02  -0.156399272E+02  -0.143588819E+02
   0.160000098E+07   0.660674825E+04  -0.172520785E+02  -0.179647609E+02  -0.183279926E+02  -0.184078714E+02  -0.183871872E+02  -0.180794805E+02  -0.177422865E+02  -0.182330257E+02  -0.188584217E+02  -0.185588783E+02  -0.150825600E+02  -0.113348574E+02  -0.149173434E+02  -0.156207644E+02  -0.143364645E+02
   0.161001043E+07   0.658930027E+04  -0.172400189E+02  -0.179569622E+02  -0.183233369E+02  -0.184048795E+02  -0.183854144E+02  -0.180676411E+02  -0.177335916E+02  -0.182271313E+02  -0.188559497E+02  -0.185546368E+02  -0.150618737E+02  -0.113003813E+02  -0.148956088E+02  -0.156022178E+02  -0.143147788E+02
   0.162000587E+07   0.657252078E+04  -0.172283421E+02  -0.179493829E+02  -0.183187803E+02  -0.184019230E+02  -0.183836303E+02  -0.180561760E+02  -0.177251506E+02  -0.182213836E+02  -0.188534932E+02  -0.185504785E+02  -0.150419007E+02  -0.112671467E+02  -0.148746277E+02  -0.155843024E+02  -0.142938447E+02
   0.163000567E+07   0.655635551E+04  -0.172170114E+02  -0.179419998E+02  -0.183143092E+02  -0.183989934E+02  -0.183818302E+02  -0.180450493E+02  -0.177169372E+02  -0.182157649E+02  -0.188510453E+02  -0.185463912E+02  -0.150225775E+02  -0.112350475E+02  -0.148543333E+02  -0.155669616E+02  -0.142735955E+02
   0.164001454E+07   0.654077832E+04  -0.172060055E+02  -0.179347979E+02  -0.183099132E+02  -0.183960829E+02  -0.183800080E+02  -0.180342399E+02  -0.177089352E+02  -0.182102631E+02  -0.188485989E+02  -0.185423651E+02  -0.150038698E+02  -0.112040285E+02  -0.148346897E+02  -0.155501641E+02  -0.142539956E+02
   0.165001300E+07   0.652579311E+04  -0.171953307E+02  -0.179277825E+02  -0.183055973E+02  -0.183931959E+02  -0.183781681E+02  -0.180237542E+02  -0.177011502E+02  -0.182048834E+02  -0.188461585E+02  -0.185384048E+02  -0.149857859E+02  -0.111741013E+02  -0.148157056E+02  -0.155339179E+02  -0.142350534E+02
   0.166000649E+07   0.651139207E+04  -0.171849698E+02  -0.179209384E+02  -0.183013474E+02  -0.183903192E+02  -0.183762977E+02  -0.180135751E+02  -0.176935665E+02  -0.181996111E+02  -0.188437109E+02  -0.185344968E+02  -0.149683049E+02  -0.111452385E+02  -0.147973593E+02  -0.155182028E+02  -0.142167474E+02
   0.167000084E+07   0.649753307E+04  -0.171748996E+02  -0.179142526E+02  -0.182971581E+02  -0.183874516E+02  -0.183743983E+02  -0.180036798E+02  -0.176861689E+02  -0.181944380E+02  -0.188412562E+02  -0.185306365E+02  -0.149513824E+02  -0.111173627E+02  -0.147796042E+02  -0.155029799E+02  -0.141990311E+02
   0.168000522E+07   0.648417888E+04  -0.171650926E+02  -0.179077066E+02  -0.182930178E+02  -0.183845847E+02  -0.183724645E+02  -0.179940412E+02  -0.176789371E+02  -0.181893497E+02  -0.188387873E+02  -0.185268132E+02  -0.149349727E+02  -0.110903987E+02  -0.147623922E+02  -0.154882079E+02  -0.141818565E+02
   0.169000995E+07   0.647132156E+04  -0.171555411E+02  -0.179012949E+02  -0.182889221E+02  -0.183817151E+02  -0.183704933E+02  -0.179846520E+02  -0.176718650E+02  -0.181843413E+02  -0.188363008E+02  -0.185230228E+02  -0.149190643E+02  -0.110643285E+02  -0.147457113E+02  -0.154738761E+02  -0.141652116E+02
   0.170000387E+07   0.645894282E+04  -0.171462397E+02  -0.178950164E+02  -0.182848736E+02  -0.183788469E+02  -0.183684900E+02  -0.179755068E+02  -0.176649507E+02  -0.181794140E+02  -0.188338015E+02  -0.185192681E+02  -0.149036425E+02  -0.110391234E+02  -0.147295458E+02  -0.154599724E+02  -0.141490808E+02
   0.171000064E+07   0.644701627E+04  -0.171371637E+02  -0.178888529E+02  -0.182808584E+02  -0.183759691E+02  -0.183664455E+02  -0.179665812E+02  -0.176581746E+02  -0.181745522E+02  -0.188312790E+02  -0.185155361E+02  -0.148886697E+02  -0.110147246E+02  -0.147138564E+02  -0.154464621E+02  -0.141334248E+02
   0.172001725E+07   0.643550735E+04  -0.171282873E+02  -0.178827870E+02  -0.182768658E+02  -0.183730739E+02  -0.183643545E+02  -0.179578501E+02  -0.176515176E+02  -0.181697425E+02  -0.188287268E+02  -0.185118166E+02  -0.148741030E+02  -0.109910619E+02  -0.146985983E+02  -0.154333068E+02  -0.141181989E+02
   0.173001676E+07   0.642444635E+04  -0.171196278E+02  -0.178768285E+02  -0.182728998E+02  -0.183701627E+02  -0.183622161E+02  -0.179493301E+02  -0.176449911E+02  -0.181649913E+02  -0.188261452E+02  -0.185081133E+02  -0.148599747E+02  -0.109681916E+02  -0.146838054E+02  -0.154205348E+02  -0.141034369E+02
   0.174000820E+07   0.641379552E+04  -0.171111624E+02  -0.178709641E+02  -0.182689540E+02  -0.183672325E+02  -0.183600301E+02  -0.179409991E+02  -0.176385796E+02  -0.181602894E+02  -0.188235324E+02  -0.185044203E+02  -0.148462432E+02  -0.109460424E+02  -0.146694341E+02  -0.154081095E+02  -0.140890954E+02
   0.175000821E+07   0.640353574E+04  -0.171028660E+02  -0.178651732E+02  -0.182650113E+02  -0.183642682E+02  -0.183577827E+02  -0.179328322E+02  -0.176322618E+02  -0.181556184E+02  -0.188208738E+02  -0.185007211E+02  -0.148328742E+02  -0.109245646E+02  -0.146554486E+02  -0.153959986E+02  -0.140751387E+02
   0.176000771E+07   0.639363419E+04  -0.170947260E+02  -0.178594512E+02  -0.182610730E+02  -0.183612740E+02  -0.183554803E+02  -0.179248172E+02  -0.176260312E+02  -0.181509771E+02  -0.188181746E+02  -0.184970178E+02  -0.148198386E+02  -0.109037035E+02  -0.146418182E+02  -0.153841773E+02  -0.140615360E+02
   0.177001191E+07   0.638410756E+04  -0.170867487E+02  -0.178538003E+02  -0.182571382E+02  -0.183582477E+02  -0.183531196E+02  -0.179169601E+02  -0.176198911E+02  -0.181463660E+02  -0.188154322E+02  -0.184933092E+02  -0.148071511E+02  -0.108834867E+02  -0.146285583E+02  -0.153726580E+02  -0.140483028E+02
   0.178000311E+07   0.637493603E+04  -0.170789261E+02  -0.178482174E+02  -0.182532074E+02  -0.183551915E+02  -0.183507043E+02  -0.179092532E+02  -0.176138371E+02  -0.181417842E+02  -0.188126493E+02  -0.184895962E+02  -0.147947939E+02  -0.108638808E+02  -0.146156500E+02  -0.153614255E+02  -0.140354202E+02
   0.179000237E+07   0.636609874E+04  -0.170712284E+02  -0.178426777E+02  -0.182492597E+02  -0.183520865E+02  -0.183482168E+02  -0.179016670E+02  -0.176078436E+02  -0.181372091E+02  -0.188098076E+02  -0.184858583E+02  -0.147827268E+02  -0.108448293E+02  -0.146030520E+02  -0.153504421E+02  -0.140228469E+02
   0.180000988E+07   0.635757919E+04  -0.170636464E+02  -0.178371762E+02  -0.182452929E+02  -0.183489321E+02  -0.183456577E+02  -0.178941925E+02  -0.176019045E+02  -0.181326375E+02  -0.188069071E+02  -0.184820937E+02  -0.147709325E+02  -0.108263017E+02  -0.145907459E+02  -0.153396926E+02  -0.140105647E+02
   0.181000970E+07   0.634936648E+04  -0.170561828E+02  -0.178317181E+02  -0.182413142E+02  -0.183457366E+02  -0.183430359E+02  -0.178868325E+02  -0.175960246E+02  -0.181280758E+02  -0.188039563E+02  -0.184783100E+02  -0.147594083E+02  -0.108082866E+02  -0.145787282E+02  -0.153291755E+02  -0.139985700E+02
   0.182001519E+07   0.634144354E+04  -0.170488242E+02  -0.178262944E+02  -0.182373177E+02  -0.183424956E+02  -0.183403485E+02  -0.178795739E+02  -0.175901939E+02  -0.181235169E+02  -0.188009514E+02  -0.184745016E+02  -0.147481325E+02  -0.107907490E+02  -0.145669764E+02  -0.153188713E+02  -0.139868404E+02
   0.183001332E+07   0.633380743E+04  -0.170415680E+02  -0.178209029E+02  -0.182333018E+02  -0.183392079E+02  -0.183375944E+02  -0.178724141E+02  -0.175844103E+02  -0.181189589E+02  -0.187978912E+02  -0.184706669E+02  -0.147371008E+02  -0.107736821E+02  -0.145554859E+02  -0.153087760E+02  -0.139753713E+02
   0.184000365E+07   0.632645361E+04  -0.170344072E+02  -0.178155379E+02  -0.182292615E+02  -0.183358688E+02  -0.183347691E+02  -0.178653460E+02  -0.175786675E+02  -0.181143965E+02  -0.187947712E+02  -0.184668012E+02  -0.147263040E+02  -0.107570733E+02  -0.145442473E+02  -0.152988810E+02  -0.139641533E+02
   0.185001354E+07   0.631934928E+04  -0.170273093E+02  -0.178101749E+02  -0.182251783E+02  -0.183324630E+02  -0.183318597E+02  -0.178583378E+02  -0.175729397E+02  -0.181098089E+02  -0.187915772E+02  -0.184628866E+02  -0.147156936E+02  -0.107408481E+02  -0.145332101E+02  -0.152891418E+02  -0.139531359E+02
   0.186001009E+07   0.631251192E+04  -0.170202971E+02  -0.178048324E+02  -0.182210675E+02  -0.183290042E+02  -0.183288786E+02  -0.178514119E+02  -0.175672460E+02  -0.181052128E+02  -0.187883221E+02  -0.184589381E+02  -0.147053008E+02  -0.107250515E+02  -0.145224066E+02  -0.152795875E+02  -0.139423515E+02
   0.187000537E+07   0.630591644E+04  -0.170133547E+02  -0.177995006E+02  -0.182169238E+02  -0.183254895E+02  -0.183258247E+02  -0.178445527E+02  -0.175615755E+02  -0.181006008E+02  -0.187850039E+02  -0.184549510E+02  -0.146950975E+02  -0.107096355E+02  -0.145118069E+02  -0.152701929E+02  -0.139317704E+02
   0.188000872E+07   0.629954868E+04  -0.170064710E+02  -0.177941720E+02  -0.182127422E+02  -0.183219151E+02  -0.183226953E+02  -0.178377493E+02  -0.175559198E+02  -0.180959672E+02  -0.187816192E+02  -0.184509206E+02  -0.146850654E+02  -0.106945707E+02  -0.145013923E+02  -0.152609417E+02  -0.139213736E+02
   0.189000124E+07   0.629341149E+04  -0.169996527E+02  -0.177888523E+02  -0.182085281E+02  -0.183182862E+02  -0.183194952E+02  -0.178310084E+02  -0.175502849E+02  -0.180913175E+02  -0.187781733E+02  -0.184468522E+02  -0.146752127E+02  -0.106798675E+02  -0.144911708E+02  -0.152518416E+02  -0.139111693E+02
   0.190000381E+07   0.628748719E+04  -0.169928775E+02  -0.177835239E+02  -0.182042669E+02  -0.183145899E+02  -0.183162129E+02  -0.178243080E+02  -0.175446522E+02  -0.180866356E+02  -0.187746535E+02  -0.184427316E+02  -0.146655084E+02  -0.106654810E+02  -0.144811106E+02  -0.152428638E+02  -0.139011257E+02
   0.191001088E+07   0.628176945E+04  -0.169861445E+02  -0.177781871E+02  -0.181999601E+02  -0.183108284E+02  -0.183128508E+02  -0.178176472E+02  -0.175390218E+02  -0.180819230E+02  -0.187710623E+02  -0.184385606E+02  -0.146559484E+02  -0.106514021E+02  -0.144712071E+02  -0.152340050E+02  -0.138912381E+02
   0.192001038E+07   0.627625111E+04  -0.169794566E+02  -0.177728468E+02  -0.181956138E+02  -0.183070083E+02  -0.183094163E+02  -0.178110288E+02  -0.175333980E+02  -0.180771849E+02  -0.187674067E+02  -0.184343452E+02  -0.146465320E+02  -0.106376243E+02  -0.144614592E+02  -0.152252653E+02  -0.138815057E+02
   0.193001050E+07   0.627091905E+04  -0.169728053E+02  -0.177674976E+02  -0.181912251E+02  -0.183031281E+02  -0.183059087E+02  -0.178044448E+02  -0.175277750E+02  -0.180724177E+02  -0.187636854E+02  -0.184300832E+02  -0.146372444E+02  -0.106241226E+02  -0.144518513E+02  -0.152166316E+02  -0.138719127E+02
   0.194000756E+07   0.626577098E+04  -0.169661861E+02  -0.177621355E+02  -0.181867904E+02  -0.182991843E+02  -0.183023246E+02  -0.177978906E+02  -0.175221485E+02  -0.180676176E+02  -0.187598950E+02  -0.184257707E+02  -0.146280799E+02  -0.106108893E+02  -0.144423774E+02  -0.152080984E+02  -0.138624533E+02
   0.195001029E+07   0.626079628E+04  -0.169595857E+02  -0.177567500E+02  -0.181823010E+02  -0.182951693E+02  -0.182986571E+02  -0.177913529E+02  -0.175165075E+02  -0.180627750E+02  -0.187560282E+02  -0.184213993E+02  -0.146190199E+02  -0.105978976E+02  -0.144330185E+02  -0.151996484E+02  -0.138531083E+02
   0.196001295E+07   0.625598059E+04  -0.169530005E+02  -0.177513408E+02  -0.181777593E+02  -0.182910868E+02  -0.182949111E+02  -0.177848285E+02  -0.175108509E+02  -0.180578915E+02  -0.187520892E+02  -0.184169720E+02  -0.146100537E+02  -0.105851254E+02  -0.144237630E+02  -0.151912728E+02  -0.138438663E+02
   0.197000506E+07   0.625131935E+04  -0.169464300E+02  -0.177459086E+02  -0.181731668E+02  -0.182869388E+02  -0.182910888E+02  -0.177783169E+02  -0.175051794E+02  -0.180529680E+02  -0.187480801E+02  -0.184124901E+02  -0.146011786E+02  -0.105725663E+02  -0.144146079E+02  -0.151829693E+02  -0.138347242E+02
   0.198000064E+07   0.624679603E+04  -0.169398595E+02  -0.177404426E+02  -0.181685157E+02  -0.182827190E+02  -0.182871851E+02  -0.177718034E+02  -0.174994811E+02  -0.180479958E+02  -0.187439950E+02  -0.184079464E+02  -0.145923716E+02  -0.105601844E+02  -0.144055291E+02  -0.151747170E+02  -0.138256581E+02
