#wavelength    flux
3700.473995    1.12473921e-14
3702.780529    1.099371526e-14
3705.087063    1.112479577e-14
3707.393597    1.145346571e-14
3709.700132    1.135744673e-14
3712.006666    1.170602812e-14
3714.3132    1.154452667e-14
3716.619734    1.12697101e-14
3718.926268    1.160300338e-14
3721.232803    1.161950252e-14
3723.539337    1.157475612e-14
3725.845871    1.138551976e-14
3728.152405    1.147063075e-14
3730.458939    1.142879981e-14
3732.765474    1.126911493e-14
3735.072008    1.121450768e-14
3737.378542    1.125587801e-14
3739.685076    1.14663369e-14
3741.99161    1.148342086e-14
3744.298145    1.142937946e-14
3746.604679    1.146484639e-14
3748.911213    1.114131734e-14
3751.217747    1.100143867e-14
3753.524281    1.092346972e-14
3755.830815    1.101220002e-14
3758.13735    1.07187555e-14
3760.443884    1.079160254e-14
3762.750418    1.106957265e-14
3765.056952    1.102329261e-14
3767.363486    1.084141221e-14
3769.670021    1.078356344e-14
3771.976555    1.06311241e-14
3774.283089    1.075891652e-14
3776.589623    1.073915688e-14
3778.896157    1.037440414e-14
3781.202692    1.033557837e-14
3783.509226    1.044171179e-14
3785.81576    1.087246454e-14
3788.122294    1.070764222e-14
3790.428828    1.034715227e-14
3792.735363    1.020604703e-14
3795.041897    1.023254502e-14
3797.348431    1.035063358e-14
3799.654965    1.040712467e-14
3801.961499    1.04561908e-14
3804.268034    1.017606083e-14
3806.574568    1.013174743e-14
3808.881102    1.042206601e-14
3811.187636    1.035269683e-14
3813.49417    1.037829775e-14
3815.800705    1.039105681e-14
3818.107239    1.031398665e-14
3820.413773    1.026444783e-14
3822.720307    1.040409361e-14
3825.026841    1.042987395e-14
3827.333376    1.044371639e-14
3829.63991    1.044111144e-14
3831.946444    1.032462553e-14
3834.252978    1.015815053e-14
3836.559512    1.019224772e-14
3838.866047    1.021220401e-14
3841.172581    1.008685956e-14
3843.479115    1.011537422e-14
3845.785649    1.024840413e-14
3848.092183    1.032258297e-14
3850.398718    1.02399855e-14
3852.705252    1.023559159e-14
3855.011786    1.042352202e-14
3857.31832    1.047562956e-14
3859.624854    1.046609822e-14
3861.931389    1.038412524e-14
3864.237923    1.036778654e-14
3866.544457    1.031173881e-14
3868.850991    1.00967618e-14
3871.157525    1.015065312e-14
3873.46406    1.02099786e-14
3875.770594    1.013215283e-14
3878.077128    1.011396307e-14
3880.383662    1.015138285e-14
3882.690196    1.018720516e-14
3884.996731    1.012021494e-14
3887.303265    9.938122346e-15
3889.609799    1.009752776e-14
3891.916333    1.018019079e-14
3894.222867    1.011531039e-14
3896.529402    9.883989508e-15
3898.835936    9.859566851e-15
3901.14247    1.018734835e-14
3903.449004    1.033110166e-14
3905.755538    9.972564555e-15
3908.062073    9.825605952e-15
3910.368607    1.004121781e-14
3912.675141    9.945071167e-15
3914.981675    9.787532345e-15
3917.288209    9.892418491e-15
3919.594744    1.000419998e-14
3921.901278    9.91373074e-15
3924.207812    9.712332226e-15
3926.514346    9.542636417e-15
3928.82088    9.5514018e-15
3931.127415    9.533401799e-15
3933.433949    9.46686183e-15
3935.740483    9.622385702e-15
3938.047017    9.776917623e-15
3940.353551    9.791867595e-15
3942.660086    9.578377649e-15
3944.96662    9.388251131e-15
3947.273154    9.128022253e-15
3949.579688    9.029986596e-15
3951.886222    9.218080911e-15
3954.192757    9.456050444e-15
3956.499291    9.659241367e-15
3958.805825    9.635520837e-15
3961.112359    9.682782484e-15
3963.418893    9.675248844e-15
3965.725428    9.616758329e-15
3968.031962    9.592642745e-15
3970.338496    9.491400072e-15
3972.64503    9.33732876e-15
3974.951564    9.347969358e-15
3977.258099    9.531954415e-15
3979.564633    9.442389144e-15
3981.871167    9.192452388e-15
3984.177701    9.144100459e-15
3986.484235    9.425118873e-15
3988.79077    9.571908414e-15
3991.097304    9.515827905e-15
3993.403838    9.597103929e-15
3995.710372    9.502140728e-15
3998.016906    9.402040091e-15
4000.323441    9.411643887e-15
4002.629975    9.38477327e-15
4004.936509    9.21620742e-15
4007.243043    9.104172338e-15
4009.549577    9.196696206e-15
4011.856112    9.304408114e-15
4014.162646    9.196128639e-15
4016.46918    9.247366709e-15
4018.775714    9.425751995e-15
4021.082248    9.387664587e-15
4023.388783    9.324476545e-15
4025.695317    9.312909552e-15
4028.001851    9.329719214e-15
4030.308385    9.138436859e-15
4032.614919    9.073879064e-15
4034.921454    9.098120584e-15
4037.227988    9.295806619e-15
4039.534522    9.32213727e-15
4041.841056    9.246687008e-15
4044.14759    9.13944951e-15
4046.454125    9.156573145e-15
4048.760659    9.084623171e-15
4051.067193    9.10459672e-15
4053.373727    9.287281029e-15
4055.680261    9.166002703e-15
4057.986796    9.042671473e-15
4060.29333    9.172252847e-15
4062.599864    9.123714604e-15
4064.906398    9.115706553e-15
4067.212932    9.181915297e-15
4069.519467    9.326346586e-15
4071.826001    9.351623182e-15
4074.132535    9.494874483e-15
4076.439069    9.608848611e-15
4078.745603    9.355834223e-15
4081.052137    9.206067109e-15
4083.358672    9.09493772e-15
4085.665206    9.107023977e-15
4087.97174    8.938773826e-15
4090.278274    9.079170037e-15
4092.584808    9.100747956e-15
4094.891343    8.977520233e-15
4097.197877    8.859757721e-15
4099.504411    8.871961287e-15
4101.810945    9.164369005e-15
4104.117479    9.13211426e-15
4106.424014    9.050662272e-15
4108.730548    8.978715748e-15
4111.037082    8.919300564e-15
4113.343616    9.0553598e-15
4115.65015    9.143557043e-15
4117.956685    9.183868143e-15
4120.263219    9.098881366e-15
4122.569753    8.90397969e-15
4124.876287    8.789639834e-15
4127.182821    8.931578311e-15
4129.489356    9.050534613e-15
4131.79589    8.877100447e-15
4134.102424    8.930125752e-15
4136.408958    8.919723221e-15
4138.715492    8.644851444e-15
4141.022027    8.695511595e-15
4143.328561    8.847902631e-15
4145.635095    8.842998088e-15
4147.941629    8.826605908e-15
4150.248163    8.729336209e-15
4152.554698    8.771795095e-15
4154.861232    8.784975084e-15
4157.167766    8.654084336e-15
4159.4743    8.639310328e-15
4161.780834    8.607788762e-15
4164.087369    8.781664561e-15
4166.393903    8.698328732e-15
4168.700437    8.632558171e-15
4171.006971    8.747555301e-15
4173.313505    8.709938853e-15
4175.62004    8.496523087e-15
4177.926574    8.722571976e-15
4180.233108    8.639708833e-15
4182.539642    8.478024524e-15
4184.846176    8.525883066e-15
4187.152711    8.555346552e-15
4189.459245    8.511673174e-15
4191.765779    8.55985259e-15
4194.072313    8.448564488e-15
4196.378847    8.409695597e-15
4198.685382    8.419245913e-15
4200.991916    8.407527109e-15
4203.29845    8.408443153e-15
4205.604984    8.410763452e-15
4207.911518    8.357282713e-15
4210.218053    8.471660522e-15
4212.524587    8.629068234e-15
4214.831121    8.546348276e-15
4217.137655    8.372586337e-15
4219.444189    8.420550111e-15
4221.750724    8.424702498e-15
4224.057258    8.442642119e-15
4226.363792    8.465544938e-15
4228.670326    8.476649596e-15
4230.97686    8.4777002e-15
4233.283395    8.366072248e-15
4235.589929    8.199667985e-15
4237.896463    8.24190433e-15
4240.202997    8.334241884e-15
4242.509531    8.191354586e-15
4244.816066    8.258976211e-15
4247.1226    8.253944008e-15
4249.429134    8.215223478e-15
4251.735668    8.051829566e-15
4254.042202    8.101197596e-15
4256.348737    8.167102716e-15
4258.655271    8.166699036e-15
4260.961805    8.229385065e-15
4263.268339    8.114693283e-15
4265.574873    7.964275795e-15
4267.881408    8.04321772e-15
4270.187942    8.012400007e-15
4272.494476    7.92762542e-15
4274.80101    8.008316625e-15
4277.107544    8.055714557e-15
4279.414079    8.065758261e-15
4281.720613    8.141446591e-15
4284.027147    7.986310874e-15
4286.333681    8.041190692e-15
4288.640215    8.089948026e-15
4290.94675    8.127930202e-15
4293.253284    8.196609331e-15
4295.559818    8.098870396e-15
4297.866352    8.024448311e-15
4300.172886    7.950524789e-15
4302.479421    8.009927896e-15
4304.785955    7.971200465e-15
4307.092489    7.883410352e-15
4309.399023    7.901681198e-15
4311.705557    7.95154434e-15
4314.012092    7.972464985e-15
4316.318626    8.092953202e-15
4318.62516    8.081298227e-15
4320.931694    7.821107302e-15
4323.238228    7.786188956e-15
4325.544763    7.9849877e-15
4327.851297    8.00731605e-15
4330.157831    7.963880741e-15
4332.464365    7.921028525e-15
4334.770899    7.948382178e-15
4337.077434    7.923115932e-15
4339.383968    8.006410357e-15
4341.690502    8.172643832e-15
4343.997036    8.225508699e-15
4346.30357    8.163899151e-15
4348.610105    8.173818645e-15
4350.916639    8.076084886e-15
4353.223173    8.030479364e-15
4355.529707    8.217312609e-15
4357.836241    8.23277667e-15
4360.142776    8.42952596e-15
4362.44931    8.479822109e-15
4364.755844    8.021808863e-15
4367.062378    7.810735823e-15
4369.368912    7.838120528e-15
4371.675447    8.093755387e-15
4373.981981    8.085638653e-15
4376.288515    7.780489128e-15
4378.595049    7.811850257e-15
4380.901583    7.950115933e-15
4383.208118    7.822635766e-15
4385.514652    7.679048066e-15
4387.821186    7.809919837e-15
4390.12772    7.936501211e-15
4392.434254    7.763864056e-15
4394.740788    7.710366066e-15
4397.047323    7.790313741e-15
4399.353857    7.587107291e-15
4401.660391    7.554956054e-15
4403.966925    7.58742989e-15
4406.273459    7.635573078e-15
4408.579994    7.610555251e-15
4410.886528    7.627440818e-15
4413.193062    7.801232085e-15
4415.499596    7.632899128e-15
4417.80613    7.478070484e-15
4420.112665    7.546932476e-15
4422.419199    7.65958688e-15
4424.725733    7.501528794e-15
4427.032267    7.536005506e-15
4429.338801    7.659975035e-15
4431.645336    7.519794465e-15
4433.95187    7.348354549e-15
4436.258404    7.418118785e-15
4438.564938    7.431598946e-15
4440.871472    7.319546612e-15
4443.178007    7.378287271e-15
4445.484541    7.353471283e-15
4447.791075    7.331099804e-15
4450.097609    7.424132586e-15
4452.404143    7.536874972e-15
4454.710678    7.373163636e-15
4457.017212    7.413466111e-15
4459.323746    7.584364335e-15
4461.63028    7.678023339e-15
4463.936814    7.616015286e-15
4466.243349    7.599247027e-15
4468.549883    7.652622533e-15
4470.856417    7.476102111e-15
4473.162951    7.470486815e-15
4475.469485    7.547079112e-15
4477.77602    7.662992286e-15
4480.082554    7.567744438e-15
4482.389088    7.433827814e-15
4484.695622    7.414345927e-15
4487.002156    7.444618498e-15
4489.308691    7.588725463e-15
4491.615225    7.434283248e-15
4493.921759    7.208217108e-15
4496.228293    7.408402856e-15
4498.534827    7.585961805e-15
4500.841362    7.578733513e-15
4503.147896    7.436060131e-15
4505.45443    7.329973295e-15
4507.760964    7.438221718e-15
4510.067498    7.497062434e-15
4512.374033    7.509146966e-15
4514.680567    7.35655754e-15
4516.987101    7.326152133e-15
4519.293635    7.396820336e-15
4521.600169    7.487619075e-15
4523.906704    7.617586879e-15
4526.213238    7.552156168e-15
4528.519772    7.502862319e-15
4530.826306    7.626210801e-15
4533.13284    7.575578251e-15
4535.439375    7.639411491e-15
4537.745909    7.639841049e-15
4540.052443    7.688807123e-15
4542.358977    7.720007815e-15
4544.665511    7.571039435e-15
4546.972046    7.508598375e-15
4549.27858    7.587034836e-15
4551.585114    7.669853126e-15
4553.891648    7.557671407e-15
4556.198182    7.550410337e-15
4558.504717    7.656526501e-15
4560.811251    7.669414943e-15
4563.117785    7.479367781e-15
4565.424319    7.415765708e-15
4567.730853    7.560176295e-15
4570.037388    7.58303081e-15
4572.343922    7.586032536e-15
4574.650456    7.859657044e-15
4576.95699    7.831509832e-15
4579.263524    7.557657606e-15
4581.570059    7.7188123e-15
4583.876593    7.753618512e-15
4586.183127    7.556353408e-15
4588.489661    7.476773186e-15
4590.796195    7.521298778e-15
4593.10273    7.739475901e-15
4595.409264    7.698931908e-15
4597.715798    7.593074514e-15
4600.022332    7.542269451e-15
4602.328866    7.558542598e-15
4604.635401    7.659467847e-15
4606.941935    7.737286711e-15
4609.248469    7.675249331e-15
4611.555003    7.628655309e-15
4613.861537    7.619443118e-15
4616.168072    7.609518448e-15
4618.474606    7.747226907e-15
4620.78114    7.785787001e-15
4623.087674    7.731416096e-15
4625.394208    7.765961813e-15
4627.700743    7.656724891e-15
4630.007277    7.67263921e-15
4632.313811    7.600489121e-15
4634.620345    7.48814869e-15
4636.926879    7.630808271e-15
4639.233414    7.637653584e-15
4641.539948    7.553280953e-15
4643.846482    7.55657595e-15
4646.153016    7.649613907e-15
4648.45955    7.681601257e-15
4650.766085    7.636792745e-15
4653.072619    7.713297061e-15
4655.379153    7.676679463e-15
4657.685687    7.691374116e-15
4659.992221    7.654425293e-15
4662.298756    7.542624828e-15
4664.60529    7.452647251e-15
4666.911824    7.586305106e-15
4669.218358    7.672835875e-15
4671.524892    7.726194129e-15
4673.831427    7.705290735e-15
4676.137961    7.59707854e-15
4678.444495    7.785752498e-15
4680.751029    7.78190891e-15
4683.057563    7.869184934e-15
4685.364098    7.979755382e-15
4687.670632    7.912233815e-15
4689.977166    7.995667976e-15
4692.2837    8.102265451e-15
4694.590234    8.251056142e-15
4696.896769    8.426456954e-15
4699.203303    8.804898604e-15
4701.509837    9.165754284e-15
4703.816371    9.223877346e-15
4706.122905    8.980064799e-15
4708.429439    8.621013605e-15
4710.735974    8.325410946e-15
4713.042508    8.047837616e-15
4715.349042    7.712308562e-15
4717.655576    7.605990558e-15
4719.96211    7.578574801e-15
4722.268645    7.378447708e-15
4724.575179    7.287811131e-15
4726.881713    7.324661621e-15
4729.188247    7.188685192e-15
4731.494781    7.093237229e-15
4733.801316    7.111508075e-15
4736.10785    7.116371215e-15
4738.414384    7.0545305e-15
4740.720918    6.892778911e-15
4743.027452    6.863782935e-15
4745.333987    6.896667353e-15
4747.640521    6.794896791e-15
4749.947055    6.833113584e-15
4752.253589    6.752719101e-15
4754.560123    6.670392472e-15
4756.866658    6.703739225e-15
4759.173192    6.739464931e-15
4761.479726    6.72093014e-15
4763.78626    6.580064694e-15
4766.092794    6.573381542e-15
4768.399329    6.601180278e-15
4770.705863    6.666350494e-15
4773.012397    6.630880107e-15
4775.318931    6.513648935e-15
4777.625465    6.425087689e-15
4779.932    6.464324033e-15
4782.238534    6.457875499e-15
4784.545068    6.480583378e-15
4786.851602    6.510961183e-15
4789.158136    6.525390166e-15
4791.464671    6.544083669e-15
4793.771205    6.513574754e-15
4796.077739    6.507854225e-15
4798.384273    6.476161872e-15
4800.690807    6.43109804e-15
4802.997342    6.398524145e-15
4805.303876    6.436338983e-15
4807.61041    6.48513427e-15
4809.916944    6.358004305e-15
4812.223478    6.26913081e-15
4814.530013    6.362123914e-15
4816.836547    6.38452472e-15
4819.143081    6.383144616e-15
4821.449615    6.360288376e-15
4823.756149    6.330880094e-15
4826.062684    6.429824894e-15
4828.369218    6.502568428e-15
4830.675752    6.442840996e-15
4832.982286    6.409425238e-15
4835.28882    6.429502295e-15
4837.595355    6.529456296e-15
4839.901889    6.456969806e-15
4842.208423    6.352615e-15
4844.514957    6.45315727e-15
4846.821491    6.454107817e-15
4849.128026    6.473931279e-15
4851.43456    6.487420066e-15
4853.741094    6.296258471e-15
4856.047628    6.308831214e-15
4858.354162    6.401933001e-15
4860.660697    6.483086541e-15
4862.967231    6.586428696e-15
4865.273765    6.507053765e-15
4867.580299    6.46275244e-15
4869.886833    6.653896785e-15
4872.193368    6.905993403e-15
4874.499902    6.89949829e-15
4876.806436    6.989517271e-15
4879.11297    7.19498364e-15
4881.419504    7.164333265e-15
4883.726039    6.998232625e-15
4886.032573    6.723438478e-15
4888.339107    6.523311385e-15
4890.645641    6.416311955e-15
4892.952175    6.388169918e-15
4895.25871    6.419608678e-15
4897.565244    6.277338976e-15
4899.871778    6.137948516e-15
4902.178312    6.104430975e-15
4904.484846    6.092073873e-15
4906.791381    6.069868007e-15
4909.097915    6.084619589e-15
4911.404449    6.007314812e-15
4913.710983    6.035763922e-15
4916.017517    6.186886988e-15
4918.324052    6.113249837e-15
4920.630586    6.026094572e-15
4922.93712    5.961498824e-15
4925.243654    6.013318263e-15
4927.550188    6.046671916e-15
4929.856723    6.084928387e-15
4932.163257    5.988797273e-15
4934.469791    5.906958856e-15
4936.776325    5.826693758e-15
4939.082859    5.91799451e-15
4941.389394    6.00495656e-15
4943.695928    5.999401644e-15
4946.002462    5.997165876e-15
4948.308996    6.015905957e-15
4950.61553    5.923437293e-15
4952.922065    5.913516073e-15
4955.228599    5.925384964e-15
4957.535133    5.830866846e-15
4959.841667    5.90140739e-15
4962.148201    5.908644308e-15
4964.454736    5.845401062e-15
4966.76127    5.823146892e-15
4969.067804    5.673512613e-15
4971.374338    5.73170468e-15
4973.680872    5.876515497e-15
4975.987407    5.916393589e-15
4978.293941    5.960358514e-15
4980.600475    5.875665008e-15
4982.907009    5.761278574e-15
4985.213543    5.692043953e-15
4987.520078    5.72931365e-15
4989.826612    5.83751722e-15
4992.133146    5.79447869e-15
4994.43968    5.742341828e-15
4996.746214    5.737884093e-15
4999.052749    5.715250395e-15
5001.359283    5.705846714e-15
5003.665817    5.801439588e-15
5005.972351    5.579111803e-15
5008.278885    5.554376897e-15
5010.58542    5.590678796e-15
5012.891954    5.44907327e-15
5015.198488    5.453034167e-15
5017.505022    5.557803004e-15
5019.811556    5.712162413e-15
5022.11809    5.625474658e-15
5024.424625    5.561801854e-15
5026.731159    5.660196338e-15
5029.037693    5.672644873e-15
5031.344227    5.676371152e-15
5033.650761    5.600477532e-15
5035.957296    5.594753552e-15
5038.26383    5.539194033e-15
5040.570364    5.381022088e-15
5042.876898    5.458730545e-15
5045.183432    5.496987015e-15
5047.489967    5.397195177e-15
5049.796501    5.374733991e-15
5052.103035    5.400093394e-15
5054.409569    5.415669588e-15
5056.716103    5.446504552e-15
5059.022638    5.525211859e-15
5061.329172    5.457683391e-15
5063.635706    5.337498797e-15
5065.94224    5.335614955e-15
5068.248774    5.461692592e-15
5070.555309    5.429851877e-15
5072.861843    5.412429795e-15
5075.168377    5.421227955e-15
5077.474911    5.38491053e-15
5079.781445    5.3778513e-15
5082.08798    5.45533204e-15
5084.394514    5.50864544e-15
5086.701048    5.479464876e-15
5089.007582    5.422821975e-15
5091.314116    5.413982411e-15
5093.620651    5.464444173e-15
5095.927185    5.403874878e-15
5098.233719    5.370880052e-15
5100.540253    5.386042215e-15
5102.846787    5.328973207e-15
5105.153322    5.295609203e-15
5107.459856    5.327472344e-15
5109.76639    5.328652333e-15
5112.072924    5.299946179e-15
5114.379458    5.288601727e-15
5116.685993    5.26218827e-15
5118.992527    5.182107761e-15
5121.299061    5.235586774e-15
5123.605595    5.340383213e-15
5125.912129    5.306120417e-15
5128.218664    5.362630483e-15
5130.525198    5.313848997e-15
5132.831732    5.253341806e-15
5135.138266    5.280414263e-15
5137.4448    5.291888099e-15
5139.751335    5.314984132e-15
5142.057869    5.26312329e-15
5144.364403    5.335778843e-15
5146.670937    5.299142268e-15
5148.977471    5.196980102e-15
5151.284006    5.200314777e-15
5153.59054    5.292136518e-15
5155.897074    5.276049685e-15
5158.203608    5.259726511e-15
5160.510142    5.297318807e-15
5162.816677    5.282135942e-15
5165.123211    5.267237724e-15
5167.429745    5.310219325e-15
5169.736279    5.285677633e-15
5172.042813    5.255793215e-15
5174.349348    5.232783439e-15
5176.655882    5.202238296e-15
5178.962416    5.237505118e-15
5181.26895    5.228063484e-15
5183.575484    5.234204945e-15
5185.882019    5.214659228e-15
5188.188553    5.166490164e-15
5190.495087    5.162208392e-15
5192.801621    5.160805862e-15
5195.108155    5.21420897e-15
5197.41469    5.234665555e-15
5199.721224    5.159160089e-15
5202.027758    5.219305002e-15
5204.334292    5.247736861e-15
5206.640826    5.104716728e-15
5208.947361    5.009187684e-15
5211.253895    5.082341799e-15
5213.560429    5.137718455e-15
5215.866963    5.258499943e-15
5218.173497    5.313704086e-15
5220.480032    5.229162392e-15
5222.786566    5.219715583e-15
5225.0931    5.10027452e-15
5227.399634    5.046790331e-15
5229.706168    5.030422303e-15
5232.012703    5.061181361e-15
5234.319237    5.106716153e-15
5236.625771    5.018154907e-15
5238.932305    5.024674171e-15
5241.238839    5.073008848e-15
5243.545374    5.144379179e-15
5245.851908    5.093210114e-15
5248.158442    5.049414253e-15
5250.464976    5.036655195e-15
5252.77151    5.124579869e-15
5255.078045    5.157740307e-15
5257.384579    5.038690848e-15
5259.691113    4.969180207e-15
5261.997647    4.963380322e-15
5264.304181    5.048223914e-15
5266.610716    5.142307299e-15
5268.91725    5.091064053e-15
5271.223784    5.165085908e-15
5273.530318    5.152790911e-15
5275.836852    5.075855312e-15
5278.143387    4.978335469e-15
5280.449921    4.926262436e-15
5282.756455    4.991851858e-15
5285.062989    4.965648867e-15
5287.369523    4.909680492e-15
5289.676058    4.922472327e-15
5291.982592    4.977766176e-15
5294.289126    4.950821379e-15
5296.59566    5.033277392e-15
5298.902194    5.011897862e-15
5301.208729    4.932412523e-15
5303.515263    4.85649475e-15
5305.821797    4.888570082e-15
5308.128331    4.910575834e-15
5310.434865    4.907223907e-15
5312.7414    4.842880029e-15
5315.047934    4.833723042e-15
5317.354468    4.89966439e-15
5319.661002    4.917728221e-15
5321.967536    4.96975295e-15
5324.274071    5.032737426e-15
5326.580605    4.999718448e-15
5328.887139    4.888190554e-15
5331.193673    4.930466577e-15
5333.500207    4.968591938e-15
5335.806741    4.958061747e-15
5338.113276    4.85369314e-15
5340.41981    4.838732817e-15
5342.726344    4.81798296e-15
5345.032878    4.801832298e-15
5347.339412    4.830457371e-15
5349.645947    4.838727642e-15
5351.952481    4.86867934e-15
5354.259015    4.854141674e-15
5356.565549    4.771751216e-15
5358.872083    4.720582151e-15
5361.178618    4.712920851e-15
5363.485152    4.674433213e-15
5365.791686    4.791008836e-15
5368.09822    4.85568739e-15
5370.404754    4.771575253e-15
5372.711289    4.764755816e-15
5375.017823    4.970537884e-15
5377.324357    4.918927186e-15
5379.630891    4.835287734e-15
5381.937425    4.829424019e-15
5384.24396    4.830921431e-15
5386.550494    4.762846098e-15
5388.857028    4.805808722e-15
5391.163562    4.863298661e-15
5393.470096    4.762968582e-15
5395.776631    4.758802394e-15
5398.083165    4.761398714e-15
5400.389699    4.716917976e-15
5402.696233    4.779436668e-15
5405.002767    4.800766168e-15
5407.309302    4.712016883e-15
5409.615836    4.70238031e-15
5411.92237    4.738846097e-15
5414.228904    4.712208373e-15
5416.535438    4.756283705e-15
5418.841973    4.831628734e-15
5421.148507    4.829470597e-15
5423.455041    4.839840351e-15
5425.761575    4.817524076e-15
5428.068109    4.8448277e-15
5430.374644    4.819313035e-15
5432.681178    4.904118674e-15
5434.987712    4.885275085e-15
5437.294246    4.777142245e-15
5439.60078    4.722471168e-15
5441.907315    4.623219295e-15
5444.213849    4.637242872e-15
5446.520383    4.660718434e-15
5448.826917    4.759920278e-15
5451.133451    4.701478067e-15
5453.439986    4.57925782e-15
5455.74652    4.669694282e-15
5458.053054    4.706605152e-15
5460.359588    4.70684667e-15
5462.666122    4.566233093e-15
5464.972657    4.367184206e-15
5467.279191    4.472365349e-15
5469.585725    4.565115209e-15
5471.892259    4.569267596e-15
5474.198793    4.536428031e-15
5476.505328    4.518579842e-15
5478.811862    4.559694852e-15
5481.118396    4.573978924e-15
5483.42493    4.524871389e-15
5485.731464    4.516789158e-15
5488.037999    4.591040455e-15
5490.344533    4.647693706e-15
5492.651067    4.645318203e-15
5494.957601    4.588802962e-15
5497.264135    4.507668398e-15
5499.57067    4.555904743e-15
5501.877204    4.567730505e-15
5504.183738    4.560076106e-15
5506.490272    4.496180761e-15
5508.796806    4.467000196e-15
5511.103341    4.546954771e-15
5513.409875    4.608667828e-15
5515.716409    4.626809289e-15
5518.022943    4.592191116e-15
5520.329477    4.520713827e-15
5522.636012    4.51422734e-15
5524.942546    4.481279093e-15
5527.24908    4.495297495e-15
5529.555614    4.458319345e-15
5531.862148    4.414154305e-15
5534.168683    4.484568915e-15
5536.475217    4.534963396e-15
5538.781751    4.444882311e-15
5541.088285    4.483623544e-15
5543.394819    4.575497038e-15
5545.701354    4.47364022e-15
5548.007888    4.424817331e-15
5550.314422    4.497980071e-15
5552.620956    4.402304391e-15
5554.92749    4.396871959e-15
5557.234025    4.559346376e-15
5559.540559    4.461032973e-15
5561.847093    4.44533602e-15
5564.153627    4.496674148e-15
5566.460161    4.428602265e-15
5568.766696    4.434164082e-15
5571.07323    4.480542462e-15
5573.379764    4.423620091e-15
5575.686298    4.509921417e-15
5577.992832    4.44513418e-15
5580.299367    4.33119628e-15
5582.605901    4.385798353e-15
5584.912435    4.440973168e-15
5587.218969    4.434659194e-15
5589.525503    4.392095075e-15
5591.832038    4.488440105e-15
5594.138572    4.500196862e-15
5596.445106    4.431034697e-15
5598.75164    4.353165804e-15
5601.058174    4.368576385e-15
5603.364709    4.340701743e-15
5605.671243    4.373267012e-15
5607.977777    4.424706922e-15
5610.284311    4.420233662e-15
5612.590845    4.442687947e-15
5614.89738    4.446861035e-15
5617.203914    4.388160055e-15
5619.510448    4.370953613e-15
5621.816982    4.38542745e-15
5624.123516    4.289824225e-15
5626.430051    4.267000762e-15
5628.736585    4.282468273e-15
5631.043119    4.349398121e-15
5633.349653    4.284464248e-15
5635.656187    4.222652859e-15
5637.962722    4.296800649e-15
5640.269256    4.29654533e-15
5642.57579    4.302060568e-15
5644.882324    4.325976038e-15
5647.188858    4.349824228e-15
5649.495392    4.247198001e-15
5651.801927    4.2152003e-15
5654.108461    4.136760389e-15
5656.414995    4.243456196e-15
5658.721529    4.360202607e-15
5661.028063    4.293212379e-15
5663.334598    4.253794896e-15
5665.641132    4.168068038e-15
5667.947666    4.156977181e-15
5670.2542    4.193977758e-15
5672.560734    4.271710366e-15
5674.867269    4.225014562e-15
5677.173803    4.220734515e-15
5679.480337    4.274574081e-15
5681.786871    4.160418814e-15
5684.093405    4.062752335e-15
5686.39994    4.148858722e-15
5688.706474    4.136712085e-15
5691.013008    4.082282525e-15
5693.319542    4.103505068e-15
5695.626076    4.10513359e-15
5697.932611    4.135356133e-15
5700.239145    4.214184199e-15
5702.545679    4.143208923e-15
5704.852213    3.908922541e-15
5707.158747    3.761189354e-15
5709.465282    3.969112308e-15
5711.771816    4.060746009e-15
5714.07835    4.158452167e-15
5716.384884    4.143150268e-15
5718.691418    4.018573495e-15
5720.997953    4.10572531e-15
5723.304487    4.244527501e-15
5725.611021    4.139536122e-15
5727.917555    4.068726458e-15
5730.224089    4.144908175e-15
5732.530624    4.125443539e-15
5734.837158    4.06155682e-15
5737.143692    3.959327373e-15
5739.450226    3.937399253e-15
5741.75676    3.98307033e-15
5744.063295    4.098227897e-15
5746.369829    4.128284828e-15
5748.676363    4.084830542e-15
5750.982897    4.08946769e-15
5753.289431    4.086334855e-15
5755.595966    4.021787411e-15
5757.9025    3.925226739e-15
5760.209034    3.99738718e-15
5762.515568    4.099723584e-15
5764.822102    4.162080114e-15
5767.128637    4.147504495e-15
5769.435171    4.042307826e-15
5771.741705    4.0469605e-15
5774.048239    4.005138186e-15
5776.354773    4.080026056e-15
5778.661308    4.071959351e-15
5780.967842    4.032729907e-15
5783.274376    4.036520016e-15
5785.58091    4.104754062e-15
5787.887444    4.143414213e-15
5790.193979    4.039980626e-15
5792.500513    3.952366476e-15
5794.807047    4.06282479e-15
5797.113581    4.083886896e-15
5799.420115    4.0839421e-15
5801.72665    4.114947852e-15
5804.033184    3.997642499e-15
5806.339718    4.028354979e-15
5808.646252    4.119234799e-15
5810.952786    4.15703756e-15
5813.259321    4.157950154e-15
5815.565855    4.246454471e-15
5817.872389    4.304644812e-15
5820.178923    4.293250332e-15
5822.485457    4.298165226e-15
5824.791992    4.458396976e-15
5827.098526    4.526165236e-15
5829.40506    4.352969139e-15
5831.711594    4.333518304e-15
5834.018128    4.290731643e-15
5836.324663    4.198746015e-15
5838.631197    4.192242277e-15
5840.937731    4.140255501e-15
5843.244265    3.943806384e-15
5845.550799    4.001543016e-15
5847.857334    4.067001329e-15
5850.163868    3.919211213e-15
5852.470402    3.888257215e-15
5854.776936    3.915597067e-15
5857.08347    3.868252614e-15
5859.390005    3.928335423e-15
5861.696539    3.866348071e-15
5864.003073    3.697271583e-15
5866.309607    3.758553357e-15
5868.616141    3.867861009e-15
5870.922676    3.930386602e-15
5873.22921    3.972950721e-15
5875.535744    3.858912763e-15
5877.842278    3.755651689e-15
5880.148812    3.66671609e-15
5882.455347    3.697799472e-15
5884.761881    3.7647966e-15
5887.068415    3.77659476e-15
5889.374949    3.701134148e-15
5891.681483    3.595473418e-15
5893.988018    3.621847198e-15
5896.294552    3.664832248e-15
5898.601086    3.70096336e-15
5900.90762    3.801348643e-15
5903.214154    3.747985214e-15
5905.520689    3.604266403e-15
5907.827223    3.707543004e-15
5910.133757    3.729495276e-15
5912.440291    3.555365884e-15
5914.746825    3.421488937e-15
5917.05336    3.363986922e-15
5919.359894    3.331254315e-15
5921.666428    3.347760354e-15
5923.972962    3.441400381e-15
5926.279496    3.64779832e-15
5928.586031    3.663567728e-15
5930.892565    3.661552777e-15
5933.199099    3.698508501e-15
5935.505633    3.628633857e-15
5937.812167    3.566208322e-15
5940.118702    3.603602228e-15
5942.425236    3.601406139e-15
5944.73177    3.541516544e-15
5947.038304    3.492802339e-15
5949.344838    3.604323333e-15
5951.651373    3.675704014e-15
5953.957907    3.559099064e-15
5956.264441    3.580419939e-15
5958.570975    3.68123823e-15
5960.877509    3.666774744e-15
5963.184043    3.612203724e-15
5965.490578    3.621700562e-15
5967.797112    3.490930573e-15
5970.103646    3.451523441e-15
5972.41018    3.548905274e-15
5974.716714    3.57017267e-15
5977.023249    3.547540696e-15
5979.329783    3.61474484e-15
5981.636317    3.660543577e-15
5983.942851    3.65606169e-15
5986.249385    3.533253174e-15
5988.55592    3.441909294e-15
5990.862454    3.491363581e-15
5993.168988    3.566646505e-15
5995.475522    3.576264102e-15
5997.782056    3.568728736e-15
6000.088591    3.462928272e-15
6002.395125    3.448407857e-15
6004.701659    3.529540696e-15
6007.008193    3.540836843e-15
6009.314727    3.575396362e-15
6011.621262    3.622833972e-15
6013.927796    3.639191649e-15
6016.23433    3.580549323e-15
6018.540864    3.528195095e-15
6020.847398    3.544168068e-15
6023.153933    3.480959325e-15
6025.460467    3.504997279e-15
6027.767001    3.47317209e-15
6030.073535    3.504576347e-15
6032.380069    3.487866743e-15
6034.686604    3.371182437e-15
6036.993138    3.426478011e-15
6039.299672    3.552560823e-15
6041.606206    3.45450619e-15
6043.91274    3.474607398e-15
6046.219275    3.533222122e-15
6048.525809    3.455599922e-15
6050.832343    3.450151963e-15
6053.138877    3.509670654e-15
6055.445411    3.567645355e-15
6057.751946    3.451501014e-15
6060.05848    3.477048456e-15
6062.365014    3.443453285e-15
6064.671548    3.319069726e-15
6066.978082    3.362944944e-15
6069.284617    3.37942338e-15
6071.591151    3.453565994e-15
6073.897685    3.5599116e-15
6076.204219    3.568594176e-15
6078.510753    3.483648802e-15
6080.817288    3.486188192e-15
6083.123822    3.380427406e-15
6085.430356    3.38208008e-15
6087.73689    3.451476862e-15
6090.043424    3.455066857e-15
6092.349959    3.447215793e-15
6094.656493    3.465422809e-15
6096.963027    3.487675254e-15
6099.269561    3.526359557e-15
6101.576095    3.492645352e-15
6103.88263    3.340901239e-15
6106.189164    3.395679275e-15
6108.495698    3.448397506e-15
6110.802232    3.35577013e-15
6113.108766    3.471219244e-15
6115.415301    3.442219818e-15
6117.721835    3.351785081e-15
6120.028369    3.297459029e-15
6122.334903    3.34910768e-15
6124.641437    3.445890893e-15
6126.947972    3.39707663e-15
6129.254506    3.416015101e-15
6131.56104    3.428820737e-15
6133.867574    3.297067425e-15
6136.174108    3.230127226e-15
6138.480643    3.317061675e-15
6140.787177    3.348602217e-15
6143.093711    3.342139882e-15
6145.400245    3.364506186e-15
6147.706779    3.350273868e-15
6150.013314    3.33051596e-15
6152.319848    3.280552761e-15
6154.626382    3.344389451e-15
6156.932916    3.285390024e-15
6159.23945    3.30766662e-15
6161.545985    3.382663173e-15
6163.852519    3.389679275e-15
6166.159053    3.268873634e-15
6168.465587    3.233919061e-15
6170.772121    3.232939187e-15
6173.078656    3.29600302e-15
6175.38519    3.286764952e-15
6177.691724    3.309286517e-15
6179.998258    3.235968515e-15
6182.304792    3.337930566e-15
6184.611327    3.393422806e-15
6186.917861    3.305524009e-15
6189.224395    3.320330796e-15
6191.530929    3.334868462e-15
6193.837463    3.258740224e-15
6196.143998    3.263834531e-15
6198.450532    3.305906988e-15
6200.757066    3.211827053e-15
6203.0636    3.199414747e-15
6205.370134    3.256147354e-15
6207.676669    3.206677542e-15
6209.983203    3.185808651e-15
6212.289737    3.179732745e-15
6214.596271    3.146584382e-15
6216.902805    3.272965641e-15
6219.20934    3.303234763e-15
6221.515874    3.183726419e-15
6223.822408    3.143511926e-15
6226.128942    3.069729865e-15
6228.435476    3.065884551e-15
6230.742011    3.138362415e-15
6233.048545    3.195384844e-15
6235.355079    3.271073174e-15
6237.661613    3.229687318e-15
6239.968147    3.166169777e-15
6242.274682    3.208545857e-15
6244.581216    3.225672942e-15
6246.88775    3.197601636e-15
6249.194284    3.188875931e-15
6251.500818    3.22131699e-15
6253.807353    3.134737918e-15
6256.113887    3.125253156e-15
6258.420421    3.17294436e-15
6260.726955    3.136444071e-15
6263.033489    3.14628421e-15
6265.340024    3.128446371e-15
6267.646558    3.097804621e-15
6269.953092    3.100102494e-15
6272.259626    3.03342624e-15
6274.56616    3.004683858e-15
6276.872694    2.971400936e-15
6279.179229    2.909256597e-15
6281.485763    2.902050731e-15
6283.792297    2.978718935e-15
6286.098831    3.065898352e-15
6288.405365    3.037823595e-15
6290.7119    2.992633829e-15
6293.018434    2.953887421e-15
6295.324968    2.910650502e-15
6297.631502    2.938808065e-15
6299.938036    3.115758044e-15
6302.244571    3.0408857e-15
6304.551105    2.901964475e-15
6306.857639    2.997214048e-15
6309.164173    3.035541249e-15
6311.470707    2.991607377e-15
6313.777242    2.891694779e-15
6316.083776    2.945356656e-15
6318.39031    2.989833944e-15
6320.696844    3.068855224e-15
6323.003378    3.124062817e-15
6325.309913    3.11724683e-15
6327.616447    3.105802322e-15
6329.922981    3.048762641e-15
6332.229515    2.969047859e-15
6334.536049    3.011675808e-15
6336.842584    3.023429115e-15
6339.149118    2.960523994e-15
6341.455652    3.011860397e-15
6343.762186    3.08406224e-15
6346.06872    3.09246017e-15
6348.375255    3.071486046e-15
6350.681789    2.995871897e-15
6352.988323    2.919617725e-15
6355.294857    2.949546996e-15
6357.601391    3.032320432e-15
6359.907926    3.031266378e-15
6362.21446    2.933235897e-15
6364.520994    2.940850618e-15
6366.827528    3.029058212e-15
6369.134062    3.030258903e-15
6371.440597    2.970564248e-15
6373.747131    2.958688457e-15
6376.053665    3.022188747e-15
6378.360199    2.905307776e-15
6380.666733    2.882882818e-15
6382.973268    2.940828191e-15
6385.279802    2.820686725e-15
6387.586336    2.880817838e-15
6389.89287    2.948615426e-15
6392.199404    2.917000703e-15
6394.505939    2.917990927e-15
6396.812473    3.013311231e-15
6399.119007    3.009597027e-15
6401.425541    2.982543547e-15
6403.732075    2.971162868e-15
6406.03861    2.998426814e-15
6408.345144    2.951794839e-15
6410.651678    2.917007604e-15
6412.958212    2.985543547e-15
6415.264746    2.998594151e-15
6417.571281    2.986597601e-15
6419.877815    2.969887997e-15
6422.184349    2.935942625e-15
6424.490883    2.909370456e-15
6426.797417    2.951384258e-15
6429.103952    2.90909271e-15
6431.410486    2.921736184e-15
6433.71702    2.989454415e-15
6436.023554    2.950994379e-15
6438.330088    2.893124911e-15
6440.636623    2.851304323e-15
6442.943157    2.939085811e-15
6445.249691    2.958393459e-15
6447.556225    2.91050214e-15
6449.862759    2.881204267e-15
6452.169294    2.861304899e-15
6454.475828    2.949029457e-15
6456.782362    2.903492939e-15
6459.088896    2.866671776e-15
6461.39543    2.949158841e-15
6463.701965    2.94900013e-15
6466.008499    2.883417608e-15
6468.315033    2.905985752e-15
6470.621567    2.890887419e-15
6472.928101    2.832833362e-15
6475.234636    2.864375629e-15
6477.54117    2.799076029e-15
6479.847704    2.770426804e-15
6482.154238    2.829659124e-15
6484.460772    2.855210016e-15
6486.767307    2.751741927e-15
6489.073841    2.746017947e-15
6491.380375    2.836323299e-15
6493.686909    2.929269824e-15
6495.993443    2.976174369e-15
6498.299978    2.891398057e-15
6500.606512    2.918853492e-15
6502.913046    2.931248547e-15
6505.21958    2.85239978e-15
6507.526114    2.827525139e-15
6509.832649    2.845828762e-15
6512.139183    2.89403233e-15
6514.445717    2.916762635e-15
6516.752251    2.879108235e-15
6519.058785    2.79829627e-15
6521.36532    2.78736585e-15
6523.671854    2.851673501e-15
6525.978388    2.894330777e-15
6528.284922    2.755697648e-15
6530.591456    2.766303744e-15
6532.897991    2.850565968e-15
6535.204525    2.843965622e-15
6537.511059    2.88437333e-15
6539.817593    2.895407258e-15
6542.124127    2.937036357e-15
6544.430662    2.994769539e-15
6546.737196    2.999053036e-15
6549.04373    2.961854069e-15
6551.350264    2.8686574e-15
6553.656798    2.875880517e-15
6555.963333    2.91183049e-15
6558.269867    2.893166315e-15
6560.576401    2.958766087e-15
6562.882935    2.932369882e-15
6565.189469    2.958967928e-15
6567.496004    3.073761492e-15
6569.802538    3.060431417e-15
6572.109072    3.186214056e-15
6574.415606    3.215080647e-15
6576.72214    3.216638439e-15
6579.028675    3.303974843e-15
6581.335209    3.408381403e-15
6583.641743    3.66765456e-15
6585.948277    3.943601093e-15
6588.254811    4.033658027e-15
6590.561345    3.903343472e-15
6592.86788    3.720517702e-15
6595.174414    3.449850065e-15
6597.480948    3.223985766e-15
6599.787482    3.096220953e-15
6602.094016    3.026843146e-15
6604.400551    3.046328483e-15
6606.707085    3.021136418e-15
6609.013619    3.005925951e-15
6611.320153    2.924720658e-15
6613.626687    2.939480865e-15
6615.933222    2.894548143e-15
6618.239756    2.917880519e-15
6620.54629    2.903418759e-15
6622.852824    2.860526865e-15
6625.159358    2.814390003e-15
6627.465893    2.798624045e-15
6629.772427    2.785921917e-15
6632.078961    2.692870159e-15
6634.385495    2.639220357e-15
6636.692029    2.66917033e-15
6638.998564    2.645808627e-15
6641.305098    2.64259126e-15
6643.611632    2.747322145e-15
6645.918166    2.717517083e-15
6648.2247    2.617890857e-15
6650.531235    2.667985166e-15
6652.837769    2.71927499e-15
6655.144303    2.674371595e-15
6657.450837    2.658222658e-15
6659.757371    2.612404945e-15
6662.063906    2.599752846e-15
6664.37044    2.651008167e-15
6666.676974    2.621924209e-15
6668.983508    2.624689592e-15
6671.290042    2.619662565e-15
6673.596577    2.639568834e-15
6675.903111    2.580967911e-15
6678.209645    2.529540077e-15
6680.516179    2.50999781e-15
6682.822713    2.60694146e-15
6685.129248    2.656007592e-15
6687.435782    2.58534974e-15
6689.742316    2.546323861e-15
6692.04885    2.562679814e-15
6694.355384    2.520534901e-15
6696.661919    2.503378488e-15
6698.968453    2.575502701e-15
6701.274987    2.521218052e-15
6703.581521    2.44063553e-15
6705.888055    2.468496371e-15
6708.19459    2.554942608e-15
6710.501124    2.461768366e-15
6712.807658    2.439893724e-15
6715.114192    2.488980558e-15
6717.420726    2.504991484e-15
6719.727261    2.433817818e-15
6722.033795    2.442824719e-15
6724.340329    2.414232423e-15
6726.646863    2.446588952e-15
6728.953397    2.54264761e-15
6731.259932    2.470690735e-15
6733.566466    2.452573426e-15
6735.873    2.49167521e-15
6738.179534    2.535841975e-15
6740.486068    2.501677511e-15
6742.792603    2.514372738e-15
6745.099137    2.507206551e-15
6747.405671    2.482030011e-15
6749.712205    2.498053014e-15
6752.018739    2.435456691e-15
6754.325274    2.500383664e-15
6756.631808    2.548916731e-15
6758.938342    2.455216324e-15
6761.244876    2.433755714e-15
6763.55141    2.384284176e-15
6765.857945    2.380466465e-15
6768.164479    2.473445767e-15
6770.471013    2.456304881e-15
6772.777547    2.338823564e-15
6775.084081    2.347549269e-15
6777.390616    2.383933975e-15
6779.69715    2.419157668e-15
6782.003684    2.356670029e-15
6784.310218    2.333387682e-15
6786.616752    2.36248889e-15
6788.923287    2.315934547e-15
6791.229821    2.337971351e-15
6793.536355    2.374325004e-15
6795.842889    2.342492915e-15
6798.149423    2.396310054e-15
6800.455958    2.386009305e-15
6802.762492    2.385574573e-15
6805.069026    2.331753984e-15
6807.37556    2.237544664e-15
6809.682094    2.299478537e-15
6811.988629    2.320602747e-15
6814.295163    2.372008155e-15
6816.601697    2.364120863e-15
6818.908231    2.325044955e-15
6821.214765    2.389019656e-15
6823.5213    2.478429666e-15
6825.827834    2.427345132e-15
6828.134368    2.376836792e-15
6830.440902    2.407207696e-15
6832.747436    2.35774996e-15
6835.053971    2.322157089e-15
6837.360505    2.315913845e-15
6839.667039    2.290559618e-15
6841.973573    2.315087508e-15
6844.280107    2.292160538e-15
6846.586642    2.272126609e-15
6848.893176    2.309410107e-15
6851.19971    2.38592995e-15
6853.506244    2.350997803e-15
6855.812778    2.359692456e-15
6858.119313    2.396713734e-15
6860.425847    2.301274397e-15
6862.732381    2.357913847e-15
6865.038915    2.38221057e-15
6867.345449    2.2396821e-15
6869.651984    2.1943802e-15
6871.958518    2.303430808e-15
6874.265052    2.389421612e-15
6876.571586    2.33456422e-15
6878.87812    2.310355478e-15
6881.184655    2.299997801e-15
6883.491189    2.294070256e-15
6885.797723    2.310833339e-15
6888.104257    2.282699928e-15
6890.410791    2.272797685e-15
6892.717326    2.338642426e-15
6895.02386    2.291146162e-15
6897.330394    2.222275543e-15
6899.636928    2.182219762e-15
6901.943462    2.179949492e-15
6904.249996    2.232578016e-15
6906.556531    2.250450358e-15
6908.863065    2.274866115e-15
6911.169599    2.362521668e-15
6913.476133    2.342291075e-15
6915.782667    2.202162259e-15
6918.089202    2.194000671e-15
6920.395736    2.249982848e-15
6922.70227    2.21396387e-15
6925.008804    2.122300841e-15
6927.315338    2.136207109e-15
6929.621873    2.200702799e-15
6931.928407    2.12781953e-15
6934.234941    2.082214008e-15
6936.541475    2.163767778e-15
6938.848009    2.171116829e-15
6941.154544    2.122340519e-15
6943.461078    2.135511882e-15
6945.767612    2.162606765e-15
6948.074146    2.152504407e-15
6950.38068    2.174831033e-15
6952.687215    2.18112258e-15
6954.993749    2.135903487e-15
6957.300283    2.071616537e-15
6959.606817    2.067990315e-15
6961.913351    2.100281288e-15
6964.219886    2.1790507e-15
6966.52642    2.154596989e-15
6968.832954    2.176523385e-15
6971.139488    2.193866111e-15
6973.446022    2.160788479e-15
6975.752557    2.099893134e-15
6978.059091    2.120399748e-15
6980.365625    2.073672892e-15
6982.672159    2.0711197e-15
6984.978693    2.120589512e-15
6987.285228    2.12169532e-15
6989.591762    2.055222632e-15
6991.898296    2.112075998e-15
6994.20483    2.103650466e-15
6996.511364    2.101550984e-15
6998.817899    2.1564101e-15
7001.124433    2.116682094e-15
7003.430967    2.059556157e-15
7005.737501    2.068733846e-15
7008.044035    2.013465873e-15
7010.35057    2.018261733e-15
7012.657104    2.094034595e-15
7014.963638    2.088659091e-15
7017.270172    2.036296237e-15
7019.576706    2.067146727e-15
7021.883241    2.089249085e-15
7024.189775    2.120941439e-15
7026.496309    2.058165703e-15
7028.802843    2.122849432e-15
7031.109377    2.114568811e-15
7033.415912    2.081344542e-15
7035.722446    2.056302563e-15
7038.02898    2.074547532e-15
7040.335514    2.08058031e-15
7042.642048    2.0664584e-15
7044.948583    2.05232614e-15
7047.255117    1.968134647e-15
7049.561651    1.984585481e-15
7051.868185    2.122105901e-15
7054.174719    2.101757999e-15
7056.481254    2.097264037e-15
7058.787788    2.021777547e-15
7061.094322    2.015791348e-15
7063.400856    2.069741322e-15
7065.70739    2.033841377e-15
7068.013925    1.930721764e-15
7070.320459    1.929443443e-15
7072.626993    1.975487148e-15
7074.933527    2.02021458e-15
7077.240061    2.020582032e-15
7079.546596    2.006848277e-15
7081.85313    1.981659662e-15
7084.159664    1.9788408e-15
7086.466198    1.969033439e-15
7088.772732    1.914697036e-15
7091.079267    1.943846549e-15
7093.385801    1.999595833e-15
7095.692335    1.957661386e-15
7097.998869    1.975145573e-15
7100.305403    2.027803424e-15
7102.611938    2.016938559e-15
7104.918472    2.044149026e-15
7107.225006    1.994711991e-15
7109.53154    1.968659086e-15
7111.838074    2.010370991e-15
7114.144609    2.041130049e-15
7116.451143    2.061576284e-15
7118.757677    2.040719469e-15
7121.064211    2.067157078e-15
7123.370745    2.04614155e-15
7125.67728    2.070507279e-15
7127.983814    2.123901761e-15
7130.290348    2.149909813e-15
7132.596882    2.198868987e-15
7134.903416    2.27919964e-15
7137.209951    2.246292796e-15
7139.516485    2.222958695e-15
7141.823019    2.17672005e-15
7144.129553    2.145208835e-15
7146.436087    2.161123154e-15
7148.742622    2.165365247e-15
7151.049156    2.146080025e-15
7153.35569    2.105196182e-15
7155.662224    2.050578583e-15
7157.968758    2.041412971e-15
7160.275293    2.112367545e-15
7162.581827    2.062935686e-15
7164.888361    2.004408944e-15
7167.194895    2.024437697e-15
7169.501429    2.115838506e-15
7171.807964    2.082407222e-15
7174.114498    2.063247934e-15
7176.421032    2.046158802e-15
7178.727566    1.924485421e-15
7181.0341    1.95805644e-15
7183.340635    1.965150173e-15
7185.647169    1.864302555e-15
7187.953703    1.888806293e-15
7190.260237    1.839241599e-15
7192.566771    1.785517617e-15
7194.873306    1.896852297e-15
7197.17984    1.936744191e-15
7199.486374    1.888464718e-15
7201.792908    1.88749347e-15
7204.099442    1.918316358e-15
7206.405977    1.912961556e-15
7208.712511    1.992077718e-15
7211.019045    2.033765472e-15
7213.325579    2.058084622e-15
7215.632113    2.022574557e-15
7217.938647    1.958936256e-15
7220.245182    1.909090366e-15
7222.551716    1.869144993e-15
7224.85825    1.8502462e-15
7227.164784    1.821424462e-15
7229.471318    1.812816066e-15
7231.777853    1.878736713e-15
7234.084387    1.885849422e-15
7236.390921    1.842836769e-15
7238.697455    1.818893697e-15
7241.003989    1.875783291e-15
7243.310524    1.961075417e-15
7245.617058    1.96605069e-15
7247.923592    1.955448044e-15
7250.230126    1.880422164e-15
7252.53666    1.86617087e-15
7254.843195    1.91880802e-15
7257.149729    1.840357758e-15
7259.456263    1.805525669e-15
7261.762797    1.829670581e-15
7264.069331    1.751617098e-15
7266.375866    1.651173506e-15
7268.6824    1.728441709e-15
7270.988934    1.814586049e-15
7273.295468    1.800960976e-15
7275.602002    1.893931653e-15
7277.908537    1.899134644e-15
7280.215071    1.899110492e-15
7282.521605    1.854872997e-15
7284.828139    1.925832747e-15
7287.134673    1.959655635e-15
7289.441208    1.83965908e-15
7291.747742    1.702762467e-15
7294.054276    1.700256026e-15
7296.36081    1.722381674e-15
7298.667344    1.744123136e-15
7300.973879    1.669021695e-15
7303.280413    1.744033429e-15
7305.586947    1.760346253e-15
7307.893481    1.691390414e-15
7310.200015    1.694142858e-15
7312.50655    1.686972185e-15
7314.813084    1.738026528e-15
7317.119618    1.841101288e-15
7319.426152    1.94626173e-15
7321.732686    1.898589503e-15
7324.039221    1.849029983e-15
7326.345755    1.870664832e-15
7328.652289    1.849923601e-15
7330.958823    1.677931299e-15
7333.265357    1.688333139e-15
7335.571892    1.779843666e-15
7337.878426    1.719578511e-15
7340.18496    1.729751082e-15
7342.491494    1.772988002e-15
7344.798028    1.789081735e-15
7347.104563    1.7792968e-15
7349.411097    1.794726358e-15
7351.717631    1.805423886e-15
7354.024165    1.810128314e-15
7356.330699    1.810721759e-15
7358.637234    1.784532568e-15
7360.943768    1.776640101e-15
7363.250302    1.794319228e-15
7365.556836    1.830693582e-15
7367.86337    1.825449189e-15
7370.169905    1.736777535e-15
7372.476439    1.729880467e-15
7374.782973    1.780038606e-15
7377.089507    1.748192716e-15
7379.396041    1.763622274e-15
7381.702576    1.744071382e-15
7384.00911    1.74770623e-15
7386.315644    1.793541194e-15
7388.622178    1.807362932e-15
7390.928712    1.831649304e-15
7393.235247    1.845031133e-15
7395.541781    1.804361206e-15
7397.848315    1.740990301e-15
7400.154849    1.684000822e-15
7402.461383    1.730969024e-15
7404.767918    1.733111634e-15
7407.074452    1.759952924e-15
7409.380986    1.829310029e-15
7411.68752    1.855397436e-15
7413.994054    1.852483693e-15
7416.300589    1.798773512e-15
7418.607123    1.660925145e-15
7420.913657    1.720496108e-15
7423.220191    1.73491267e-15
7425.526725    1.768105886e-15
7427.83326    1.765035155e-15
7430.139794    1.7152631e-15
7432.446328    1.729973624e-15
7434.752862    1.676120603e-15
7437.059396    1.753093809e-15
7439.365931    1.785132913e-15
7441.672465    1.767793637e-15
7443.978999    1.713971668e-15
7446.285533    1.735136936e-15
7448.592067    1.706677648e-15
7450.898602    1.634779773e-15
7453.205136    1.627969824e-15
7455.51167    1.698854359e-15
7457.818204    1.713657522e-15
7460.124738    1.682727503e-15
7462.431273    1.678959476e-15
7464.737807    1.670769596e-15
7467.044341    1.720945677e-15
7469.350875    1.777506116e-15
7471.657409    1.79807656e-15
7473.963944    1.781241021e-15
7476.270478    1.765354304e-15
7478.577012    1.759749358e-15
7480.883546    1.747204217e-15
7483.19008    1.709278626e-15
7485.496615    1.731038029e-15
7487.803149    1.776464138e-15
7490.109683    1.783357755e-15
7492.416217    1.749734982e-15
7494.722751    1.764010428e-15
7497.029286    1.799287601e-15
7499.33582    1.697527389e-15
7501.642354    1.612803176e-15
7503.948888    1.734988575e-15
7506.255422    1.722361835e-15
7508.561957    1.638419278e-15
7510.868491    1.678580465e-15
7513.175025    1.713038028e-15
7515.481559    1.71635873e-15
7517.788093    1.651058784e-15
7520.094628    1.631260509e-15
7522.401162    1.682965916e-15
7524.707696    1.685629171e-15
7527.01423    1.762740733e-15
7529.320764    1.791681505e-15
7531.627298    1.686109102e-15
7533.933833    1.694817556e-15
7536.240367    1.71189513e-15
7538.546901    1.667471494e-15
7540.853435    1.686522271e-15
7543.159969    1.675143662e-15
7545.466504    1.652056427e-15
7547.773038    1.679244985e-15
7550.079572    1.687381385e-15
7552.386106    1.680043375e-15
7554.69264    1.712468735e-15
7556.999175    1.66322664e-15
7559.305709    1.643683338e-15
7561.612243    1.785348555e-15
7563.918777    1.794184668e-15
7566.225311    1.728198466e-15
7568.531846    1.753140388e-15
7570.83838    1.747073107e-15
7573.144914    1.747842515e-15
7575.451448    1.790451488e-15
7577.757982    1.748437685e-15
7580.064517    1.703603123e-15
7582.371051    1.737997201e-15
7584.677585    1.67655775e-15
7586.984119    1.621438484e-15
7589.290653    1.581637332e-15
7591.597188    1.591200415e-15
7593.903722    1.708325492e-15
7596.210256    1.959245054e-15
7598.51679    2.078639539e-15
7600.823324    1.890303706e-15
7603.129859    1.773282999e-15
7605.436393    1.778529118e-15
7607.742927    1.983750518e-15
7610.049461    2.073103599e-15
7612.355995    1.822921874e-15
7614.66253    1.800438262e-15
7616.969064    1.820951776e-15
7619.275598    1.86676949e-15
7621.582132    1.798176617e-15
7623.888666    1.691118533e-15
7626.195201    1.629876265e-15
7628.501735    1.60643003e-15
7630.808269    1.569522611e-15
7633.114803    1.492364125e-15
7635.421337    1.515374247e-15
7637.727872    1.651186444e-15
7640.034406    1.54971916e-15
7642.34094    1.514349865e-15
7644.647474    1.727230668e-15
7646.954008    1.85411049e-15
7649.260543    1.893622855e-15
7651.567077    1.857048385e-15
7653.873611    1.814030557e-15
7656.180145    1.89761998e-15
7658.486679    1.912271504e-15
7660.793214    1.873285304e-15
7663.099748    1.846026533e-15
7665.406282    1.801952926e-15
7667.712816    1.716471036e-15
7670.01935    1.615374309e-15
7672.325885    1.521909555e-15
7674.632419    1.514779422e-15
7676.938953    1.542174133e-15
7679.245487    1.598078161e-15
7681.552021    1.632927156e-15
7683.858556    1.631373677e-15
7686.16509    1.638248491e-15
7688.471624    1.663771263e-15
7690.778158    1.674190528e-15
7693.084692    1.750016178e-15
7695.391227    1.679592253e-15
7697.697761    1.619706454e-15
7700.004295    1.619341589e-15
7702.310829    1.60965102e-15
7704.617363    1.572053203e-15
7706.923898    1.55039541e-15
7709.230432    1.559559125e-15
7711.536966    1.561110017e-15
7713.8435    1.557378907e-15
7716.150034    1.557542794e-15
7718.456569    1.506111337e-15
7720.763103    1.584484486e-15
7723.069637    1.600907201e-15
7725.376171    1.475021744e-15
7727.682705    1.551137388e-15
7729.98924    1.614511054e-15
7732.295774    1.587338885e-15
7734.602308    1.620721175e-15
7736.908842    1.62564297e-15
7739.215376    1.635872125e-15
7741.521911    1.689611288e-15
7743.828445    1.793682655e-15
7746.134979    1.820028832e-15
7748.441513    1.828773513e-15
7750.748047    1.775529118e-15
7753.054582    1.71703153e-15
7755.361116    1.691218763e-15
7757.66765    1.537081724e-15
7759.974184    1.442159408e-15
7762.280718    1.458784135e-15
7764.587253    1.509069589e-15
7766.893787    1.539601448e-15
7769.200321    1.551761368e-15
7771.506855    1.569368729e-15
7773.813389    1.558631696e-15
7776.119924    1.567170397e-15
7778.426458    1.586974365e-15
7780.732992    1.702842168e-15
7783.039526    1.689714623e-15
7785.34606    1.541528245e-15
7787.652595    1.452385803e-15
7789.959129    1.405630827e-15
7792.265663    1.475579996e-15
7794.572197    1.548154122e-15
7796.878731    1.582780231e-15
7799.185266    1.570784198e-15
7801.4918    1.57240996e-15
7803.798334    1.628458381e-15
7806.104868    1.630606857e-15
7808.411402    1.647396335e-15
7810.717937    1.586783738e-15
7813.024471    1.515997019e-15
7815.331005    1.466542905e-15
7817.637539    1.527693397e-15
7819.944073    1.530019906e-15
7822.250608    1.473504493e-15
7824.557142    1.499000698e-15
7826.863676    1.405703627e-15
7829.17021    1.481683676e-15
7831.476744    1.53196775e-15
7833.783279    1.379655897e-15
7836.089813    1.507895293e-15
7838.396347    1.505088853e-15
7840.702881    1.494387702e-15
7843.009415    1.531060332e-15
7845.315949    1.444698798e-15
7847.622484    1.364001555e-15
7849.929018    1.332546062e-15
7852.235552    1.275582287e-15
7854.542086    1.253973661e-15
7856.84862    1.261658767e-15
7859.155155    1.358763544e-15
7861.461689    1.41333836e-15
7863.768223    1.442908114e-15
7866.074757    1.559467004e-15
7868.381291    1.487999893e-15
7870.687826    1.409315703e-15
7872.99436    1.528736927e-15
7875.300894    1.541113351e-15
7877.607428    1.499322608e-15
7879.913962    1.508155098e-15
7882.220497    1.426504721e-15
7884.527031    1.457543077e-15
7886.833565    1.558702426e-15
7889.140099    1.576299954e-15
7891.446633    1.579896332e-15
7893.753168    1.495569243e-15
7896.059702    1.426532668e-15
7898.366236    1.447951185e-15
7900.67277    1.560069074e-15
7902.979304    1.525281148e-15
7905.285839    1.475296385e-15
7907.592373    1.441356705e-15
7909.898907    1.471251473e-15
7912.205441    1.59213233e-15
7914.511975    1.594488512e-15
7916.81851    1.55935073e-15
7919.125044    1.534937905e-15
7921.431578    1.516360504e-15
7923.738112    1.49859029e-15
7926.044646    1.422287642e-15
7928.351181    1.513159871e-15
7930.657715    1.521319216e-15

