3507.013916	3.73E-16
3509.853986	4.07E-17
3512.694056	8.98E-17
3515.534126	1.24E-16
3518.374196	7.67E-17
3521.214266	1.11E-16
3524.054336	-1.26E-16
3526.894406	1.05E-16
3529.734476	-1.39E-16
3532.574546	-4.98E-17
3535.414616	-6.64E-17
3538.254686	2.92E-16
3541.094756	4.36E-17
3543.934826	1.72E-16
3546.774896	-6.81E-17
3549.614966	1.82E-16
3552.455036	1.23E-17
3555.295106	5.27E-16
3558.135176	-3.82E-17
3560.975246	-8.68E-17
3563.815316	-3.31E-17
3566.655386	2.01E-16
3569.495456	4.65E-17
3572.335526	2.91E-16
3575.175596	2.34E-16
3578.015666	9.68E-17
3580.855736	-4.16E-17
3583.695806	2.10E-16
3586.535876	2.00E-17
3589.375946	4.37E-17
3592.216016	1.74E-17
3595.056086	2.53E-17
3597.896156	-7.68E-17
3600.736226	-1.00E-16
3603.576296	6.01E-17
3606.416366	3.66E-17
3609.256436	2.66E-16
3612.096506	5.76E-17
3614.936576	6.94E-17
3617.776646	7.42E-17
3620.616716	1.70E-17
3623.456786	3.30E-16
3626.296856	1.71E-16
3629.136926	1.68E-16
3631.976996	1.54E-16
3634.817066	4.14E-17
3637.657136	1.37E-16
3640.497206	-4.90E-17
3643.337276	1.03E-16
3646.177346	1.67E-16
3649.017416	4.19E-17
3651.857486	-1.63E-16
3654.697556	1.55E-16
3657.537627	5.23E-17
3660.377697	3.42E-16
3663.217767	8.55E-17
3666.057837	2.49E-16
3668.897907	8.75E-17
3671.737977	6.83E-17
3674.578047	1.72E-16
3677.418117	1.48E-16
3680.258187	1.95E-16
3683.098257	7.11E-17
3685.938327	1.89E-16
3688.778397	4.41E-16
3691.618467	2.51E-16
3694.458537	-1.67E-18
3697.298607	2.42E-16
3700.138677	2.73E-16
3702.978747	4.17E-17
3705.818817	1.16E-16
3708.658887	4.21E-17
3711.498957	-1.53E-16
3714.339027	6.97E-17
3717.179097	1.04E-16
3720.019167	-1.13E-16
3722.859237	3.04E-17
3725.699307	5.40E-17
3728.539377	-2.61E-16
3731.379447	-2.32E-17
3734.219517	1.15E-16
3737.059587	-1.14E-16
3739.899657	-5.27E-17
3742.739727	-1.72E-16
3745.579797	1.08E-16
3748.419867	6.94E-18
3751.259937	1.84E-16
3754.100007	-3.80E-17
3756.940077	-8.30E-17
3759.780147	-1.31E-16
3762.620217	1.38E-16
3765.460287	-2.36E-17
3768.300357	5.65E-17
3771.140427	-1.43E-16
3773.980497	1.24E-16
3776.820567	-9.37E-17
3779.660637	-1.39E-16
3782.500707	6.61E-17
3785.340777	3.71E-17
3788.180847	-1.26E-16
3791.020917	-5.04E-17
3793.860987	-8.91E-18
3796.701057	9.75E-17
3799.541127	8.42E-17
3802.381197	-5.42E-17
3805.221267	1.16E-18
3808.061337	-7.69E-17
3810.901407	4.46E-18
3813.741477	8.15E-17
3816.581547	9.78E-18
3819.421617	3.73E-17
3822.261687	4.20E-17
3825.101757	2.28E-17
3827.941827	9.29E-17
3830.781897	-1.02E-16
3833.621967	8.66E-17
3836.462037	-1.85E-17
3839.302107	7.66E-18
3842.142177	6.24E-17
3844.982247	1.77E-16
3847.822317	1.16E-16
3850.662387	1.28E-16
3853.502457	2.63E-16
3856.342527	1.63E-17
3859.182597	1.47E-16
3862.022667	5.05E-18
3864.862737	1.82E-16
3867.702807	1.21E-16
3870.542877	6.60E-17
3873.382947	9.30E-17
3876.223017	4.16E-17
3879.063087	1.04E-16
3881.903157	1.19E-16
3884.743227	5.32E-17
3887.583297	6.77E-17
3890.423367	6.01E-19
3893.263437	1.13E-16
3896.103507	2.12E-16
3898.943577	1.74E-16
3901.783647	1.52E-16
3904.623717	2.60E-16
3907.463787	1.64E-16
3910.303857	3.50E-17
3913.143927	1.75E-16
3915.983997	6.85E-17
3918.824067	1.33E-16
3921.664137	2.54E-17
3924.504207	3.76E-17
3927.344277	2.19E-17
3930.184347	8.98E-18
3933.024417	6.42E-17
3935.864487	6.73E-17
3938.704557	2.28E-17
3941.544627	-5.25E-17
3944.384697	-3.11E-17
3947.224767	-1.83E-17
3950.064837	-1.28E-16
3952.904907	-5.87E-17
3955.744977	-7.91E-18
3958.585047	1.24E-17
3961.425117	-3.03E-18
3964.265188	1.82E-16
3967.105258	1.28E-16
3969.945328	3.14E-17
3972.785398	8.85E-17
3975.625468	5.86E-17
3978.465538	-4.39E-17
3981.305608	5.57E-17
3984.145678	7.97E-17
3986.985748	-5.99E-17
3989.825818	1.73E-16
3992.665888	1.47E-16
3995.505958	1.27E-16
3998.346028	2.26E-16
4001.186098	1.69E-16
4004.026168	1.51E-16
4006.866238	4.60E-17
4009.706308	1.46E-16
4012.546378	1.24E-16
4015.386448	1.34E-16
4018.226518	5.39E-17
4021.066588	1.37E-16
4023.906658	1.74E-16
4026.746728	1.17E-16
4029.586798	5.38E-17
4032.426868	-5.27E-17
4035.266938	5.56E-17
4038.107008	-7.30E-18
4040.947078	4.73E-17
4043.787148	4.67E-17
4046.627218	2.97E-17
4049.467288	1.11E-16
4052.307358	2.45E-16
4055.147428	1.06E-16
4057.987498	2.02E-16
4060.827568	1.97E-16
4063.667638	8.52E-17
4066.507708	1.02E-16
4069.347778	-1.42E-17
4072.187848	1.33E-16
4075.027918	7.73E-17
4077.867988	2.43E-17
4080.708058	2.24E-16
4083.548128	1.03E-17
4086.388198	2.23E-16
4089.228268	1.05E-16
4092.068338	1.06E-16
4094.908408	1.10E-16
4097.748478	1.25E-16
4100.588548	1.85E-16
4103.428618	5.47E-17
4106.268688	1.55E-16
4109.108758	7.72E-17
4111.948828	8.69E-17
4114.788898	1.46E-16
4117.628968	3.42E-17
4120.469038	2.01E-16
4123.309108	9.60E-17
4126.149178	-2.17E-17
4128.989248	2.30E-17
4131.829318	1.15E-17
4134.669388	1.66E-16
4137.509458	2.67E-17
4140.349528	2.19E-17
4143.189598	-1.89E-17
4146.029668	-7.36E-17
4148.869738	7.62E-17
4151.709808	1.52E-16
4154.549878	1.79E-16
4157.389948	3.39E-18
4160.230018	3.60E-17
4163.070088	8.91E-17
4165.910158	6.00E-17
4168.750228	-5.41E-17
4171.590298	1.09E-16
4174.430368	1.25E-16
4177.270438	1.87E-17
4180.110508	5.24E-18
4182.950578	1.17E-16
4185.790648	1.64E-16
4188.630718	8.13E-17
4191.470788	2.77E-17
4194.310858	4.97E-17
4197.150928	5.11E-17
4199.990998	8.84E-17
4202.831068	1.22E-16
4205.671138	1.02E-16
4208.511208	1.97E-16
4211.351278	2.54E-17
4214.191348	4.38E-17
4217.031418	4.09E-17
4219.871488	5.24E-17
4222.711558	3.82E-17
4225.551628	1.04E-16
4228.391698	2.48E-17
4231.231768	2.72E-18
4234.071838	3.72E-17
4236.911908	8.72E-17
4239.751978	4.19E-17
4242.592048	7.34E-17
4245.432118	1.08E-16
4248.272188	-5.59E-18
4251.112258	3.95E-17
4253.952328	7.29E-17
4256.792398	1.09E-16
4259.632468	1.12E-16
4262.472538	4.46E-17
4265.312608	6.22E-17
4268.152678	4.96E-17
4270.992748	5.00E-17
4273.832819	8.45E-17
4276.672889	-8.95E-18
4279.512959	7.87E-17
4282.353029	-3.80E-17
4285.193099	4.33E-17
4288.033169	-2.00E-17
4290.873239	1.68E-16
4293.713309	1.78E-17
4296.553379	1.02E-16
4299.393449	2.76E-17
4302.233519	1.30E-17
4305.073589	-8.16E-18
4307.913659	-1.93E-17
4310.753729	3.46E-17
4313.593799	-1.74E-18
4316.433869	3.00E-17
4319.273939	2.45E-17
4322.114009	1.14E-16
4324.954079	6.81E-17
4327.794149	8.01E-18
4330.634219	1.93E-17
4333.474289	1.01E-16
4336.314359	7.85E-17
4339.154429	1.42E-16
4341.994499	1.08E-16
4344.834569	8.04E-17
4347.674639	7.68E-17
4350.514709	9.77E-17
4353.354779	1.12E-16
4356.194849	1.10E-17
4359.034919	1.07E-16
4361.874989	-5.52E-18
4364.715059	5.20E-17
4367.555129	4.93E-17
4370.395199	2.64E-17
4373.235269	1.02E-16
4376.075339	5.85E-17
4378.915409	1.22E-17
4381.755479	5.07E-17
4384.595549	6.86E-17
4387.435619	7.47E-17
4390.275689	9.57E-17
4393.115759	3.10E-17
4395.955829	8.02E-17
4398.795899	6.76E-17
4401.635969	5.34E-17
4404.476039	6.06E-17
4407.316109	1.37E-16
4410.156179	1.23E-16
4412.996249	1.53E-16
4415.836319	1.47E-16
4418.676389	7.07E-17
4421.516459	1.31E-16
4424.356529	1.03E-17
4427.196599	1.39E-16
4430.036669	9.50E-17
4432.876739	3.51E-17
4435.716809	1.12E-16
4438.556879	8.99E-17
4441.396949	2.56E-17
4444.237019	7.68E-17
4447.077089	1.03E-16
4449.917159	1.39E-16
4452.757229	3.20E-17
4455.597299	5.15E-17
4458.437369	1.11E-17
4461.277439	6.86E-17
4464.117509	1.90E-16
4466.957579	1.18E-16
4469.797649	1.07E-16
4472.637719	1.88E-17
4475.477789	8.68E-17
4478.317859	1.10E-16
4481.157929	1.27E-16
4483.997999	7.85E-17
4486.838069	8.02E-17
4489.678139	-1.54E-17
4492.518209	9.09E-18
4495.358279	4.90E-17
4498.198349	1.11E-16
4501.038419	7.69E-17
4503.878489	7.10E-17
4506.718559	1.10E-16
4509.558629	7.66E-17
4512.398699	1.28E-16
4515.238769	4.62E-17
4518.078839	1.40E-16
4520.918909	3.94E-17
4523.758979	4.99E-17
4526.599049	6.05E-17
4529.439119	5.91E-17
4532.279189	8.24E-17
4535.119259	1.09E-16
4537.959329	7.81E-17
4540.799399	5.82E-17
4543.639469	1.65E-17
4546.479539	3.84E-17
4549.319609	5.05E-17
4552.159679	7.17E-17
4554.999749	1.59E-17
4557.839819	9.15E-17
4560.679889	9.64E-17
4563.519959	5.95E-17
4566.360029	2.82E-17
4569.200099	1.14E-16
4572.040169	1.38E-16
4574.880239	1.34E-16
4577.720309	8.39E-17
4580.56038	1.05E-16
4583.40045	1.18E-16
4586.24052	1.22E-16
4589.08059	1.52E-16
4591.92066	1.63E-16
4594.76073	5.37E-17
4597.6008	1.21E-16
4600.44087	1.89E-16
4603.28094	7.50E-17
4606.12101	7.69E-17
4608.96108	1.27E-16
4611.80115	1.24E-16
4614.64122	1.09E-16
4617.48129	1.16E-16
4620.32136	9.64E-17
4623.16143	1.15E-16
4626.0015	1.42E-16
4628.84157	5.79E-17
4631.68164	1.58E-16
4634.52171	1.23E-16
4637.36178	6.89E-17
4640.20185	1.29E-16
4643.04192	1.35E-16
4645.88199	1.31E-16
4648.72206	1.29E-16
4651.56213	1.31E-16
4654.4022	1.76E-16
4657.24227	1.58E-16
4660.08234	1.16E-16
4662.92241	1.76E-16
4665.76248	1.45E-16
4668.60255	6.56E-17
4671.44262	1.27E-16
4674.28269	1.57E-16
4677.12276	1.46E-16
4679.96283	2.09E-16
4682.8029	1.09E-16
4685.64297	3.86E-17
4688.48304	1.33E-16
4691.32311	1.49E-16
4694.16318	1.11E-16
4697.00325	1.14E-16
4699.84332	1.73E-16
4702.68339	2.99E-16
4705.52346	3.49E-16
4708.36353	3.79E-16
4711.2036	3.51E-16
4714.04367	2.74E-16
4716.88374	2.16E-16
4719.72381	1.80E-16
4722.56388	1.71E-16
4725.40395	9.25E-17
4728.24402	8.59E-17
4731.08409	6.77E-17
4733.92416	7.91E-17
4736.76423	7.50E-17
4739.6043	1.24E-16
4742.44437	1.25E-16
4745.28444	1.56E-16
4748.12451	1.21E-16
4750.96458	1.27E-16
4753.80465	1.61E-16
4756.64472	1.39E-16
4759.48479	1.25E-16
4762.32486	1.35E-16
4765.16493	9.13E-17
4768.005	1.28E-16
4770.84507	1.12E-16
4773.68514	5.78E-17
4776.52521	1.01E-16
4779.36528	8.21E-17
4782.20535	7.17E-17
4785.04542	1.37E-16
4787.88549	1.16E-16
4790.72556	1.01E-16
4793.56563	1.20E-16
4796.4057	7.95E-17
4799.24577	1.18E-16
4802.08584	1.12E-16
4804.92591	7.57E-17
4807.76598	6.66E-17
4810.60605	1.11E-16
4813.44612	6.67E-17
4816.28619	3.03E-17
4819.12626	4.53E-17
4821.96633	8.66E-18
4824.8064	-9.93E-18
4827.64647	4.04E-17
4830.48654	2.86E-17
4833.32661	7.36E-17
4836.16668	6.03E-17
4839.00675	6.74E-17
4841.84682	9.96E-17
4844.68689	4.57E-17
4847.52696	9.24E-17
4850.36703	1.17E-16
4853.2071	1.98E-16
4856.04717	1.87E-16
4858.88724	1.93E-16
4861.72731	1.64E-16
4864.56738	2.71E-16
4867.40745	2.39E-16
4870.24752	2.27E-16
4873.08759	2.57E-16
4875.92766	2.44E-16
4878.76773	2.22E-16
4881.6078	2.04E-16
4884.44787	1.96E-16
4887.287941	1.44E-16
4890.128011	2.01E-16
4892.968081	1.13E-16
4895.808151	1.28E-16
4898.648221	1.21E-16
4901.488291	1.10E-16
4904.328361	1.48E-16
4907.168431	1.15E-16
4910.008501	1.24E-16
4912.848571	1.15E-16
4915.688641	1.98E-16
4918.528711	8.98E-17
4921.368781	1.31E-16
4924.208851	1.61E-16
4927.048921	2.01E-16
4929.888991	1.83E-16
4932.729061	1.78E-16
4935.569131	1.37E-16
4938.409201	1.93E-16
4941.249271	1.31E-16
4944.089341	1.30E-16
4946.929411	1.67E-16
4949.769481	1.67E-16
4952.609551	1.59E-16
4955.449621	1.68E-16
4958.289691	1.31E-16
4961.129761	1.39E-16
4963.969831	1.46E-16
4966.809901	1.16E-16
4969.649971	1.22E-16
4972.490041	1.53E-16
4975.330111	4.73E-17
4978.170181	6.06E-17
4981.010251	7.66E-17
4983.850321	1.58E-16
4986.690391	1.37E-16
4989.530461	1.00E-16
4992.370531	1.18E-16
4995.210601	6.79E-17
4998.050671	5.83E-17
5000.890741	6.82E-17
5003.730811	8.55E-17
5006.570881	9.07E-17
5009.410951	1.09E-16
5012.251021	1.13E-16
5015.091091	1.27E-16
5017.931161	1.42E-16
5020.771231	1.79E-16
5023.611301	1.75E-16
5026.451371	1.32E-16
5029.291441	1.90E-16
5032.131511	1.69E-16
5034.971581	2.19E-16
5037.811651	1.32E-16
5040.651721	1.38E-16
5043.491791	1.76E-16
5046.331861	1.32E-16
5049.171931	1.69E-16
5052.012001	1.82E-16
5054.852071	1.48E-16
5057.692141	1.69E-16
5060.532211	1.22E-16
5063.372281	1.41E-16
5066.212351	1.53E-16
5069.052421	1.21E-16
5071.892491	1.15E-16
5074.732561	1.36E-16
5077.572631	1.27E-16
5080.412701	1.55E-16
5083.252771	1.08E-16
5086.092841	1.10E-16
5088.932911	1.34E-16
5091.772981	9.54E-17
5094.613051	1.13E-16
5097.453121	9.49E-17
5100.293191	1.27E-16
5103.133261	1.36E-16
5105.973331	9.86E-17
5108.813401	1.39E-16
5111.653471	9.69E-17
5114.493541	9.16E-17
5117.333611	9.23E-17
5120.173681	1.32E-16
5123.013751	6.65E-17
5125.853821	1.15E-16
5128.693891	8.29E-17
5131.533961	7.25E-17
5134.374031	6.42E-17
5137.214101	1.08E-16
5140.054171	9.96E-17
5142.894241	1.01E-16
5145.734311	8.98E-17
5148.574381	7.71E-17
5151.414451	1.33E-16
5154.254521	1.53E-16
5157.094591	7.63E-17
5159.934661	1.23E-16
5162.774731	6.61E-17
5165.614801	1.47E-16
5168.454871	1.19E-16
5171.294941	1.04E-16
5174.135011	1.33E-16
5176.975081	1.32E-16
5179.815151	1.43E-16
5182.655221	1.58E-16
5185.495291	1.18E-16
5188.335361	1.09E-16
5191.175431	1.18E-16
5194.015501	1.09E-16
5196.855572	1.72E-16
5199.695642	1.32E-16
5202.535712	1.28E-16
5205.375782	1.48E-16
5208.215852	1.30E-16
5211.055922	1.05E-16
5213.895992	1.63E-16
5216.736062	1.72E-16
5219.576132	1.67E-16
5222.416202	1.40E-16
5225.256272	1.10E-16
5228.096342	1.39E-16
5230.936412	1.67E-16
5233.776482	1.80E-16
5236.616552	1.63E-16
5239.456622	1.59E-16
5242.296692	1.54E-16
5245.136762	1.18E-16
5247.976832	1.52E-16
5250.816902	1.46E-16
5253.656972	1.85E-16
5256.497042	1.63E-16
5259.337112	2.08E-16
5262.177182	1.52E-16
5265.017252	1.22E-16
5267.857322	2.03E-16
5270.697392	1.39E-16
5273.537462	1.76E-16
5276.377532	1.97E-16
5279.217602	1.66E-16
5282.057672	2.19E-16
5284.897742	1.49E-16
5287.737812	1.39E-16
5290.577882	1.65E-16
5293.417952	1.26E-16
5296.258022	1.20E-16
5299.098092	1.72E-16
5301.938162	1.57E-16
5304.778232	1.66E-16
5307.618302	1.47E-16
5310.458372	1.49E-16
5313.298442	1.37E-16
5316.138512	1.44E-16
5318.978582	1.54E-16
5321.818652	1.85E-16
5324.658722	1.37E-16
5327.498792	1.35E-16
5330.338862	1.46E-16
5333.178932	1.57E-16
5336.019002	1.73E-16
5338.859072	1.13E-16
5341.699142	1.40E-16
5344.539212	1.61E-16
5347.379282	1.16E-16
5350.219352	1.57E-16
5353.059422	1.69E-16
5355.899492	1.97E-16
5358.739562	1.74E-16
5361.579632	1.79E-16
5364.419702	1.51E-16
5367.259772	1.17E-16
5370.099842	1.70E-16
5372.939912	1.66E-16
5375.779982	1.25E-16
5378.620052	1.85E-16
5381.460122	1.73E-16
5384.300192	1.24E-16
5387.140262	1.84E-16
5389.980332	1.43E-16
5392.820402	1.68E-16
5395.660472	1.24E-16
5398.500542	1.14E-16
5401.340612	1.36E-16
5404.180682	1.49E-16
5407.020752	1.13E-16
5409.860822	1.73E-16
5412.700892	1.51E-16
5415.540962	9.66E-17
5418.381032	1.31E-16
5421.221102	1.43E-16
5424.061172	1.41E-16
5426.901242	1.21E-16
5429.741312	1.44E-16
5432.581382	1.70E-16
5435.421452	1.34E-16
5438.261522	1.30E-16
5441.101592	1.47E-16
5443.941662	1.71E-16
5446.781732	1.68E-16
5449.621802	1.14E-16
5452.461872	1.49E-16
5455.301942	1.48E-16
5458.142012	1.64E-16
5460.982082	1.65E-16
5463.822152	1.70E-16
5466.662222	1.09E-16
5469.502292	1.34E-16
5472.342362	1.81E-16
5475.182432	1.64E-16
5478.022502	1.07E-16
5480.862572	1.39E-16
5483.702642	1.46E-16
5486.542712	1.47E-16
5489.382782	1.36E-16
5492.222852	1.61E-16
5495.062922	1.56E-16
5497.902992	1.33E-16
5500.743062	1.77E-16
5503.583133	1.68E-16
5506.423203	1.31E-16
5509.263273	1.43E-16
5512.103343	1.53E-16
5514.943413	1.12E-16
5517.783483	1.77E-16
5520.623553	1.41E-16
5523.463623	2.35E-16
5526.303693	1.36E-16
5529.143763	1.51E-16
5531.983833	1.50E-16
5534.823903	1.43E-16
5537.663973	1.68E-16
5540.504043	1.76E-16
5543.344113	2.17E-16
5546.184183	1.97E-16
5549.024253	1.49E-16
5551.864323	1.90E-16
5554.704393	1.73E-16
5557.544463	1.69E-16
5560.384533	1.81E-16
5563.224603	2.07E-16
5566.064673	1.54E-16
5568.904743	1.60E-16
5571.744813	1.76E-16
5574.584883	1.28E-16
5577.424953	1.24E-16
5580.265023	1.54E-16
5583.105093	1.71E-16
5585.945163	1.67E-16
5588.785233	1.38E-16
5591.625303	1.68E-16
5594.465373	1.61E-16
5597.305443	1.57E-16
5600.145513	1.41E-16
5602.985583	1.46E-16
5605.825653	1.54E-16
5608.665723	1.55E-16
5611.505793	1.34E-16
5614.345863	1.01E-16
5617.185933	1.49E-16
5620.026003	1.66E-16
5622.866073	1.25E-16
5625.706143	1.43E-16
5628.546213	9.49E-17
5631.386283	9.73E-17
5634.226353	9.80E-17
5637.066423	9.26E-17
5639.906493	1.11E-16
5642.746563	1.13E-16
5645.586633	1.02E-16
5648.426703	1.02E-16
5651.266773	1.26E-16
5654.106843	1.07E-16
5656.946913	1.52E-16
5659.786983	7.73E-17
5662.627053	9.06E-17
5665.467123	1.42E-16
5668.307193	8.10E-17
5671.147263	1.39E-16
5673.987333	1.54E-16
5676.827403	9.94E-17
5679.667473	1.00E-16
5682.507543	1.54E-16
5685.347613	9.90E-17
5688.187683	4.66E-17
5691.027753	1.53E-16
5693.867823	1.69E-16
5696.707893	1.27E-16
5699.547963	1.69E-16
5702.388033	1.16E-16
5705.228103	1.06E-16
5708.068173	1.13E-16
5710.908243	9.94E-17
5713.748313	1.90E-16
5716.588383	1.08E-16
5719.428453	1.17E-16
5722.268523	1.09E-16
5725.108593	1.02E-16
5727.948663	1.31E-16
5730.788733	1.24E-16
5733.628803	1.13E-16
5736.468873	5.94E-17
5739.308943	8.87E-17
5742.149013	8.14E-17
5744.989083	1.08E-16
5747.829153	1.27E-16
5750.669223	1.60E-16
5753.509293	4.75E-17
5756.349363	1.41E-16
5759.189433	1.11E-16
5762.029503	8.81E-17
5764.869573	8.02E-17
5767.709643	1.26E-16
5770.549713	1.22E-16
5773.389783	8.52E-17
5776.229853	1.23E-16
5779.069923	8.37E-17
5781.909993	7.15E-17
5784.750063	1.07E-16
5787.590133	1.06E-16
5790.430203	1.19E-16
5793.270273	8.95E-17
5796.110343	8.53E-17
5798.950413	1.24E-16
5801.790483	1.03E-16
5804.630553	7.80E-17
5807.470623	9.30E-17
5810.310694	4.81E-17
5813.150764	9.69E-17
5815.990834	9.49E-17
5818.830904	8.95E-17
5821.670974	1.03E-16
5824.511044	8.01E-17
5827.351114	9.07E-17
5830.191184	2.43E-17
5833.031254	5.30E-17
5835.871324	5.36E-17
5838.711394	5.54E-18
5841.551464	1.82E-17
5844.391534	1.63E-17
5847.231604	2.08E-17
5850.071674	1.04E-17
5852.911744	1.03E-17
5855.751814	5.51E-17
5858.591884	3.16E-17
5861.431954	4.22E-17
5864.272024	1.84E-17
5867.112094	5.85E-17
5869.952164	8.81E-17
5872.792234	2.30E-17
5875.632304	5.12E-17
5878.472374	8.58E-17
5881.312444	1.14E-16
5884.152514	1.11E-16
5886.992584	7.19E-17
5889.832654	1.29E-16
5892.672724	1.95E-16
5895.512794	1.61E-16
5898.352864	1.24E-16
5901.192934	1.60E-16
5904.033004	1.78E-16
5906.873074	2.01E-16
5909.713144	1.77E-16
5912.553214	1.83E-16
5915.393284	1.93E-16
5918.233354	2.11E-16
5921.073424	2.17E-16
5923.913494	2.25E-16
5926.753564	2.12E-16
5929.593634	1.93E-16
5932.433704	1.83E-16
5935.273774	1.97E-16
5938.113844	1.90E-16
5940.953914	1.80E-16
5943.793984	2.19E-16
5946.634054	1.66E-16
5949.474124	1.69E-16
5952.314194	1.67E-16
5955.154264	1.61E-16
5957.994334	1.46E-16
5960.834404	1.67E-16
5963.674474	1.73E-16
5966.514544	1.42E-16
5969.354614	1.48E-16
5972.194684	1.02E-16
5975.034754	1.65E-16
5977.874824	1.16E-16
5980.714894	1.08E-16
5983.554964	1.24E-16
5986.395034	8.91E-17
5989.235104	1.53E-16
5992.075174	1.49E-16
5994.915244	1.32E-16
5997.755314	1.16E-16
6000.595384	1.75E-16
6003.435454	1.81E-16
6006.275524	1.35E-16
6009.115594	1.25E-16
6011.955664	1.32E-16
6014.795734	1.18E-16
6017.635804	1.34E-16
6020.475874	1.55E-16
6023.315944	1.08E-16
6026.156014	1.52E-16
6028.996084	1.48E-16
6031.836154	1.61E-16
6034.676224	1.21E-16
6037.516294	1.28E-16
6040.356364	1.07E-16
6043.196434	7.63E-17
6046.036504	1.03E-16
6048.876574	1.10E-16
6051.716644	9.19E-17
6054.556714	7.68E-17
6057.396784	1.07E-16
6060.236854	1.03E-16
6063.076924	7.85E-17
6065.916994	8.02E-17
6068.757064	1.06E-16
6071.597134	1.07E-16
6074.437204	1.07E-16
6077.277274	1.08E-16
6080.117344	8.75E-17
6082.957414	7.21E-17
6085.797484	1.06E-16
6088.637554	8.09E-17
6091.477624	8.60E-17
6094.317694	1.43E-16
6097.157764	1.30E-16
6099.997834	8.54E-17
6102.837904	1.31E-16
6105.677974	1.29E-16
6108.518044	9.88E-17
6111.358114	1.13E-16
6114.198184	1.33E-16
6117.038254	1.37E-16
6119.878325	1.16E-16
6122.718395	1.49E-16
6125.558465	1.40E-16
6128.398535	1.44E-16
6131.238605	1.46E-16
6134.078675	1.59E-16
6136.918745	1.30E-16
6139.758815	1.29E-16
6142.598885	1.49E-16
6145.438955	1.37E-16
6148.279025	1.68E-16
6151.119095	1.78E-16
6153.959165	1.71E-16
6156.799235	1.57E-16
6159.639305	1.48E-16
6162.479375	1.54E-16
6165.319445	1.78E-16
6168.159515	1.92E-16
6170.999585	1.58E-16
6173.839655	1.51E-16
6176.679725	1.68E-16
6179.519795	1.66E-16
6182.359865	1.65E-16
6185.199935	1.45E-16
6188.040005	1.84E-16
6190.880075	1.64E-16
6193.720145	1.47E-16
6196.560215	1.60E-16
6199.400285	1.85E-16
6202.240355	1.41E-16
6205.080425	1.32E-16
6207.920495	1.39E-16
6210.760565	1.40E-16
6213.600635	1.47E-16
6216.440705	1.32E-16
6219.280775	1.43E-16
6222.120845	1.16E-16
6224.960915	1.11E-16
6227.800985	1.12E-16
6230.641055	1.07E-16
6233.481125	9.41E-17
6236.321195	1.15E-16
6239.161265	1.61E-16
6242.001335	1.59E-16
6244.841405	1.13E-16
6247.681475	1.52E-16
6250.521545	1.65E-16
6253.361615	1.45E-16
6256.201685	1.62E-16
6259.041755	1.63E-16
6261.881825	1.82E-16
6264.721895	1.91E-16
6267.561965	1.95E-16
6270.402035	1.89E-16
6273.242105	1.66E-16
6276.082175	2.04E-16
6278.922245	2.06E-16
6281.762315	1.69E-16
6284.602385	2.00E-16
6287.442455	2.04E-16
6290.282525	1.84E-16
6293.122595	2.17E-16
6295.962665	1.93E-16
6298.802735	1.68E-16
6301.642805	1.89E-16
6304.482875	2.13E-16
6307.322945	2.28E-16
6310.163015	2.48E-16
6313.003085	2.08E-16
6315.843155	2.27E-16
6318.683225	1.89E-16
6321.523295	2.01E-16
6324.363365	1.77E-16
6327.203435	1.78E-16
6330.043505	1.97E-16
6332.883575	1.77E-16
6335.723645	1.98E-16
6338.563715	1.91E-16
6341.403785	1.72E-16
6344.243855	2.14E-16
6347.083925	1.63E-16
6349.923995	1.84E-16
6352.764065	2.14E-16
6355.604135	2.16E-16
6358.444205	1.77E-16
6361.284275	1.91E-16
6364.124345	1.78E-16
6366.964415	1.71E-16
6369.804485	1.79E-16
6372.644555	1.84E-16
6375.484625	2.03E-16
6378.324695	1.80E-16
6381.164765	1.50E-16
6384.004835	1.64E-16
6386.844905	1.73E-16
6389.684975	1.56E-16
6392.525045	1.47E-16
6395.365115	1.57E-16
6398.205185	1.61E-16
6401.045255	1.37E-16
6403.885325	1.69E-16
6406.725395	1.71E-16
6409.565465	1.42E-16
6412.405535	1.63E-16
6415.245605	1.66E-16
6418.085675	1.54E-16
6420.925745	1.61E-16
6423.765815	1.73E-16
6426.605886	1.60E-16
6429.445956	1.39E-16
6432.286026	1.83E-16
6435.126096	1.70E-16
6437.966166	1.58E-16
6440.806236	2.07E-16
6443.646306	1.74E-16
6446.486376	1.66E-16
6449.326446	1.76E-16
6452.166516	1.47E-16
6455.006586	1.75E-16
6457.846656	1.76E-16
6460.686726	1.67E-16
6463.526796	1.61E-16
6466.366866	1.33E-16
6469.206936	1.51E-16
6472.047006	1.56E-16
6474.887076	1.67E-16
6477.727146	1.43E-16
6480.567216	1.46E-16
6483.407286	1.43E-16
6486.247356	9.97E-17
6489.087426	1.16E-16
6491.927496	9.50E-17
6494.767566	9.06E-17
6497.607636	7.98E-17
6500.447706	4.73E-17
6503.287776	5.20E-17
6506.127846	5.15E-17
6508.967916	5.80E-17
6511.807986	7.68E-17
6514.648056	1.28E-16
6517.488126	1.22E-16
6520.328196	1.33E-16
6523.168266	1.78E-16
6526.008336	2.49E-16
6528.848406	2.83E-16
6531.688476	3.70E-16
6534.528546	4.75E-16
6537.368616	6.02E-16
6540.208686	7.24E-16
6543.048756	8.44E-16
6545.888826	1.01E-15
6548.728896	1.14E-15
6551.568966	1.25E-15
6554.409036	1.43E-15
6557.249106	1.53E-15
6560.089176	1.65E-15
6562.929246	1.83E-15
6565.769316	1.88E-15
6568.609386	1.98E-15
6571.449456	2.02E-15
6574.289526	2.09E-15
6577.129596	2.18E-15
6579.969666	2.15E-15
6582.809736	2.14E-15
6585.649806	2.17E-15
6588.489876	2.08E-15
6591.329946	1.97E-15
6594.170016	1.96E-15
6597.010086	1.86E-15
6599.850156	1.75E-15
6602.690226	1.72E-15
6605.530296	1.56E-15
6608.370366	1.44E-15
6611.210436	1.34E-15
6614.050506	1.21E-15
6616.890576	1.13E-15
6619.730646	1.09E-15
6622.570716	9.79E-16
6625.410786	9.16E-16
6628.250856	8.21E-16
6631.090926	7.53E-16
6633.930996	6.93E-16
6636.771066	6.20E-16
6639.611136	5.91E-16
6642.451206	5.12E-16
6645.291276	4.68E-16
6648.131346	4.46E-16
6650.971416	3.93E-16
6653.811486	4.05E-16
6656.651556	3.87E-16
6659.491626	3.43E-16
6662.331696	3.29E-16
6665.171766	2.85E-16
6668.011836	2.88E-16
6670.851906	2.85E-16
6673.691976	2.41E-16
6676.532046	2.35E-16
6679.372116	2.39E-16
6682.212186	2.54E-16
6685.052256	2.21E-16
6687.892326	1.90E-16
6690.732396	2.38E-16
6693.572466	2.03E-16
6696.412536	1.77E-16
6699.252606	2.01E-16
6702.092676	1.92E-16
6704.932746	1.68E-16
6707.772816	1.67E-16
6710.612886	1.47E-16
6713.452956	1.55E-16
6716.293026	1.32E-16
6719.133096	1.41E-16
6721.973166	1.61E-16
6724.813236	1.31E-16
6727.653306	1.26E-16
6730.493376	1.36E-16
6733.333447	1.25E-16
6736.173517	1.30E-16
6739.013587	1.35E-16
6741.853657	1.26E-16
6744.693727	1.12E-16
6747.533797	8.26E-17
6750.373867	8.90E-17
6753.213937	1.18E-16
6756.054007	7.38E-17
6758.894077	5.55E-17
6761.734147	7.97E-17
6764.574217	1.24E-16
6767.414287	1.16E-16
6770.254357	1.08E-16
6773.094427	1.18E-16
6775.934497	1.08E-16
6778.774567	1.31E-16
6781.614637	1.07E-16
6784.454707	1.14E-16
6787.294777	1.02E-16
6790.134847	1.09E-16
6792.974917	1.16E-16
6795.814987	1.01E-16
6798.655057	1.24E-16
6801.495127	1.10E-16
6804.335197	7.90E-17
6807.175267	1.14E-16
6810.015337	1.31E-16
6812.855407	1.11E-16
6815.695477	1.14E-16
6818.535547	8.35E-17
6821.375617	8.28E-17
6824.215687	9.19E-17
6827.055757	9.08E-17
6829.895827	1.24E-16
6832.735897	1.20E-16
6835.575967	9.86E-17
6838.416037	1.16E-16
6841.256107	1.03E-16
6844.096177	8.38E-17
6846.936247	1.06E-16
6849.776317	9.28E-17
6852.616387	1.16E-16
6855.456457	1.13E-16
6858.296527	7.09E-17
6861.136597	6.44E-17
6863.976667	8.73E-17
6866.816737	6.79E-17
6869.656807	1.02E-16
6872.496877	9.05E-17
6875.336947	8.78E-17
6878.177017	1.12E-16
6881.017087	1.17E-16
6883.857157	1.08E-16
6886.697227	8.79E-17
6889.537297	7.43E-17
6892.377367	9.15E-17
6895.217437	9.46E-17
6898.057507	9.76E-17
6900.897577	1.08E-16
6903.737647	1.08E-16
6906.577717	8.76E-17
6909.417787	8.10E-17
6912.257857	1.03E-16
6915.097927	8.02E-17
6917.937997	6.62E-17
6920.778067	8.45E-17
6923.618137	1.09E-16
6926.458207	9.53E-17
6929.298277	1.09E-16
6932.138347	9.60E-17
6934.978417	7.36E-17
6937.818487	8.93E-17
6940.658557	1.04E-16
6943.498627	8.51E-17
6946.338697	7.40E-17
6949.178767	8.62E-17
6952.018837	8.39E-17
6954.858907	9.21E-17
6957.698977	8.01E-17
6960.539047	8.21E-17
6963.379117	1.24E-16
6966.219187	1.21E-16
6969.059257	1.20E-16
6971.899327	8.48E-17
6974.739397	1.10E-16
6977.579467	9.15E-17
6980.419537	8.97E-17
6983.259607	1.40E-16
6986.099677	9.83E-17
6988.939747	8.52E-17
6991.779817	1.04E-16
6994.619887	1.27E-16
6997.459957	7.18E-17
7000.300027	1.06E-16
7003.140097	9.81E-17
7005.980167	1.20E-16
7008.820237	7.21E-17
7011.660307	1.02E-16
7014.500377	1.28E-16
7017.340447	1.38E-16
7020.180517	1.38E-16
7023.020587	1.33E-16
7025.860657	1.19E-16
7028.700727	1.21E-16
7031.540797	1.33E-16
7034.380867	1.11E-16
7037.220937	9.21E-17
7040.061007	1.28E-16
7042.901078	1.20E-16
7045.741148	9.63E-17
7048.581218	1.26E-16
7051.421288	1.43E-16
7054.261358	1.40E-16
7057.101428	1.60E-16
7059.941498	1.34E-16
7062.781568	1.33E-16
7065.621638	1.44E-16
7068.461708	1.19E-16
7071.301778	1.91E-16
7074.141848	1.44E-16
7076.981918	1.73E-16
7079.821988	1.90E-16
7082.662058	2.13E-16
7085.502128	2.12E-16
7088.342198	2.05E-16
7091.182268	2.25E-16
7094.022338	2.07E-16
7096.862408	2.17E-16
7099.702478	1.83E-16
7102.542548	1.64E-16
7105.382618	1.80E-16
7108.222688	1.63E-16
7111.062758	1.71E-16
7113.902828	1.62E-16
7116.742898	1.57E-16
7119.582968	1.67E-16
7122.423038	1.50E-16
7125.263108	1.29E-16
7128.103178	1.78E-16
7130.943248	1.58E-16
7133.783318	2.12E-16
7136.623388	1.87E-16
7139.463458	1.65E-16
7142.303528	1.74E-16
7145.143598	1.66E-16
7147.983668	2.43E-16
7150.823738	1.84E-16
7153.663808	1.72E-16
7156.503878	2.28E-16
7159.343948	1.92E-16
7162.184018	1.67E-16
7165.024088	1.93E-16
7167.864158	2.33E-16
7170.704228	2.39E-16
7173.544298	2.44E-16
7176.384368	2.54E-16
7179.224438	2.64E-16
7182.064508	2.09E-16
7184.904578	2.49E-16
7187.744648	2.29E-16
7190.584718	2.22E-16
7193.424788	2.47E-16
7196.264858	1.83E-16
7199.104928	1.54E-16
7201.944998	1.71E-16
7204.785068	1.97E-16
7207.625138	1.57E-16
7210.465208	1.74E-16
7213.305278	1.87E-16
7216.145348	1.73E-16
7218.985418	1.68E-16
7221.825488	1.54E-16
7224.665558	1.52E-16
7227.505628	1.52E-16
7230.345698	1.71E-16
7233.185768	1.76E-16
7236.025838	1.32E-16
7238.865908	1.41E-16
7241.705978	1.69E-16
7244.546048	1.23E-16
7247.386118	1.53E-16
7250.226188	1.83E-16
7253.066258	1.44E-16
7255.906328	1.67E-16
7258.746398	1.32E-16
7261.586468	1.64E-16
7264.426538	1.89E-16
7267.266608	1.64E-16
7270.106678	1.78E-16
7272.946748	1.62E-16
7275.786818	1.36E-16
7278.626888	1.72E-16
7281.466958	1.94E-16
7284.307028	2.16E-16
7287.147098	2.27E-16
7289.987168	2.20E-16
7292.827238	2.59E-16
7295.667308	2.68E-16
7298.507378	2.68E-16
7301.347448	3.21E-16
7304.187518	3.12E-16
7307.027588	3.05E-16
7309.867658	3.66E-16
7312.707728	3.66E-16
7315.547798	4.29E-16
7318.387868	4.45E-16
7321.227938	3.15E-16
7324.068008	3.63E-16
7326.908078	4.00E-16
7329.748148	3.74E-16
7332.588218	3.80E-16
7335.428288	4.18E-16
7338.268358	4.02E-16
7341.108428	3.75E-16
7343.948498	4.30E-16
7346.788568	4.30E-16
7349.628639	4.10E-16
7352.468709	3.86E-16
7355.308779	3.92E-16
7358.148849	3.68E-16
7360.988919	3.75E-16
7363.828989	3.12E-16
7366.669059	3.64E-16
7369.509129	3.21E-16
7372.349199	3.29E-16
7375.189269	3.42E-16
7378.029339	3.40E-16
7380.869409	2.90E-16
7383.709479	3.26E-16
7386.549549	3.43E-16
7389.389619	3.24E-16
7392.229689	3.37E-16
7395.069759	3.26E-16
7397.909829	3.47E-16
7400.749899	3.18E-16
7403.589969	3.42E-16
7406.430039	3.28E-16
7409.270109	3.02E-16
7412.110179	2.44E-16
7414.950249	2.60E-16
7417.790319	2.79E-16
7420.630389	2.95E-16
7423.470459	2.87E-16
7426.310529	2.75E-16
7429.150599	2.80E-16
7431.990669	2.39E-16
7434.830739	2.53E-16
7437.670809	2.56E-16
7440.510879	2.32E-16
7443.350949	2.51E-16
7446.191019	2.25E-16
7449.031089	2.42E-16
7451.871159	2.28E-16
7454.711229	2.08E-16
7457.551299	1.84E-16
7460.391369	1.81E-16
7463.231439	1.86E-16
7466.071509	2.07E-16
7468.911579	2.10E-16
7471.751649	2.01E-16
7474.591719	1.81E-16
7477.431789	1.73E-16
7480.271859	1.81E-16
7483.111929	1.88E-16
7485.951999	1.88E-16
7488.792069	1.96E-16
7491.632139	1.94E-16
7494.472209	1.75E-16
7497.312279	1.75E-16
7500.152349	1.50E-16
7502.992419	1.49E-16
7505.832489	1.76E-16
7508.672559	1.66E-16
7511.512629	1.33E-16
7514.352699	1.44E-16
7517.192769	1.45E-16
7520.032839	1.35E-16
7522.872909	1.67E-16
7525.712979	1.40E-16
7528.553049	1.14E-16
7531.393119	1.51E-16
7534.233189	1.41E-16
7537.073259	1.40E-16
7539.913329	1.59E-16
7542.753399	1.47E-16
7545.593469	1.49E-16
7548.433539	1.61E-16
7551.273609	1.32E-16
7554.113679	1.36E-16
7556.953749	1.28E-16
7559.793819	1.32E-16
7562.633889	1.07E-16
7565.473959	1.30E-16
7568.314029	1.49E-16
7571.154099	1.16E-16
7573.994169	1.21E-16
7576.834239	1.31E-16
7579.674309	1.08E-16
7582.514379	6.34E-17
7585.354449	9.21E-17
7588.194519	7.57E-17
7591.034589	7.78E-17
7593.874659	4.33E-17
7596.714729	8.13E-17
7599.554799	1.13E-16
7602.394869	3.76E-17
7605.234939	8.97E-17
7608.075009	1.71E-16
7610.915079	9.40E-17
7613.755149	7.06E-17
7616.595219	7.41E-17
7619.435289	9.31E-17
7622.275359	4.11E-17
7625.115429	8.53E-17
7627.955499	5.25E-17
7630.795569	4.14E-17
7633.635639	6.23E-17
7636.475709	6.61E-17
7639.315779	4.36E-17
7642.155849	3.67E-17
7644.995919	5.05E-17
7647.835989	3.86E-17
7650.676059	7.95E-17
7653.516129	1.10E-16
7656.3562	8.10E-17
7659.19627	6.11E-17
7662.03634	4.99E-17
7664.87641	8.02E-17
7667.71648	6.34E-17
7670.55655	8.64E-17
7673.39662	4.53E-17
7676.23669	5.11E-17
7679.07676	1.30E-16
7681.91683	7.40E-17
7684.7569	5.77E-17
7687.59697	9.05E-17
7690.43704	1.19E-16
7693.27711	1.07E-16
7696.11718	1.04E-16
7698.95725	1.29E-16
7701.79732	9.07E-17
7704.63739	1.55E-16
7707.47746	1.73E-16
7710.31753	1.35E-16
7713.1576	1.73E-16
7715.99767	1.57E-16
7718.83774	1.64E-16
7721.67781	1.29E-16
7724.51788	1.72E-16
7727.35795	2.01E-16
7730.19802	1.85E-16
7733.03809	2.05E-16
7735.87816	2.03E-16
7738.71823	1.90E-16
7741.5583	1.80E-16
7744.39837	1.76E-16
7747.23844	1.74E-16
7750.07851	1.54E-16
7752.91858	1.45E-16
7755.75865	1.49E-16
7758.59872	1.35E-16
7761.43879	1.54E-16
7764.27886	1.41E-16
7767.11893	1.06E-16
7769.959	9.19E-17
7772.79907	8.53E-17
7775.63914	8.68E-17
7778.47921	1.09E-16
7781.31928	1.07E-16
7784.15935	1.03E-16
7786.99942	1.17E-16
7789.83949	1.26E-16
7792.67956	1.36E-16
7795.51963	1.25E-16
7798.3597	1.35E-16
7801.19977	1.38E-16
7804.03984	1.67E-16
7806.87991	1.45E-16
7809.71998	1.42E-16
7812.56005	1.60E-16
7815.40012	1.69E-16
7818.24019	1.62E-16
7821.08026	1.42E-16
7823.92033	1.43E-16
7826.7604	1.43E-16
7829.60047	1.05E-16
7832.44054	1.11E-16
7835.28061	1.25E-16
7838.12068	1.10E-16
7840.96075	1.26E-16
7843.80082	1.54E-16
7846.64089	1.22E-16
7849.48096	1.08E-16
7852.32103	1.38E-16
7855.1611	1.33E-16
7858.00117	8.59E-17
7860.84124	8.17E-17
7863.68131	9.33E-17
7866.52138	1.09E-16
7869.36145	1.17E-16
7872.20152	8.91E-17
7875.04159	9.30E-17
7877.88166	1.19E-16
7880.72173	9.86E-17
7883.5618	8.73E-17
7886.40187	6.15E-17
7889.24194	5.07E-17
7892.08201	1.06E-16
7894.92208	9.92E-17
7897.76215	9.14E-17
7900.60222	9.22E-17
7903.44229	1.08E-16
7906.28236	8.53E-17
7909.12243	9.83E-17
7911.9625	1.26E-16
7914.80257	1.10E-16
7917.64264	9.90E-17
7920.48271	8.29E-17
7923.32278	1.21E-16
7926.16285	1.34E-16
7929.00292	7.92E-17
7931.84299	9.47E-17
7934.68306	1.25E-16
7937.52313	9.53E-17
7940.3632	1.33E-16
7943.20327	1.26E-16
7946.04334	1.32E-16
7948.88341	9.69E-17
7951.72348	1.09E-16
7954.56355	1.14E-16
7957.40362	1.18E-16
7960.24369	1.05E-16
7963.08376	7.45E-17
7965.923831	1.20E-16
7968.763901	1.25E-16
7971.603971	1.23E-16
7974.444041	1.08E-16
7977.284111	7.56E-17
7980.124181	1.17E-16
7982.964251	1.07E-16
7985.804321	1.05E-16
7988.644391	1.18E-16
7991.484461	1.04E-16
7994.324531	8.84E-17
7997.164601	9.78E-17
8000.004671	1.07E-16
8002.844741	1.32E-16
8005.684811	1.14E-16
8008.524881	8.57E-17
8011.364951	9.00E-17
8014.205021	1.65E-16
8017.045091	1.38E-16
8019.885161	1.12E-16
8022.725231	1.59E-16
8025.565301	1.50E-16
8028.405371	1.31E-16
8031.245441	1.31E-16
8034.085511	1.39E-16
8036.925581	1.54E-16
8039.765651	1.11E-16
8042.605721	1.10E-16
8045.445791	1.62E-16
8048.285861	1.20E-16
8051.125931	9.86E-17
8053.966001	1.27E-16
8056.806071	1.58E-16
8059.646141	1.44E-16
8062.486211	1.34E-16
8065.326281	1.41E-16
8068.166351	1.53E-16
8071.006421	1.43E-16
8073.846491	1.71E-16
8076.686561	1.36E-16
8079.526631	1.22E-16
8082.366701	1.50E-16
8085.206771	1.34E-16
8088.046841	1.41E-16
8090.886911	1.23E-16
8093.726981	1.22E-16
8096.567051	1.26E-16
8099.407121	1.47E-16
8102.247191	1.43E-16
8105.087261	1.63E-16
8107.927331	1.36E-16
8110.767401	1.29E-16
8113.607471	1.03E-16
8116.447541	1.49E-16
8119.287611	1.37E-16
8122.127681	1.21E-16
8124.967751	1.29E-16
8127.807821	1.08E-16
8130.647891	1.34E-16
8133.487961	1.31E-16
8136.328031	1.46E-16
8139.168101	9.55E-17
8142.008171	1.18E-16
8144.848241	1.70E-16
8147.688311	1.28E-16
8150.528381	1.48E-16
8153.368451	1.15E-16
8156.208521	1.09E-16
8159.048591	1.52E-16
8161.888661	1.46E-16
8164.728731	1.21E-16
8167.568801	1.03E-16
8170.408871	1.24E-16
8173.248941	1.50E-16
8176.089011	1.30E-16
8178.929081	6.55E-17
8181.769151	1.02E-16
8184.609221	1.10E-16
8187.449291	8.24E-17
8190.289361	8.64E-17
8193.129431	9.61E-17
8195.969501	5.23E-17
8198.809571	8.18E-17
8201.649641	7.87E-17
8204.489711	7.38E-17
8207.329781	1.22E-16
8210.169851	1.07E-16
8213.009921	8.28E-17
8215.849991	1.33E-16
8218.690061	1.40E-16
8221.530131	1.06E-16
8224.370201	1.27E-16
8227.210271	1.25E-16
8230.050341	1.38E-16
8232.890411	1.38E-16
8235.730481	1.76E-16
8238.570551	1.38E-16
8241.410621	1.21E-16
8244.250691	1.60E-16
8247.090761	1.73E-16
8249.930831	1.40E-16
8252.770901	1.24E-16
8255.610971	1.28E-16
8258.451041	1.01E-16
8261.291111	1.22E-16
8264.131181	1.16E-16
8266.971251	1.01E-16
8269.811321	9.83E-17
8272.651392	1.16E-16
8275.491462	1.01E-16
8278.331532	5.63E-17
8281.171602	8.78E-17
8284.011672	1.46E-16
8286.851742	1.20E-16
8289.691812	9.78E-17
8292.531882	9.05E-17
8295.371952	1.02E-16
8298.212022	7.47E-17
8301.052092	8.26E-17
8303.892162	1.01E-16
8306.732232	1.09E-16
8309.572302	8.51E-17
8312.412372	8.60E-17
8315.252442	1.25E-16
8318.092512	1.22E-16
8320.932582	1.13E-16
8323.772652	1.41E-16
8326.612722	1.28E-16
8329.452792	1.27E-16
8332.292862	1.11E-16
8335.132932	8.90E-17
8337.973002	1.37E-16
8340.813072	1.40E-16
8343.653142	1.09E-16
8346.493212	1.04E-16
8349.333282	1.55E-16
8352.173352	1.21E-16
8355.013422	1.03E-16
8357.853492	1.47E-16
8360.693562	1.67E-16
8363.533632	1.04E-16
8366.373702	1.05E-16
8369.213772	1.45E-16
8372.053842	1.44E-16
8374.893912	1.69E-16
8377.733982	1.57E-16
8380.574052	1.34E-16
8383.414122	1.37E-16
8386.254192	1.83E-16
8389.094262	1.45E-16
8391.934332	1.33E-16
8394.774402	1.43E-16
8397.614472	1.28E-16
8400.454542	1.31E-16
8403.294612	1.15E-16
8406.134682	1.43E-16
8408.974752	1.25E-16
8411.814822	1.40E-16
8414.654892	1.37E-16
8417.494962	1.32E-16
8420.335032	1.61E-16
8423.175102	1.42E-16
8426.015172	1.12E-16
8428.855242	1.75E-16
8431.695312	2.02E-16
8434.535382	1.27E-16
8437.375452	1.68E-16
8440.215522	1.80E-16
8443.055592	1.53E-16
8445.895662	1.66E-16
8448.735732	1.75E-16
8451.575802	1.54E-16
8454.415872	1.78E-16
8457.255942	1.37E-16
8460.096012	1.85E-16
8462.936082	2.26E-16
8465.776152	1.96E-16
8468.616222	1.69E-16
8471.456292	2.08E-16
8474.296362	1.95E-16
8477.136432	1.96E-16
8479.976502	1.99E-16
8482.816572	1.58E-16
8485.656642	1.97E-16
8488.496712	2.05E-16
8491.336782	2.15E-16
8494.176852	2.05E-16
8497.016922	1.78E-16
8499.856992	1.97E-16
8502.697062	2.47E-16
8505.537132	2.27E-16
8508.377202	2.19E-16
8511.217272	2.55E-16
8514.057342	2.70E-16
8516.897412	3.05E-16
8519.737482	3.01E-16
8522.577552	2.90E-16
8525.417622	3.25E-16
8528.257692	3.83E-16
8531.097762	4.53E-16
8533.937832	4.93E-16
8536.777902	5.04E-16
8539.617972	5.31E-16
8542.458042	5.70E-16
8545.298112	6.04E-16
8548.138182	5.77E-16
8550.978252	6.38E-16
8553.818322	7.49E-16
8556.658392	7.57E-16
8559.498462	7.38E-16
8562.338532	7.72E-16
8565.178602	8.38E-16
8568.018672	8.41E-16
8570.858742	8.37E-16
8573.698812	8.45E-16
8576.538882	8.52E-16
8579.378953	8.05E-16
8582.219023	7.29E-16
8585.059093	6.81E-16
8587.899163	6.31E-16
8590.739233	5.62E-16
8593.579303	5.53E-16
8596.419373	5.06E-16
8599.259443	4.49E-16
8602.099513	3.99E-16
8604.939583	3.30E-16
8607.779653	3.18E-16
8610.619723	2.89E-16
8613.459793	2.63E-16
8616.299863	2.75E-16
8619.139933	2.58E-16
8621.980003	2.14E-16
8624.820073	1.80E-16
8627.660143	1.80E-16
8630.500213	1.41E-16
8633.340283	1.22E-16
8636.180353	1.92E-16
8639.020423	1.76E-16
8641.860493	1.83E-16
8644.700563	1.95E-16
8647.540633	2.15E-16
8650.380703	2.29E-16
8653.220773	2.45E-16
8656.060843	2.89E-16
8658.900913	3.23E-16
8661.740983	2.97E-16
8664.581053	3.08E-16
8667.421123	3.35E-16
8670.261193	3.63E-16
8673.101263	3.88E-16
8675.941333	4.13E-16
8678.781403	4.33E-16
8681.621473	4.68E-16
8684.461543	4.80E-16
8687.301613	4.64E-16
8690.141683	5.05E-16
8692.981753	4.96E-16
8695.821823	5.11E-16
8698.661893	5.20E-16
8701.501963	4.93E-16
8704.342033	4.85E-16
8707.182103	4.90E-16
8710.022173	4.56E-16
8712.862243	4.09E-16
8715.702313	3.95E-16
8718.542383	4.72E-16
8721.382453	4.32E-16
8724.222523	3.84E-16
8727.062593	3.81E-16
8729.902663	3.76E-16
8732.742733	4.02E-16
8735.582803	3.54E-16
8738.422873	3.35E-16
8741.262943	3.50E-16
8744.103013	3.27E-16
8746.943083	2.77E-16
8749.783153	2.89E-16
8752.623223	2.91E-16
8755.463293	2.69E-16
8758.303363	2.66E-16
8761.143433	2.98E-16
8763.983503	2.59E-16
8766.823573	1.92E-16
8769.663643	2.31E-16
8772.503713	2.49E-16
8775.343783	2.12E-16
8778.183853	1.74E-16
8781.023923	1.68E-16
8783.863993	1.64E-16
8786.704063	1.94E-16
8789.544133	2.03E-16
8792.384203	1.69E-16
8795.224273	1.83E-16
8798.064343	1.91E-16
8800.904413	1.34E-16
8803.744483	1.47E-16
8806.584553	1.41E-16
8809.424623	1.13E-16
8812.264693	1.19E-16
8815.104763	1.42E-16
8817.944833	1.59E-16
8820.784903	1.46E-16
8823.624973	1.28E-16
8826.465043	1.17E-16
8829.305113	1.09E-16
8832.145183	6.95E-17
8834.985253	7.26E-17
8837.825323	1.02E-16
8840.665393	8.26E-17
8843.505463	8.46E-17
8846.345533	1.13E-16
8849.185603	1.25E-16
8852.025673	1.57E-16
8854.865743	9.89E-17
8857.705813	8.50E-17
8860.545883	1.51E-16
8863.385953	1.40E-16
8866.226023	1.19E-16
8869.066093	1.56E-16
8871.906163	1.16E-16
8874.746233	1.21E-16
8877.586303	2.03E-16
8880.426373	1.84E-16
8883.266443	1.25E-16
8886.106514	1.59E-16
8888.946584	1.85E-16
8891.786654	1.38E-16
8894.626724	1.27E-16
8897.466794	9.67E-17
8900.306864	1.90E-16
8903.146934	1.68E-16
8905.987004	1.20E-16
8908.827074	1.66E-16
8911.667144	1.34E-16
8914.507214	1.23E-16
8917.347284	1.31E-16
8920.187354	7.47E-17
8923.027424	7.42E-17
8925.867494	1.08E-16
8928.707564	1.33E-16
8931.547634	1.07E-16
8934.387704	7.00E-17
8937.227774	7.28E-17
8940.067844	7.36E-17
8942.907914	7.45E-17
8945.747984	7.54E-17
8948.588054	7.62E-17
8951.428124	7.71E-17
8954.268194	7.79E-17
8957.108264	7.87E-17
8959.948334	7.96E-17