   0.000000000E+00   0.500000000E+04   0.148034975E+02   0.135954085E+02   0.128697128E+02   0.125946735E+02   0.124714955E+02   0.139496575E+02   0.139216875E+02   0.131086715E+02   0.120825855E+02   0.125878855E+02   0.179355975E+02   0.232688075E+02   0.182293775E+02   0.171230675E+02   0.187097475E+02
   0.100000964E+05   0.500000000E+04               NaN               NaN               NaN               NaN               NaN               NaN               NaN               NaN               NaN               NaN               NaN               NaN               NaN               NaN               NaN
   0.200023926E+05   0.500000000E+04               NaN               NaN               NaN               NaN               NaN               NaN               NaN               NaN               NaN               NaN               NaN               NaN               NaN               NaN               NaN
   0.300095784E+05   0.500000000E+04  -0.957164227E+00  -0.216525323E+01  -0.289094893E+01  -0.316598823E+01  -0.328916623E+01  -0.181100423E+01  -0.183897423E+01  -0.265199023E+01  -0.367807623E+01  -0.317277623E+01   0.217493577E+01   0.750814577E+01   0.246871577E+01   0.136240577E+01   0.294908577E+01
   0.400061304E+05   0.500000000E+04  -0.458409664E+01  -0.579218564E+01  -0.651788134E+01  -0.679292064E+01  -0.691609864E+01  -0.543793664E+01  -0.546590664E+01  -0.627892264E+01  -0.730500864E+01  -0.679970864E+01  -0.145199664E+01   0.388121336E+01  -0.115821664E+01  -0.226452664E+01  -0.677846642E+00
   0.500026565E+05   0.500000000E+04  -0.457526139E+01  -0.578335039E+01  -0.650904609E+01  -0.678408539E+01  -0.690726339E+01  -0.542910139E+01  -0.545707139E+01  -0.627008739E+01  -0.729617339E+01  -0.679087339E+01  -0.144316139E+01   0.389004861E+01  -0.114938139E+01  -0.225569139E+01  -0.669011394E+00
   0.600038818E+05   0.500000000E+04  -0.453472373E+01  -0.574281273E+01  -0.646850843E+01  -0.674354773E+01  -0.686672573E+01  -0.538856373E+01  -0.541653373E+01  -0.622954973E+01  -0.725563573E+01  -0.675033573E+01  -0.140262373E+01   0.393058627E+01  -0.110884373E+01  -0.221515373E+01  -0.628473727E+00
   0.700052181E+05   0.500000000E+04  -0.442157799E+01  -0.562966699E+01  -0.635536269E+01  -0.663040199E+01  -0.675357999E+01  -0.527541799E+01  -0.530338799E+01  -0.611640399E+01  -0.714248999E+01  -0.663718999E+01  -0.128947799E+01   0.404373201E+01  -0.995697990E+00  -0.210200799E+01  -0.515327990E+00
   0.800259608E+05   0.500000000E+04  -0.427692254E+01  -0.548501154E+01  -0.621070724E+01  -0.648574654E+01  -0.660892454E+01  -0.513076254E+01  -0.515873254E+01  -0.597174854E+01  -0.699783454E+01  -0.649253454E+01  -0.114482254E+01   0.418838746E+01  -0.851042538E+00  -0.195735254E+01  -0.370672538E+00
   0.900176101E+05   0.500000000E+04  -0.416464804E+01  -0.537273704E+01  -0.609843274E+01  -0.637347204E+01  -0.649665004E+01  -0.501848804E+01  -0.504645804E+01  -0.585947404E+01  -0.688556004E+01  -0.638026004E+01  -0.103254804E+01   0.430066196E+01  -0.738768045E+00  -0.184507804E+01  -0.258398045E+00
   0.100008352E+06   0.500000000E+04  -0.406999908E+01  -0.527808808E+01  -0.600378378E+01  -0.627882308E+01  -0.640200108E+01  -0.492383908E+01  -0.495180908E+01  -0.576482508E+01  -0.679091108E+01  -0.628561108E+01  -0.937899077E+00   0.439531092E+01  -0.644119077E+00  -0.175042908E+01  -0.163749077E+00
   0.110027524E+06   0.500000000E+04  -0.396795050E+01  -0.517603950E+01  -0.590173520E+01  -0.617677450E+01  -0.629995250E+01  -0.482179050E+01  -0.484976050E+01  -0.566277650E+01  -0.668886250E+01  -0.618356250E+01  -0.835850502E+00   0.449735950E+01  -0.542070502E+00  -0.164838050E+01  -0.617005024E-01
   0.120001770E+06   0.500000000E+04  -0.388356507E+01  -0.509165407E+01  -0.581734977E+01  -0.609238907E+01  -0.621556707E+01  -0.473740507E+01  -0.476537507E+01  -0.557839107E+01  -0.660447707E+01  -0.609917707E+01  -0.751465069E+00   0.458174493E+01  -0.457685069E+00  -0.156399507E+01   0.226849307E-01
   0.130009552E+06   0.500000000E+04  -0.380890379E+01  -0.501699279E+01  -0.574268849E+01  -0.601772779E+01  -0.614090579E+01  -0.466274379E+01  -0.469071379E+01  -0.550372979E+01  -0.652981579E+01  -0.602451579E+01  -0.676803786E+00   0.465640621E+01  -0.383023786E+00  -0.148933379E+01   0.973462139E-01
   0.140022626E+06   0.500000000E+04  -0.374078430E+01  -0.494887330E+01  -0.567456900E+01  -0.594960830E+01  -0.607278630E+01  -0.459462430E+01  -0.462259430E+01  -0.543561030E+01  -0.646169630E+01  -0.595639630E+01  -0.608684300E+00   0.472452570E+01  -0.314904300E+00  -0.142121430E+01   0.165465700E+00
   0.150019861E+06   0.500000000E+04  -0.367929993E+01  -0.488738893E+01  -0.561308463E+01  -0.588812393E+01  -0.601130193E+01  -0.453313993E+01  -0.456110993E+01  -0.537412593E+01  -0.640021193E+01  -0.589491193E+01  -0.547199929E+00   0.478601007E+01  -0.253419929E+00  -0.135972993E+01   0.226950071E+00
   0.160064570E+06   0.500000000E+04  -0.362121275E+01  -0.482930175E+01  -0.555499745E+01  -0.583003675E+01  -0.595321475E+01  -0.447505275E+01  -0.450302275E+01  -0.531603875E+01  -0.634212475E+01  -0.583682475E+01  -0.489112750E+00   0.484409725E+01  -0.195332750E+00  -0.130164275E+01   0.285037250E+00
   0.170006591E+06   0.500000000E+04  -0.356841243E+01  -0.477650143E+01  -0.550219713E+01  -0.577723643E+01  -0.590041443E+01  -0.442225243E+01  -0.445022243E+01  -0.526323843E+01  -0.628932443E+01  -0.578402443E+01  -0.436312435E+00   0.489689757E+01  -0.142532435E+00  -0.124884243E+01   0.337837565E+00
   0.180033385E+06   0.500000000E+04  -0.351897679E+01  -0.472706579E+01  -0.545276149E+01  -0.572780079E+01  -0.585097879E+01  -0.437281679E+01  -0.440078679E+01  -0.521380279E+01  -0.623988879E+01  -0.573458879E+01  -0.386876787E+00   0.494633321E+01  -0.930967866E-01  -0.119940679E+01   0.387273213E+00
   0.190047542E+06   0.500000000E+04  -0.347284364E+01  -0.468093264E+01  -0.540662834E+01  -0.568166764E+01  -0.580484564E+01  -0.432668364E+01  -0.435465364E+01  -0.516766964E+01  -0.619375564E+01  -0.568845564E+01  -0.340743643E+00   0.499246636E+01  -0.469636432E-01  -0.115327364E+01   0.433406357E+00
   0.200072999E+06   0.500000000E+04  -0.342941552E+01  -0.463750452E+01  -0.536320022E+01  -0.563823952E+01  -0.576141752E+01  -0.428325552E+01  -0.431122552E+01  -0.512424152E+01  -0.615032752E+01  -0.564502752E+01  -0.297315523E+00   0.503589448E+01  -0.353552329E-02  -0.110984552E+01   0.476834477E+00
   0.210006947E+06   0.500000000E+04  -0.338874593E+01  -0.459683493E+01  -0.532253063E+01  -0.559756993E+01  -0.572074793E+01  -0.424258593E+01  -0.427055593E+01  -0.508357193E+01  -0.610965793E+01  -0.560435793E+01  -0.256645925E+00   0.507656407E+01   0.371340748E-01  -0.106917593E+01   0.517504075E+00
   0.220067096E+06   0.500000000E+04  -0.334964085E+01  -0.455772985E+01  -0.528342555E+01  -0.555846485E+01  -0.568164285E+01  -0.420348085E+01  -0.423145085E+01  -0.504446685E+01  -0.607055285E+01  -0.556525285E+01  -0.217540848E+00   0.511566915E+01   0.762391525E-01  -0.103007085E+01   0.556609152E+00
   0.230005999E+06   0.500000000E+04  -0.331288061E+01  -0.452096961E+01  -0.524666531E+01  -0.552170461E+01  -0.564488261E+01  -0.416672061E+01  -0.419469061E+01  -0.500770661E+01  -0.603379261E+01  -0.552849261E+01  -0.180780612E+00   0.515242939E+01   0.112999388E+00  -0.993310612E+00   0.593369388E+00
   0.240053801E+06   0.500000000E+04  -0.327734318E+01  -0.448543218E+01  -0.521112788E+01  -0.548616718E+01  -0.560934518E+01  -0.413118318E+01  -0.415915318E+01  -0.497216918E+01  -0.599825518E+01  -0.549295518E+01  -0.145243179E+00   0.518796682E+01   0.148536821E+00  -0.957773179E+00   0.628906821E+00
   0.250045545E+06   0.500000000E+04  -0.324387928E+01  -0.445196828E+01  -0.517766398E+01  -0.545270328E+01  -0.557588128E+01  -0.409771928E+01  -0.412568928E+01  -0.493870528E+01  -0.596479128E+01  -0.545949128E+01  -0.111779279E+00   0.522143072E+01   0.182000721E+00  -0.924309279E+00   0.662370721E+00
   0.260058564E+06   0.500000000E+04  -0.322766310E+01  -0.443575210E+01  -0.516144780E+01  -0.543648710E+01  -0.555966510E+01  -0.408150310E+01  -0.410947310E+01  -0.492248910E+01  -0.594857510E+01  -0.544327510E+01  -0.955631020E-01   0.523764690E+01   0.198216898E+00  -0.908093102E+00   0.678586898E+00
   0.270007334E+06   0.500000000E+04  -0.360790346E+01  -0.481599246E+01  -0.554168816E+01  -0.581672746E+01  -0.593990546E+01  -0.446174346E+01  -0.448971346E+01  -0.530272946E+01  -0.632881546E+01  -0.582351546E+01  -0.475803456E+00   0.485740654E+01  -0.182023456E+00  -0.128833346E+01   0.298346544E+00
   0.280054839E+06   0.500000000E+04  -0.578685967E+01  -0.699494867E+01  -0.772064437E+01  -0.799568367E+01  -0.811886167E+01  -0.664069967E+01  -0.666866967E+01  -0.748168567E+01  -0.850777167E+01  -0.800247167E+01  -0.265475967E+01   0.267845033E+01  -0.236097967E+01  -0.346728967E+01  -0.188060967E+01
   0.290028025E+06   0.500000000E+04  -0.794200942E+01  -0.915009842E+01  -0.987579412E+01  -0.101508334E+02  -0.102740114E+02  -0.879584942E+01  -0.882381942E+01  -0.963683542E+01  -0.106629214E+02  -0.101576214E+02  -0.480990942E+01   0.523300585E+00  -0.451612942E+01  -0.562243942E+01  -0.403575942E+01
   0.300081425E+06   0.500000000E+04  -0.809851160E+01  -0.930660060E+01  -0.100322963E+02  -0.103073356E+02  -0.104305136E+02  -0.895235160E+01  -0.898032160E+01  -0.979333760E+01  -0.108194236E+02  -0.103141236E+02  -0.496641160E+01   0.366798396E+00  -0.467263160E+01  -0.577894160E+01  -0.419226160E+01
   0.310072569E+06   0.500000000E+04  -0.832606723E+01  -0.953415623E+01  -0.102598519E+02  -0.105348912E+02  -0.106580692E+02  -0.917990723E+01  -0.920787723E+01  -0.100208932E+02  -0.110469792E+02  -0.105416792E+02  -0.519396723E+01   0.139242774E+00  -0.490018723E+01  -0.600649723E+01  -0.441981723E+01
   0.320023436E+06   0.500000000E+04  -0.860401302E+01  -0.981210202E+01  -0.105377977E+02  -0.108128370E+02  -0.109360150E+02  -0.945785302E+01  -0.948582302E+01  -0.102988390E+02  -0.113249250E+02  -0.108196250E+02  -0.547191302E+01  -0.138703023E+00  -0.517813302E+01  -0.628444302E+01  -0.469776302E+01
   0.330009517E+06   0.500000000E+04  -0.893315824E+01  -0.101412472E+02  -0.108669429E+02  -0.111419822E+02  -0.112651602E+02  -0.978699824E+01  -0.981496824E+01  -0.106279842E+02  -0.116540702E+02  -0.111487702E+02  -0.580105824E+01  -0.467848237E+00  -0.550727824E+01  -0.661358824E+01  -0.502690824E+01
   0.340019535E+06   0.500000000E+04  -0.933812304E+01  -0.105462120E+02  -0.112719077E+02  -0.115469470E+02  -0.116701250E+02  -0.101919630E+02  -0.102199330E+02  -0.110329490E+02  -0.120590350E+02  -0.115537350E+02  -0.620602304E+01  -0.872813041E+00  -0.591224304E+01  -0.701855304E+01  -0.543187304E+01
   0.350031266E+06   0.500000000E+04  -0.988370876E+01  -0.110917978E+02  -0.118174935E+02  -0.120925328E+02  -0.122157108E+02  -0.107375488E+02  -0.107655188E+02  -0.115785348E+02  -0.126046208E+02  -0.120993208E+02  -0.675160876E+01  -0.141839876E+01  -0.645782876E+01  -0.756413876E+01  -0.597745876E+01
   0.360016639E+06   0.617154871E+04  -0.116397640E+02  -0.124587226E+02  -0.129003506E+02  -0.130217294E+02  -0.130314531E+02  -0.124726574E+02  -0.122138963E+02  -0.127744889E+02  -0.134852476E+02  -0.131415676E+02  -0.925507194E+01  -0.516341375E+01  -0.906370858E+01  -0.984664492E+01  -0.848404825E+01
   0.370037728E+06   0.181767620E+05  -0.164978412E+02  -0.162872743E+02  -0.159629861E+02  -0.156892176E+02  -0.154121274E+02  -0.172815308E+02  -0.162583810E+02  -0.161317857E+02  -0.160314727E+02  -0.161130350E+02  -0.164723329E+02  -0.159032223E+02  -0.164722265E+02  -0.165158592E+02  -0.163378136E+02
   0.380017774E+06   0.330803052E+05  -0.178514083E+02  -0.174523720E+02  -0.169840449E+02  -0.166371490E+02  -0.163101044E+02  -0.186272482E+02  -0.174627448E+02  -0.172066803E+02  -0.169568371E+02  -0.171188556E+02  -0.183478180E+02  -0.185101490E+02  -0.183593064E+02  -0.182487891E+02  -0.184315527E+02
   0.390016744E+06   0.536896707E+05  -0.186817446E+02  -0.182057904E+02  -0.176770704E+02  -0.172992097E+02  -0.169493945E+02  -0.194545225E+02  -0.182322677E+02  -0.179223387E+02  -0.176092066E+02  -0.178056263E+02  -0.193948630E+02  -0.198539742E+02  -0.194083506E+02  -0.192460995E+02  -0.195724344E+02
   0.400005304E+06   0.578021447E+05  -0.188155024E+02  -0.183312564E+02  -0.177959412E+02  -0.174146855E+02  -0.170623583E+02  -0.195879483E+02  -0.183594772E+02  -0.180436904E+02  -0.177236110E+02  -0.179238209E+02  -0.195518417E+02  -0.200421348E+02  -0.195654478E+02  -0.193982374E+02  -0.197394606E+02
   0.410000485E+06   0.437258011E+05  -0.184165224E+02  -0.179678084E+02  -0.174606169E+02  -0.170938481E+02  -0.167521560E+02  -0.191903780E+02  -0.179885709E+02  -0.176978145E+02  -0.174073187E+02  -0.175914037E+02  -0.190530489E+02  -0.194082966E+02  -0.190660143E+02  -0.189212631E+02  -0.191974363E+02
   0.420000795E+06   0.381991214E+05  -0.182468095E+02  -0.178200555E+02  -0.173300986E+02  -0.169721662E+02  -0.166370314E+02  -0.190215417E+02  -0.178362147E+02  -0.175608334E+02  -0.172884027E+02  -0.174626749E+02  -0.188214143E+02  -0.190917888E+02  -0.188338102E+02  -0.187039369E+02  -0.189389674E+02
   0.430002845E+06   0.349501559E+05  -0.181523313E+02  -0.177421099E+02  -0.172650742E+02  -0.169137393E+02  -0.165834335E+02  -0.189277227E+02  -0.177548191E+02  -0.174909704E+02  -0.172320352E+02  -0.173989781E+02  -0.186802873E+02  -0.188863113E+02  -0.186921678E+02  -0.185736717E+02  -0.187776554E+02
   0.440001327E+06   0.327034873E+05  -0.180951916E+02  -0.176986145E+02  -0.172321986E+02  -0.168862754E+02  -0.165599477E+02  -0.188711346E+02  -0.177084753E+02  -0.174541193E+02  -0.172062686E+02  -0.173672087E+02  -0.185846716E+02  -0.187373908E+02  -0.185960675E+02  -0.184873426E+02  -0.186654206E+02
   0.450005972E+06   0.309920278E+05  -0.180586704E+02  -0.176739113E+02  -0.172166585E+02  -0.168754124E+02  -0.165525303E+02  -0.188350930E+02  -0.176812987E+02  -0.174351508E+02  -0.171968499E+02  -0.173526233E+02  -0.185148592E+02  -0.186213509E+02  -0.185257967E+02  -0.184257316E+02  -0.185812756E+02
   0.460001598E+06   0.296108049E+05  -0.180355323E+02  -0.176615515E+02  -0.172126407E+02  -0.168756378E+02  -0.165559119E+02  -0.188124008E+02  -0.176666921E+02  -0.174280144E+02  -0.171983970E+02  -0.173494676E+02  -0.184614064E+02  -0.185256987E+02  -0.184718962E+02  -0.183798098E+02  -0.185148055E+02
   0.470007832E+06   0.284495341E+05  -0.180207131E+02  -0.176566523E+02  -0.172154085E+02  -0.168822996E+02  -0.165654598E+02  -0.187979813E+02  -0.176597184E+02  -0.174279138E+02  -0.172062641E+02  -0.173530348E+02  -0.184187025E+02  -0.184441187E+02  -0.184287468E+02  -0.183441434E+02  -0.184601580E+02
   0.480004974E+06   0.274483928E+05  -0.180117511E+02  -0.176570141E+02  -0.172229526E+02  -0.168934866E+02  -0.165793511E+02  -0.187894018E+02  -0.176581354E+02  -0.174327636E+02  -0.172185875E+02  -0.173613273E+02  -0.183835957E+02  -0.183725115E+02  -0.183931964E+02  -0.183157624E+02  -0.184138801E+02
   0.490002437E+06   0.265677066E+05  -0.180070991E+02  -0.176612238E+02  -0.172339781E+02  -0.169079705E+02  -0.165964133E+02  -0.187851162E+02  -0.176605014E+02  -0.174412369E+02  -0.172341495E+02  -0.173730612E+02  -0.183541312E+02  -0.183083656E+02  -0.183632878E+02  -0.182927742E+02  -0.183738419E+02
   0.500014756E+06   0.257834777E+05  -0.180058131E+02  -0.176683701E+02  -0.172475990E+02  -0.169248847E+02  -0.166157424E+02  -0.187841774E+02  -0.176658926E+02  -0.174524410E+02  -0.172520835E+02  -0.173873604E+02  -0.183292609E+02  -0.182505015E+02  -0.183379788E+02  -0.182741278E+02  -0.183389492E+02
   0.510007129E+06   0.250779668E+05  -0.180069212E+02  -0.176775493E+02  -0.172629655E+02  -0.169433978E+02  -0.166364637E+02  -0.187856157E+02  -0.176733856E+02  -0.174655004E+02  -0.172715702E+02  -0.174033830E+02  -0.183078138E+02  -0.181974828E+02  -0.183161014E+02  -0.182586987E+02  -0.183079495E+02
   0.520004682E+06   0.244363653E+05  -0.180100739E+02  -0.176886563E+02  -0.172801615E+02  -0.169636977E+02  -0.166589184E+02  -0.187890997E+02  -0.176828408E+02  -0.174804237E+02  -0.172928231E+02  -0.174212264E+02  -0.182887974E+02  -0.181473932E+02  -0.182966316E+02  -0.182456851E+02  -0.182795751E+02
   0.530011863E+06   0.238497671E+05  -0.180146187E+02  -0.177007389E+02  -0.172980108E+02  -0.169844831E+02  -0.166816969E+02  -0.187939591E+02  -0.176933577E+02  -0.174961204E+02  -0.173145095E+02  -0.174396876E+02  -0.182723578E+02  -0.181015348E+02  -0.182797531E+02  -0.182349687E+02  -0.182542950E+02
   0.540021153E+06   0.233059907E+05  -0.180200959E+02  -0.177137093E+02  -0.173167073E+02  -0.170060833E+02  -0.167051568E+02  -0.187997490E+02  -0.177047675E+02  -0.175126798E+02  -0.173370015E+02  -0.174589876E+02  -0.182570192E+02  -0.180570117E+02  -0.182639632E+02  -0.182253888E+02  -0.182302234E+02
   0.550020079E+06   0.228030303E+05  -0.180263915E+02  -0.177272194E+02  -0.173357223E+02  -0.170278904E+02  -0.167287333E+02  -0.188063458E+02  -0.177167750E+02  -0.175296394E+02  -0.173596709E+02  -0.174785865E+02  -0.182433091E+02  -0.180152323E+02  -0.182498060E+02  -0.182172512E+02  -0.182081383E+02
   0.560002621E+06   0.223368349E+05  -0.180334658E+02  -0.177413892E+02  -0.173552953E+02  -0.170502047E+02  -0.167527585E+02  -0.188137166E+02  -0.177294670E+02  -0.175471938E+02  -0.173828383E+02  -0.174987376E+02  -0.182307566E+02  -0.179751136E+02  -0.182367967E+02  -0.182102185E+02  -0.181873948E+02
   0.570016982E+06   0.218973346E+05  -0.180407220E+02  -0.177555050E+02  -0.173746322E+02  -0.170721916E+02  -0.167763891E+02  -0.188212593E+02  -0.177421536E+02  -0.175645804E+02  -0.174056459E+02  -0.175186328E+02  -0.182190560E+02  -0.179367868E+02  -0.182246479E+02  -0.182038622E+02  -0.181678264E+02
   0.580011680E+06   0.214873334E+05  -0.180486426E+02  -0.177703464E+02  -0.173947339E+02  -0.170949665E+02  -0.168007918E+02  -0.188294685E+02  -0.177555518E+02  -0.175827183E+02  -0.174292367E+02  -0.175392963E+02  -0.182079034E+02  -0.178988406E+02  -0.182130238E+02  -0.181981257E+02  -0.181488878E+02
   0.590014854E+06   0.211001733E+05  -0.180565703E+02  -0.177848094E+02  -0.174141641E+02  -0.171169210E+02  -0.168242833E+02  -0.188376688E+02  -0.177686520E+02  -0.176002940E+02  -0.174519617E+02  -0.175592569E+02  -0.181978203E+02  -0.178634567E+02  -0.182024955E+02  -0.181931571E+02  -0.181314526E+02
   0.600001873E+06   0.207346734E+05  -0.180646883E+02  -0.177996118E+02  -0.174340406E+02  -0.171393716E+02  -0.168483282E+02  -0.188460680E+02  -0.177820617E+02  -0.176182738E+02  -0.174752033E+02  -0.175796739E+02  -0.181875901E+02  -0.178274254E+02  -0.181917840E+02  -0.181881876E+02  -0.181137509E+02
   0.610001274E+06   0.203884687E+05  -0.180728859E+02  -0.178143249E+02  -0.174536976E+02  -0.171615351E+02  -0.168720531E+02  -0.188545405E+02  -0.177954177E+02  -0.176360820E+02  -0.174981388E+02  -0.175998571E+02  -0.181779270E+02  -0.177926382E+02  -0.181816431E+02  -0.181836621E+02  -0.180968210E+02
   0.620016209E+06   0.200581594E+05  -0.180809394E+02  -0.178285948E+02  -0.174726843E+02  -0.171829132E+02  -0.168949209E+02  -0.188628562E+02  -0.178083928E+02  -0.176533048E+02  -0.175202535E+02  -0.176193459E+02  -0.181689398E+02  -0.177596804E+02  -0.181722001E+02  -0.181795767E+02  -0.180809006E+02
   0.630020037E+06   0.197430158E+05  -0.180888134E+02  -0.178429832E+02  -0.174920124E+02  -0.172047414E+02  -0.169183451E+02  -0.188710054E+02  -0.178214276E+02  -0.176707882E+02  -0.175428487E+02  -0.176392018E+02  -0.181590368E+02  -0.177247591E+02  -0.181617954E+02  -0.181747771E+02  -0.180637120E+02
   0.640006387E+06   0.194430911E+05  -0.180965688E+02  -0.178570640E+02  -0.175108890E+02  -0.172260444E+02  -0.169412048E+02  -0.188790280E+02  -0.178341948E+02  -0.176878743E+02  -0.175648955E+02  -0.176585913E+02  -0.181495466E+02  -0.176909959E+02  -0.181518132E+02  -0.181702356E+02  -0.180471435E+02
   0.650021949E+06   0.191522369E+05  -0.181037437E+02  -0.178703730E+02  -0.175288487E+02  -0.172463571E+02  -0.169630270E+02  -0.188864620E+02  -0.178462298E+02  -0.177040976E+02  -0.175859296E+02  -0.176770484E+02  -0.181399973E+02  -0.176579078E+02  -0.181417870E+02  -0.181654854E+02  -0.180307301E+02
   0.660015074E+06   0.188749738E+05  -0.181108752E+02  -0.178836908E+02  -0.175468488E+02  -0.172667266E+02  -0.169850142E+02  -0.188938561E+02  -0.178582607E+02  -0.177203474E+02  -0.176070266E+02  -0.176955501E+02  -0.181303248E+02  -0.176245699E+02  -0.181316147E+02  -0.181606828E+02  -0.180141753E+02
   0.670001896E+06   0.186062772E+05  -0.181172559E+02  -0.178964665E+02  -0.175644556E+02  -0.172867785E+02  -0.170068449E+02  -0.189005095E+02  -0.178697036E+02  -0.177361458E+02  -0.176278309E+02  -0.177136755E+02  -0.181194040E+02  -0.175892676E+02  -0.181201566E+02  -0.181548297E+02  -0.179961852E+02
   0.680017089E+06   0.183480115E+05  -0.181235507E+02  -0.179089080E+02  -0.175815408E+02  -0.173062139E+02  -0.170279901E+02  -0.189070665E+02  -0.178808642E+02  -0.177514929E+02  -0.176479895E+02  -0.177312591E+02  -0.181090692E+02  -0.175554977E+02  -0.181093052E+02  -0.181493657E+02  -0.179790554E+02
   0.690005560E+06   0.180957990E+05  -0.181290388E+02  -0.179203988E+02  -0.175975663E+02  -0.173245346E+02  -0.170479804E+02  -0.189128106E+02  -0.178911040E+02  -0.177658211E+02  -0.176670163E+02  -0.177477714E+02  -0.180983173E+02  -0.175218601E+02  -0.180980489E+02  -0.181433705E+02  -0.179616678E+02
   0.700008444E+06   0.178539018E+05  -0.181343968E+02  -0.179319867E+02  -0.176138542E+02  -0.173431990E+02  -0.170687561E+02  -0.189184357E+02  -0.179013942E+02  -0.177803495E+02  -0.176864121E+02  -0.177645656E+02  -0.180869126E+02  -0.174868197E+02  -0.180861005E+02  -0.181369769E+02  -0.179434780E+02
   0.710019765E+06   0.176162324E+05  -0.181386816E+02  -0.179426971E+02  -0.176294083E+02  -0.173612011E+02  -0.170891610E+02  -0.189229969E+02  -0.179107665E+02  -0.177940902E+02  -0.177051677E+02  -0.177806426E+02  -0.180739631E+02  -0.174495613E+02  -0.180725782E+02  -0.181292399E+02  -0.179235909E+02
   0.720005673E+06   0.173884601E+05  -0.181429521E+02  -0.179531257E+02  -0.176444788E+02  -0.173786177E+02  -0.171088804E+02  -0.189275323E+02  -0.179199127E+02  -0.178074228E+02  -0.177233063E+02  -0.177962142E+02  -0.180617169E+02  -0.174140186E+02  -0.180597830E+02  -0.181219892E+02  -0.179046960E+02
   0.730007207E+06   0.171626572E+05  -0.181462506E+02  -0.179625290E+02  -0.176584841E+02  -0.173949487E+02  -0.171274942E+02  -0.189310935E+02  -0.179280448E+02  -0.178197052E+02  -0.177403531E+02  -0.178107162E+02  -0.180486416E+02  -0.173778481E+02  -0.180461636E+02  -0.181138662E+02  -0.178850295E+02
   0.740017859E+06   0.169458959E+05  -0.181495451E+02  -0.179718939E+02  -0.176724229E+02  -0.174112008E+02  -0.171457885E+02  -0.189346494E+02  -0.179361460E+02  -0.178319311E+02  -0.177573145E+02  -0.178251492E+02  -0.180356969E+02  -0.173419886E+02  -0.180326646E+02  -0.181057655E+02  -0.178655796E+02
   0.750005493E+06   0.167319324E+05  -0.181513575E+02  -0.179803219E+02  -0.176858298E+02  -0.174271304E+02  -0.171632907E+02  -0.189367482E+02  -0.179431982E+02  -0.178434723E+02  -0.177740100E+02  -0.178390954E+02  -0.180199342E+02  -0.173013976E+02  -0.180162600E+02  -0.180950515E+02  -0.178428673E+02
   0.760005305E+06   0.165250698E+05  -0.181531663E+02  -0.179885266E+02  -0.176988483E+02  -0.174425877E+02  -0.171802684E+02  -0.189388337E+02  -0.179500728E+02  -0.178546869E+02  -0.177902079E+02  -0.178526351E+02  -0.180047510E+02  -0.172622101E+02  -0.180004562E+02  -0.180847495E+02  -0.178209653E+02
   0.770000003E+06   0.163204145E+05  -0.181540831E+02  -0.179957712E+02  -0.177108552E+02  -0.174570075E+02  -0.171961925E+02  -0.189400244E+02  -0.179560015E+02  -0.178649092E+02  -0.178053604E+02  -0.178651577E+02  -0.179888573E+02  -0.172225682E+02  -0.179839485E+02  -0.180736848E+02  -0.177984244E+02
   0.780021305E+06   0.161213983E+05  -0.181548876E+02  -0.180027291E+02  -0.177224442E+02  -0.174709429E+02  -0.172115906E+02  -0.189410952E+02  -0.179616797E+02  -0.178747628E+02  -0.178200083E+02  -0.178772482E+02  -0.179733144E+02  -0.171839315E+02  -0.179678086E+02  -0.180628379E+02  -0.177764174E+02
   0.790002293E+06   0.159270220E+05  -0.181547613E+02  -0.180089596E+02  -0.177334547E+02  -0.174843764E+02  -0.172265017E+02  -0.189412447E+02  -0.179665871E+02  -0.178839812E+02  -0.178341756E+02  -0.178887767E+02  -0.179563813E+02  -0.171432374E+02  -0.179502340E+02  -0.180506851E+02  -0.177528813E+02
   0.800014999E+06   0.157352505E+05  -0.181535770E+02  -0.180146164E+02  -0.177442488E+02  -0.174977768E+02  -0.172414401E+02  -0.189403584E+02  -0.179708180E+02  -0.178928481E+02  -0.178483622E+02  -0.179001279E+02  -0.179372361E+02  -0.170986709E+02  -0.179303601E+02  -0.180365741E+02  -0.177267460E+02
   0.810014518E+06   0.155489761E+05  -0.181522743E+02  -0.180199587E+02  -0.177545812E+02  -0.175106406E+02  -0.172557978E+02  -0.189393451E+02  -0.179747753E+02  -0.179013084E+02  -0.178619898E+02  -0.179110014E+02  -0.179184873E+02  -0.170552296E+02  -0.179109034E+02  -0.180227151E+02  -0.177012075E+02
   0.820019777E+06   0.153641384E+05  -0.181501489E+02  -0.180244270E+02  -0.177640011E+02  -0.175225724E+02  -0.172692121E+02  -0.189375069E+02  -0.179778694E+02  -0.179088707E+02  -0.178746795E+02  -0.179209583E+02  -0.178990504E+02  -0.170112906E+02  -0.178907641E+02  -0.180081304E+02  -0.176750332E+02
   0.830005418E+06   0.151865090E+05  -0.181481973E+02  -0.180288120E+02  -0.177731446E+02  -0.175341299E+02  -0.172821941E+02  -0.189358313E+02  -0.179809337E+02  -0.179162290E+02  -0.178869652E+02  -0.179306178E+02  -0.178804624E+02  -0.169691560E+02  -0.178715011E+02  -0.179942053E+02  -0.176499706E+02
   0.840005201E+06   0.150092356E+05  -0.181452044E+02  -0.180321429E+02  -0.177812245E+02  -0.175446190E+02  -0.172941049E+02  -0.189331139E+02  -0.179829466E+02  -0.179225273E+02  -0.178981811E+02  -0.179392127E+02  -0.178608664E+02  -0.169260607E+02  -0.178512315E+02  -0.179792629E+02  -0.176239130E+02
   0.850011601E+06   0.148373801E+05  -0.181413674E+02  -0.180353899E+02  -0.177897789E+02  -0.175558683E+02  -0.173073602E+02  -0.189295884E+02  -0.179847167E+02  -0.179290882E+02  -0.179102445E+02  -0.179483499E+02  -0.178386732E+02  -0.168778258E+02  -0.178282194E+02  -0.179618208E+02  -0.175946800E+02
   0.860008075E+06   0.146678343E+05  -0.181369011E+02  -0.180379656E+02  -0.177976302E+02  -0.175663984E+02  -0.173199046E+02  -0.189254318E+02  -0.179858243E+02  -0.179349579E+02  -0.179215839E+02  -0.179567809E+02  -0.178159706E+02  -0.168292488E+02  -0.178046996E+02  -0.179438189E+02  -0.175649888E+02
   0.870008973E+06   0.145018556E+05  -0.181321547E+02  -0.180401131E+02  -0.178049424E+02  -0.175763331E+02  -0.173318110E+02  -0.189209887E+02  -0.179865347E+02  -0.179403301E+02  -0.179323107E+02  -0.179646605E+02  -0.177933718E+02  -0.167813200E+02  -0.177813007E+02  -0.179258218E+02  -0.175355483E+02
   0.880019586E+06   0.143403663E+05  -0.181273563E+02  -0.180420222E+02  -0.178118763E+02  -0.175858186E+02  -0.173432150E+02  -0.189164854E+02  -0.179870454E+02  -0.179453765E+02  -0.179425670E+02  -0.179721466E+02  -0.177712038E+02  -0.167345071E+02  -0.177583543E+02  -0.179081311E+02  -0.175067237E+02
   0.890011409E+06   0.141799733E+05  -0.181217934E+02  -0.180431212E+02  -0.178179662E+02  -0.175944426E+02  -0.173537445E+02  -0.189112156E+02  -0.179867556E+02  -0.179495917E+02  -0.179519566E+02  -0.179787848E+02  -0.177483891E+02  -0.166872149E+02  -0.177347666E+02  -0.178897634E+02  -0.174772976E+02
   0.900005698E+06   0.140249211E+05  -0.181165608E+02  -0.180443287E+02  -0.178239983E+02  -0.176029245E+02  -0.173640685E+02  -0.189062663E+02  -0.179866205E+02  -0.179538116E+02  -0.179611786E+02  -0.179853471E+02  -0.177264793E+02  -0.166416425E+02  -0.177121094E+02  -0.178721524E+02  -0.174489966E+02
   0.910005266E+06   0.138714885E+05  -0.181095416E+02  -0.180446243E+02  -0.178297633E+02  -0.176114720E+02  -0.173747240E+02  -0.188995717E+02  -0.179853900E+02  -0.179575201E+02  -0.179705657E+02  -0.179917197E+02  -0.177007784E+02  -0.165893520E+02  -0.176854929E+02  -0.178505561E+02  -0.174162797E+02
   0.920019894E+06   0.137212850E+05  -0.181021643E+02  -0.180445867E+02  -0.178352120E+02  -0.176197125E+02  -0.173850824E+02  -0.188925206E+02  -0.179838209E+02  -0.179609056E+02  -0.179796485E+02  -0.179977790E+02  -0.176746989E+02  -0.165366399E+02  -0.176584837E+02  -0.178284667E+02  -0.173832008E+02
   0.930010098E+06   0.135751518E+05  -0.180948166E+02  -0.180443798E+02  -0.178403428E+02  -0.176275595E+02  -0.173949898E+02  -0.188854904E+02  -0.179821241E+02  -0.179640291E+02  -0.179883150E+02  -0.180035038E+02  -0.176491559E+02  -0.164851861E+02  -0.176320361E+02  -0.178068056E+02  -0.173508480E+02
   0.940016251E+06   0.134296272E+05  -0.180868516E+02  -0.180435259E+02  -0.178448043E+02  -0.176347258E+02  -0.174042081E+02  -0.188778414E+02  -0.179797863E+02  -0.179664917E+02  -0.179962975E+02  -0.180085569E+02  -0.176230713E+02  -0.164332985E+02  -0.176050507E+02  -0.177845867E+02  -0.173179820E+02
   0.950022114E+06   0.132891029E+05  -0.180792575E+02  -0.180427985E+02  -0.178492097E+02  -0.176417432E+02  -0.174132068E+02  -0.188705526E+02  -0.179776262E+02  -0.179689669E+02  -0.180041029E+02  -0.180135335E+02  -0.175979803E+02  -0.163832911E+02  -0.175790898E+02  -0.177632286E+02  -0.172863425E+02
   0.960009380E+06   0.131509129E+05  -0.180713089E+02  -0.180416026E+02  -0.178530613E+02  -0.176481633E+02  -0.174215754E+02  -0.188629041E+02  -0.179750213E+02  -0.179709203E+02  -0.180112980E+02  -0.180179469E+02  -0.175728254E+02  -0.163336338E+02  -0.175530795E+02  -0.177417445E+02  -0.172547479E+02
   0.970013187E+06   0.130146666E+05  -0.180630783E+02  -0.180400296E+02  -0.178564649E+02  -0.176540993E+02  -0.174294325E+02  -0.188549695E+02  -0.179720592E+02  -0.179724524E+02  -0.180179981E+02  -0.180219043E+02  -0.175476305E+02  -0.162842810E+02  -0.175270413E+02  -0.177201689E+02  -0.172232040E+02
   0.980001123E+06   0.128824655E+05  -0.180535381E+02  -0.180380439E+02  -0.178601189E+02  -0.176606238E+02  -0.174381232E+02  -0.188457687E+02  -0.179684955E+02  -0.179739793E+02  -0.180253904E+02  -0.180261901E+02  -0.175191707E+02  -0.162287582E+02  -0.174975445E+02  -0.176955109E+02  -0.171878607E+02
   0.990001193E+06   0.127517067E+05  -0.180434340E+02  -0.180355470E+02  -0.178633004E+02  -0.176666954E+02  -0.174463747E+02  -0.188360068E+02  -0.179644095E+02  -0.179750183E+02  -0.180323360E+02  -0.180300081E+02  -0.174900500E+02  -0.161724227E+02  -0.174673712E+02  -0.176701864E+02  -0.171518425E+02
   0.100000761E+07   0.126239237E+05  -0.180333475E+02  -0.180328945E+02  -0.178661969E+02  -0.176724164E+02  -0.174542259E+02  -0.188262547E+02  -0.179602040E+02  -0.179758213E+02  -0.180389111E+02  -0.180335267E+02  -0.174613796E+02  -0.161171568E+02  -0.174376722E+02  -0.176452258E+02  -0.171164315E+02
   0.101001928E+07   0.124991517E+05  -0.180233929E+02  -0.180301987E+02  -0.178689196E+02  -0.176778968E+02  -0.174617864E+02  -0.188166266E+02  -0.179559919E+02  -0.179764997E+02  -0.180452255E+02  -0.180368567E+02  -0.174332790E+02  -0.160630874E+02  -0.174085672E+02  -0.176207476E+02  -0.170817492E+02
   0.102000322E+07   0.123760857E+05  -0.180131593E+02  -0.180271247E+02  -0.178711898E+02  -0.176828872E+02  -0.174688285E+02  -0.188067150E+02  -0.179514223E+02  -0.179767536E+02  -0.180510384E+02  -0.180397260E+02  -0.174051475E+02  -0.160093423E+02  -0.173794450E+02  -0.175961890E+02  -0.170471261E+02
   0.103001668E+07   0.122557867E+05  -0.180030421E+02  -0.180240061E+02  -0.178732954E+02  -0.176876517E+02  -0.174755985E+02  -0.187969127E+02  -0.179468417E+02  -0.179768882E+02  -0.180566070E+02  -0.180424172E+02  -0.173775349E+02  -0.159566918E+02  -0.173508640E+02  -0.175720689E+02  -0.170131676E+02
   0.104000356E+07   0.121385053E+05  -0.179930286E+02  -0.180208158E+02  -0.178751980E+02  -0.176921467E+02  -0.174820486E+02  -0.187872061E+02  -0.179422260E+02  -0.179768693E+02  -0.180618859E+02  -0.180448908E+02  -0.173504648E+02  -0.159052120E+02  -0.173228498E+02  -0.175484038E+02  -0.169799110E+02
   0.105000600E+07   0.120225165E+05  -0.179827501E+02  -0.180172852E+02  -0.178767044E+02  -0.176962167E+02  -0.174880523E+02  -0.187772312E+02  -0.179372858E+02  -0.179764753E+02  -0.180667312E+02  -0.180469618E+02  -0.173233178E+02  -0.158539241E+02  -0.172947690E+02  -0.175246241E+02  -0.169466455E+02
   0.106001392E+07   0.119091298E+05  -0.179708015E+02  -0.180130265E+02  -0.178781796E+02  -0.177006141E+02  -0.174945523E+02  -0.187656327E+02  -0.179314186E+02  -0.179757803E+02  -0.180720135E+02  -0.180490853E+02  -0.172925028E+02  -0.157959442E+02  -0.172628050E+02  -0.174972998E+02  -0.169092533E+02
   0.107000261E+07   0.117985077E+05  -0.179585973E+02  -0.180085891E+02  -0.178795322E+02  -0.177049180E+02  -0.175009590E+02  -0.187537831E+02  -0.179253562E+02  -0.179749400E+02  -0.180772115E+02  -0.180510936E+02  -0.172613179E+02  -0.157373947E+02  -0.172304420E+02  -0.174695684E+02  -0.168715073E+02
   0.108000933E+07   0.116893030E+05  -0.179462226E+02  -0.180038816E+02  -0.178805405E+02  -0.177088399E+02  -0.175069566E+02  -0.187417584E+02  -0.179190445E+02  -0.179737836E+02  -0.180820159E+02  -0.180527493E+02  -0.172302056E+02  -0.156792685E+02  -0.171981667E+02  -0.174418655E+02  -0.168339181E+02
   0.109000484E+07   0.115824303E+05  -0.179339492E+02  -0.179991118E+02  -0.178813644E+02  -0.177125152E+02  -0.175126633E+02  -0.187298275E+02  -0.179127047E+02  -0.179724889E+02  -0.180865550E+02  -0.180542067E+02  -0.171995948E+02  -0.156222206E+02  -0.171664177E+02  -0.174145913E+02  -0.167969687E+02
   0.110001536E+07   0.114777685E+05  -0.179218599E+02  -0.179943708E+02  -0.178821014E+02  -0.177160445E+02  -0.175181821E+02  -0.187180736E+02  -0.179064262E+02  -0.179711512E+02  -0.180909302E+02  -0.180555642E+02  -0.171695474E+02  -0.155662830E+02  -0.171352556E+02  -0.173878114E+02  -0.167607138E+02
   0.111001042E+07   0.113749711E+05  -0.179097261E+02  -0.179894544E+02  -0.178825654E+02  -0.177192512E+02  -0.175233428E+02  -0.187062694E+02  -0.178999998E+02  -0.179695775E+02  -0.180949677E+02  -0.180566376E+02  -0.171397754E+02  -0.155110820E+02  -0.171043889E+02  -0.173612488E+02  -0.167248450E+02
   0.112000580E+07   0.112740470E+05  -0.178976007E+02  -0.179844149E+02  -0.178828082E+02  -0.177221867E+02  -0.175281966E+02  -0.186944674E+02  -0.178934776E+02  -0.179678197E+02  -0.180987188E+02  -0.180574787E+02  -0.171103332E+02  -0.154566742E+02  -0.170738718E+02  -0.173349575E+02  -0.166894170E+02
   0.113000269E+07   0.111752064E+05  -0.178856496E+02  -0.179794033E+02  -0.178829700E+02  -0.177249855E+02  -0.175328742E+02  -0.186828330E+02  -0.178870141E+02  -0.179660221E+02  -0.181023165E+02  -0.180582264E+02  -0.170814228E+02  -0.154033137E+02  -0.170439088E+02  -0.173091329E+02  -0.166546443E+02
   0.114001499E+07   0.110779492E+05  -0.178737009E+02  -0.179742831E+02  -0.178829403E+02  -0.177275506E+02  -0.175372879E+02  -0.186711961E+02  -0.178804652E+02  -0.179640645E+02  -0.181056676E+02  -0.180587732E+02  -0.170527866E+02  -0.153506189E+02  -0.170142368E+02  -0.172835330E+02  -0.166202398E+02
   0.115001646E+07   0.109824780E+05  -0.178612376E+02  -0.179688006E+02  -0.178826607E+02  -0.177299246E+02  -0.175415496E+02  -0.186590526E+02  -0.178735215E+02  -0.179618123E+02  -0.181088459E+02  -0.180590847E+02  -0.170233597E+02  -0.152966831E+02  -0.169837281E+02  -0.172572955E+02  -0.165850266E+02
   0.116000506E+07   0.108889122E+05  -0.178466773E+02  -0.179622931E+02  -0.178821500E+02  -0.177324791E+02  -0.175462721E+02  -0.186448660E+02  -0.178653262E+02  -0.179590195E+02  -0.181123312E+02  -0.180592630E+02  -0.169896353E+02  -0.152350489E+02  -0.169486601E+02  -0.172276065E+02  -0.165450913E+02
   0.117000419E+07   0.107969405E+05  -0.178322338E+02  -0.179557651E+02  -0.178815168E+02  -0.177348587E+02  -0.175507827E+02  -0.186307898E+02  -0.178571391E+02  -0.179561430E+02  -0.181156257E+02  -0.180593070E+02  -0.169563542E+02  -0.151743335E+02  -0.169140582E+02  -0.171982921E+02  -0.165057051E+02
   0.118001009E+07   0.107064960E+05  -0.178178364E+02  -0.179491518E+02  -0.178807003E+02  -0.177370049E+02  -0.175550247E+02  -0.186167536E+02  -0.178488943E+02  -0.179531205E+02  -0.181186717E+02  -0.180591564E+02  -0.169234319E+02  -0.151144326E+02  -0.168798372E+02  -0.171692707E+02  -0.164667791E+02
   0.119000271E+07   0.106177510E+05  -0.178035382E+02  -0.179424915E+02  -0.178797279E+02  -0.177389396E+02  -0.175590157E+02  -0.186028099E+02  -0.178406331E+02  -0.179499835E+02  -0.181214893E+02  -0.180588374E+02  -0.168909570E+02  -0.150554859E+02  -0.168460879E+02  -0.171406234E+02  -0.164284133E+02
   0.120001317E+07   0.105303853E+05  -0.177893412E+02  -0.179358136E+02  -0.178786496E+02  -0.177407233E+02  -0.175628237E+02  -0.185889619E+02  -0.178323792E+02  -0.179467743E+02  -0.181241420E+02  -0.180584024E+02  -0.168588657E+02  -0.149973344E+02  -0.168127421E+02  -0.171123002E+02  -0.163905227E+02
   0.121001645E+07   0.104445937E+05  -0.177752471E+02  -0.179291031E+02  -0.178774378E+02  -0.177423218E+02  -0.175664101E+02  -0.185752103E+02  -0.178241211E+02  -0.179434698E+02  -0.181265939E+02  -0.180578222E+02  -0.168271997E+02  -0.149400776E+02  -0.167798441E+02  -0.170843344E+02  -0.163531619E+02
   0.122001001E+07   0.103604170E+05  -0.177612576E+02  -0.179223583E+02  -0.178760881E+02  -0.177437295E+02  -0.175697683E+02  -0.185615571E+02  -0.178158579E+02  -0.179400670E+02  -0.181288391E+02  -0.180570923E+02  -0.167959692E+02  -0.148837380E+02  -0.167474048E+02  -0.170567344E+02  -0.163163437E+02
   0.123000882E+07   0.102775757E+05  -0.177473436E+02  -0.179155741E+02  -0.178746134E+02  -0.177449686E+02  -0.175729269E+02  -0.185479740E+02  -0.178075793E+02  -0.179365718E+02  -0.181309023E+02  -0.180562276E+02  -0.167650877E+02  -0.148281457E+02  -0.167153337E+02  -0.170294259E+02  -0.162799632E+02
   0.124000221E+07   0.101961409E+05  -0.177335350E+02  -0.179087741E+02  -0.178730328E+02  -0.177460556E+02  -0.175759009E+02  -0.185344906E+02  -0.177993103E+02  -0.179330049E+02  -0.181327994E+02  -0.180552466E+02  -0.167345995E+02  -0.147733664E+02  -0.166836761E+02  -0.170024500E+02  -0.162440694E+02
   0.125001878E+07   0.101159663E+05  -0.177198072E+02  -0.179019466E+02  -0.178713440E+02  -0.177469931E+02  -0.175786961E+02  -0.185210831E+02  -0.177910365E+02  -0.179293605E+02  -0.181345345E+02  -0.180541481E+02  -0.167044505E+02  -0.147193020E+02  -0.166523757E+02  -0.169757588E+02  -0.162085983E+02
   0.126002167E+07   0.100372517E+05  -0.177061785E+02  -0.178950924E+02  -0.178695349E+02  -0.177477626E+02  -0.175812894E+02  -0.185077687E+02  -0.177827624E+02  -0.179256315E+02  -0.181360870E+02  -0.180529186E+02  -0.166746994E+02  -0.146660712E+02  -0.166214944E+02  -0.169494028E+02  -0.161736222E+02
   0.127000929E+07   0.995996431E+04  -0.176909369E+02  -0.178873592E+02  -0.178673907E+02  -0.177484810E+02  -0.175840416E+02  -0.184928795E+02  -0.177734538E+02  -0.179213525E+02  -0.181376768E+02  -0.180514227E+02  -0.166419036E+02  -0.146075078E+02  -0.165873733E+02  -0.169204352E+02  -0.161354454E+02
   0.128002162E+07   0.988371147E+04  -0.176741725E+02  -0.178787893E+02  -0.178649184E+02  -0.177491365E+02  -0.175869266E+02  -0.184765030E+02  -0.177631632E+02  -0.179165447E+02  -0.181392862E+02  -0.180496627E+02  -0.166062374E+02  -0.145439276E+02  -0.165502018E+02  -0.168890002E+02  -0.160942402E+02
   0.129000077E+07   0.980908328E+04  -0.176576549E+02  -0.178702914E+02  -0.178623882E+02  -0.177496677E+02  -0.175896397E+02  -0.184603649E+02  -0.177529814E+02  -0.179117289E+02  -0.181407508E+02  -0.180478298E+02  -0.165712205E+02  -0.144815916E+02  -0.165137118E+02  -0.168581245E+02  -0.160538023E+02
   0.130000458E+07   0.973553481E+04  -0.176412459E+02  -0.178617862E+02  -0.178597644E+02  -0.177500607E+02  -0.175921832E+02  -0.184443300E+02  -0.177428165E+02  -0.179068523E+02  -0.181420639E+02  -0.180458930E+02  -0.165365800E+02  -0.144200272E+02  -0.164776194E+02  -0.168275652E+02  -0.160138192E+02
   0.131000321E+07   0.966308033E+04  -0.176249329E+02  -0.178532593E+02  -0.178570314E+02  -0.177502999E+02  -0.175945407E+02  -0.184283855E+02  -0.177326547E+02  -0.179019003E+02  -0.181432093E+02  -0.180438369E+02  -0.165023066E+02  -0.143592304E+02  -0.164419158E+02  -0.167973123E+02  -0.159742827E+02
   0.132001092E+07   0.959168584E+04  -0.176087344E+02  -0.178447331E+02  -0.178542143E+02  -0.177504114E+02  -0.175967397E+02  -0.184125501E+02  -0.177225175E+02  -0.178968965E+02  -0.181442139E+02  -0.180416868E+02  -0.164684105E+02  -0.142991989E+02  -0.164066103E+02  -0.167673778E+02  -0.159352005E+02
   0.133000808E+07   0.952163499E+04  -0.175927453E+02  -0.178362719E+02  -0.178513548E+02  -0.177504254E+02  -0.175988018E+02  -0.183969173E+02  -0.177124756E+02  -0.178918915E+02  -0.181451041E+02  -0.180394817E+02  -0.164350568E+02  -0.142402018E+02  -0.163718739E+02  -0.167379113E+02  -0.158967584E+02
   0.134000982E+07   0.945266900E+04  -0.175768754E+02  -0.178278132E+02  -0.178484111E+02  -0.177503106E+02  -0.176007035E+02  -0.183813981E+02  -0.177024607E+02  -0.178868354E+02  -0.181458521E+02  -0.180371822E+02  -0.164020912E+02  -0.141819898E+02  -0.163375469E+02  -0.167087726E+02  -0.158587831E+02
   0.135000775E+07   0.938464301E+04  -0.175610718E+02  -0.178193199E+02  -0.178453575E+02  -0.177500475E+02  -0.176024293E+02  -0.183659405E+02  -0.176924324E+02  -0.178816984E+02  -0.181464399E+02  -0.180347641E+02  -0.163694250E+02  -0.141244213E+02  -0.163035379E+02  -0.166798812E+02  -0.158211755E+02
   0.136001908E+07   0.931752945E+04  -0.175453593E+02  -0.178108196E+02  -0.178422240E+02  -0.177496670E+02  -0.176040111E+02  -0.183505693E+02  -0.176824177E+02  -0.178765093E+02  -0.181468989E+02  -0.180322576E+02  -0.163370761E+02  -0.140675041E+02  -0.162698641E+02  -0.166512563E+02  -0.157839514E+02
   0.137002027E+07   0.925163210E+04  -0.175298431E+02  -0.178023850E+02  -0.178390590E+02  -0.177492050E+02  -0.176054758E+02  -0.183353883E+02  -0.176724960E+02  -0.178713259E+02  -0.181472612E+02  -0.180297081E+02  -0.163052249E+02  -0.140115299E+02  -0.162367121E+02  -0.166230619E+02  -0.157473135E+02
   0.138002056E+07   0.918670484E+04  -0.175144385E+02  -0.177939576E+02  -0.178358236E+02  -0.177486330E+02  -0.176068021E+02  -0.183203139E+02  -0.176626036E+02  -0.178661020E+02  -0.181475013E+02  -0.180270793E+02  -0.162737258E+02  -0.139562629E+02  -0.162039314E+02  -0.165951656E+02  -0.157110981E+02
   0.139002222E+07   0.912252474E+04  -0.174990709E+02  -0.177854870E+02  -0.178324852E+02  -0.177479272E+02  -0.176079729E+02  -0.183052727E+02  -0.176526848E+02  -0.178607979E+02  -0.181475984E+02  -0.180243405E+02  -0.162424489E+02  -0.139014916E+02  -0.161713876E+02  -0.165674500E+02  -0.156751591E+02
   0.140001103E+07   0.905928347E+04  -0.174838117E+02  -0.177770239E+02  -0.178290793E+02  -0.177471155E+02  -0.176090101E+02  -0.182903352E+02  -0.176427947E+02  -0.178554550E+02  -0.181475777E+02  -0.180215254E+02  -0.162115132E+02  -0.138474051E+02  -0.161392035E+02  -0.165400236E+02  -0.156396295E+02
   0.141000887E+07   0.899693418E+04  -0.174684936E+02  -0.177684972E+02  -0.178256059E+02  -0.177462351E+02  -0.176099789E+02  -0.182753390E+02  -0.176328418E+02  -0.178500451E+02  -0.181474884E+02  -0.180186431E+02  -0.161805646E+02  -0.137933468E+02  -0.161069993E+02  -0.165125775E+02  -0.156041378E+02
   0.142002007E+07   0.893531897E+04  -0.174494204E+02  -0.177578760E+02  -0.178212703E+02  -0.177451380E+02  -0.176112090E+02  -0.182566753E+02  -0.176204432E+02  -0.178432801E+02  -0.181473855E+02  -0.180150559E+02  -0.161426996E+02  -0.137271887E+02  -0.160674195E+02  -0.164789904E+02  -0.155615130E+02
   0.143001474E+07   0.887456561E+04  -0.174304762E+02  -0.177472655E+02  -0.178168574E+02  -0.177439185E+02  -0.176122841E+02  -0.182381348E+02  -0.176080803E+02  -0.178364721E+02  -0.181471464E+02  -0.180113811E+02  -0.161052264E+02  -0.136618182E+02  -0.160282556E+02  -0.164457353E+02  -0.155193466E+02
   0.144000416E+07   0.881453372E+04  -0.174116138E+02  -0.177366379E+02  -0.178123539E+02  -0.177425704E+02  -0.176132033E+02  -0.182196714E+02  -0.175957212E+02  -0.178296017E+02  -0.181467669E+02  -0.180076069E+02  -0.160680552E+02  -0.135970809E+02  -0.159894136E+02  -0.164127321E+02  -0.154775379E+02
   0.145000438E+07   0.875544016E+04  -0.173929835E+02  -0.177261138E+02  -0.178078581E+02  -0.177411806E+02  -0.176140454E+02  -0.182014339E+02  -0.175834925E+02  -0.178227761E+02  -0.181463307E+02  -0.180038289E+02  -0.160314022E+02  -0.135332928E+02  -0.159511161E+02  -0.163801820E+02  -0.154363200E+02
   0.146001465E+07   0.869717767E+04  -0.173745375E+02  -0.177156599E+02  -0.178033477E+02  -0.177397326E+02  -0.176147979E+02  -0.181833751E+02  -0.175713580E+02  -0.178159686E+02  -0.181458228E+02  -0.180000263E+02  -0.159951869E+02  -0.134703240E+02  -0.159132794E+02  -0.163480119E+02  -0.153956039E+02
   0.147001506E+07   0.863965274E+04  -0.173562021E+02  -0.177052154E+02  -0.177987715E+02  -0.177381801E+02  -0.176154180E+02  -0.181654220E+02  -0.175592542E+02  -0.178091245E+02  -0.181451985E+02  -0.179961489E+02  -0.159593073E+02  -0.134080294E+02  -0.158757988E+02  -0.163161262E+02  -0.153552804E+02
   0.148001655E+07   0.858282371E+04  -0.173379448E+02  -0.176947536E+02  -0.177941070E+02  -0.177365026E+02  -0.176158869E+02  -0.181475424E+02  -0.175471531E+02  -0.178022194E+02  -0.181444380E+02  -0.179921748E+02  -0.159237179E+02  -0.133463447E+02  -0.158386279E+02  -0.162844825E+02  -0.153153010E+02
   0.149001687E+07   0.852676422E+04  -0.173198469E+02  -0.176843456E+02  -0.177894178E+02  -0.177347600E+02  -0.176162616E+02  -0.181298171E+02  -0.175351281E+02  -0.177953200E+02  -0.181436000E+02  -0.179881666E+02  -0.158885227E+02  -0.132854075E+02  -0.158018725E+02  -0.162531794E+02  -0.152757752E+02
   0.150001081E+07   0.847164157E+04  -0.173019888E+02  -0.176740488E+02  -0.177847442E+02  -0.177329838E+02  -0.176165674E+02  -0.181123252E+02  -0.175232413E+02  -0.177884732E+02  -0.181427133E+02  -0.179841627E+02  -0.158538528E+02  -0.132254259E+02  -0.157656686E+02  -0.162223368E+02  -0.152368472E+02
   0.151001959E+07   0.841713979E+04  -0.172842301E+02  -0.176637663E+02  -0.177800217E+02  -0.177311260E+02  -0.176167680E+02  -0.180949288E+02  -0.175113867E+02  -0.177816018E+02  -0.181417349E+02  -0.179801022E+02  -0.158194719E+02  -0.131660183E+02  -0.157297709E+02  -0.161917398E+02  -0.151982559E+02
   0.152001506E+07   0.836333556E+04  -0.172665655E+02  -0.176534823E+02  -0.177752264E+02  -0.177291587E+02  -0.176168329E+02  -0.180776218E+02  -0.174995508E+02  -0.177746853E+02  -0.181406359E+02  -0.179759606E+02  -0.157853978E+02  -0.131072378E+02  -0.156941994E+02  -0.161614014E+02  -0.151600255E+02
   0.153000988E+07   0.831020088E+04  -0.172490053E+02  -0.176432108E+02  -0.177703753E+02  -0.177271005E+02  -0.176167815E+02  -0.180604147E+02  -0.174877465E+02  -0.177677392E+02  -0.181394350E+02  -0.179717549E+02  -0.157516322E+02  -0.130490734E+02  -0.156589551E+02  -0.161313250E+02  -0.151221552E+02
   0.154001961E+07   0.825779515E+04  -0.172316215E+02  -0.176330158E+02  -0.177655263E+02  -0.177250061E+02  -0.176166664E+02  -0.180433792E+02  -0.174760399E+02  -0.177608241E+02  -0.181381862E+02  -0.179675426E+02  -0.157182655E+02  -0.129916424E+02  -0.156241299E+02  -0.161015967E+02  -0.150847401E+02
   0.155002180E+07   0.820616222E+04  -0.172144227E+02  -0.176228996E+02  -0.177606773E+02  -0.177228710E+02  -0.176164815E+02  -0.180265235E+02  -0.174644343E+02  -0.177539395E+02  -0.181368844E+02  -0.179633209E+02  -0.156853193E+02  -0.129349869E+02  -0.155897467E+02  -0.160722354E+02  -0.150478053E+02
   0.156001870E+07   0.815518997E+04  -0.171973323E+02  -0.176128013E+02  -0.177557789E+02  -0.177206518E+02  -0.176161874E+02  -0.180097719E+02  -0.174528658E+02  -0.177470314E+02  -0.181354876E+02  -0.179590416E+02  -0.156526831E+02  -0.128789448E+02  -0.155556920E+02  -0.160431383E+02  -0.150112315E+02
   0.157000119E+07   0.810484220E+04  -0.171803261E+02  -0.176027014E+02  -0.177508152E+02  -0.177183345E+02  -0.176157717E+02  -0.179931003E+02  -0.174413136E+02  -0.177400827E+02  -0.181339827E+02  -0.179546895E+02  -0.156203215E+02  -0.128234640E+02  -0.155219292E+02  -0.160142723E+02  -0.149749805E+02
   0.158000203E+07   0.805509183E+04  -0.171634347E+02  -0.175926346E+02  -0.177458235E+02  -0.177159577E+02  -0.176152740E+02  -0.179765396E+02  -0.174298117E+02  -0.177331295E+02  -0.181324088E+02  -0.179503022E+02  -0.155882570E+02  -0.127685546E+02  -0.154884802E+02  -0.159856619E+02  -0.149390728E+02
   0.159001938E+07   0.800602899E+04  -0.171467283E+02  -0.175826582E+02  -0.177408522E+02  -0.177135653E+02  -0.176147346E+02  -0.179601592E+02  -0.174184201E+02  -0.177262239E+02  -0.181308080E+02  -0.179459270E+02  -0.155565870E+02  -0.127143555E+02  -0.154554448E+02  -0.159573984E+02  -0.149036128E+02
   0.160000360E+07   0.795780003E+04  -0.171258739E+02  -0.175702224E+02  -0.177346685E+02  -0.177106251E+02  -0.176141507E+02  -0.179397234E+02  -0.174042125E+02  -0.177176004E+02  -0.181288720E+02  -0.179405087E+02  -0.155177269E+02  -0.126477487E+02  -0.154147170E+02  -0.159227021E+02  -0.148613274E+02
   0.161000892E+07   0.791004438E+04  -0.171044976E+02  -0.175574370E+02  -0.177282625E+02  -0.177075308E+02  -0.176134653E+02  -0.179187754E+02  -0.173896188E+02  -0.177087022E+02  -0.181268042E+02  -0.179348859E+02  -0.154780551E+02  -0.125798104E+02  -0.153731217E+02  -0.158872687E+02  -0.148183065E+02
   0.162001558E+07   0.786283096E+04  -0.170832530E+02  -0.175446857E+02  -0.177218181E+02  -0.177043607E+02  -0.176126767E+02  -0.178979543E+02  -0.173750798E+02  -0.176997941E+02  -0.181246488E+02  -0.179292160E+02  -0.154387228E+02  -0.125125325E+02  -0.153318877E+02  -0.158521266E+02  -0.147756632E+02
   0.163000960E+07   0.781636869E+04  -0.170622734E+02  -0.175320644E+02  -0.177154034E+02  -0.177011680E+02  -0.176118277E+02  -0.178773914E+02  -0.173606992E+02  -0.176909547E+02  -0.181224547E+02  -0.179235633E+02  -0.153999433E+02  -0.124462520E+02  -0.152912367E+02  -0.158174706E+02  -0.147336253E+02
   0.164001117E+07   0.777063627E+04  -0.170415958E+02  -0.175196138E+02  -0.177090618E+02  -0.176979979E+02  -0.176109645E+02  -0.178571240E+02  -0.173465169E+02  -0.176822267E+02  -0.181202675E+02  -0.179179719E+02  -0.153617454E+02  -0.123809851E+02  -0.152511967E+02  -0.157833315E+02  -0.146922202E+02
   0.165002508E+07   0.772549067E+04  -0.170211065E+02  -0.175072458E+02  -0.177027245E+02  -0.176947914E+02  -0.176100352E+02  -0.178370396E+02  -0.173324395E+02  -0.176735335E+02  -0.181180313E+02  -0.179123751E+02  -0.153239606E+02  -0.123164785E+02  -0.152115933E+02  -0.157495533E+02  -0.146512692E+02
   0.166000361E+07   0.768102921E+04  -0.170008244E+02  -0.174949620E+02  -0.176963800E+02  -0.176915303E+02  -0.176090167E+02  -0.178171562E+02  -0.173184722E+02  -0.176648688E+02  -0.181157257E+02  -0.179067598E+02  -0.152866451E+02  -0.122528463E+02  -0.151724869E+02  -0.157161837E+02  -0.146108357E+02
   0.167000485E+07   0.763705035E+04  -0.169806695E+02  -0.174827186E+02  -0.176900114E+02  -0.176882116E+02  -0.176079164E+02  -0.177973958E+02  -0.173045635E+02  -0.176562052E+02  -0.181133522E+02  -0.179011126E+02  -0.152496417E+02  -0.121898118E+02  -0.151337121E+02  -0.156830835E+02  -0.145707480E+02
   0.168002199E+07   0.759365566E+04  -0.169607304E+02  -0.174705859E+02  -0.176836754E+02  -0.176848850E+02  -0.176067787E+02  -0.177778459E+02  -0.172907876E+02  -0.176476048E+02  -0.181109583E+02  -0.178954884E+02  -0.152130778E+02  -0.121275626E+02  -0.150954003E+02  -0.156503709E+02  -0.145311409E+02
   0.169000348E+07   0.755125652E+04  -0.169412305E+02  -0.174587133E+02  -0.176774667E+02  -0.176816166E+02  -0.176056490E+02  -0.177587263E+02  -0.172773096E+02  -0.176391834E+02  -0.181086011E+02  -0.178899751E+02  -0.151773346E+02  -0.120667233E+02  -0.150579492E+02  -0.156183906E+02  -0.144924242E+02
   0.170001180E+07   0.750935418E+04  -0.169219097E+02  -0.174469305E+02  -0.176712813E+02  -0.176783371E+02  -0.176044831E+02  -0.177397813E+02  -0.172639402E+02  -0.176308114E+02  -0.181062222E+02  -0.178844770E+02  -0.151419609E+02  -0.120065476E+02  -0.150208877E+02  -0.155867357E+02  -0.144541119E+02
   0.171000109E+07   0.746814598E+04  -0.169027995E+02  -0.174352333E+02  -0.176650888E+02  -0.176750024E+02  -0.176032270E+02  -0.177210407E+02  -0.172506827E+02  -0.176224686E+02  -0.181037732E+02  -0.178789605E+02  -0.151070636E+02  -0.119472592E+02  -0.149843305E+02  -0.155554956E+02  -0.144163247E+02
   0.172001652E+07   0.742731174E+04  -0.168838044E+02  -0.174235841E+02  -0.176588943E+02  -0.176716397E+02  -0.176019241E+02  -0.177024119E+02  -0.172374872E+02  -0.176141431E+02  -0.181012880E+02  -0.178734357E+02  -0.150724247E+02  -0.118884505E+02  -0.149480468E+02  -0.155244808E+02  -0.143788221E+02
   0.173000157E+07   0.738728812E+04  -0.168651049E+02  -0.174120845E+02  -0.176527412E+02  -0.176682621E+02  -0.176005654E+02  -0.176840713E+02  -0.172244722E+02  -0.176059014E+02  -0.180987707E+02  -0.178679391E+02  -0.150383919E+02  -0.118307278E+02  -0.149124019E+02  -0.154940001E+02  -0.143419824E+02
   0.174001599E+07   0.734810896E+04  -0.168467495E+02  -0.174007772E+02  -0.176466675E+02  -0.176649055E+02  -0.175991851E+02  -0.176660673E+02  -0.172116813E+02  -0.175977832E+02  -0.180962562E+02  -0.178625080E+02  -0.150050268E+02  -0.117741725E+02  -0.148774586E+02  -0.154641121E+02  -0.143058697E+02
   0.175000245E+07   0.730981569E+04  -0.168287614E+02  -0.173896777E+02  -0.176406834E+02  -0.176615770E+02  -0.175977881E+02  -0.176484227E+02  -0.171991319E+02  -0.175898009E+02  -0.180937507E+02  -0.178571520E+02  -0.149723684E+02  -0.117188483E+02  -0.148432577E+02  -0.154348522E+02  -0.142705257E+02
   0.176002023E+07   0.727204269E+04  -0.168109465E+02  -0.173786579E+02  -0.176347094E+02  -0.176582225E+02  -0.175963390E+02  -0.176309465E+02  -0.171866818E+02  -0.175818557E+02  -0.180912080E+02  -0.178517976E+02  -0.149400824E+02  -0.116642045E+02  -0.148094503E+02  -0.154059186E+02  -0.142355908E+02
   0.177001506E+07   0.723491211E+04  -0.167933465E+02  -0.173677375E+02  -0.176287490E+02  -0.176548370E+02  -0.175948264E+02  -0.176136796E+02  -0.171743554E+02  -0.175739576E+02  -0.180886205E+02  -0.178464462E+02  -0.149082575E+02  -0.116104020E+02  -0.147761298E+02  -0.153773891E+02  -0.142011619E+02
   0.178000796E+07   0.719841583E+04  -0.167759860E+02  -0.173569424E+02  -0.176228292E+02  -0.176514482E+02  -0.175932786E+02  -0.175966464E+02  -0.171621784E+02  -0.175661333E+02  -0.180860161E+02  -0.178411250E+02  -0.148769151E+02  -0.115574574E+02  -0.147433173E+02  -0.153492857E+02  -0.141672600E+02
   0.179000635E+07   0.716267241E+04  -0.167589641E+02  -0.173463505E+02  -0.176170120E+02  -0.176481098E+02  -0.175917431E+02  -0.175799451E+02  -0.171502331E+02  -0.175584509E+02  -0.180834459E+02  -0.178358941E+02  -0.148461997E+02  -0.115055855E+02  -0.147111622E+02  -0.153217425E+02  -0.141340379E+02
   0.180001686E+07   0.712771456E+04  -0.167423087E+02  -0.173359838E+02  -0.176113150E+02  -0.176448371E+02  -0.175902338E+02  -0.175636033E+02  -0.171385427E+02  -0.175509297E+02  -0.180809246E+02  -0.178307705E+02  -0.148161518E+02  -0.114548461E+02  -0.146797062E+02  -0.152947972E+02  -0.141015384E+02
   0.181000068E+07   0.709355915E+04  -0.167259938E+02  -0.173258132E+02  -0.176057070E+02  -0.176415978E+02  -0.175887173E+02  -0.175475947E+02  -0.171270788E+02  -0.175435393E+02  -0.180784193E+02  -0.178257227E+02  -0.147867518E+02  -0.114052295E+02  -0.146489304E+02  -0.152684284E+02  -0.140697431E+02
   0.182002729E+07   0.705983436E+04  -0.167098079E+02  -0.173156941E+02  -0.176000930E+02  -0.176383225E+02  -0.175871431E+02  -0.175317112E+02  -0.171156827E+02  -0.175361654E+02  -0.180758688E+02  -0.178206618E+02  -0.147576457E+02  -0.113561617E+02  -0.146184659E+02  -0.152423154E+02  -0.140382719E+02
   0.183001345E+07   0.702682164E+04  -0.166938935E+02  -0.173057185E+02  -0.175945272E+02  -0.176350462E+02  -0.175855320E+02  -0.175160929E+02  -0.171044571E+02  -0.175288769E+02  -0.180733020E+02  -0.178156376E+02  -0.147290840E+02  -0.113080597E+02  -0.145885744E+02  -0.152166836E+02  -0.140073950E+02
   0.184000661E+07   0.699496320E+04  -0.166777217E+02  -0.172956017E+02  -0.175889007E+02  -0.176317600E+02  -0.175839508E+02  -0.175002253E+02  -0.170930660E+02  -0.175214932E+02  -0.180707424E+02  -0.178105706E+02  -0.147001464E+02  -0.112592656E+02  -0.145582538E+02  -0.151907441E+02  -0.139762879E+02
   0.185000175E+07   0.696357730E+04  -0.166572969E+02  -0.172828414E+02  -0.175817942E+02  -0.176276465E+02  -0.175820301E+02  -0.174801965E+02  -0.170786937E+02  -0.175121586E+02  -0.180675641E+02  -0.178042092E+02  -0.146642037E+02  -0.111985173E+02  -0.145204254E+02  -0.151586502E+02  -0.139385474E+02
   0.186001779E+07   0.693287431E+04  -0.166372864E+02  -0.172703286E+02  -0.175748122E+02  -0.176235922E+02  -0.175801211E+02  -0.174605734E+02  -0.170646040E+02  -0.175029970E+02  -0.180644247E+02  -0.177979560E+02  -0.146290128E+02  -0.111390607E+02  -0.144833899E+02  -0.151272244E+02  -0.139015978E+02
   0.187002101E+07   0.690289122E+04  -0.166176962E+02  -0.172580603E+02  -0.175679450E+02  -0.176195842E+02  -0.175782080E+02  -0.174413615E+02  -0.170507957E+02  -0.174940013E+02  -0.180613101E+02  -0.177918006E+02  -0.145945982E+02  -0.110809492E+02  -0.144471739E+02  -0.150964866E+02  -0.138654658E+02
   0.188000551E+07   0.687354541E+04  -0.165984525E+02  -0.172459828E+02  -0.175611539E+02  -0.176155914E+02  -0.175762658E+02  -0.174224881E+02  -0.170372111E+02  -0.174851269E+02  -0.180581918E+02  -0.177857061E+02  -0.145608452E+02  -0.110240031E+02  -0.144116578E+02  -0.150663323E+02  -0.138300319E+02
   0.189000138E+07   0.684479430E+04  -0.165795468E+02  -0.172340982E+02  -0.175544484E+02  -0.176116276E+02  -0.175743108E+02  -0.174039451E+02  -0.170238498E+02  -0.174763804E+02  -0.180550847E+02  -0.177796832E+02  -0.145277242E+02  -0.109681589E+02  -0.143768094E+02  -0.150367371E+02  -0.137952640E+02
   0.190000618E+07   0.681680202E+04  -0.165611268E+02  -0.172225139E+02  -0.175479067E+02  -0.176077552E+02  -0.175723942E+02  -0.173858784E+02  -0.170108279E+02  -0.174678515E+02  -0.180520464E+02  -0.177738060E+02  -0.144954642E+02  -0.109137755E+02  -0.143428676E+02  -0.150079097E+02  -0.137614006E+02
   0.191001299E+07   0.678969498E+04  -0.165432991E+02  -0.172113058E+02  -0.175415816E+02  -0.176040150E+02  -0.175705480E+02  -0.173683927E+02  -0.169982275E+02  -0.174596021E+02  -0.180491139E+02  -0.177681244E+02  -0.144642341E+02  -0.108611216E+02  -0.143100089E+02  -0.149800038E+02  -0.137286178E+02
   0.192000170E+07   0.676344632E+04  -0.165260239E+02  -0.172004406E+02  -0.175354448E+02  -0.176003812E+02  -0.175687482E+02  -0.173514488E+02  -0.169860142E+02  -0.174516019E+02  -0.180462622E+02  -0.177626107E+02  -0.144339809E+02  -0.108101230E+02  -0.142781787E+02  -0.149529695E+02  -0.136968611E+02
   0.193000960E+07   0.673777621E+04  -0.165090761E+02  -0.171897614E+02  -0.175293898E+02  -0.175967740E+02  -0.175669347E+02  -0.173348248E+02  -0.169740166E+02  -0.174437245E+02  -0.180434200E+02  -0.177571650E+02  -0.144043411E+02  -0.107601951E+02  -0.142469967E+02  -0.149264776E+02  -0.136657509E+02
   0.194000221E+07   0.671267887E+04  -0.164924351E+02  -0.171792492E+02  -0.175233986E+02  -0.175931761E+02  -0.175650904E+02  -0.173185005E+02  -0.169622154E+02  -0.174359517E+02  -0.180405699E+02  -0.177517697E+02  -0.143752914E+02  -0.107113100E+02  -0.142164391E+02  -0.149005056E+02  -0.136352636E+02
   0.195002200E+07   0.668810410E+04  -0.164760888E+02  -0.171689041E+02  -0.175174804E+02  -0.175896013E+02  -0.175632326E+02  -0.173024643E+02  -0.169506081E+02  -0.174282889E+02  -0.180377274E+02  -0.177464348E+02  -0.143467947E+02  -0.106633909E+02  -0.141864660E+02  -0.148750225E+02  -0.136053593E+02
   0.196000380E+07   0.666435226E+04  -0.164602759E+02  -0.171588914E+02  -0.175117463E+02  -0.175861322E+02  -0.175614231E+02  -0.172869511E+02  -0.169393756E+02  -0.174208687E+02  -0.180349660E+02  -0.177412646E+02  -0.143192383E+02  -0.106170624E+02  -0.141574826E+02  -0.148503788E+02  -0.135764424E+02
   0.197000339E+07   0.664136937E+04  -0.164449785E+02  -0.171492064E+02  -0.175062014E+02  -0.175827789E+02  -0.175596756E+02  -0.172719437E+02  -0.169285101E+02  -0.174136923E+02  -0.180322976E+02  -0.177362653E+02  -0.142925775E+02  -0.105722374E+02  -0.141294410E+02  -0.148265364E+02  -0.135484651E+02
   0.198001668E+07   0.661908397E+04  -0.164301297E+02  -0.171397998E+02  -0.175008093E+02  -0.175795118E+02  -0.175579657E+02  -0.172573761E+02  -0.169179590E+02  -0.174067181E+02  -0.180296946E+02  -0.177314022E+02  -0.142667103E+02  -0.105287572E+02  -0.141022349E+02  -0.148034021E+02  -0.135213215E+02
